[HEADER]
Format	J&M ASCII Table
Comment	
Date	5/27/2023 10:12:53 AM
Order	Y (evenX)
TechType	UV
NumPoints	483
FirstX	250.00
LastX	732.00
XType	NMetr
YType	Absrb
ZType	Secs
NumSubFile	7
Matrix	Z vs X
[DATA]
	0.000000	5.000064	10.000128	15.000256	20.000320	25.000383	30.000511
250.000000	0.511448	0.511625	0.511950	0.511772	0.511166	0.511085	0.511232
251.000000	0.509524	0.509693	0.510109	0.509655	0.509023	0.509067	0.509293
252.000000	0.508805	0.508706	0.509176	0.508468	0.507547	0.507909	0.508299
253.000000	0.508367	0.508160	0.508579	0.507728	0.506676	0.507318	0.507736
254.000000	0.507509	0.507604	0.507832	0.507041	0.506288	0.506993	0.507178
255.000000	0.506867	0.507110	0.507127	0.506640	0.506192	0.506855	0.506855
256.000000	0.507190	0.506883	0.506800	0.506840	0.506260	0.506918	0.507065
257.000000	0.508257	0.507240	0.507205	0.507631	0.506772	0.507442	0.507708
258.000000	0.509555	0.508470	0.508610	0.508886	0.508071	0.508700	0.508567
259.000000	0.510896	0.510264	0.510518	0.510389	0.509855	0.510364	0.509626
260.000000	0.512274	0.512036	0.512091	0.511897	0.511523	0.511840	0.510966
261.000000	0.513834	0.513692	0.513379	0.513460	0.513065	0.513165	0.512677
262.000000	0.515832	0.515506	0.515097	0.515345	0.514917	0.514854	0.514840
263.000000	0.518128	0.517424	0.517254	0.517456	0.517105	0.516892	0.517132
264.000000	0.520131	0.519008	0.519045	0.519281	0.519173	0.518657	0.518773
265.000000	0.521432	0.520077	0.520112	0.520520	0.520748	0.519844	0.519536
266.000000	0.521964	0.520931	0.520932	0.521265	0.521641	0.520746	0.520170
267.000000	0.521914	0.521762	0.521805	0.521656	0.521855	0.521549	0.521154
268.000000	0.522025	0.522381	0.522381	0.521847	0.521847	0.522025	0.522026
269.000000	0.522762	0.522559	0.522308	0.521931	0.521953	0.521957	0.522277
270.000000	0.523114	0.522140	0.521644	0.521743	0.521766	0.521439	0.521807
271.000000	0.521974	0.521038	0.520550	0.521076	0.520801	0.520598	0.520655
272.000000	0.519897	0.519454	0.519195	0.519894	0.519264	0.519286	0.519090
273.000000	0.517955	0.517667	0.517710	0.518210	0.517569	0.517286	0.517419
274.000000	0.515983	0.515602	0.515810	0.515934	0.515517	0.514799	0.515448
275.000000	0.513156	0.512992	0.513007	0.512933	0.512597	0.512239	0.512717
276.000000	0.509580	0.509853	0.509526	0.509354	0.509021	0.509536	0.509348
277.000000	0.506164	0.506445	0.506186	0.505583	0.505616	0.506211	0.505948
278.000000	0.503164	0.502928	0.503091	0.501898	0.502546	0.502261	0.502728
279.000000	0.499980	0.499332	0.499410	0.498417	0.499110	0.498302	0.499368
280.000000	0.496193	0.495541	0.494839	0.494998	0.494934	0.494550	0.495579
281.000000	0.491830	0.491193	0.490184	0.491017	0.490371	0.490378	0.491194
282.000000	0.487025	0.486178	0.485978	0.486134	0.485732	0.485420	0.486201
283.000000	0.482070	0.481190	0.481626	0.480985	0.480979	0.480328	0.480990
284.000000	0.477224	0.476829	0.476599	0.476213	0.476080	0.475747	0.475952
285.000000	0.472469	0.472633	0.471557	0.471741	0.471317	0.471488	0.471130
286.000000	0.467762	0.467991	0.467331	0.467320	0.466984	0.467199	0.466493
287.000000	0.463416	0.463321	0.463614	0.462916	0.462863	0.463004	0.462150
288.000000	0.459809	0.459380	0.459653	0.458583	0.458553	0.459173	0.458235
289.000000	0.456289	0.455767	0.455216	0.454326	0.454039	0.455294	0.454452
290.000000	0.451607	0.451382	0.450416	0.450114	0.449554	0.450560	0.450252
291.000000	0.445955	0.446211	0.445530	0.445900	0.445161	0.445181	0.445518
292.000000	0.440886	0.441272	0.440984	0.441623	0.440766	0.440319	0.440555
293.000000	0.436980	0.437037	0.436893	0.437305	0.436374	0.436363	0.435717
294.000000	0.433380	0.433159	0.432934	0.433089	0.432139	0.432569	0.431405
295.000000	0.429438	0.429253	0.428829	0.428939	0.428087	0.428400	0.427662
296.000000	0.425174	0.424988	0.424463	0.424442	0.423958	0.423934	0.423789
297.000000	0.420682	0.420198	0.419829	0.419391	0.419539	0.419305	0.419261
298.000000	0.416013	0.415225	0.415197	0.414410	0.414893	0.414577	0.414422
299.000000	0.411237	0.410449	0.410799	0.410099	0.410151	0.409822	0.409711
300.000000	0.406535	0.405920	0.406395	0.406130	0.405505	0.405205	0.405198
301.000000	0.402068	0.401568	0.401652	0.401941	0.401117	0.400865	0.400814
302.000000	0.397580	0.397146	0.396636	0.397354	0.396736	0.396493	0.396285
303.000000	0.392663	0.392355	0.391603	0.392394	0.391962	0.391620	0.391289
304.000000	0.387551	0.387340	0.386783	0.387328	0.386950	0.386431	0.386109
305.000000	0.382897	0.382544	0.382378	0.382573	0.382224	0.381549	0.381429
306.000000	0.378718	0.378013	0.378214	0.378076	0.377753	0.377059	0.377176
307.000000	0.374361	0.373376	0.373742	0.373301	0.372930	0.372477	0.372502
308.000000	0.369546	0.368527	0.368776	0.368127	0.367664	0.367593	0.367181
309.000000	0.364611	0.363794	0.363720	0.363096	0.362695	0.362647	0.361990
310.000000	0.359796	0.359330	0.358871	0.358504	0.358401	0.357826	0.357421
311.000000	0.355012	0.354805	0.354166	0.353952	0.354177	0.353101	0.353118
312.000000	0.350159	0.349961	0.349490	0.349104	0.349463	0.348393	0.348657
313.000000	0.345251	0.345030	0.344714	0.344178	0.344330	0.343554	0.343787
314.000000	0.340331	0.340278	0.339749	0.339434	0.338998	0.338483	0.338416
315.000000	0.335456	0.335565	0.334730	0.334707	0.333770	0.333418	0.333099
316.000000	0.330674	0.330646	0.329847	0.329733	0.328932	0.328661	0.328501
317.000000	0.325897	0.325551	0.325075	0.324621	0.324398	0.324106	0.324331
318.000000	0.320981	0.320445	0.320285	0.319656	0.319892	0.319451	0.319848
319.000000	0.315970	0.315402	0.315444	0.314890	0.315177	0.314586	0.314893
320.000000	0.311050	0.310427	0.310592	0.310198	0.310062	0.309560	0.309750
321.000000	0.306337	0.305613	0.305808	0.305574	0.304811	0.304622	0.304694
322.000000	0.301864	0.301155	0.301213	0.301143	0.300185	0.300233	0.299973
323.000000	0.297589	0.297052	0.296815	0.296890	0.296327	0.296391	0.295642
324.000000	0.293352	0.292989	0.292429	0.292555	0.292319	0.292306	0.291443
325.000000	0.288979	0.288729	0.287950	0.287991	0.287619	0.287522	0.287173
326.000000	0.284295	0.284303	0.283509	0.283373	0.282844	0.282574	0.282848
327.000000	0.279266	0.279783	0.279227	0.278867	0.278577	0.278004	0.278517
328.000000	0.274413	0.275234	0.275050	0.274411	0.274615	0.273811	0.274242
329.000000	0.270234	0.270718	0.270877	0.269914	0.270596	0.269846	0.270060
330.000000	0.266346	0.266291	0.266589	0.265465	0.266329	0.265836	0.265862
331.000000	0.262120	0.261999	0.262083	0.261196	0.261728	0.261508	0.261511
332.000000	0.257614	0.257790	0.257494	0.257061	0.257060	0.257024	0.257123
333.000000	0.253252	0.253563	0.253077	0.252922	0.252764	0.252761	0.252932
334.000000	0.249163	0.249264	0.248916	0.248743	0.248842	0.248706	0.248873
335.000000	0.245239	0.244878	0.244956	0.244575	0.244948	0.244541	0.244645
336.000000	0.241372	0.240538	0.241095	0.240518	0.240971	0.240307	0.240295
337.000000	0.237459	0.236553	0.237186	0.236727	0.237093	0.236479	0.236283
338.000000	0.233532	0.233038	0.233247	0.233265	0.233438	0.233204	0.232849
339.000000	0.229853	0.229756	0.229598	0.230034	0.230009	0.230016	0.229800
340.000000	0.226546	0.226493	0.226398	0.226884	0.226762	0.226597	0.226887
341.000000	0.223314	0.223186	0.223313	0.223570	0.223570	0.223185	0.223826
342.000000	0.219903	0.219822	0.220031	0.219944	0.220317	0.220018	0.220428
343.000000	0.216505	0.216501	0.216643	0.216293	0.217007	0.216969	0.216904
344.000000	0.213359	0.213328	0.213327	0.212966	0.213678	0.213851	0.213540
345.000000	0.210310	0.210275	0.210165	0.209981	0.210429	0.210674	0.210465
346.000000	0.207095	0.207272	0.207191	0.207227	0.207363	0.207523	0.207713
347.000000	0.203870	0.204351	0.204350	0.204545	0.204416	0.204442	0.205044
348.000000	0.201015	0.201593	0.201541	0.201764	0.201437	0.201457	0.202077
349.000000	0.198500	0.198936	0.198746	0.198935	0.198507	0.198610	0.198901
350.000000	0.195948	0.196200	0.196021	0.196296	0.195895	0.195959	0.195993
351.000000	0.193229	0.193368	0.193370	0.193834	0.193581	0.193465	0.193493
352.000000	0.190527	0.190626	0.190737	0.191227	0.191182	0.190974	0.191108
353.000000	0.187947	0.188014	0.188078	0.188370	0.188512	0.188401	0.188617
354.000000	0.185415	0.185274	0.185395	0.185600	0.185791	0.185801	0.185983
355.000000	0.182890	0.182322	0.182752	0.183166	0.183211	0.183252	0.183256
356.000000	0.180481	0.179634	0.180383	0.180950	0.180765	0.180857	0.180671
357.000000	0.178269	0.177612	0.178444	0.178787	0.178413	0.178683	0.178430
358.000000	0.176117	0.175941	0.176621	0.176583	0.176127	0.176636	0.176437
359.000000	0.173866	0.174159	0.174533	0.174278	0.173885	0.174580	0.174504
360.000000	0.171601	0.172083	0.172149	0.171919	0.171685	0.172371	0.172377
361.000000	0.169481	0.169663	0.169586	0.169588	0.169530	0.169894	0.169821
362.000000	0.167384	0.167114	0.167027	0.167303	0.167328	0.167308	0.167163
363.000000	0.165035	0.164787	0.164683	0.165041	0.164950	0.164929	0.165024
364.000000	0.162472	0.162711	0.162526	0.162803	0.162503	0.162802	0.163274
365.000000	0.160009	0.160633	0.160320	0.160608	0.160301	0.160734	0.161135
366.000000	0.157845	0.158466	0.158064	0.158505	0.158411	0.158649	0.158505
367.000000	0.156013	0.156350	0.156065	0.156579	0.156570	0.156632	0.156189
368.000000	0.154385	0.154352	0.154412	0.154778	0.154619	0.154698	0.154535
369.000000	0.152540	0.152374	0.152745	0.152788	0.152638	0.152715	0.152916
370.000000	0.150256	0.150319	0.150777	0.150441	0.150669	0.150582	0.150837
371.000000	0.147970	0.148150	0.148589	0.148062	0.148587	0.148327	0.148504
372.000000	0.146074	0.145876	0.146323	0.145971	0.146306	0.146024	0.146211
373.000000	0.144267	0.143665	0.144116	0.144073	0.144032	0.143836	0.144091
374.000000	0.142135	0.141689	0.142071	0.142175	0.142011	0.141904	0.142201
375.000000	0.139819	0.139863	0.140101	0.140201	0.140200	0.140071	0.140355
376.000000	0.137664	0.138005	0.138053	0.138132	0.138434	0.138080	0.138301
377.000000	0.135707	0.136042	0.135956	0.136039	0.136530	0.135967	0.136097
378.000000	0.133799	0.133975	0.133943	0.134040	0.134316	0.133937	0.133991
379.000000	0.131881	0.131871	0.132039	0.132110	0.131980	0.132005	0.132047
380.000000	0.129977	0.129857	0.130166	0.130092	0.130029	0.130014	0.130165
381.000000	0.128099	0.127975	0.128263	0.128023	0.128517	0.127964	0.128285
382.000000	0.126236	0.126156	0.126292	0.126188	0.126895	0.126071	0.126420
383.000000	0.124366	0.124333	0.124280	0.124654	0.124866	0.124409	0.124575
384.000000	0.122456	0.122459	0.122378	0.123021	0.122713	0.122754	0.122743
385.000000	0.120510	0.120528	0.120658	0.121023	0.120713	0.120932	0.120920
386.000000	0.118656	0.118657	0.118933	0.118940	0.118928	0.119028	0.119116
387.000000	0.116982	0.116943	0.117057	0.117076	0.117340	0.117161	0.117338
388.000000	0.115314	0.115295	0.115276	0.115383	0.115753	0.115390	0.115582
389.000000	0.113447	0.113588	0.113867	0.113723	0.113962	0.113740	0.113843
390.000000	0.111516	0.111842	0.112516	0.112025	0.112062	0.112104	0.112161
391.000000	0.109782	0.110136	0.110720	0.110263	0.110265	0.110339	0.110591
392.000000	0.108325	0.108565	0.108677	0.108586	0.108667	0.108568	0.109151
393.000000	0.107105	0.107220	0.107002	0.107240	0.107280	0.107058	0.107830
394.000000	0.105919	0.105954	0.105744	0.106134	0.105960	0.105718	0.106499
395.000000	0.104427	0.104408	0.104430	0.104875	0.104424	0.104140	0.104924
396.000000	0.102617	0.102578	0.102887	0.103315	0.102700	0.102321	0.103115
397.000000	0.100920	0.100946	0.101364	0.101651	0.101246	0.100829	0.101418
398.000000	0.099564	0.099717	0.099997	0.100045	0.100205	0.099876	0.100000
399.000000	0.098322	0.098474	0.098636	0.098552	0.099051	0.098908	0.098636
400.000000	0.096998	0.096945	0.097187	0.097211	0.097433	0.097505	0.097184
401.000000	0.095661	0.095497	0.095819	0.096052	0.095750	0.095912	0.095893
402.000000	0.094397	0.094460	0.094677	0.095060	0.094417	0.094442	0.094957
403.000000	0.093167	0.093473	0.093558	0.094020	0.093301	0.093156	0.094017
404.000000	0.091907	0.092072	0.092213	0.092708	0.092134	0.092026	0.092644
405.000000	0.090624	0.090465	0.090746	0.091222	0.090822	0.090907	0.091020
406.000000	0.089355	0.089108	0.089394	0.089788	0.089362	0.089628	0.089564
407.000000	0.088125	0.088037	0.088218	0.088493	0.087960	0.088319	0.088366
408.000000	0.086950	0.087021	0.087167	0.087336	0.086936	0.087286	0.087311
409.000000	0.085840	0.085950	0.086169	0.086269	0.086201	0.086468	0.086308
410.000000	0.084800	0.084823	0.085143	0.085201	0.085289	0.085476	0.085291
411.000000	0.083767	0.083654	0.084006	0.084054	0.084039	0.084185	0.084202
412.000000	0.082583	0.082469	0.082687	0.082768	0.082715	0.082850	0.082992
413.000000	0.081246	0.081314	0.081257	0.081404	0.081529	0.081652	0.081684
414.000000	0.080067	0.080264	0.080072	0.080268	0.080530	0.080583	0.080439
415.000000	0.079234	0.079349	0.079325	0.079522	0.079685	0.079603	0.079378
416.000000	0.078450	0.078451	0.078631	0.078816	0.078763	0.078637	0.078449
417.000000	0.077429	0.077461	0.077618	0.077811	0.077588	0.077628	0.077570
418.000000	0.076327	0.076437	0.076456	0.076639	0.076390	0.076609	0.076660
419.000000	0.075380	0.075465	0.075435	0.075534	0.075457	0.075635	0.075663
420.000000	0.074545	0.074526	0.074581	0.074560	0.074690	0.074719	0.074673
421.000000	0.073670	0.073560	0.073810	0.073704	0.073848	0.073856	0.073830
422.000000	0.072742	0.072614	0.073067	0.072922	0.072929	0.073037	0.073083
423.000000	0.071832	0.071789	0.072313	0.072155	0.072073	0.072253	0.072266
424.000000	0.070956	0.071048	0.071483	0.071328	0.071275	0.071463	0.071341
425.000000	0.070076	0.070226	0.070494	0.070358	0.070399	0.070603	0.070388
426.000000	0.069218	0.069304	0.069425	0.069305	0.069445	0.069672	0.069473
427.000000	0.068494	0.068465	0.068570	0.068420	0.068605	0.068751	0.068640
428.000000	0.067880	0.067760	0.067989	0.067781	0.067930	0.067879	0.067873
429.000000	0.067081	0.066958	0.067256	0.067100	0.067178	0.067003	0.067046
430.000000	0.065945	0.065934	0.066115	0.066180	0.066197	0.066091	0.066094
431.000000	0.064837	0.064955	0.064960	0.065202	0.065202	0.065200	0.065160
432.000000	0.064089	0.064263	0.064181	0.064362	0.064405	0.064383	0.064383
433.000000	0.063505	0.063667	0.063612	0.063605	0.063712	0.063607	0.063705
434.000000	0.062786	0.062907	0.062969	0.062828	0.062963	0.062825	0.063022
435.000000	0.061958	0.062062	0.062192	0.062069	0.062149	0.062049	0.062285
436.000000	0.061168	0.061326	0.061318	0.061412	0.061322	0.061316	0.061472
437.000000	0.060410	0.060663	0.060412	0.060792	0.060530	0.060633	0.060632
438.000000	0.059590	0.059901	0.059558	0.060063	0.059811	0.059989	0.059850
439.000000	0.058762	0.059042	0.058816	0.059247	0.059149	0.059356	0.059137
440.000000	0.058105	0.058240	0.058224	0.058515	0.058482	0.058686	0.058436
441.000000	0.057606	0.057545	0.057716	0.057895	0.057781	0.057957	0.057728
442.000000	0.056997	0.056867	0.057100	0.057228	0.057059	0.057174	0.057039
443.000000	0.056174	0.056162	0.056312	0.056443	0.056352	0.056387	0.056386
444.000000	0.055384	0.055488	0.055547	0.055674	0.055724	0.055724	0.055749
445.000000	0.054800	0.054886	0.054947	0.055017	0.055187	0.055236	0.055122
446.000000	0.054279	0.054311	0.054406	0.054407	0.054600	0.054726	0.054534
447.000000	0.053666	0.053715	0.053814	0.053777	0.053857	0.054027	0.054001
448.000000	0.053013	0.053104	0.053220	0.053161	0.053110	0.053274	0.053449
449.000000	0.052409	0.052496	0.052694	0.052612	0.052545	0.052655	0.052799
450.000000	0.051867	0.051912	0.052170	0.052093	0.052080	0.052144	0.052103
451.000000	0.051364	0.051369	0.051541	0.051540	0.051547	0.051636	0.051462
452.000000	0.050836	0.050813	0.050840	0.050954	0.050950	0.051083	0.050896
453.000000	0.050197	0.050160	0.050185	0.050373	0.050393	0.050470	0.050380
454.000000	0.049502	0.049475	0.049618	0.049817	0.049881	0.049854	0.049876
455.000000	0.048915	0.048946	0.049123	0.049292	0.049331	0.049345	0.049338
456.000000	0.048468	0.048591	0.048666	0.048789	0.048729	0.048926	0.048765
457.000000	0.048011	0.048211	0.048197	0.048279	0.048145	0.048415	0.048214
458.000000	0.047469	0.047690	0.047676	0.047751	0.047627	0.047754	0.047699
459.000000	0.046914	0.047085	0.047085	0.047219	0.047171	0.047124	0.047151
460.000000	0.046411	0.046473	0.046447	0.046696	0.046751	0.046645	0.046544
461.000000	0.045960	0.045930	0.045900	0.046173	0.046294	0.046203	0.045991
462.000000	0.045545	0.045500	0.045538	0.045645	0.045746	0.045687	0.045588
463.000000	0.045119	0.045088	0.045202	0.045149	0.045165	0.045178	0.045253
464.000000	0.044640	0.044591	0.044714	0.044718	0.044627	0.044778	0.044878
465.000000	0.044165	0.044063	0.044158	0.044313	0.044161	0.044406	0.044464
466.000000	0.043774	0.043610	0.043705	0.043879	0.043772	0.043933	0.044051
467.000000	0.043402	0.043238	0.043354	0.043428	0.043395	0.043411	0.043623
468.000000	0.042911	0.042897	0.043014	0.043009	0.042936	0.042991	0.043138
469.000000	0.042328	0.042532	0.042639	0.042604	0.042417	0.042667	0.042623
470.000000	0.041813	0.042086	0.042233	0.042141	0.041952	0.042304	0.042166
471.000000	0.041428	0.041576	0.041797	0.041646	0.041574	0.041860	0.041789
472.000000	0.041114	0.041106	0.041340	0.041261	0.041218	0.041407	0.041429
473.000000	0.040798	0.040719	0.040874	0.040991	0.040837	0.040980	0.041034
474.000000	0.040394	0.040346	0.040429	0.040596	0.040432	0.040547	0.040568
475.000000	0.039886	0.039937	0.040027	0.039971	0.040027	0.040088	0.040043
476.000000	0.039431	0.039519	0.039668	0.039430	0.039698	0.039637	0.039578
477.000000	0.039150	0.039122	0.039338	0.039215	0.039484	0.039232	0.039264
478.000000	0.038922	0.038757	0.038993	0.039043	0.039248	0.038895	0.039010
479.000000	0.038595	0.038424	0.038594	0.038592	0.038851	0.038632	0.038699
480.000000	0.038191	0.038109	0.038202	0.038051	0.038373	0.038365	0.038328
481.000000	0.037791	0.037792	0.037894	0.037753	0.037958	0.038006	0.037935
482.000000	0.037411	0.037458	0.037601	0.037615	0.037614	0.037602	0.037561
483.000000	0.037041	0.037097	0.037187	0.037350	0.037280	0.037266	0.037248
484.000000	0.036696	0.036745	0.036733	0.036947	0.036944	0.036999	0.036977
485.000000	0.036411	0.036475	0.036481	0.036609	0.036634	0.036712	0.036684
486.000000	0.036175	0.036257	0.036410	0.036381	0.036354	0.036377	0.036350
487.000000	0.035928	0.035948	0.036196	0.036130	0.036080	0.036035	0.036009
488.000000	0.035627	0.035516	0.035733	0.035792	0.035794	0.035714	0.035687
489.000000	0.035267	0.035118	0.035300	0.035428	0.035487	0.035413	0.035388
490.000000	0.034862	0.034840	0.035049	0.035072	0.035143	0.035110	0.035097
491.000000	0.034476	0.034554	0.034759	0.034680	0.034731	0.034732	0.034760
492.000000	0.034158	0.034164	0.034263	0.034239	0.034256	0.034253	0.034352
493.000000	0.033903	0.033805	0.033787	0.033901	0.033858	0.033856	0.033986
494.000000	0.033683	0.033612	0.033571	0.033790	0.033656	0.033696	0.033756
495.000000	0.033415	0.033444	0.033437	0.033675	0.033461	0.033553	0.033500
496.000000	0.033016	0.033101	0.033107	0.033253	0.033024	0.033126	0.033012
497.000000	0.032555	0.032637	0.032637	0.032636	0.032472	0.032526	0.032442
498.000000	0.032166	0.032225	0.032235	0.032130	0.032092	0.032059	0.032092
499.000000	0.031848	0.031873	0.031929	0.031777	0.031865	0.031774	0.031909
500.000000	0.031504	0.031476	0.031614	0.031437	0.031552	0.031541	0.031583
501.000000	0.031109	0.031027	0.031223	0.031047	0.031108	0.031263	0.031073
502.000000	0.030713	0.030628	0.030737	0.030634	0.030693	0.030888	0.030618
503.000000	0.030361	0.030311	0.030223	0.030250	0.030383	0.030436	0.030329
504.000000	0.030078	0.029992	0.029881	0.029973	0.030121	0.030035	0.030105
505.000000	0.029843	0.029634	0.029768	0.029806	0.029839	0.029744	0.029843
506.000000	0.029529	0.029319	0.029602	0.029578	0.029485	0.029445	0.029484
507.000000	0.029058	0.029094	0.029166	0.029162	0.029038	0.029045	0.029012
508.000000	0.028551	0.028821	0.028601	0.028660	0.028590	0.028612	0.028547
509.000000	0.028146	0.028370	0.028090	0.028199	0.028226	0.028226	0.028199
510.000000	0.027828	0.027833	0.027676	0.027801	0.027886	0.027879	0.027898
511.000000	0.027537	0.027357	0.027347	0.027452	0.027480	0.027535	0.027534
512.000000	0.027200	0.026960	0.027046	0.027095	0.027039	0.027148	0.027108
513.000000	0.026744	0.026601	0.026702	0.026662	0.026644	0.026680	0.026669
514.000000	0.026246	0.026243	0.026302	0.026191	0.026291	0.026190	0.026250
515.000000	0.025867	0.025853	0.025882	0.025785	0.025926	0.025794	0.025868
516.000000	0.025587	0.025442	0.025480	0.025463	0.025537	0.025498	0.025509
517.000000	0.025209	0.025066	0.025139	0.025163	0.025156	0.025195	0.025129
518.000000	0.024692	0.024729	0.024848	0.024839	0.024800	0.024831	0.024725
519.000000	0.024223	0.024357	0.024515	0.024474	0.024470	0.024430	0.024350
520.000000	0.023905	0.023929	0.024098	0.024070	0.024145	0.024020	0.024024
521.000000	0.023640	0.023542	0.023662	0.023665	0.023773	0.023630	0.023686
522.000000	0.023334	0.023251	0.023261	0.023284	0.023332	0.023276	0.023297
523.000000	0.022963	0.022960	0.022890	0.022908	0.022892	0.022925	0.022908
524.000000	0.022532	0.022577	0.022532	0.022520	0.022520	0.022553	0.022562
525.000000	0.022113	0.022153	0.022179	0.022131	0.022191	0.022179	0.022204
526.000000	0.021777	0.021771	0.021826	0.021764	0.021857	0.021838	0.021773
527.000000	0.021485	0.021437	0.021498	0.021443	0.021513	0.021530	0.021367
528.000000	0.021157	0.021128	0.021224	0.021182	0.021173	0.021246	0.021126
529.000000	0.020798	0.020826	0.020953	0.020927	0.020839	0.020953	0.020963
530.000000	0.020460	0.020520	0.020592	0.020588	0.020508	0.020607	0.020662
531.000000	0.020154	0.020196	0.020181	0.020183	0.020181	0.020224	0.020229
532.000000	0.019849	0.019843	0.019867	0.019825	0.019862	0.019869	0.019859
533.000000	0.019536	0.019487	0.019657	0.019547	0.019556	0.019564	0.019607
534.000000	0.019227	0.019192	0.019370	0.019281	0.019263	0.019279	0.019335
535.000000	0.018934	0.018977	0.018944	0.018992	0.018986	0.018998	0.018993
536.000000	0.018669	0.018763	0.018552	0.018713	0.018731	0.018729	0.018702
537.000000	0.018428	0.018490	0.018309	0.018462	0.018487	0.018472	0.018526
538.000000	0.018172	0.018172	0.018113	0.018187	0.018202	0.018187	0.018321
539.000000	0.017878	0.017840	0.017861	0.017858	0.017849	0.017853	0.017973
540.000000	0.017600	0.017532	0.017599	0.017557	0.017528	0.017533	0.017608
541.000000	0.017394	0.017286	0.017394	0.017368	0.017342	0.017294	0.017377
542.000000	0.017201	0.017087	0.017199	0.017218	0.017184	0.017104	0.017198
543.000000	0.016931	0.016902	0.016941	0.016984	0.016897	0.016898	0.016925
544.000000	0.016606	0.016670	0.016630	0.016675	0.016521	0.016655	0.016580
545.000000	0.016299	0.016325	0.016325	0.016363	0.016201	0.016375	0.016277
546.000000	0.016040	0.015929	0.016040	0.016072	0.015975	0.016087	0.016042
547.000000	0.015815	0.015639	0.015756	0.015780	0.015791	0.015831	0.015832
548.000000	0.015607	0.015480	0.015480	0.015505	0.015606	0.015604	0.015618
549.000000	0.015393	0.015326	0.015247	0.015300	0.015388	0.015348	0.015387
550.000000	0.015171	0.015112	0.015064	0.015166	0.015126	0.015057	0.015144
551.000000	0.014973	0.014887	0.014895	0.015012	0.014850	0.014809	0.014931
552.000000	0.014819	0.014699	0.014722	0.014795	0.014601	0.014658	0.014769
553.000000	0.014680	0.014565	0.014577	0.014602	0.014448	0.014580	0.014628
554.000000	0.014498	0.014447	0.014445	0.014466	0.014384	0.014497	0.014448
555.000000	0.014112	0.014122	0.014121	0.014158	0.014130	0.014186	0.014072
556.000000	0.013487	0.013497	0.013518	0.013560	0.013528	0.013553	0.013468
557.000000	0.013365	0.013361	0.013383	0.013421	0.013362	0.013369	0.013347
558.000000	0.014374	0.014414	0.014368	0.014407	0.014347	0.014313	0.014307
559.000000	0.014166	0.014249	0.014137	0.014170	0.014135	0.014063	0.014060
560.000000	0.009731	0.009746	0.009682	0.009683	0.009673	0.009616	0.009682
561.000000	0.008117	0.008006	0.008058	0.008034	0.008030	0.008033	0.008181
562.000000	0.022007	0.021867	0.021948	0.021972	0.021942	0.022007	0.022106
563.000000	0.031830	0.031763	0.031772	0.031896	0.031824	0.031917	0.031880
564.000000	-0.012900	-0.012940	-0.012987	-0.012815	-0.012894	-0.012828	-0.012877
565.000000	-0.093866	-0.093967	-0.093999	-0.093869	-0.093915	-0.093911	-0.093808
566.000000	-0.093152	-0.093275	-0.093283	-0.093214	-0.093252	-0.093257	-0.093071
567.000000	0.026767	0.026724	0.026709	0.026752	0.026670	0.026742	0.026820
568.000000	0.122026	0.122077	0.122046	0.122092	0.121972	0.122125	0.122055
569.000000	0.088940	0.089016	0.088988	0.089049	0.088942	0.089109	0.088985
570.000000	0.013557	0.013592	0.013601	0.013656	0.013589	0.013702	0.013612
571.000000	-0.007421	-0.007471	-0.007390	-0.007381	-0.007412	-0.007398	-0.007405
572.000000	0.008201	0.008065	0.008200	0.008169	0.008165	0.008098	0.008157
573.000000	0.015990	0.015813	0.015924	0.015919	0.015933	0.015865	0.015910
574.000000	0.012199	0.012044	0.012079	0.012123	0.012145	0.012134	0.012113
575.000000	0.009316	0.009246	0.009212	0.009256	0.009271	0.009321	0.009247
576.000000	0.009943	0.009959	0.009886	0.009913	0.009921	0.009989	0.009900
577.000000	0.010717	0.010733	0.010650	0.010733	0.010755	0.010759	0.010698
578.000000	0.010473	0.010457	0.010395	0.010529	0.010576	0.010480	0.010461
579.000000	0.010035	0.010123	0.010122	0.010087	0.010129	0.010020	0.010003
580.000000	0.009923	0.010088	0.010134	0.009937	0.009936	0.009912	0.009857
581.000000	0.010189	0.009832	0.009787	0.010209	0.010155	0.010176	0.010124
582.000000	0.010432	0.009412	0.009208	0.010512	0.010427	0.010396	0.010413
583.000000	0.009485	0.010012	0.010009	0.009583	0.009505	0.009432	0.009509
584.000000	0.007703	0.011416	0.011934	0.007728	0.007695	0.007657	0.007730
585.000000	0.009607	0.009451	0.009478	0.009575	0.009575	0.009586	0.009606
586.000000	0.017331	0.004466	0.002661	0.017351	0.017330	0.017342	0.017292
587.000000	0.021177	0.016789	0.016197	0.021282	0.021210	0.021219	0.021111
588.000000	0.011878	0.062062	0.069383	0.012002	0.011886	0.011940	0.011817
589.000000	-0.000625	0.100420	0.115112	-0.000535	-0.000671	-0.000563	-0.000664
590.000000	-0.001452	0.080370	0.092235	-0.001399	-0.001522	-0.001421	-0.001475
591.000000	0.006341	0.025928	0.028732	0.006376	0.006265	0.006324	0.006326
592.000000	0.010888	-0.002611	-0.004569	0.010930	0.010785	0.010830	0.010881
593.000000	0.009948	0.002919	0.001993	0.009998	0.009799	0.009867	0.009943
594.000000	0.008511	0.011666	0.012291	0.008519	0.008331	0.008428	0.008486
595.000000	0.008619	0.010851	0.011344	0.008550	0.008453	0.008540	0.008563
596.000000	0.008959	0.008146	0.008106	0.008857	0.008865	0.008860	0.008900
597.000000	0.008802	0.008091	0.007913	0.008739	0.008811	0.008663	0.008770
598.000000	0.008571	0.008869	0.008735	0.008569	0.008621	0.008434	0.008540
599.000000	0.008577	0.008961	0.008856	0.008609	0.008569	0.008509	0.008489
600.000000	0.008667	0.008699	0.008636	0.008676	0.008597	0.008655	0.008498
601.000000	0.008673	0.008530	0.008550	0.008605	0.008618	0.008650	0.008443
602.000000	0.008597	0.008453	0.008548	0.008483	0.008581	0.008554	0.008368
603.000000	0.008481	0.008394	0.008505	0.008424	0.008465	0.008466	0.008337
604.000000	0.008405	0.008370	0.008441	0.008407	0.008345	0.008410	0.008362
605.000000	0.008438	0.008409	0.008411	0.008374	0.008307	0.008382	0.008430
606.000000	0.008484	0.008440	0.008386	0.008316	0.008296	0.008337	0.008461
607.000000	0.008391	0.008357	0.008307	0.008240	0.008203	0.008220	0.008353
608.000000	0.008189	0.008183	0.008172	0.008141	0.008051	0.008058	0.008140
609.000000	0.008022	0.008017	0.008015	0.008009	0.007945	0.007932	0.007935
610.000000	0.007939	0.007907	0.007876	0.007869	0.007903	0.007869	0.007805
611.000000	0.007902	0.007849	0.007798	0.007774	0.007863	0.007844	0.007770
612.000000	0.007870	0.007812	0.007765	0.007727	0.007795	0.007823	0.007784
613.000000	0.007805	0.007736	0.007684	0.007660	0.007707	0.007753	0.007714
614.000000	0.007687	0.007597	0.007512	0.007539	0.007596	0.007615	0.007522
615.000000	0.007529	0.007453	0.007316	0.007405	0.007427	0.007448	0.007359
616.000000	0.007358	0.007341	0.007157	0.007287	0.007201	0.007288	0.007313
617.000000	0.007225	0.007225	0.007060	0.007176	0.007011	0.007143	0.007258
618.000000	0.007163	0.007075	0.007027	0.007059	0.006936	0.007020	0.007087
619.000000	0.007111	0.006932	0.007005	0.006960	0.006919	0.006939	0.006914
620.000000	0.007001	0.006844	0.006939	0.006901	0.006878	0.006912	0.006868
621.000000	0.006864	0.006793	0.006841	0.006850	0.006804	0.006872	0.006843
622.000000	0.006759	0.006740	0.006747	0.006758	0.006711	0.006743	0.006669
623.000000	0.006691	0.006668	0.006682	0.006634	0.006617	0.006587	0.006437
624.000000	0.006633	0.006577	0.006660	0.006513	0.006538	0.006535	0.006359
625.000000	0.006560	0.006469	0.006624	0.006401	0.006467	0.006542	0.006405
626.000000	0.006453	0.006348	0.006466	0.006276	0.006378	0.006435	0.006364
627.000000	0.006327	0.006233	0.006221	0.006160	0.006278	0.006215	0.006212
628.000000	0.006236	0.006151	0.006079	0.006120	0.006206	0.006080	0.006129
629.000000	0.006189	0.006097	0.006083	0.006154	0.006160	0.006094	0.006168
630.000000	0.006124	0.006017	0.006029	0.006149	0.006063	0.006099	0.006164
631.000000	0.006019	0.005899	0.005830	0.006046	0.005901	0.006005	0.006032
632.000000	0.005955	0.005852	0.005711	0.005933	0.005816	0.005918	0.005917
633.000000	0.005973	0.005927	0.005821	0.005874	0.005888	0.005913	0.005921
634.000000	0.005951	0.005950	0.005927	0.005794	0.005930	0.005880	0.005898
635.000000	0.005770	0.005756	0.005791	0.005622	0.005764	0.005710	0.005707
636.000000	0.005532	0.005484	0.005537	0.005445	0.005515	0.005493	0.005461
637.000000	0.005387	0.005332	0.005376	0.005381	0.005376	0.005363	0.005329
638.000000	0.005361	0.005301	0.005335	0.005381	0.005342	0.005323	0.005303
639.000000	0.005422	0.005308	0.005359	0.005337	0.005327	0.005321	0.005300
640.000000	0.005473	0.005305	0.005371	0.005261	0.005288	0.005303	0.005278
641.000000	0.005387	0.005270	0.005288	0.005238	0.005213	0.005223	0.005226
642.000000	0.005196	0.005204	0.005138	0.005257	0.005118	0.005109	0.005163
643.000000	0.005071	0.005125	0.005042	0.005222	0.005040	0.005060	0.005135
644.000000	0.005059	0.005041	0.005013	0.005101	0.004985	0.005070	0.005124
645.000000	0.005032	0.004949	0.004916	0.004955	0.004916	0.004992	0.005025
646.000000	0.004938	0.004857	0.004730	0.004839	0.004833	0.004796	0.004842
647.000000	0.004882	0.004807	0.004648	0.004790	0.004814	0.004678	0.004780
648.000000	0.004928	0.004811	0.004774	0.004813	0.004889	0.004759	0.004936
649.000000	0.004988	0.004805	0.004897	0.004842	0.004933	0.004897	0.005061
650.000000	0.004972	0.004737	0.004830	0.004819	0.004846	0.004944	0.004943
651.000000	0.004886	0.004660	0.004686	0.004769	0.004720	0.004900	0.004745
652.000000	0.004764	0.004640	0.004622	0.004728	0.004671	0.004801	0.004677
653.000000	0.004654	0.004651	0.004618	0.004685	0.004671	0.004682	0.004689
654.000000	0.004607	0.004643	0.004601	0.004616	0.004650	0.004579	0.004651
655.000000	0.004606	0.004592	0.004551	0.004535	0.004590	0.004525	0.004569
656.000000	0.004606	0.004493	0.004481	0.004479	0.004503	0.004549	0.004518
657.000000	0.004600	0.004393	0.004425	0.004462	0.004424	0.004607	0.004520
658.000000	0.004605	0.004374	0.004432	0.004482	0.004401	0.004601	0.004551
659.000000	0.004608	0.004437	0.004494	0.004520	0.004441	0.004526	0.004572
660.000000	0.004563	0.004496	0.004548	0.004534	0.004503	0.004469	0.004524
661.000000	0.004476	0.004502	0.004559	0.004519	0.004539	0.004463	0.004411
662.000000	0.004439	0.004466	0.004550	0.004518	0.004496	0.004451	0.004335
663.000000	0.004491	0.004409	0.004530	0.004546	0.004369	0.004398	0.004339
664.000000	0.004551	0.004366	0.004483	0.004546	0.004262	0.004344	0.004323
665.000000	0.004541	0.004358	0.004401	0.004476	0.004249	0.004323	0.004224
666.000000	0.004452	0.004363	0.004325	0.004388	0.004260	0.004322	0.004156
667.000000	0.004304	0.004351	0.004283	0.004327	0.004219	0.004318	0.004220
668.000000	0.004175	0.004302	0.004222	0.004262	0.004135	0.004280	0.004304
669.000000	0.004141	0.004205	0.004085	0.004150	0.004044	0.004180	0.004262
670.000000	0.004155	0.004120	0.003968	0.004055	0.003986	0.004069	0.004130
671.000000	0.004121	0.004122	0.004007	0.004070	0.003998	0.004023	0.004015
672.000000	0.004052	0.004162	0.004120	0.004133	0.004052	0.004038	0.003954
673.000000	0.004018	0.004120	0.004100	0.004100	0.004083	0.004064	0.003941
674.000000	0.004007	0.004000	0.003940	0.003966	0.004052	0.004049	0.003937
675.000000	0.003937	0.003903	0.003803	0.003854	0.003945	0.003940	0.003879
676.000000	0.003806	0.003857	0.003753	0.003805	0.003795	0.003770	0.003771
677.000000	0.003717	0.003797	0.003722	0.003760	0.003691	0.003679	0.003699
678.000000	0.003717	0.003710	0.003674	0.003699	0.003680	0.003718	0.003702
679.000000	0.003748	0.003682	0.003629	0.003682	0.003734	0.003770	0.003725
680.000000	0.003751	0.003736	0.003600	0.003723	0.003793	0.003744	0.003711
681.000000	0.003690	0.003711	0.003560	0.003712	0.003754	0.003645	0.003623
682.000000	0.003561	0.003498	0.003489	0.003566	0.003564	0.003502	0.003456
683.000000	0.003457	0.003270	0.003397	0.003380	0.003376	0.003374	0.003308
684.000000	0.003469	0.003218	0.003306	0.003273	0.003351	0.003317	0.003277
685.000000	0.003534	0.003300	0.003273	0.003253	0.003421	0.003319	0.003316
686.000000	0.003556	0.003399	0.003348	0.003292	0.003454	0.003347	0.003338
687.000000	0.003529	0.003450	0.003453	0.003334	0.003413	0.003363	0.003325
688.000000	0.003492	0.003415	0.003457	0.003316	0.003310	0.003337	0.003291
689.000000	0.003463	0.003329	0.003366	0.003262	0.003224	0.003306	0.003257
690.000000	0.003444	0.003273	0.003274	0.003253	0.003270	0.003353	0.003247
691.000000	0.003423	0.003249	0.003218	0.003283	0.003389	0.003423	0.003234
692.000000	0.003376	0.003177	0.003175	0.003267	0.003355	0.003338	0.003144
693.000000	0.003313	0.003084	0.003138	0.003191	0.003145	0.003101	0.003003
694.000000	0.003290	0.003135	0.003122	0.003143	0.003021	0.002976	0.002968
695.000000	0.003315	0.003346	0.003134	0.003153	0.003106	0.003071	0.003089
696.000000	0.003297	0.003416	0.003164	0.003127	0.003215	0.003162	0.003188
697.000000	0.003194	0.003187	0.003199	0.003021	0.003207	0.003100	0.003148
698.000000	0.003139	0.002989	0.003214	0.002988	0.003164	0.003063	0.003089
699.000000	0.003240	0.003112	0.003192	0.003144	0.003179	0.003205	0.003127
700.000000	0.003377	0.003321	0.003159	0.003323	0.003227	0.003355	0.003180
701.000000	0.003402	0.003316	0.003149	0.003329	0.003260	0.003312	0.003146
702.000000	0.003379	0.003189	0.003177	0.003221	0.003273	0.003168	0.003104
703.000000	0.003430	0.003161	0.003247	0.003140	0.003276	0.003111	0.003181
704.000000	0.003473	0.003224	0.003303	0.003096	0.003261	0.003143	0.003278
705.000000	0.003336	0.003253	0.003268	0.003030	0.003212	0.003174	0.003196
706.000000	0.003131	0.003246	0.003185	0.002989	0.003179	0.003211	0.003030
707.000000	0.003180	0.003296	0.003189	0.003088	0.003252	0.003332	0.003090
708.000000	0.003452	0.003403	0.003283	0.003273	0.003390	0.003489	0.003365
709.000000	0.003538	0.003469	0.003330	0.003309	0.003406	0.003497	0.003497
710.000000	0.003334	0.003474	0.003303	0.003166	0.003293	0.003339	0.003367
711.000000	0.003229	0.003523	0.003353	0.003135	0.003326	0.003261	0.003248
712.000000	0.003467	0.003668	0.003555	0.003388	0.003614	0.003405	0.003334
713.000000	0.003890	0.003825	0.003793	0.003768	0.003864	0.003639	0.003566
714.000000	0.004298	0.003933	0.003965	0.004101	0.003866	0.003839	0.003865
715.000000	0.004529	0.004049	0.004094	0.004271	0.003836	0.004005	0.004172
716.000000	0.004496	0.004237	0.004220	0.004228	0.004009	0.004160	0.004433
717.000000	0.004425	0.004484	0.004357	0.004174	0.004323	0.004307	0.004574
718.000000	0.004580	0.004756	0.004513	0.004342	0.004640	0.004455	0.004545
719.000000	0.004891	0.005023	0.004727	0.004691	0.004878	0.004664	0.004502
720.000000	0.005159	0.005256	0.005038	0.005075	0.004993	0.005001	0.004662
721.000000	0.005384	0.005437	0.005409	0.005395	0.005081	0.005340	0.004998
722.000000	0.005677	0.005566	0.005755	0.005595	0.005310	0.005466	0.005348
723.000000	0.006063	0.005757	0.006058	0.005751	0.005647	0.005474	0.005650
724.000000	0.006494	0.006218	0.006349	0.006048	0.005899	0.005717	0.005931
725.000000	0.006870	0.006813	0.006606	0.006444	0.006053	0.006216	0.006154
726.000000	0.007043	0.007006	0.006740	0.006635	0.006317	0.006597	0.006202
727.000000	0.007042	0.006723	0.006776	0.006606	0.006763	0.006733	0.006167
728.000000	0.007199	0.006684	0.006940	0.006852	0.007216	0.006952	0.006490
729.000000	0.007652	0.007267	0.007328	0.007548	0.007531	0.007397	0.007290
730.000000	0.008010	0.007858	0.007691	0.008006	0.007682	0.007682	0.007849
731.000000	0.007944	0.007911	0.007819	0.007660	0.007676	0.007485	0.007585
732.000000	0.007606	0.007605	0.007792	0.006802	0.007584	0.006983	0.006797
