[HEADER]
Format	J&M ASCII Table
Comment	
Date	5/27/2023 10:10:42 AM
Order	Y (evenX)
TechType	UV
NumPoints	483
FirstX	250.00
LastX	732.00
XType	NMetr
YType	Absrb
ZType	Secs
NumSubFile	7
Matrix	Z vs X
[DATA]
	0.000000	5.000128	10.000192	15.000256	20.000383	25.000448	30.000511
250.000000	0.534463	0.534396	0.534535	0.534691	0.534736	0.534079	0.534079
251.000000	0.531673	0.532178	0.532425	0.532811	0.532317	0.531961	0.532026
252.000000	0.530231	0.530956	0.531419	0.531225	0.530564	0.530548	0.531121
253.000000	0.529666	0.530326	0.530760	0.530086	0.529417	0.529647	0.530295
254.000000	0.529444	0.529898	0.529863	0.529500	0.528823	0.529085	0.528829
255.000000	0.529210	0.529649	0.529200	0.529392	0.528891	0.528929	0.527808
256.000000	0.528803	0.529653	0.529332	0.529667	0.529678	0.529273	0.528382
257.000000	0.528902	0.530089	0.530065	0.530306	0.530751	0.530044	0.529906
258.000000	0.530327	0.531132	0.530992	0.531307	0.531591	0.531127	0.531258
259.000000	0.532632	0.532649	0.532097	0.532559	0.532410	0.532478	0.532488
260.000000	0.534770	0.534361	0.533553	0.533913	0.533756	0.534089	0.534205
261.000000	0.536515	0.536174	0.535318	0.535488	0.535651	0.535925	0.536332
262.000000	0.538269	0.538133	0.537181	0.537591	0.537711	0.537925	0.538272
263.000000	0.540146	0.540072	0.539041	0.540058	0.539690	0.539932	0.539872
264.000000	0.541911	0.541582	0.540920	0.542176	0.541511	0.541678	0.541497
265.000000	0.543351	0.542586	0.542691	0.543537	0.543060	0.543002	0.543176
266.000000	0.544321	0.543589	0.543955	0.544294	0.544136	0.543929	0.544325
267.000000	0.544793	0.544841	0.544529	0.544686	0.544684	0.544544	0.544634
268.000000	0.545032	0.545784	0.544845	0.545032	0.545032	0.545033	0.544657
269.000000	0.545215	0.545887	0.545225	0.545471	0.545384	0.545443	0.544855
270.000000	0.544989	0.545222	0.545163	0.545365	0.545191	0.545206	0.544785
271.000000	0.543974	0.544007	0.544088	0.544074	0.543891	0.543784	0.543879
272.000000	0.542426	0.542441	0.542319	0.542135	0.541963	0.541777	0.542189
273.000000	0.540786	0.540685	0.540448	0.540420	0.540190	0.540102	0.539989
274.000000	0.538844	0.538544	0.538339	0.538628	0.538295	0.538408	0.537378
275.000000	0.536045	0.535649	0.535474	0.535821	0.535441	0.535664	0.534356
276.000000	0.532384	0.532207	0.531950	0.532011	0.531703	0.531847	0.531046
277.000000	0.528335	0.528903	0.528389	0.528016	0.527935	0.527795	0.527666
278.000000	0.524303	0.525788	0.524923	0.524242	0.524420	0.523927	0.524230
279.000000	0.520577	0.522084	0.521039	0.520534	0.520689	0.520085	0.520484
280.000000	0.517066	0.517455	0.516492	0.516657	0.516454	0.516065	0.516268
281.000000	0.512966	0.512494	0.511622	0.512305	0.511864	0.511650	0.511634
282.000000	0.507819	0.507675	0.506745	0.507341	0.507110	0.506786	0.506694
283.000000	0.502379	0.502825	0.501906	0.502147	0.502358	0.501902	0.501684
284.000000	0.497409	0.497761	0.497102	0.497117	0.497711	0.497334	0.496806
285.000000	0.492744	0.492764	0.492303	0.492290	0.493008	0.492598	0.492052
286.000000	0.488026	0.488163	0.487517	0.487625	0.488079	0.487156	0.487359
287.000000	0.483376	0.483686	0.483027	0.483254	0.483200	0.481674	0.482727
288.000000	0.479071	0.478863	0.479159	0.479336	0.478778	0.477217	0.478175
289.000000	0.474811	0.473913	0.475374	0.475505	0.474540	0.473519	0.473651
290.000000	0.469966	0.469459	0.470627	0.471087	0.469807	0.469493	0.469059
291.000000	0.464709	0.465398	0.465028	0.466074	0.464674	0.464849	0.464446
292.000000	0.459972	0.460937	0.459781	0.461087	0.459966	0.460069	0.459990
293.000000	0.456035	0.455964	0.455409	0.456374	0.455936	0.455433	0.455693
294.000000	0.452227	0.451357	0.451422	0.451624	0.452002	0.450905	0.451307
295.000000	0.448067	0.447510	0.447377	0.446678	0.447718	0.446467	0.446690
296.000000	0.443623	0.443654	0.443080	0.441776	0.443051	0.442188	0.441963
297.000000	0.438993	0.439138	0.438448	0.437119	0.438091	0.438038	0.437235
298.000000	0.434151	0.434159	0.433641	0.432618	0.433141	0.433633	0.432475
299.000000	0.429111	0.429061	0.428849	0.428133	0.428462	0.428644	0.427647
300.000000	0.424185	0.424071	0.424167	0.423574	0.423881	0.423391	0.422841
301.000000	0.419696	0.419335	0.419622	0.418871	0.419116	0.418324	0.418152
302.000000	0.415287	0.414647	0.414959	0.414003	0.414086	0.413355	0.413425
303.000000	0.410340	0.409669	0.409826	0.408982	0.408817	0.408177	0.408413
304.000000	0.405012	0.404529	0.404367	0.403911	0.403495	0.402920	0.403215
305.000000	0.399983	0.399670	0.399060	0.398954	0.398405	0.398005	0.398162
306.000000	0.395303	0.395050	0.394048	0.394082	0.393586	0.393414	0.393305
307.000000	0.390363	0.390133	0.389126	0.389069	0.388818	0.388669	0.388409
308.000000	0.385036	0.384797	0.384183	0.383882	0.383965	0.383556	0.383377
309.000000	0.379966	0.379584	0.379272	0.378805	0.379030	0.378297	0.378348
310.000000	0.375456	0.374804	0.374419	0.373969	0.373994	0.373110	0.373402
311.000000	0.370876	0.370104	0.369547	0.369102	0.368754	0.368117	0.368441
312.000000	0.365708	0.365152	0.364578	0.363977	0.363281	0.363325	0.363378
313.000000	0.360266	0.360021	0.359473	0.358710	0.357835	0.358374	0.358256
314.000000	0.354974	0.354843	0.354220	0.353480	0.352683	0.352954	0.353130
315.000000	0.349865	0.349597	0.348914	0.348389	0.347789	0.347455	0.347991
316.000000	0.344835	0.344238	0.343675	0.343491	0.343008	0.342425	0.342813
317.000000	0.339748	0.338915	0.338536	0.338621	0.338161	0.337717	0.337634
318.000000	0.334465	0.333856	0.333479	0.333526	0.333060	0.332851	0.332522
319.000000	0.329049	0.328961	0.328428	0.328202	0.327776	0.327687	0.327450
320.000000	0.323711	0.323894	0.323269	0.322841	0.322565	0.322351	0.322334
321.000000	0.318652	0.318664	0.318126	0.317688	0.317616	0.317152	0.317292
322.000000	0.314051	0.313665	0.313383	0.313040	0.313035	0.312587	0.312660
323.000000	0.309808	0.309060	0.309090	0.308869	0.308736	0.308616	0.308439
324.000000	0.305359	0.304607	0.304726	0.304608	0.304328	0.304303	0.304058
325.000000	0.300394	0.300067	0.299978	0.299904	0.299567	0.299154	0.299188
326.000000	0.295316	0.295317	0.295185	0.295047	0.294636	0.293958	0.294231
327.000000	0.290537	0.290353	0.290645	0.290335	0.289753	0.289426	0.289573
328.000000	0.286089	0.285559	0.286133	0.285714	0.285017	0.285243	0.285129
329.000000	0.281873	0.281291	0.281390	0.281079	0.280489	0.280934	0.280724
330.000000	0.277541	0.277177	0.276663	0.276509	0.276161	0.276500	0.276340
331.000000	0.272727	0.272663	0.272333	0.272130	0.271985	0.272104	0.272007
332.000000	0.267708	0.267909	0.268269	0.267890	0.267794	0.267779	0.267743
333.000000	0.263082	0.263442	0.264077	0.263649	0.263376	0.263487	0.263548
334.000000	0.258935	0.259349	0.259706	0.259371	0.258852	0.259218	0.259309
335.000000	0.254936	0.255363	0.255375	0.255113	0.254602	0.254978	0.254834
336.000000	0.250914	0.251342	0.251205	0.250937	0.250723	0.250805	0.250296
337.000000	0.246896	0.247303	0.247183	0.246909	0.246966	0.246767	0.246295
338.000000	0.243006	0.243330	0.243306	0.243081	0.243214	0.242929	0.242997
339.000000	0.239510	0.239599	0.239590	0.239473	0.239611	0.239345	0.239759
340.000000	0.236459	0.236189	0.236023	0.236050	0.236231	0.236010	0.236171
341.000000	0.233292	0.232899	0.232506	0.232637	0.232899	0.232768	0.232637
342.000000	0.229572	0.229533	0.228979	0.229107	0.229457	0.229472	0.229516
343.000000	0.225760	0.226114	0.225584	0.225607	0.225989	0.226110	0.226463
344.000000	0.222429	0.222713	0.222474	0.222318	0.222619	0.222720	0.223052
345.000000	0.219436	0.219392	0.219540	0.219213	0.219372	0.219462	0.219465
346.000000	0.216399	0.216204	0.216580	0.216190	0.216234	0.216506	0.216094
347.000000	0.213310	0.213164	0.213501	0.213246	0.213188	0.213656	0.213030
348.000000	0.210364	0.210266	0.210287	0.210424	0.210219	0.210539	0.210189
349.000000	0.207567	0.207459	0.207106	0.207674	0.207342	0.207308	0.207448
350.000000	0.204762	0.204662	0.204270	0.204867	0.204593	0.204555	0.204651
351.000000	0.201877	0.201857	0.201779	0.201997	0.201926	0.202304	0.201812
352.000000	0.198947	0.199113	0.199234	0.199215	0.199199	0.199858	0.199159
353.000000	0.196071	0.196435	0.196438	0.196572	0.196375	0.196902	0.196735
354.000000	0.193451	0.193709	0.193611	0.193919	0.193624	0.193897	0.194228
355.000000	0.191170	0.190909	0.190965	0.191185	0.191072	0.191219	0.191452
356.000000	0.188953	0.188283	0.188567	0.188571	0.188665	0.188762	0.188671
357.000000	0.186545	0.186028	0.186413	0.186254	0.186331	0.186382	0.186160
358.000000	0.184058	0.183919	0.184296	0.184101	0.184032	0.184107	0.183913
359.000000	0.181666	0.181668	0.181990	0.181917	0.181743	0.181977	0.181829
360.000000	0.179333	0.179321	0.179492	0.179616	0.179424	0.179790	0.179684
361.000000	0.176949	0.177043	0.176895	0.177173	0.177040	0.177283	0.177238
362.000000	0.174537	0.174828	0.174360	0.174708	0.174629	0.174615	0.174656
363.000000	0.172193	0.172570	0.172075	0.172414	0.172272	0.172173	0.172322
364.000000	0.169931	0.170250	0.169973	0.170260	0.169972	0.169988	0.170197
365.000000	0.167696	0.167926	0.167767	0.168022	0.167661	0.167771	0.167880
366.000000	0.165484	0.165665	0.165458	0.165717	0.165379	0.165480	0.165378
367.000000	0.163366	0.163545	0.163421	0.163680	0.163308	0.163399	0.163238
368.000000	0.161340	0.161555	0.161735	0.161965	0.161444	0.161599	0.161623
369.000000	0.159253	0.159524	0.159876	0.160044	0.159425	0.159705	0.159889
370.000000	0.156992	0.157318	0.157499	0.157583	0.157049	0.157468	0.157585
371.000000	0.154611	0.154968	0.154969	0.154971	0.154693	0.155141	0.155059
372.000000	0.152207	0.152558	0.152668	0.152622	0.152693	0.152989	0.152706
373.000000	0.149938	0.150292	0.150494	0.150477	0.150749	0.150926	0.150493
374.000000	0.147936	0.148349	0.148250	0.148369	0.148475	0.148792	0.148296
375.000000	0.146049	0.146509	0.146015	0.146270	0.146063	0.146588	0.146164
376.000000	0.144023	0.144426	0.143964	0.144210	0.143910	0.144382	0.144199
377.000000	0.141847	0.142144	0.142065	0.142158	0.141991	0.142238	0.142298
378.000000	0.139656	0.139943	0.140162	0.140051	0.140026	0.140215	0.140243
379.000000	0.137569	0.137894	0.138185	0.137892	0.137943	0.138262	0.138024
380.000000	0.135688	0.135879	0.136140	0.135744	0.135867	0.136224	0.135822
381.000000	0.133958	0.133843	0.134060	0.133704	0.133917	0.134110	0.133784
382.000000	0.132120	0.131824	0.132002	0.131904	0.132201	0.132135	0.131999
383.000000	0.130081	0.129867	0.130011	0.130310	0.130626	0.130351	0.130407
384.000000	0.128103	0.128018	0.128103	0.128562	0.128720	0.128457	0.128655
385.000000	0.126349	0.126284	0.126274	0.126448	0.126253	0.126277	0.126540
386.000000	0.124571	0.124565	0.124474	0.124296	0.123836	0.124111	0.124389
387.000000	0.122550	0.122756	0.122655	0.122431	0.122047	0.122253	0.122521
388.000000	0.120537	0.120837	0.120813	0.120706	0.120638	0.120592	0.120796
389.000000	0.118843	0.118832	0.118964	0.118881	0.119173	0.118919	0.118986
390.000000	0.117303	0.116897	0.117158	0.117004	0.117528	0.117175	0.117158
391.000000	0.115583	0.115232	0.115457	0.115230	0.115719	0.115367	0.115486
392.000000	0.113787	0.113820	0.113851	0.113588	0.113902	0.113607	0.113936
393.000000	0.112274	0.112513	0.112288	0.112027	0.112304	0.112062	0.112349
394.000000	0.110969	0.111100	0.110714	0.110495	0.110856	0.110681	0.110677
395.000000	0.109408	0.109329	0.109079	0.108943	0.109223	0.109219	0.108979
396.000000	0.107527	0.107321	0.107406	0.107388	0.107384	0.107621	0.107336
397.000000	0.105819	0.105695	0.105821	0.105939	0.105751	0.106092	0.105850
398.000000	0.104518	0.104669	0.104385	0.104601	0.104499	0.104724	0.104527
399.000000	0.103268	0.103606	0.103017	0.103165	0.103269	0.103341	0.103178
400.000000	0.101794	0.102047	0.101645	0.101536	0.101807	0.101828	0.101681
401.000000	0.100271	0.100357	0.100268	0.100022	0.100348	0.100350	0.100189
402.000000	0.098904	0.098940	0.098905	0.098891	0.099119	0.099058	0.098858
403.000000	0.097658	0.097672	0.097588	0.097878	0.097916	0.097828	0.097650
404.000000	0.096429	0.096316	0.096342	0.096622	0.096469	0.096484	0.096471
405.000000	0.095111	0.094880	0.095081	0.095144	0.094902	0.095042	0.095231
406.000000	0.093621	0.093477	0.093695	0.093624	0.093490	0.093607	0.093858
407.000000	0.092112	0.092185	0.092297	0.092216	0.092293	0.092339	0.092459
408.000000	0.090877	0.091057	0.091124	0.091050	0.091229	0.091415	0.091245
409.000000	0.089908	0.090036	0.090151	0.090094	0.090225	0.090675	0.090221
410.000000	0.088920	0.088963	0.089109	0.089172	0.089209	0.089654	0.089204
411.000000	0.087774	0.087775	0.087905	0.088128	0.088113	0.088216	0.088072
412.000000	0.086540	0.086544	0.086694	0.086846	0.086865	0.086687	0.086791
413.000000	0.085302	0.085339	0.085570	0.085375	0.085504	0.085329	0.085425
414.000000	0.084147	0.084215	0.084472	0.084082	0.084279	0.084225	0.084216
415.000000	0.083112	0.083193	0.083356	0.083191	0.083338	0.083354	0.083301
416.000000	0.082090	0.082211	0.082275	0.082393	0.082457	0.082460	0.082456
417.000000	0.080994	0.081203	0.081274	0.081373	0.081419	0.081333	0.081457
418.000000	0.079917	0.080160	0.080274	0.080230	0.080330	0.080162	0.080389
419.000000	0.078982	0.079100	0.079185	0.079160	0.079361	0.079203	0.079401
420.000000	0.078140	0.078103	0.078057	0.078208	0.078480	0.078399	0.078487
421.000000	0.077276	0.077264	0.077004	0.077351	0.077581	0.077571	0.077580
422.000000	0.076369	0.076514	0.076119	0.076535	0.076642	0.076677	0.076670
423.000000	0.075458	0.075692	0.075475	0.075690	0.075695	0.075762	0.075778
424.000000	0.074569	0.074750	0.074889	0.074779	0.074757	0.074830	0.074874
425.000000	0.073713	0.073743	0.073954	0.073796	0.073825	0.073843	0.073885
426.000000	0.072896	0.072751	0.072706	0.072800	0.072925	0.072843	0.072852
427.000000	0.072115	0.071876	0.071771	0.071924	0.072117	0.071972	0.071977
428.000000	0.071323	0.071116	0.071352	0.071186	0.071380	0.071259	0.071309
429.000000	0.070389	0.070269	0.070749	0.070356	0.070527	0.070496	0.070584
430.000000	0.069273	0.069226	0.069514	0.069316	0.069464	0.069550	0.069626
431.000000	0.068222	0.068221	0.068226	0.068342	0.068427	0.068590	0.068632
432.000000	0.067451	0.067463	0.067450	0.067673	0.067627	0.067785	0.067795
433.000000	0.066792	0.066795	0.066869	0.067069	0.066918	0.067068	0.067009
434.000000	0.066007	0.065997	0.066013	0.066213	0.066091	0.066314	0.066126
435.000000	0.065128	0.065142	0.065020	0.065201	0.065198	0.065477	0.065247
436.000000	0.064287	0.064404	0.064243	0.064282	0.064391	0.064549	0.064557
437.000000	0.063506	0.063723	0.063621	0.063513	0.063683	0.063600	0.063953
438.000000	0.062741	0.062906	0.062854	0.062827	0.063008	0.062748	0.063168
439.000000	0.061969	0.061992	0.061963	0.062173	0.062317	0.062001	0.062228
440.000000	0.061182	0.061221	0.061253	0.061508	0.061580	0.061276	0.061413
441.000000	0.060393	0.060629	0.060758	0.060801	0.060803	0.060546	0.060784
442.000000	0.059640	0.059978	0.060146	0.060025	0.060040	0.059861	0.060107
443.000000	0.058951	0.059173	0.059277	0.059204	0.059319	0.059239	0.059272
444.000000	0.058331	0.058420	0.058405	0.058450	0.058611	0.058620	0.058440
445.000000	0.057761	0.057851	0.057729	0.057824	0.057902	0.057957	0.057746
446.000000	0.057159	0.057288	0.057158	0.057223	0.057224	0.057257	0.057157
447.000000	0.056469	0.056564	0.056576	0.056553	0.056603	0.056542	0.056612
448.000000	0.055765	0.055803	0.055977	0.055885	0.056009	0.055858	0.056042
449.000000	0.055146	0.055172	0.055377	0.055312	0.055398	0.055245	0.055397
450.000000	0.054600	0.054634	0.054760	0.054773	0.054781	0.054675	0.054746
451.000000	0.054070	0.054077	0.054103	0.054153	0.054182	0.054097	0.054193
452.000000	0.053501	0.053456	0.053423	0.053464	0.053572	0.053495	0.053687
453.000000	0.052841	0.052769	0.052769	0.052791	0.052901	0.052875	0.053092
454.000000	0.052118	0.052084	0.052173	0.052181	0.052204	0.052262	0.052420
455.000000	0.051429	0.051527	0.051655	0.051649	0.051591	0.051694	0.051807
456.000000	0.050844	0.051099	0.051192	0.051171	0.051089	0.051177	0.051287
457.000000	0.050401	0.050649	0.050705	0.050671	0.050624	0.050677	0.050752
458.000000	0.050058	0.050099	0.050150	0.050119	0.050134	0.050171	0.050159
459.000000	0.049628	0.049532	0.049556	0.049564	0.049590	0.049659	0.049597
460.000000	0.049012	0.049021	0.048963	0.049045	0.048999	0.049137	0.049121
461.000000	0.048387	0.048569	0.048417	0.048539	0.048448	0.048570	0.048661
462.000000	0.047917	0.048158	0.047952	0.048026	0.048002	0.047946	0.048143
463.000000	0.047529	0.047724	0.047532	0.047538	0.047595	0.047364	0.047585
464.000000	0.047104	0.047207	0.047106	0.047108	0.047138	0.046922	0.047028
465.000000	0.046613	0.046666	0.046638	0.046702	0.046655	0.046546	0.046544
466.000000	0.046065	0.046193	0.046104	0.046265	0.046204	0.046109	0.046201
467.000000	0.045503	0.045753	0.045567	0.045803	0.045771	0.045639	0.045911
468.000000	0.044990	0.045244	0.045134	0.045356	0.045307	0.045244	0.045510
469.000000	0.044560	0.044685	0.044783	0.044920	0.044815	0.044907	0.044980
470.000000	0.044226	0.044189	0.044391	0.044460	0.044343	0.044506	0.044431
471.000000	0.043937	0.043784	0.043928	0.043972	0.043905	0.043997	0.043926
472.000000	0.043570	0.043391	0.043473	0.043495	0.043473	0.043434	0.043474
473.000000	0.043078	0.042961	0.043052	0.043044	0.043032	0.042881	0.043050
474.000000	0.042551	0.042497	0.042581	0.042589	0.042593	0.042417	0.042583
475.000000	0.042075	0.042031	0.042039	0.042124	0.042174	0.042075	0.042059
476.000000	0.041686	0.041657	0.041597	0.041715	0.041805	0.041775	0.041626
477.000000	0.041390	0.041427	0.041373	0.041408	0.041489	0.041444	0.041384
478.000000	0.041112	0.041200	0.041170	0.041116	0.041129	0.041090	0.041146
479.000000	0.040774	0.040822	0.040768	0.040746	0.040638	0.040737	0.040714
480.000000	0.040382	0.040345	0.040258	0.040345	0.040148	0.040392	0.040233
481.000000	0.039973	0.039883	0.039828	0.039998	0.039844	0.040053	0.039935
482.000000	0.039567	0.039488	0.039485	0.039682	0.039659	0.039698	0.039723
483.000000	0.039177	0.039172	0.039146	0.039319	0.039401	0.039304	0.039341
484.000000	0.038845	0.038918	0.038822	0.038918	0.039055	0.038914	0.038844
485.000000	0.038632	0.038686	0.038601	0.038556	0.038736	0.038623	0.038522
486.000000	0.038480	0.038412	0.038428	0.038258	0.038457	0.038402	0.038391
487.000000	0.038195	0.038006	0.038099	0.037992	0.038107	0.038085	0.038154
488.000000	0.037722	0.037498	0.037573	0.037723	0.037664	0.037640	0.037699
489.000000	0.037241	0.037112	0.037090	0.037416	0.037254	0.037266	0.037249
490.000000	0.036871	0.036937	0.036798	0.037051	0.036945	0.037060	0.036940
491.000000	0.036528	0.036710	0.036557	0.036657	0.036632	0.036815	0.036632
492.000000	0.036141	0.036238	0.036240	0.036265	0.036234	0.036372	0.036212
493.000000	0.035803	0.035761	0.035909	0.035912	0.035837	0.035895	0.035809
494.000000	0.035598	0.035535	0.035641	0.035616	0.035536	0.035566	0.035556
495.000000	0.035390	0.035363	0.035336	0.035304	0.035248	0.035277	0.035303
496.000000	0.034995	0.034940	0.034865	0.034889	0.034852	0.034847	0.034843
497.000000	0.034474	0.034359	0.034331	0.034421	0.034394	0.034336	0.034288
498.000000	0.033997	0.033895	0.033938	0.034014	0.033996	0.033911	0.033891
499.000000	0.033605	0.033585	0.033657	0.033650	0.033653	0.033592	0.033645
500.000000	0.033242	0.033296	0.033291	0.033220	0.033271	0.033295	0.033357
501.000000	0.032852	0.032939	0.032812	0.032731	0.032844	0.032964	0.032960
502.000000	0.032386	0.032479	0.032374	0.032313	0.032457	0.032582	0.032523
503.000000	0.031893	0.031966	0.032051	0.032022	0.032147	0.032177	0.032103
504.000000	0.031569	0.031572	0.031783	0.031791	0.031871	0.031848	0.031717
505.000000	0.031460	0.031362	0.031502	0.031552	0.031576	0.031609	0.031367
506.000000	0.031262	0.031132	0.031148	0.031238	0.031189	0.031278	0.031020
507.000000	0.030757	0.030723	0.030692	0.030809	0.030676	0.030733	0.030649
508.000000	0.030175	0.030236	0.030214	0.030286	0.030133	0.030135	0.030272
509.000000	0.029769	0.029799	0.029795	0.029716	0.029663	0.029660	0.029905
510.000000	0.029459	0.029393	0.029423	0.029206	0.029275	0.029293	0.029519
511.000000	0.029083	0.028966	0.029060	0.028856	0.028940	0.028961	0.029076
512.000000	0.028636	0.028537	0.028679	0.028584	0.028594	0.028611	0.028612
513.000000	0.028187	0.028149	0.028260	0.028237	0.028166	0.028207	0.028185
514.000000	0.027763	0.027779	0.027809	0.027812	0.027678	0.027779	0.027795
515.000000	0.027363	0.027363	0.027350	0.027400	0.027218	0.027401	0.027399
516.000000	0.026975	0.026924	0.026913	0.027024	0.026818	0.027066	0.026992
517.000000	0.026575	0.026574	0.026537	0.026636	0.026462	0.026696	0.026606
518.000000	0.026159	0.026307	0.026204	0.026220	0.026132	0.026258	0.026233
519.000000	0.025753	0.025955	0.025824	0.025809	0.025808	0.025794	0.025817
520.000000	0.025376	0.025455	0.025370	0.025419	0.025463	0.025346	0.025347
521.000000	0.025031	0.024987	0.024954	0.025023	0.025056	0.024955	0.024915
522.000000	0.024705	0.024670	0.024644	0.024607	0.024580	0.024631	0.024578
523.000000	0.024341	0.024358	0.024322	0.024214	0.024142	0.024303	0.024266
524.000000	0.023897	0.023909	0.023878	0.023873	0.023828	0.023904	0.023900
525.000000	0.023430	0.023415	0.023396	0.023513	0.023535	0.023439	0.023482
526.000000	0.023018	0.023011	0.022993	0.023055	0.023137	0.022941	0.023043
527.000000	0.022672	0.022688	0.022659	0.022593	0.022698	0.022479	0.022656
528.000000	0.022377	0.022379	0.022334	0.022274	0.022348	0.022126	0.022392
529.000000	0.022081	0.022043	0.021983	0.022038	0.022042	0.021851	0.022159
530.000000	0.021715	0.021663	0.021591	0.021712	0.021637	0.021569	0.021769
531.000000	0.021293	0.021272	0.021199	0.021289	0.021163	0.021254	0.021268
532.000000	0.020898	0.020947	0.020895	0.020909	0.020795	0.020942	0.020898
533.000000	0.020560	0.020683	0.020671	0.020615	0.020568	0.020639	0.020711
534.000000	0.020239	0.020374	0.020397	0.020320	0.020332	0.020313	0.020511
535.000000	0.019922	0.019994	0.020028	0.019983	0.020012	0.019966	0.020190
536.000000	0.019647	0.019677	0.019687	0.019654	0.019685	0.019659	0.019832
537.000000	0.019426	0.019489	0.019450	0.019369	0.019404	0.019415	0.019501
538.000000	0.019172	0.019277	0.019217	0.019098	0.019112	0.019142	0.019142
539.000000	0.018825	0.018915	0.018898	0.018810	0.018767	0.018774	0.018721
540.000000	0.018482	0.018531	0.018558	0.018536	0.018449	0.018423	0.018339
541.000000	0.018250	0.018276	0.018281	0.018305	0.018245	0.018212	0.018101
542.000000	0.018067	0.018093	0.018036	0.018078	0.018079	0.018069	0.017932
543.000000	0.017816	0.017852	0.017757	0.017796	0.017826	0.017860	0.017702
544.000000	0.017495	0.017531	0.017437	0.017473	0.017481	0.017564	0.017402
545.000000	0.017157	0.017164	0.017103	0.017162	0.017106	0.017218	0.017088
546.000000	0.016840	0.016807	0.016789	0.016881	0.016759	0.016870	0.016797
547.000000	0.016563	0.016528	0.016535	0.016622	0.016491	0.016567	0.016548
548.000000	0.016328	0.016322	0.016333	0.016382	0.016300	0.016319	0.016330
549.000000	0.016109	0.016101	0.016119	0.016167	0.016117	0.016093	0.016102
550.000000	0.015893	0.015832	0.015868	0.015964	0.015901	0.015867	0.015846
551.000000	0.015686	0.015573	0.015611	0.015729	0.015666	0.015642	0.015582
552.000000	0.015497	0.015375	0.015387	0.015456	0.015437	0.015425	0.015345
553.000000	0.015347	0.015244	0.015230	0.015241	0.015269	0.015227	0.015192
554.000000	0.015205	0.015135	0.015120	0.015120	0.015154	0.015028	0.015110
555.000000	0.014867	0.014848	0.014836	0.014859	0.014863	0.014683	0.014838
556.000000	0.014251	0.014295	0.014273	0.014322	0.014280	0.014155	0.014233
557.000000	0.014122	0.014166	0.014155	0.014193	0.014144	0.014107	0.014070
558.000000	0.015145	0.015055	0.015112	0.015072	0.015106	0.015081	0.015045
559.000000	0.014946	0.014711	0.014819	0.014708	0.014848	0.014771	0.014819
560.000000	0.010457	0.010263	0.010299	0.010231	0.010389	0.010260	0.010357
561.000000	0.008761	0.008738	0.008643	0.008689	0.008764	0.008635	0.008722
562.000000	0.022628	0.022676	0.022575	0.022669	0.022615	0.022573	0.022633
563.000000	0.032483	0.032457	0.032478	0.032534	0.032371	0.032459	0.032494
564.000000	-0.012262	-0.012366	-0.012271	-0.012235	-0.012419	-0.012268	-0.012272
565.000000	-0.093296	-0.093402	-0.093349	-0.093287	-0.093398	-0.093295	-0.093338
566.000000	-0.092565	-0.092620	-0.092631	-0.092585	-0.092618	-0.092603	-0.092642
567.000000	0.027502	0.027511	0.027483	0.027435	0.027433	0.027385	0.027397
568.000000	0.122872	0.122900	0.122905	0.122766	0.122783	0.122726	0.122753
569.000000	0.089734	0.089705	0.089773	0.089619	0.089670	0.089660	0.089620
570.000000	0.014216	0.014130	0.014238	0.014127	0.014203	0.014225	0.014127
571.000000	-0.006877	-0.006949	-0.006866	-0.006913	-0.006843	-0.006868	-0.006925
572.000000	0.008682	0.008647	0.008684	0.008674	0.008728	0.008631	0.008653
573.000000	0.016470	0.016427	0.016451	0.016413	0.016470	0.016347	0.016400
574.000000	0.012720	0.012644	0.012658	0.012589	0.012653	0.012526	0.012594
575.000000	0.009887	0.009806	0.009752	0.009743	0.009788	0.009624	0.009759
576.000000	0.010534	0.010484	0.010351	0.010423	0.010433	0.010257	0.010433
577.000000	0.011265	0.011257	0.011135	0.011157	0.011154	0.011098	0.011140
578.000000	0.010999	0.011011	0.010924	0.010855	0.010855	0.010958	0.010805
579.000000	0.010733	0.010709	0.010477	0.010566	0.010540	0.010591	0.010506
580.000000	0.010751	0.010657	0.010310	0.010604	0.010540	0.010453	0.010567
581.000000	0.010368	0.010265	0.010556	0.010291	0.010262	0.010552	0.010292
582.000000	0.009710	0.009685	0.010841	0.009731	0.009762	0.010634	0.009759
583.000000	0.010459	0.010492	0.009942	0.010533	0.010349	0.010027	0.010548
584.000000	0.012403	0.012402	0.008169	0.012442	0.011866	0.008927	0.012401
585.000000	0.009975	0.009911	0.010061	0.009931	0.009991	0.009897	0.009868
586.000000	0.003143	0.003054	0.017776	0.003025	0.004952	0.014700	0.003024
587.000000	0.016657	0.016594	0.021606	0.016528	0.017213	0.020521	0.016583
588.000000	0.069857	0.069868	0.012275	0.069815	0.062565	0.023791	0.069826
589.000000	0.115615	0.115705	-0.000251	0.115676	0.101041	0.023001	0.115610
590.000000	0.092739	0.092861	-0.001062	0.092807	0.080976	0.017780	0.092745
591.000000	0.029206	0.029308	0.006771	0.029220	0.026424	0.011287	0.029204
592.000000	-0.004142	-0.004099	0.011346	-0.004140	-0.002187	0.008233	-0.004175
593.000000	0.002383	0.002350	0.010401	0.002401	0.003348	0.008757	0.002302
594.000000	0.012690	0.012586	0.008922	0.012647	0.012132	0.009601	0.012557
595.000000	0.011788	0.011653	0.008984	0.011634	0.011346	0.009430	0.011628
596.000000	0.008571	0.008486	0.009337	0.008417	0.008620	0.009063	0.008461
597.000000	0.008368	0.008388	0.009255	0.008344	0.008495	0.008994	0.008356
598.000000	0.009217	0.009279	0.009068	0.009252	0.009213	0.009054	0.009219
599.000000	0.009417	0.009414	0.009034	0.009352	0.009305	0.009082	0.009303
600.000000	0.009217	0.009178	0.009041	0.009097	0.009114	0.009068	0.009027
601.000000	0.009027	0.009077	0.008982	0.009039	0.009070	0.009023	0.008919
602.000000	0.008944	0.009059	0.008905	0.009071	0.009086	0.008974	0.008929
603.000000	0.008981	0.008994	0.008875	0.009002	0.009013	0.008945	0.008912
604.000000	0.009053	0.008922	0.008893	0.008888	0.008902	0.008932	0.008865
605.000000	0.009056	0.008916	0.008933	0.008837	0.008847	0.008917	0.008822
606.000000	0.008979	0.008916	0.008941	0.008811	0.008804	0.008867	0.008752
607.000000	0.008850	0.008809	0.008858	0.008716	0.008679	0.008742	0.008611
608.000000	0.008703	0.008626	0.008695	0.008572	0.008497	0.008560	0.008432
609.000000	0.008575	0.008478	0.008511	0.008472	0.008362	0.008371	0.008302
610.000000	0.008479	0.008394	0.008361	0.008427	0.008315	0.008222	0.008232
611.000000	0.008406	0.008325	0.008291	0.008376	0.008338	0.008145	0.008170
612.000000	0.008339	0.008248	0.008267	0.008276	0.008363	0.008116	0.008100
613.000000	0.008247	0.008178	0.008146	0.008114	0.008261	0.008035	0.008063
614.000000	0.008110	0.008108	0.007896	0.007910	0.008005	0.007867	0.008045
615.000000	0.007932	0.007985	0.007698	0.007746	0.007773	0.007715	0.007933
616.000000	0.007736	0.007785	0.007659	0.007667	0.007679	0.007643	0.007670
617.000000	0.007588	0.007588	0.007621	0.007604	0.007621	0.007571	0.007390
618.000000	0.007527	0.007461	0.007439	0.007493	0.007492	0.007431	0.007225
619.000000	0.007466	0.007365	0.007223	0.007366	0.007323	0.007283	0.007155
620.000000	0.007310	0.007246	0.007113	0.007271	0.007171	0.007204	0.007125
621.000000	0.007113	0.007116	0.007067	0.007182	0.007046	0.007154	0.007086
622.000000	0.006978	0.007012	0.006986	0.007054	0.006945	0.007062	0.007000
623.000000	0.006926	0.006951	0.006885	0.006908	0.006865	0.006946	0.006901
624.000000	0.006932	0.006940	0.006834	0.006794	0.006805	0.006866	0.006852
625.000000	0.006908	0.006927	0.006800	0.006704	0.006729	0.006783	0.006805
626.000000	0.006723	0.006819	0.006672	0.006583	0.006584	0.006586	0.006626
627.000000	0.006433	0.006629	0.006471	0.006437	0.006397	0.006318	0.006356
628.000000	0.006298	0.006482	0.006365	0.006341	0.006293	0.006195	0.006228
629.000000	0.006378	0.006421	0.006390	0.006302	0.006295	0.006262	0.006292
630.000000	0.006409	0.006347	0.006368	0.006222	0.006265	0.006288	0.006300
631.000000	0.006245	0.006207	0.006206	0.006060	0.006131	0.006145	0.006120
632.000000	0.006071	0.006091	0.006055	0.005934	0.006003	0.005983	0.005930
633.000000	0.006030	0.006055	0.006020	0.005923	0.005966	0.005927	0.005870
634.000000	0.005987	0.005988	0.005970	0.005913	0.005947	0.005895	0.005827
635.000000	0.005806	0.005789	0.005772	0.005789	0.005860	0.005785	0.005674
636.000000	0.005631	0.005574	0.005543	0.005625	0.005731	0.005617	0.005487
637.000000	0.005650	0.005504	0.005450	0.005535	0.005612	0.005447	0.005384
638.000000	0.005745	0.005550	0.005469	0.005507	0.005512	0.005335	0.005359
639.000000	0.005683	0.005600	0.005497	0.005475	0.005422	0.005332	0.005349
640.000000	0.005479	0.005586	0.005490	0.005417	0.005343	0.005380	0.005327
641.000000	0.005300	0.005470	0.005445	0.005341	0.005281	0.005355	0.005289
642.000000	0.005201	0.005289	0.005378	0.005265	0.005236	0.005238	0.005241
643.000000	0.005128	0.005148	0.005316	0.005214	0.005195	0.005110	0.005194
644.000000	0.005056	0.005082	0.005242	0.005170	0.005138	0.005013	0.005137
645.000000	0.004998	0.005033	0.005084	0.005064	0.005031	0.004938	0.005030
646.000000	0.004969	0.004973	0.004856	0.004892	0.004887	0.004890	0.004887
647.000000	0.004979	0.004936	0.004733	0.004786	0.004806	0.004909	0.004830
648.000000	0.005016	0.004940	0.004808	0.004821	0.004839	0.004994	0.004916
649.000000	0.005006	0.004952	0.004897	0.004878	0.004878	0.005025	0.004988
650.000000	0.004900	0.004934	0.004836	0.004849	0.004833	0.004913	0.004910
651.000000	0.004774	0.004881	0.004734	0.004772	0.004767	0.004774	0.004762
652.000000	0.004719	0.004797	0.004729	0.004715	0.004762	0.004740	0.004663
653.000000	0.004698	0.004719	0.004772	0.004701	0.004767	0.004759	0.004633
654.000000	0.004639	0.004686	0.004752	0.004731	0.004695	0.004725	0.004656
655.000000	0.004579	0.004672	0.004683	0.004761	0.004579	0.004650	0.004688
656.000000	0.004601	0.004619	0.004634	0.004726	0.004507	0.004601	0.004678
657.000000	0.004677	0.004549	0.004626	0.004647	0.004496	0.004595	0.004628
658.000000	0.004695	0.004544	0.004643	0.004606	0.004507	0.004607	0.004581
659.000000	0.004640	0.004604	0.004655	0.004616	0.004521	0.004625	0.004569
660.000000	0.004595	0.004648	0.004619	0.004617	0.004543	0.004648	0.004605
661.000000	0.004603	0.004641	0.004545	0.004574	0.004572	0.004668	0.004663
662.000000	0.004636	0.004627	0.004517	0.004495	0.004594	0.004662	0.004655
663.000000	0.004665	0.004631	0.004561	0.004407	0.004592	0.004615	0.004550
664.000000	0.004667	0.004627	0.004564	0.004368	0.004542	0.004542	0.004442
665.000000	0.004630	0.004586	0.004452	0.004408	0.004436	0.004460	0.004399
666.000000	0.004554	0.004493	0.004345	0.004465	0.004326	0.004406	0.004366
667.000000	0.004453	0.004349	0.004352	0.004468	0.004261	0.004397	0.004282
668.000000	0.004378	0.004203	0.004362	0.004394	0.004213	0.004366	0.004177
669.000000	0.004373	0.004113	0.004235	0.004242	0.004144	0.004243	0.004105
670.000000	0.004367	0.004086	0.004084	0.004069	0.004091	0.004110	0.004084
671.000000	0.004251	0.004106	0.004105	0.003953	0.004111	0.004092	0.004114
672.000000	0.004081	0.004115	0.004214	0.003896	0.004138	0.004138	0.004145
673.000000	0.004005	0.004036	0.004167	0.003858	0.004040	0.004095	0.004097
674.000000	0.004005	0.003901	0.003952	0.003814	0.003848	0.003960	0.003965
675.000000	0.003928	0.003838	0.003758	0.003759	0.003732	0.003864	0.003801
676.000000	0.003759	0.003862	0.003670	0.003698	0.003738	0.003853	0.003673
677.000000	0.003653	0.003848	0.003641	0.003661	0.003754	0.003866	0.003658
678.000000	0.003681	0.003757	0.003639	0.003661	0.003724	0.003858	0.003758
679.000000	0.003755	0.003698	0.003663	0.003683	0.003699	0.003823	0.003836
680.000000	0.003786	0.003731	0.003696	0.003703	0.003702	0.003751	0.003795
681.000000	0.003733	0.003735	0.003669	0.003669	0.003645	0.003622	0.003666
682.000000	0.003585	0.003612	0.003540	0.003552	0.003477	0.003441	0.003502
683.000000	0.003404	0.003427	0.003398	0.003420	0.003328	0.003306	0.003355
684.000000	0.003264	0.003276	0.003334	0.003346	0.003332	0.003307	0.003270
685.000000	0.003211	0.003227	0.003325	0.003325	0.003404	0.003378	0.003253
686.000000	0.003264	0.003316	0.003317	0.003326	0.003401	0.003406	0.003293
687.000000	0.003347	0.003422	0.003311	0.003321	0.003325	0.003365	0.003335
688.000000	0.003343	0.003366	0.003332	0.003293	0.003239	0.003273	0.003314
689.000000	0.003292	0.003217	0.003361	0.003256	0.003196	0.003191	0.003249
690.000000	0.003330	0.003198	0.003346	0.003252	0.003232	0.003200	0.003216
691.000000	0.003408	0.003295	0.003276	0.003259	0.003285	0.003263	0.003205
692.000000	0.003299	0.003266	0.003173	0.003205	0.003207	0.003225	0.003124
693.000000	0.003013	0.003075	0.003086	0.003090	0.003012	0.003081	0.002978
694.000000	0.002892	0.002983	0.003089	0.003023	0.002943	0.003040	0.002909
695.000000	0.003081	0.003097	0.003185	0.003052	0.003079	0.003168	0.002978
696.000000	0.003297	0.003184	0.003230	0.003088	0.003156	0.003227	0.003071
697.000000	0.003321	0.003094	0.003145	0.003071	0.003021	0.003079	0.003102
698.000000	0.003240	0.003014	0.003064	0.003064	0.002938	0.002964	0.003114
699.000000	0.003180	0.003113	0.003108	0.003123	0.003128	0.003091	0.003153
700.000000	0.003196	0.003250	0.003178	0.003199	0.003330	0.003272	0.003202
701.000000	0.003311	0.003242	0.003152	0.003228	0.003238	0.003271	0.003228
702.000000	0.003442	0.003172	0.003124	0.003222	0.003049	0.003179	0.003242
703.000000	0.003482	0.003198	0.003238	0.003219	0.003093	0.003183	0.003261
704.000000	0.003440	0.003283	0.003366	0.003206	0.003256	0.003243	0.003233
705.000000	0.003387	0.003297	0.003255	0.003147	0.003203	0.003204	0.003078
706.000000	0.003393	0.003269	0.003023	0.003119	0.003012	0.003100	0.002907
707.000000	0.003519	0.003350	0.003058	0.003270	0.003061	0.003102	0.002966
708.000000	0.003700	0.003511	0.003367	0.003523	0.003367	0.003214	0.003229
709.000000	0.003732	0.003534	0.003542	0.003553	0.003545	0.003261	0.003380
710.000000	0.003603	0.003423	0.003460	0.003321	0.003462	0.003225	0.003337
711.000000	0.003599	0.003527	0.003458	0.003239	0.003403	0.003343	0.003402
712.000000	0.003857	0.003978	0.003722	0.003535	0.003550	0.003694	0.003719
713.000000	0.004142	0.004376	0.004028	0.003963	0.003796	0.003982	0.004025
714.000000	0.004273	0.004426	0.004189	0.004280	0.004032	0.003998	0.004123
715.000000	0.004394	0.004400	0.004309	0.004443	0.004262	0.003967	0.004180
716.000000	0.004663	0.004597	0.004515	0.004482	0.004503	0.004140	0.004385
717.000000	0.005015	0.004958	0.004780	0.004587	0.004739	0.004503	0.004678
718.000000	0.005330	0.005331	0.005044	0.004946	0.004952	0.004956	0.004946
719.000000	0.005564	0.005651	0.005304	0.005428	0.005185	0.005324	0.005193
720.000000	0.005717	0.005893	0.005583	0.005791	0.005501	0.005431	0.005462
721.000000	0.005905	0.006091	0.005864	0.005990	0.005847	0.005437	0.005734
722.000000	0.006300	0.006315	0.006113	0.006104	0.006114	0.005681	0.005960
723.000000	0.006847	0.006603	0.006400	0.006245	0.006387	0.006208	0.006195
724.000000	0.007303	0.006969	0.006868	0.006543	0.006898	0.006811	0.006578
725.000000	0.007553	0.007373	0.007443	0.006998	0.007522	0.007282	0.007005
726.000000	0.007639	0.007723	0.007792	0.007455	0.007707	0.007423	0.007089
727.000000	0.007666	0.008007	0.007835	0.007840	0.007412	0.007338	0.006815
728.000000	0.007822	0.008355	0.007944	0.008229	0.007473	0.007631	0.006814
729.000000	0.008204	0.008806	0.008347	0.008623	0.008311	0.008537	0.007403
730.000000	0.008671	0.009144	0.008832	0.008810	0.009162	0.009318	0.008023
731.000000	0.009087	0.009199	0.009195	0.008638	0.009348	0.009349	0.008177
732.000000	0.009461	0.009076	0.009470	0.008246	0.009090	0.008894	0.008017
