[HEADER]
Format	J&M ASCII Table
Comment	
Date	5/27/2023 10:15:12 AM
Order	Y (evenX)
TechType	UV
NumPoints	483
FirstX	250.00
LastX	732.00
XType	NMetr
YType	Absrb
ZType	Secs
NumSubFile	7
Matrix	Z vs X
[DATA]
	0.000000	5.000064	10.000128	15.000256	20.000320	25.000383	30.000511
250.000000	0.527064	0.526998	0.526956	0.526990	0.526300	0.526796	0.525963
251.000000	0.525150	0.525100	0.524892	0.524643	0.524296	0.524892	0.524096
252.000000	0.524199	0.523650	0.523618	0.523240	0.523207	0.523398	0.522922
253.000000	0.523450	0.522573	0.522801	0.522360	0.522590	0.522120	0.522146
254.000000	0.522365	0.521800	0.522133	0.521659	0.522041	0.520983	0.521514
255.000000	0.521623	0.521394	0.521640	0.521369	0.521631	0.520463	0.521161
256.000000	0.521982	0.521450	0.521475	0.521758	0.521535	0.520993	0.521276
257.000000	0.523183	0.522113	0.522065	0.522612	0.521954	0.522111	0.521918
258.000000	0.524655	0.523485	0.523807	0.523584	0.523053	0.523147	0.523083
259.000000	0.526115	0.525155	0.525973	0.524619	0.524627	0.524254	0.524626
260.000000	0.527448	0.526499	0.527350	0.525821	0.526299	0.525965	0.526334
261.000000	0.528818	0.527715	0.528161	0.527352	0.528021	0.528137	0.528092
262.000000	0.530582	0.529605	0.529702	0.529409	0.529991	0.530112	0.529861
263.000000	0.532628	0.532173	0.532171	0.531838	0.532054	0.531721	0.531619
264.000000	0.534301	0.534490	0.534492	0.534083	0.533654	0.533357	0.533360
265.000000	0.535315	0.536034	0.535992	0.535766	0.534626	0.535110	0.534954
266.000000	0.536053	0.537050	0.536811	0.536847	0.535508	0.536497	0.536064
267.000000	0.536798	0.537763	0.537188	0.537384	0.536569	0.537194	0.536554
268.000000	0.537412	0.538149	0.537411	0.537595	0.537227	0.537410	0.536859
269.000000	0.537710	0.538123	0.537637	0.537633	0.537004	0.537381	0.537286
270.000000	0.537603	0.537519	0.537463	0.537293	0.536387	0.537086	0.537278
271.000000	0.536993	0.536213	0.536453	0.536342	0.535930	0.536415	0.536208
272.000000	0.535618	0.534487	0.534836	0.534942	0.535112	0.535069	0.534376
273.000000	0.533213	0.532728	0.533032	0.533361	0.533114	0.532752	0.532391
274.000000	0.530181	0.530782	0.530822	0.531396	0.530278	0.529886	0.530351
275.000000	0.527269	0.528212	0.527661	0.528602	0.527572	0.527263	0.528060
276.000000	0.524590	0.525066	0.523816	0.525030	0.524971	0.524750	0.525288
277.000000	0.521708	0.521808	0.520238	0.521161	0.521618	0.521434	0.521785
278.000000	0.518365	0.518511	0.517212	0.517325	0.517438	0.517188	0.517672
279.000000	0.514556	0.514744	0.514148	0.513642	0.513392	0.512910	0.513534
280.000000	0.510286	0.510319	0.510512	0.509988	0.509785	0.509032	0.509560
281.000000	0.505553	0.505570	0.505974	0.505808	0.505566	0.504977	0.505136
282.000000	0.500449	0.500795	0.500512	0.500805	0.500141	0.500313	0.499898
283.000000	0.495346	0.496015	0.494912	0.495576	0.494674	0.495347	0.494460
284.000000	0.490570	0.491202	0.489902	0.490709	0.490246	0.490459	0.489459
285.000000	0.486005	0.486311	0.485312	0.486037	0.486195	0.485775	0.484847
286.000000	0.481459	0.481331	0.480783	0.481251	0.481544	0.481322	0.480401
287.000000	0.477056	0.476497	0.476377	0.476496	0.476568	0.476931	0.475995
288.000000	0.473012	0.472116	0.472304	0.472076	0.472014	0.472366	0.471553
289.000000	0.469040	0.468051	0.468333	0.467797	0.467864	0.467666	0.467098
290.000000	0.464558	0.463896	0.463969	0.463180	0.463626	0.463032	0.462709
291.000000	0.459601	0.459527	0.459168	0.458332	0.459154	0.458510	0.458390
292.000000	0.454790	0.455083	0.454317	0.453918	0.454643	0.453999	0.454071
293.000000	0.450411	0.450641	0.449709	0.450096	0.450151	0.449519	0.449732
294.000000	0.446246	0.446166	0.445479	0.446290	0.445530	0.445270	0.445431
295.000000	0.442087	0.441669	0.441555	0.442067	0.440771	0.441232	0.441151
296.000000	0.437818	0.437280	0.437458	0.437420	0.436192	0.436893	0.436719
297.000000	0.433375	0.433038	0.432851	0.432481	0.431985	0.431958	0.432019
298.000000	0.428821	0.428656	0.428014	0.427668	0.427815	0.427018	0.427194
299.000000	0.424221	0.423883	0.423278	0.423315	0.423329	0.422654	0.422414
300.000000	0.419543	0.418962	0.418625	0.419039	0.418636	0.418535	0.417725
301.000000	0.414728	0.414229	0.413940	0.414310	0.413941	0.414105	0.413118
302.000000	0.409777	0.409561	0.409166	0.409174	0.409113	0.409254	0.408464
303.000000	0.404730	0.404644	0.404285	0.403947	0.403898	0.404086	0.403591
304.000000	0.399807	0.399585	0.399394	0.398891	0.398544	0.398825	0.398538
305.000000	0.395329	0.394767	0.394660	0.394218	0.393625	0.393760	0.393490
306.000000	0.391137	0.390203	0.390000	0.389763	0.389129	0.388923	0.388560
307.000000	0.386572	0.385517	0.385066	0.384984	0.384436	0.384076	0.383781
308.000000	0.381394	0.380584	0.379808	0.379789	0.379344	0.379127	0.379075
309.000000	0.376038	0.375687	0.374637	0.374805	0.374338	0.374226	0.374194
310.000000	0.370844	0.370962	0.369777	0.370317	0.369688	0.369441	0.369051
311.000000	0.365808	0.366137	0.364936	0.365702	0.365053	0.364610	0.363953
312.000000	0.360870	0.360999	0.359854	0.360464	0.360120	0.359591	0.359113
313.000000	0.355939	0.355745	0.354653	0.354998	0.354980	0.354436	0.354209
314.000000	0.350933	0.350609	0.349511	0.349785	0.349785	0.349235	0.348921
315.000000	0.345858	0.345528	0.344486	0.344739	0.344562	0.344078	0.343549
316.000000	0.340748	0.340362	0.339585	0.339610	0.339299	0.339042	0.338542
317.000000	0.335647	0.335131	0.334751	0.334417	0.334069	0.334098	0.333804
318.000000	0.330596	0.329934	0.329892	0.329306	0.328976	0.329164	0.328973
319.000000	0.325544	0.324758	0.324880	0.324285	0.323960	0.324182	0.323913
320.000000	0.320380	0.319510	0.319575	0.319262	0.318847	0.319117	0.318671
321.000000	0.315196	0.314300	0.314200	0.314297	0.313728	0.314047	0.313478
322.000000	0.310309	0.309455	0.309371	0.309617	0.308997	0.309169	0.308765
323.000000	0.305795	0.305072	0.305200	0.305237	0.304752	0.304546	0.304572
324.000000	0.301318	0.300848	0.300933	0.300794	0.300587	0.300019	0.300285
325.000000	0.296650	0.296528	0.296121	0.296068	0.296177	0.295477	0.295514
326.000000	0.291931	0.292069	0.291256	0.291254	0.291524	0.290991	0.290578
327.000000	0.287313	0.287490	0.286805	0.286572	0.286728	0.286627	0.285834
328.000000	0.282781	0.282919	0.282602	0.282074	0.282079	0.282337	0.281371
329.000000	0.278298	0.278479	0.278363	0.277757	0.277824	0.278048	0.277193
330.000000	0.273922	0.274100	0.273983	0.273506	0.273662	0.273688	0.273159
331.000000	0.269713	0.269667	0.269441	0.269189	0.269160	0.269206	0.269080
332.000000	0.265458	0.265244	0.264876	0.264895	0.264483	0.264710	0.264847
333.000000	0.260827	0.260983	0.260501	0.260808	0.260097	0.260388	0.260402
334.000000	0.256016	0.256824	0.256331	0.256750	0.256076	0.256224	0.255899
335.000000	0.251631	0.252540	0.252225	0.252263	0.252172	0.252039	0.251655
336.000000	0.247836	0.248155	0.248179	0.247472	0.248243	0.247853	0.247736
337.000000	0.244258	0.243994	0.244358	0.243193	0.244283	0.243922	0.243905
338.000000	0.240649	0.240213	0.240803	0.239808	0.240383	0.240347	0.240117
339.000000	0.237035	0.236641	0.237316	0.236868	0.236798	0.236927	0.236693
340.000000	0.233472	0.233145	0.233751	0.233935	0.233630	0.233512	0.233734
341.000000	0.230027	0.229767	0.230158	0.230808	0.230547	0.230157	0.230678
342.000000	0.226731	0.226539	0.226603	0.227394	0.227236	0.226917	0.227061
343.000000	0.223463	0.223331	0.223109	0.223865	0.223745	0.223703	0.223263
344.000000	0.220099	0.220020	0.219693	0.220439	0.220216	0.220410	0.219788
345.000000	0.216751	0.216802	0.216458	0.217194	0.216776	0.217038	0.216599
346.000000	0.213602	0.213949	0.213515	0.214146	0.213538	0.213646	0.213482
347.000000	0.210634	0.211274	0.210776	0.211214	0.210513	0.210422	0.210530
348.000000	0.207725	0.208353	0.208040	0.208265	0.207659	0.207609	0.207987
349.000000	0.204887	0.205206	0.205258	0.205314	0.204986	0.205110	0.205665
350.000000	0.202245	0.202228	0.202503	0.202488	0.202547	0.202545	0.203015
351.000000	0.199747	0.199518	0.199806	0.199777	0.200159	0.199813	0.199956
352.000000	0.197126	0.196795	0.197144	0.196984	0.197346	0.197171	0.196996
353.000000	0.194296	0.193951	0.194491	0.194097	0.194031	0.194701	0.194384
354.000000	0.191529	0.191241	0.191825	0.191458	0.190911	0.192119	0.191833
355.000000	0.188994	0.188822	0.189138	0.189225	0.188451	0.189287	0.189150
356.000000	0.186467	0.186463	0.186467	0.186942	0.186268	0.186560	0.186559
357.000000	0.183773	0.183973	0.183868	0.184233	0.183954	0.184255	0.184262
358.000000	0.181250	0.181604	0.181442	0.181483	0.181621	0.182156	0.182080
359.000000	0.179251	0.179625	0.179262	0.179175	0.179468	0.179945	0.179770
360.000000	0.177379	0.177625	0.177139	0.177111	0.177385	0.177568	0.177314
361.000000	0.175007	0.175007	0.174812	0.174857	0.175152	0.175080	0.174794
362.000000	0.172276	0.172091	0.172388	0.172428	0.172780	0.172601	0.172324
363.000000	0.169768	0.169710	0.170178	0.170097	0.170411	0.170278	0.170034
364.000000	0.167625	0.167883	0.168137	0.167903	0.168109	0.168085	0.167884
365.000000	0.165597	0.165913	0.165915	0.165683	0.165870	0.165849	0.165692
366.000000	0.163558	0.163611	0.163491	0.163416	0.163726	0.163569	0.163453
367.000000	0.161562	0.161476	0.161284	0.161280	0.161756	0.161472	0.161394
368.000000	0.159596	0.159691	0.159470	0.159341	0.159920	0.159611	0.159572
369.000000	0.157490	0.157760	0.157707	0.157433	0.157938	0.157684	0.157690
370.000000	0.155161	0.155342	0.155698	0.155411	0.155634	0.155482	0.155538
371.000000	0.152828	0.152748	0.153453	0.153270	0.153189	0.153183	0.153272
372.000000	0.150693	0.150333	0.151047	0.151039	0.150818	0.150977	0.151062
373.000000	0.148664	0.148134	0.148629	0.148787	0.148590	0.148789	0.148874
374.000000	0.146589	0.146098	0.146350	0.146586	0.146520	0.146504	0.146646
375.000000	0.144468	0.144142	0.144246	0.144456	0.144523	0.144218	0.144509
376.000000	0.142357	0.142178	0.142297	0.142390	0.142487	0.142101	0.142641
377.000000	0.140254	0.140192	0.140382	0.140334	0.140411	0.140150	0.140801
378.000000	0.138125	0.138210	0.138326	0.138216	0.138361	0.138259	0.138524
379.000000	0.136029	0.136198	0.136144	0.136078	0.136343	0.136363	0.135958
380.000000	0.134107	0.134074	0.134015	0.134067	0.134302	0.134442	0.133798
381.000000	0.132329	0.131921	0.132067	0.132211	0.132271	0.132493	0.132226
382.000000	0.130437	0.130047	0.130341	0.130380	0.130397	0.130541	0.130719
383.000000	0.128328	0.128519	0.128752	0.128498	0.128692	0.128609	0.128918
384.000000	0.126230	0.126902	0.126979	0.126617	0.126888	0.126708	0.126866
385.000000	0.124324	0.124903	0.124851	0.124772	0.124833	0.124841	0.124704
386.000000	0.122526	0.122812	0.122718	0.122901	0.122807	0.122991	0.122711
387.000000	0.120723	0.120942	0.120911	0.120950	0.121061	0.121144	0.121083
388.000000	0.118887	0.119225	0.119233	0.118990	0.119346	0.119330	0.119507
389.000000	0.117025	0.117507	0.117392	0.117118	0.117352	0.117579	0.117610
390.000000	0.115236	0.115785	0.115422	0.115395	0.115299	0.115824	0.115581
391.000000	0.113644	0.114116	0.113501	0.113852	0.113592	0.113979	0.113817
392.000000	0.112195	0.112515	0.111817	0.112397	0.112178	0.112219	0.112384
393.000000	0.110729	0.110968	0.110545	0.110864	0.110726	0.110858	0.111131
394.000000	0.109167	0.109417	0.109447	0.109237	0.109143	0.109718	0.109821
395.000000	0.107511	0.107765	0.107918	0.107643	0.107556	0.108175	0.108148
396.000000	0.105861	0.106048	0.105930	0.106130	0.106079	0.106161	0.106177
397.000000	0.104438	0.104480	0.104241	0.104642	0.104802	0.104377	0.104479
398.000000	0.103262	0.103132	0.103163	0.103149	0.103667	0.103177	0.103289
399.000000	0.101922	0.101765	0.102019	0.101684	0.102338	0.102129	0.102108
400.000000	0.100186	0.100237	0.100354	0.100305	0.100640	0.100864	0.100583
401.000000	0.098489	0.098804	0.098726	0.099119	0.098974	0.099459	0.099051
402.000000	0.097244	0.097687	0.097669	0.098160	0.097714	0.098048	0.097852
403.000000	0.096210	0.096625	0.096766	0.097114	0.096620	0.096658	0.096776
404.000000	0.095018	0.095281	0.095437	0.095642	0.095336	0.095280	0.095511
405.000000	0.093692	0.093753	0.093839	0.093945	0.093890	0.093882	0.094102
406.000000	0.092410	0.092308	0.092415	0.092430	0.092469	0.092443	0.092742
407.000000	0.091213	0.091016	0.091246	0.091188	0.091193	0.091110	0.091504
408.000000	0.090058	0.089821	0.090183	0.090111	0.090137	0.090122	0.090385
409.000000	0.088927	0.088695	0.089104	0.089097	0.089212	0.089340	0.089333
410.000000	0.087830	0.087633	0.087915	0.088050	0.088184	0.088279	0.088250
411.000000	0.086744	0.086589	0.086628	0.086923	0.086957	0.086836	0.087085
412.000000	0.085600	0.085464	0.085395	0.085727	0.085628	0.085438	0.085856
413.000000	0.084391	0.084259	0.084296	0.084508	0.084318	0.084339	0.084606
414.000000	0.083235	0.083185	0.083238	0.083368	0.083178	0.083380	0.083428
415.000000	0.082209	0.082349	0.082145	0.082363	0.082274	0.082406	0.082380
416.000000	0.081223	0.081471	0.081041	0.081407	0.081406	0.081408	0.081407
417.000000	0.080179	0.080305	0.079967	0.080403	0.080385	0.080405	0.080447
418.000000	0.079069	0.079068	0.078930	0.079348	0.079290	0.079395	0.079497
419.000000	0.077923	0.078054	0.077935	0.078271	0.078254	0.078378	0.078564
420.000000	0.076858	0.077209	0.077003	0.077244	0.077294	0.077368	0.077598
421.000000	0.076011	0.076343	0.076158	0.076351	0.076373	0.076393	0.076541
422.000000	0.075329	0.075434	0.075377	0.075572	0.075479	0.075496	0.075519
423.000000	0.074644	0.074561	0.074606	0.074823	0.074609	0.074728	0.074755
424.000000	0.073859	0.073698	0.073781	0.074001	0.073749	0.073958	0.074154
425.000000	0.072941	0.072721	0.072829	0.072989	0.072875	0.072903	0.073338
426.000000	0.071936	0.071669	0.071791	0.071832	0.071991	0.071627	0.072238
427.000000	0.070984	0.070792	0.070860	0.070792	0.071138	0.070660	0.071206
428.000000	0.070141	0.070160	0.070104	0.069982	0.070311	0.070185	0.070405
429.000000	0.069281	0.069462	0.069331	0.069203	0.069403	0.069643	0.069582
430.000000	0.068315	0.068488	0.068407	0.068305	0.068373	0.068643	0.068564
431.000000	0.067324	0.067447	0.067445	0.067402	0.067402	0.067529	0.067566
432.000000	0.066402	0.066561	0.066570	0.066606	0.066647	0.066670	0.066793
433.000000	0.065587	0.065785	0.065754	0.065834	0.065972	0.065970	0.066096
434.000000	0.064883	0.065009	0.064944	0.064973	0.065197	0.065229	0.065271
435.000000	0.064190	0.064207	0.064173	0.064095	0.064358	0.064431	0.064373
436.000000	0.063377	0.063390	0.063503	0.063334	0.063575	0.063630	0.063552
437.000000	0.062492	0.062577	0.062847	0.062682	0.062859	0.062851	0.062808
438.000000	0.061684	0.061794	0.062041	0.062046	0.062159	0.062099	0.062052
439.000000	0.060988	0.061054	0.061129	0.061360	0.061446	0.061371	0.061291
440.000000	0.060329	0.060351	0.060339	0.060583	0.060717	0.060656	0.060617
441.000000	0.059633	0.059660	0.059720	0.059747	0.059967	0.059931	0.060016
442.000000	0.058838	0.058927	0.059079	0.058967	0.059188	0.059149	0.059334
443.000000	0.057960	0.058145	0.058329	0.058292	0.058398	0.058327	0.058524
444.000000	0.057176	0.057403	0.057602	0.057634	0.057666	0.057607	0.057764
445.000000	0.056596	0.056761	0.056987	0.056929	0.057028	0.057053	0.057169
446.000000	0.056099	0.056165	0.056390	0.056230	0.056421	0.056486	0.056613
447.000000	0.055551	0.055559	0.055716	0.055599	0.055786	0.055755	0.055967
448.000000	0.054939	0.054960	0.055034	0.055044	0.055154	0.055006	0.055265
449.000000	0.054285	0.054396	0.054430	0.054550	0.054573	0.054428	0.054579
450.000000	0.053646	0.053834	0.053845	0.054044	0.054016	0.053958	0.053934
451.000000	0.053083	0.053221	0.053179	0.053441	0.053429	0.053439	0.053338
452.000000	0.052573	0.052585	0.052492	0.052768	0.052797	0.052842	0.052762
453.000000	0.052049	0.051996	0.051931	0.052114	0.052124	0.052214	0.052166
454.000000	0.051475	0.051458	0.051481	0.051512	0.051473	0.051603	0.051566
455.000000	0.050850	0.050919	0.050990	0.050945	0.050951	0.051050	0.051026
456.000000	0.050214	0.050352	0.050401	0.050399	0.050537	0.050547	0.050540
457.000000	0.049663	0.049758	0.049787	0.049872	0.050048	0.050016	0.050016
458.000000	0.049202	0.049151	0.049202	0.049356	0.049402	0.049424	0.049419
459.000000	0.048669	0.048550	0.048648	0.048832	0.048725	0.048825	0.048828
460.000000	0.047982	0.047986	0.048124	0.048300	0.048130	0.048271	0.048304
461.000000	0.047324	0.047505	0.047627	0.047809	0.047657	0.047779	0.047809
462.000000	0.046863	0.047131	0.047158	0.047390	0.047299	0.047342	0.047311
463.000000	0.046520	0.046772	0.046716	0.046965	0.046930	0.046880	0.046839
464.000000	0.046170	0.046330	0.046299	0.046450	0.046425	0.046324	0.046426
465.000000	0.045787	0.045841	0.045886	0.045908	0.045875	0.045775	0.046034
466.000000	0.045383	0.045383	0.045452	0.045443	0.045437	0.045381	0.045600
467.000000	0.044939	0.044964	0.045006	0.045032	0.045076	0.045068	0.045121
468.000000	0.044424	0.044549	0.044574	0.044583	0.044655	0.044648	0.044625
469.000000	0.043903	0.044110	0.044151	0.044088	0.044146	0.044123	0.044137
470.000000	0.043514	0.043625	0.043705	0.043610	0.043610	0.043654	0.043678
471.000000	0.043236	0.043115	0.043234	0.043171	0.043109	0.043273	0.043245
472.000000	0.042860	0.042654	0.042766	0.042747	0.042705	0.042862	0.042797
473.000000	0.042298	0.042259	0.042303	0.042322	0.042388	0.042366	0.042318
474.000000	0.041700	0.041837	0.041794	0.041904	0.042023	0.041863	0.041834
475.000000	0.041203	0.041352	0.041242	0.041503	0.041542	0.041423	0.041384
476.000000	0.040855	0.040943	0.040794	0.041121	0.041091	0.041062	0.041033
477.000000	0.040645	0.040710	0.040556	0.040754	0.040782	0.040773	0.040800
478.000000	0.040391	0.040497	0.040374	0.040391	0.040479	0.040475	0.040535
479.000000	0.039924	0.040130	0.040068	0.040017	0.040029	0.040092	0.040089
480.000000	0.039412	0.039676	0.039669	0.039653	0.039533	0.039669	0.039571
481.000000	0.039106	0.039278	0.039274	0.039322	0.039164	0.039286	0.039164
482.000000	0.038925	0.038938	0.038898	0.039011	0.038889	0.038941	0.038848
483.000000	0.038623	0.038586	0.038517	0.038685	0.038576	0.038587	0.038503
484.000000	0.038202	0.038215	0.038157	0.038341	0.038233	0.038259	0.038136
485.000000	0.037854	0.037865	0.037880	0.037997	0.037967	0.038048	0.037853
486.000000	0.037624	0.037549	0.037651	0.037658	0.037763	0.037887	0.037652
487.000000	0.037391	0.037246	0.037325	0.037308	0.037463	0.037538	0.037412
488.000000	0.037084	0.036942	0.036880	0.036954	0.037022	0.036975	0.037082
489.000000	0.036731	0.036637	0.036509	0.036640	0.036599	0.036533	0.036737
490.000000	0.036362	0.036329	0.036300	0.036368	0.036287	0.036378	0.036426
491.000000	0.035980	0.036008	0.036061	0.036032	0.035982	0.036191	0.036112
492.000000	0.035597	0.035665	0.035637	0.035574	0.035593	0.035716	0.035759
493.000000	0.035266	0.035301	0.035176	0.035165	0.035197	0.035180	0.035379
494.000000	0.035017	0.034921	0.034843	0.034958	0.034877	0.034847	0.034993
495.000000	0.034714	0.034530	0.034563	0.034749	0.034570	0.034607	0.034588
496.000000	0.034200	0.034136	0.034197	0.034259	0.034181	0.034249	0.034148
497.000000	0.033621	0.033743	0.033784	0.033627	0.033748	0.033803	0.033703
498.000000	0.033253	0.033351	0.033445	0.033176	0.033369	0.033411	0.033305
499.000000	0.033040	0.032966	0.033148	0.032921	0.033042	0.033076	0.032951
500.000000	0.032694	0.032598	0.032756	0.032657	0.032694	0.032702	0.032604
501.000000	0.032172	0.032248	0.032266	0.032295	0.032306	0.032269	0.032244
502.000000	0.031693	0.031909	0.031811	0.031878	0.031916	0.031831	0.031872
503.000000	0.031377	0.031577	0.031455	0.031463	0.031556	0.031446	0.031502
504.000000	0.031171	0.031254	0.031144	0.031125	0.031235	0.031158	0.031165
505.000000	0.030980	0.030929	0.030828	0.030876	0.030938	0.030952	0.030863
506.000000	0.030640	0.030556	0.030495	0.030581	0.030602	0.030668	0.030538
507.000000	0.030070	0.030112	0.030137	0.030144	0.030185	0.030205	0.030145
508.000000	0.029490	0.029657	0.029742	0.029640	0.029742	0.029701	0.029720
509.000000	0.029114	0.029250	0.029304	0.029169	0.029329	0.029304	0.029309
510.000000	0.028817	0.028867	0.028870	0.028759	0.028904	0.028949	0.028910
511.000000	0.028403	0.028464	0.028489	0.028411	0.028409	0.028529	0.028510
512.000000	0.027909	0.028039	0.028125	0.028087	0.027915	0.028064	0.028097
513.000000	0.027475	0.027605	0.027711	0.027732	0.027535	0.027635	0.027664
514.000000	0.027116	0.027175	0.027253	0.027325	0.027240	0.027242	0.027230
515.000000	0.026771	0.026758	0.026803	0.026869	0.026906	0.026838	0.026831
516.000000	0.026405	0.026361	0.026395	0.026406	0.026491	0.026419	0.026474
517.000000	0.026018	0.025993	0.026038	0.026011	0.026028	0.026022	0.026138
518.000000	0.025619	0.025635	0.025708	0.025694	0.025570	0.025650	0.025790
519.000000	0.025228	0.025237	0.025336	0.025368	0.025179	0.025260	0.025385
520.000000	0.024849	0.024790	0.024899	0.024981	0.024877	0.024840	0.024920
521.000000	0.024452	0.024384	0.024472	0.024561	0.024592	0.024460	0.024492
522.000000	0.024026	0.024069	0.024107	0.024140	0.024265	0.024154	0.024160
523.000000	0.023623	0.023748	0.023749	0.023731	0.023892	0.023837	0.023837
524.000000	0.023288	0.023333	0.023344	0.023344	0.023485	0.023428	0.023441
525.000000	0.022962	0.022886	0.022920	0.022966	0.023061	0.022964	0.023009
526.000000	0.022575	0.022501	0.022526	0.022589	0.022642	0.022510	0.022604
527.000000	0.022158	0.022178	0.022190	0.022245	0.022259	0.022099	0.022241
528.000000	0.021780	0.021881	0.021927	0.021973	0.021939	0.021748	0.021909
529.000000	0.021453	0.021579	0.021665	0.021712	0.021643	0.021445	0.021577
530.000000	0.021153	0.021241	0.021290	0.021343	0.021300	0.021162	0.021204
531.000000	0.020854	0.020883	0.020832	0.020887	0.020903	0.020882	0.020818
532.000000	0.020528	0.020553	0.020443	0.020482	0.020508	0.020596	0.020502
533.000000	0.020181	0.020256	0.020168	0.020174	0.020151	0.020294	0.020265
534.000000	0.019849	0.019937	0.019908	0.019886	0.019840	0.019970	0.020019
535.000000	0.019557	0.019583	0.019611	0.019579	0.019570	0.019628	0.019715
536.000000	0.019295	0.019259	0.019323	0.019293	0.019308	0.019302	0.019393
537.000000	0.019042	0.018999	0.019066	0.019047	0.019030	0.019004	0.019084
538.000000	0.018754	0.018724	0.018769	0.018784	0.018724	0.018694	0.018784
539.000000	0.018405	0.018377	0.018387	0.018461	0.018396	0.018349	0.018483
540.000000	0.018061	0.018054	0.018029	0.018133	0.018087	0.018039	0.018190
541.000000	0.017795	0.017857	0.017812	0.017868	0.017838	0.017837	0.017913
542.000000	0.017571	0.017687	0.017641	0.017642	0.017615	0.017658	0.017650
543.000000	0.017323	0.017391	0.017364	0.017402	0.017362	0.017374	0.017393
544.000000	0.017035	0.017005	0.017000	0.017114	0.017066	0.017012	0.017118
545.000000	0.016720	0.016658	0.016658	0.016762	0.016742	0.016674	0.016794
546.000000	0.016414	0.016391	0.016377	0.016402	0.016424	0.016410	0.016446
547.000000	0.016170	0.016178	0.016139	0.016143	0.016159	0.016221	0.016141
548.000000	0.015983	0.015974	0.015931	0.015980	0.015941	0.016067	0.015905
549.000000	0.015787	0.015727	0.015741	0.015777	0.015706	0.015857	0.015717
550.000000	0.015551	0.015431	0.015556	0.015487	0.015435	0.015569	0.015544
551.000000	0.015308	0.015161	0.015351	0.015215	0.015193	0.015293	0.015334
552.000000	0.015088	0.014974	0.015124	0.015038	0.015025	0.015094	0.015080
553.000000	0.014915	0.014866	0.014913	0.014931	0.014918	0.014955	0.014876
554.000000	0.014761	0.014777	0.014719	0.014816	0.014808	0.014810	0.014753
555.000000	0.014429	0.014480	0.014376	0.014482	0.014493	0.014457	0.014465
556.000000	0.013839	0.013869	0.013821	0.013850	0.013896	0.013826	0.013874
557.000000	0.013722	0.013697	0.013735	0.013680	0.013763	0.013666	0.013719
558.000000	0.014706	0.014629	0.014688	0.014640	0.014739	0.014630	0.014663
559.000000	0.014456	0.014354	0.014380	0.014404	0.014484	0.014392	0.014405
560.000000	0.009976	0.009897	0.009893	0.009972	0.009990	0.009960	0.009984
561.000000	0.008341	0.008310	0.008292	0.008379	0.008325	0.008367	0.008425
562.000000	0.022261	0.022256	0.022225	0.022274	0.022201	0.022260	0.022341
563.000000	0.032136	0.032126	0.032082	0.032077	0.032044	0.032061	0.032137
564.000000	-0.012610	-0.012618	-0.012664	-0.012687	-0.012672	-0.012694	-0.012648
565.000000	-0.093661	-0.093661	-0.093682	-0.093682	-0.093640	-0.093668	-0.093660
566.000000	-0.092972	-0.093011	-0.092969	-0.092960	-0.092915	-0.092937	-0.092932
567.000000	0.027037	0.026910	0.027033	0.027008	0.027042	0.027019	0.027067
568.000000	0.122385	0.122225	0.122370	0.122309	0.122339	0.122308	0.122382
569.000000	0.089289	0.089215	0.089280	0.089217	0.089264	0.089219	0.089261
570.000000	0.013822	0.013862	0.013822	0.013788	0.013853	0.013778	0.013799
571.000000	-0.007262	-0.007180	-0.007269	-0.007257	-0.007194	-0.007309	-0.007243
572.000000	0.008274	0.008350	0.008255	0.008304	0.008342	0.008235	0.008342
573.000000	0.016037	0.016105	0.016014	0.016068	0.016062	0.016062	0.016122
574.000000	0.012275	0.012316	0.012248	0.012297	0.012240	0.012346	0.012339
575.000000	0.009453	0.009409	0.009405	0.009475	0.009375	0.009443	0.009469
576.000000	0.010131	0.010008	0.010050	0.010140	0.010029	0.009990	0.010095
577.000000	0.010895	0.010818	0.010798	0.010846	0.010771	0.010761	0.010836
578.000000	0.010589	0.010640	0.010546	0.010516	0.010507	0.010576	0.010536
579.000000	0.010099	0.010181	0.010247	0.010204	0.010235	0.010123	0.010047
580.000000	0.009971	0.009961	0.010226	0.010222	0.010280	0.009913	0.009917
581.000000	0.010242	0.010180	0.009940	0.009874	0.010038	0.010160	0.010213
582.000000	0.010495	0.010492	0.009461	0.009272	0.009546	0.010518	0.010517
583.000000	0.009558	0.009613	0.010047	0.010074	0.010092	0.009679	0.009597
584.000000	0.007779	0.007818	0.011516	0.012049	0.011521	0.007897	0.007775
585.000000	0.009681	0.009691	0.009621	0.009626	0.009600	0.009754	0.009649
586.000000	0.017400	0.017432	0.004643	0.002774	0.004616	0.017454	0.017414
587.000000	0.021253	0.021318	0.016947	0.016257	0.016933	0.021299	0.021292
588.000000	0.011983	0.012043	0.062221	0.069433	0.062231	0.012010	0.011930
589.000000	-0.000485	-0.000469	0.100564	0.115192	0.100610	-0.000487	-0.000645
590.000000	-0.001292	-0.001342	0.080430	0.092351	0.080523	-0.001329	-0.001429
591.000000	0.006504	0.006392	0.025889	0.028859	0.026016	0.006428	0.006455
592.000000	0.011051	0.010910	-0.002663	-0.004487	-0.002548	0.010929	0.010992
593.000000	0.010094	0.009964	0.002942	0.002004	0.003012	0.009937	0.009953
594.000000	0.008597	0.008513	0.011777	0.012277	0.011812	0.008453	0.008462
595.000000	0.008636	0.008593	0.010998	0.011357	0.011026	0.008536	0.008595
596.000000	0.008992	0.008920	0.008219	0.008128	0.008264	0.008898	0.008964
597.000000	0.008941	0.008781	0.008006	0.007911	0.008075	0.008808	0.008802
598.000000	0.008767	0.008595	0.008694	0.008744	0.008753	0.008648	0.008555
599.000000	0.008707	0.008652	0.008847	0.008935	0.008846	0.008687	0.008555
600.000000	0.008703	0.008746	0.008707	0.008758	0.008635	0.008743	0.008639
601.000000	0.008678	0.008689	0.008631	0.008626	0.008511	0.008654	0.008637
602.000000	0.008623	0.008581	0.008606	0.008552	0.008478	0.008525	0.008567
603.000000	0.008548	0.008546	0.008562	0.008482	0.008467	0.008481	0.008483
604.000000	0.008494	0.008551	0.008512	0.008435	0.008462	0.008490	0.008434
605.000000	0.008496	0.008520	0.008485	0.008439	0.008456	0.008474	0.008449
606.000000	0.008493	0.008453	0.008442	0.008425	0.008422	0.008396	0.008452
607.000000	0.008392	0.008377	0.008324	0.008295	0.008324	0.008240	0.008328
608.000000	0.008213	0.008282	0.008149	0.008084	0.008167	0.008045	0.008108
609.000000	0.008050	0.008138	0.007988	0.007908	0.007987	0.007880	0.007910
610.000000	0.007952	0.007979	0.007877	0.007820	0.007846	0.007782	0.007791
611.000000	0.007930	0.007894	0.007817	0.007806	0.007834	0.007752	0.007748
612.000000	0.007932	0.007882	0.007781	0.007814	0.007907	0.007751	0.007738
613.000000	0.007832	0.007812	0.007703	0.007750	0.007853	0.007688	0.007671
614.000000	0.007605	0.007630	0.007559	0.007581	0.007600	0.007530	0.007519
615.000000	0.007423	0.007431	0.007402	0.007401	0.007368	0.007351	0.007374
616.000000	0.007389	0.007291	0.007275	0.007282	0.007303	0.007214	0.007294
617.000000	0.007357	0.007192	0.007176	0.007192	0.007258	0.007126	0.007209
618.000000	0.007193	0.007102	0.007089	0.007091	0.007097	0.007071	0.007054
619.000000	0.006989	0.007012	0.006997	0.006968	0.006904	0.006998	0.006872
620.000000	0.006865	0.006917	0.006882	0.006824	0.006794	0.006860	0.006725
621.000000	0.006788	0.006800	0.006749	0.006690	0.006743	0.006720	0.006639
622.000000	0.006675	0.006651	0.006614	0.006606	0.006681	0.006667	0.006619
623.000000	0.006550	0.006514	0.006507	0.006563	0.006599	0.006680	0.006607
624.000000	0.006487	0.006461	0.006462	0.006525	0.006521	0.006679	0.006515
625.000000	0.006453	0.006445	0.006440	0.006455	0.006441	0.006607	0.006341
626.000000	0.006333	0.006337	0.006351	0.006310	0.006334	0.006428	0.006143
627.000000	0.006148	0.006150	0.006195	0.006119	0.006214	0.006195	0.005989
628.000000	0.006061	0.006060	0.006072	0.005986	0.006139	0.006062	0.005953
629.000000	0.006104	0.006100	0.006016	0.005942	0.006105	0.006061	0.006022
630.000000	0.006090	0.006067	0.005950	0.005905	0.006008	0.006042	0.006050
631.000000	0.005930	0.005866	0.005837	0.005825	0.005819	0.005917	0.005948
632.000000	0.005794	0.005687	0.005742	0.005761	0.005690	0.005793	0.005788
633.000000	0.005799	0.005674	0.005706	0.005746	0.005720	0.005744	0.005641
634.000000	0.005776	0.005699	0.005651	0.005688	0.005737	0.005671	0.005512
635.000000	0.005560	0.005614	0.005501	0.005507	0.005574	0.005478	0.005397
636.000000	0.005311	0.005442	0.005314	0.005308	0.005350	0.005273	0.005297
637.000000	0.005249	0.005259	0.005178	0.005230	0.005241	0.005198	0.005220
638.000000	0.005308	0.005128	0.005124	0.005243	0.005221	0.005212	0.005170
639.000000	0.005306	0.005102	0.005148	0.005248	0.005179	0.005197	0.005150
640.000000	0.005209	0.005131	0.005180	0.005213	0.005106	0.005148	0.005142
641.000000	0.005080	0.005108	0.005119	0.005147	0.005057	0.005127	0.005111
642.000000	0.004961	0.005030	0.004977	0.005064	0.005046	0.005126	0.005052
643.000000	0.004873	0.004986	0.004874	0.004978	0.005050	0.005070	0.004986
644.000000	0.004814	0.004986	0.004840	0.004894	0.005027	0.004935	0.004914
645.000000	0.004757	0.004930	0.004791	0.004803	0.004914	0.004763	0.004817
646.000000	0.004702	0.004792	0.004693	0.004718	0.004723	0.004618	0.004705
647.000000	0.004706	0.004694	0.004622	0.004681	0.004602	0.004598	0.004642
648.000000	0.004775	0.004704	0.004618	0.004708	0.004630	0.004726	0.004655
649.000000	0.004768	0.004713	0.004604	0.004732	0.004659	0.004823	0.004659
650.000000	0.004589	0.004622	0.004517	0.004691	0.004560	0.004743	0.004582
651.000000	0.004425	0.004488	0.004454	0.004610	0.004444	0.004596	0.004497
652.000000	0.004476	0.004395	0.004512	0.004532	0.004444	0.004528	0.004485
653.000000	0.004593	0.004357	0.004573	0.004472	0.004503	0.004494	0.004499
654.000000	0.004536	0.004361	0.004467	0.004436	0.004504	0.004400	0.004453
655.000000	0.004380	0.004376	0.004285	0.004416	0.004440	0.004293	0.004361
656.000000	0.004345	0.004362	0.004240	0.004396	0.004361	0.004292	0.004285
657.000000	0.004431	0.004323	0.004327	0.004376	0.004302	0.004372	0.004259
658.000000	0.004474	0.004291	0.004382	0.004366	0.004284	0.004406	0.004294
659.000000	0.004424	0.004289	0.004353	0.004368	0.004298	0.004362	0.004357
660.000000	0.004356	0.004322	0.004314	0.004382	0.004306	0.004309	0.004372
661.000000	0.004322	0.004374	0.004300	0.004384	0.004288	0.004297	0.004328
662.000000	0.004328	0.004401	0.004278	0.004321	0.004261	0.004336	0.004306
663.000000	0.004353	0.004374	0.004228	0.004191	0.004244	0.004395	0.004334
664.000000	0.004321	0.004300	0.004162	0.004105	0.004249	0.004358	0.004299
665.000000	0.004198	0.004201	0.004098	0.004132	0.004272	0.004175	0.004142
666.000000	0.004096	0.004118	0.004054	0.004158	0.004243	0.004015	0.004033
667.000000	0.004110	0.004085	0.004040	0.004073	0.004112	0.004034	0.004116
668.000000	0.004128	0.004078	0.004020	0.003962	0.003952	0.004098	0.004222
669.000000	0.004011	0.004061	0.003960	0.003940	0.003861	0.004025	0.004137
670.000000	0.003857	0.004020	0.003889	0.003962	0.003847	0.003871	0.003944
671.000000	0.003840	0.003957	0.003860	0.003922	0.003875	0.003783	0.003840
672.000000	0.003910	0.003895	0.003850	0.003819	0.003892	0.003791	0.003834
673.000000	0.003893	0.003870	0.003799	0.003718	0.003836	0.003852	0.003826
674.000000	0.003769	0.003835	0.003706	0.003636	0.003720	0.003894	0.003787
675.000000	0.003661	0.003672	0.003624	0.003553	0.003617	0.003820	0.003747
676.000000	0.003611	0.003423	0.003584	0.003470	0.003561	0.003632	0.003704
677.000000	0.003565	0.003319	0.003586	0.003420	0.003531	0.003449	0.003612
678.000000	0.003509	0.003431	0.003612	0.003418	0.003518	0.003359	0.003470
679.000000	0.003513	0.003532	0.003609	0.003445	0.003531	0.003388	0.003363
680.000000	0.003591	0.003465	0.003539	0.003469	0.003558	0.003500	0.003334
681.000000	0.003603	0.003317	0.003404	0.003428	0.003515	0.003539	0.003298
682.000000	0.003444	0.003192	0.003226	0.003291	0.003354	0.003390	0.003191
683.000000	0.003229	0.003108	0.003088	0.003155	0.003180	0.003184	0.003086
684.000000	0.003103	0.003065	0.003064	0.003120	0.003107	0.003075	0.003067
685.000000	0.003091	0.003057	0.003098	0.003158	0.003103	0.003072	0.003097
686.000000	0.003174	0.003075	0.003101	0.003202	0.003096	0.003131	0.003111
687.000000	0.003249	0.003080	0.003064	0.003200	0.003063	0.003181	0.003086
688.000000	0.003190	0.003026	0.003015	0.003119	0.003012	0.003145	0.003030
689.000000	0.003066	0.002958	0.002990	0.003019	0.002974	0.003045	0.002989
690.000000	0.003074	0.002982	0.003026	0.003014	0.002999	0.002967	0.003038
691.000000	0.003183	0.003058	0.003067	0.003069	0.003046	0.002925	0.003125
692.000000	0.003146	0.003010	0.002969	0.003005	0.002989	0.002862	0.003080
693.000000	0.002925	0.002824	0.002756	0.002825	0.002834	0.002790	0.002894
694.000000	0.002778	0.002715	0.002685	0.002788	0.002775	0.002814	0.002786
695.000000	0.002833	0.002784	0.002850	0.002980	0.002882	0.002953	0.002858
696.000000	0.002924	0.002875	0.002998	0.003114	0.002968	0.003040	0.002947
697.000000	0.002925	0.002874	0.002945	0.003005	0.002912	0.002978	0.002932
698.000000	0.002914	0.002864	0.002815	0.002864	0.002864	0.002914	0.002889
699.000000	0.002967	0.002923	0.002749	0.002895	0.002956	0.002980	0.002906
700.000000	0.003023	0.002974	0.002760	0.002971	0.003050	0.003072	0.002964
701.000000	0.002999	0.002925	0.002825	0.002929	0.002980	0.003057	0.003024
702.000000	0.002917	0.002865	0.002938	0.002863	0.002855	0.003021	0.003056
703.000000	0.002842	0.002926	0.003085	0.002941	0.002862	0.003107	0.003043
704.000000	0.002825	0.003018	0.003172	0.003065	0.002946	0.003203	0.003003
705.000000	0.002909	0.002950	0.003076	0.003013	0.002936	0.003081	0.002973
706.000000	0.003073	0.002821	0.002900	0.002845	0.002877	0.002849	0.002973
707.000000	0.003250	0.002937	0.002907	0.002836	0.002969	0.002861	0.003010
708.000000	0.003362	0.003263	0.003092	0.003007	0.003185	0.003116	0.003058
709.000000	0.003327	0.003389	0.003155	0.003115	0.003253	0.003230	0.003060
710.000000	0.003187	0.003213	0.003017	0.003089	0.003132	0.003089	0.003043
711.000000	0.003171	0.003127	0.002947	0.003148	0.003149	0.003021	0.003161
712.000000	0.003384	0.003355	0.003123	0.003403	0.003463	0.003217	0.003465
713.000000	0.003638	0.003684	0.003458	0.003678	0.003796	0.003485	0.003754
714.000000	0.003784	0.003904	0.003825	0.003823	0.003924	0.003658	0.003874
715.000000	0.003918	0.004010	0.004092	0.003881	0.003966	0.003789	0.003923
716.000000	0.004145	0.004056	0.004178	0.003927	0.004073	0.003966	0.004020
717.000000	0.004395	0.004188	0.004253	0.004013	0.004248	0.004227	0.004159
718.000000	0.004567	0.004545	0.004515	0.004184	0.004459	0.004580	0.004307
719.000000	0.004737	0.005020	0.004881	0.004468	0.004718	0.004946	0.004502
720.000000	0.005034	0.005415	0.005164	0.004876	0.005045	0.005211	0.004798
721.000000	0.005413	0.005652	0.005289	0.005294	0.005347	0.005343	0.005150
722.000000	0.005734	0.005728	0.005262	0.005542	0.005479	0.005361	0.005457
723.000000	0.005988	0.005749	0.005262	0.005650	0.005565	0.005448	0.005724
724.000000	0.006274	0.005906	0.005607	0.005821	0.005948	0.005904	0.006043
725.000000	0.006608	0.006273	0.006249	0.006109	0.006558	0.006610	0.006436
726.000000	0.006895	0.006782	0.006710	0.006392	0.006836	0.006948	0.006836
727.000000	0.007104	0.007288	0.006785	0.006664	0.006662	0.006781	0.007153
728.000000	0.007311	0.007537	0.006770	0.007122	0.006689	0.006821	0.007271
729.000000	0.007570	0.007446	0.006909	0.007805	0.007267	0.007440	0.007164
730.000000	0.007854	0.007358	0.007213	0.008341	0.007860	0.008018	0.007029
731.000000	0.008132	0.007563	0.007655	0.008429	0.007989	0.008009	0.007037
732.000000	0.008404	0.007965	0.008171	0.008232	0.007806	0.007612	0.007141
