[HEADER]
Format	J&M ASCII Table
Comment	
Date	5/27/2023 10:20:08 AM
Order	Y (evenX)
TechType	UV
NumPoints	483
FirstX	250.00
LastX	732.00
XType	NMetr
YType	Absrb
ZType	Secs
NumSubFile	7
Matrix	Z vs X
[DATA]
	0.000000	5.000064	10.000192	15.000256	20.000320	25.000448	30.000511
250.000000	0.404157	0.403015	0.403091	0.402692	0.402541	0.402292	0.401488
251.000000	0.404154	0.403142	0.403101	0.402806	0.402807	0.402464	0.401563
252.000000	0.403787	0.403426	0.403133	0.402877	0.402699	0.402178	0.401754
253.000000	0.403275	0.403272	0.402948	0.402608	0.402094	0.401608	0.401798
254.000000	0.402767	0.402263	0.402326	0.401736	0.400969	0.400900	0.401412
255.000000	0.402028	0.400860	0.401208	0.400223	0.399648	0.399973	0.400359
256.000000	0.400772	0.399582	0.399610	0.398168	0.398424	0.398708	0.398498
257.000000	0.398896	0.398215	0.397757	0.396150	0.397028	0.397068	0.396166
258.000000	0.396396	0.396343	0.395886	0.394771	0.395061	0.395041	0.393812
259.000000	0.393589	0.393917	0.393724	0.393443	0.392652	0.392594	0.391465
260.000000	0.390932	0.391084	0.390779	0.391042	0.390173	0.389694	0.388945
261.000000	0.388403	0.388016	0.387260	0.387685	0.387584	0.386499	0.386183
262.000000	0.385618	0.384894	0.383902	0.384429	0.384531	0.383301	0.383198
263.000000	0.382352	0.381669	0.380848	0.381439	0.380960	0.380116	0.379945
264.000000	0.378573	0.378024	0.377552	0.377839	0.377164	0.376637	0.376298
265.000000	0.374291	0.373813	0.373660	0.373221	0.373219	0.372679	0.372179
266.000000	0.369571	0.369193	0.369203	0.368052	0.368798	0.368292	0.367594
267.000000	0.364547	0.364362	0.364312	0.362816	0.363763	0.363553	0.362650
268.000000	0.359529	0.359529	0.359284	0.357820	0.358551	0.358551	0.357698
269.000000	0.354719	0.354783	0.354332	0.353195	0.353543	0.353372	0.352983
270.000000	0.349785	0.349712	0.349229	0.348492	0.348520	0.348082	0.348161
271.000000	0.344356	0.343918	0.343715	0.343218	0.343168	0.342721	0.342829
272.000000	0.338632	0.337878	0.337968	0.337531	0.337528	0.337188	0.337105
273.000000	0.332990	0.332312	0.332297	0.331802	0.331756	0.331345	0.331285
274.000000	0.327342	0.326996	0.326590	0.326027	0.325854	0.325245	0.325394
275.000000	0.321351	0.321194	0.320517	0.320006	0.319743	0.319053	0.319309
276.000000	0.315095	0.314863	0.314142	0.313801	0.313494	0.312912	0.313061
277.000000	0.308997	0.308552	0.307873	0.307705	0.307311	0.306939	0.306810
278.000000	0.303175	0.302483	0.301876	0.301790	0.301289	0.301083	0.300691
279.000000	0.297340	0.296430	0.295999	0.295840	0.295387	0.295078	0.294794
280.000000	0.291303	0.290265	0.290076	0.289708	0.289528	0.288870	0.289042
281.000000	0.285111	0.284086	0.283943	0.283418	0.283584	0.282829	0.283045
282.000000	0.278836	0.277974	0.277576	0.277070	0.277485	0.277142	0.276602
283.000000	0.272558	0.271881	0.271340	0.270935	0.271344	0.271342	0.270145
284.000000	0.266380	0.265792	0.265563	0.265240	0.265296	0.265035	0.264122
285.000000	0.260507	0.259953	0.260072	0.259892	0.259437	0.258686	0.258553
286.000000	0.255137	0.254624	0.254609	0.254722	0.253846	0.252930	0.253326
287.000000	0.250227	0.249636	0.249282	0.249658	0.248580	0.247896	0.248296
288.000000	0.245620	0.244667	0.244323	0.244665	0.243668	0.243466	0.243309
289.000000	0.241007	0.239752	0.239621	0.239663	0.238963	0.239176	0.238370
290.000000	0.236016	0.235141	0.234861	0.234557	0.234219	0.234375	0.233580
291.000000	0.230904	0.230822	0.230133	0.229583	0.229520	0.229241	0.229011
292.000000	0.226520	0.226537	0.225908	0.225280	0.225262	0.224720	0.224708
293.000000	0.223084	0.222312	0.222310	0.221728	0.221561	0.221115	0.220711
294.000000	0.219909	0.218587	0.218950	0.218350	0.218129	0.217784	0.217060
295.000000	0.216530	0.215512	0.215546	0.214828	0.214762	0.214299	0.213723
296.000000	0.213088	0.212577	0.212119	0.211498	0.211491	0.210835	0.210529
297.000000	0.209807	0.209411	0.208786	0.208617	0.208376	0.207599	0.207368
298.000000	0.206927	0.206353	0.205844	0.205948	0.205463	0.204672	0.204383
299.000000	0.204595	0.203779	0.203513	0.203234	0.202778	0.202079	0.201729
300.000000	0.202467	0.201546	0.201449	0.200612	0.200255	0.199687	0.199383
301.000000	0.200115	0.199372	0.199194	0.198297	0.197812	0.197335	0.197252
302.000000	0.197621	0.197149	0.196775	0.196133	0.195467	0.194994	0.195135
303.000000	0.195295	0.194858	0.194437	0.193826	0.193283	0.192704	0.192806
304.000000	0.193256	0.192577	0.192271	0.191504	0.191266	0.190571	0.190406
305.000000	0.191483	0.190446	0.190261	0.189569	0.189386	0.188737	0.188318
306.000000	0.189839	0.188526	0.188340	0.187970	0.187562	0.187100	0.186571
307.000000	0.188067	0.186790	0.186395	0.186184	0.185665	0.185309	0.184824
308.000000	0.186077	0.185135	0.184407	0.184047	0.183649	0.183231	0.182898
309.000000	0.184045	0.183347	0.182494	0.181976	0.181597	0.181082	0.180887
310.000000	0.182083	0.181326	0.180696	0.180190	0.179571	0.179006	0.178871
311.000000	0.180117	0.179261	0.178837	0.178337	0.177556	0.176913	0.176847
312.000000	0.178057	0.177286	0.176762	0.176127	0.175509	0.174728	0.174786
313.000000	0.175844	0.175190	0.174481	0.173758	0.173323	0.172521	0.172604
314.000000	0.173444	0.172760	0.172051	0.171468	0.170923	0.170365	0.170232
315.000000	0.170894	0.170147	0.169585	0.169145	0.168463	0.168152	0.167749
316.000000	0.168264	0.167604	0.167190	0.166592	0.166141	0.165736	0.165272
317.000000	0.165660	0.165197	0.164794	0.163913	0.163841	0.163185	0.162829
318.000000	0.163191	0.162881	0.162237	0.161347	0.161302	0.160661	0.160397
319.000000	0.160710	0.160427	0.159481	0.158818	0.158506	0.158101	0.157857
320.000000	0.157883	0.157484	0.156584	0.156020	0.155615	0.155278	0.155031
321.000000	0.154767	0.154224	0.153695	0.153037	0.152768	0.152315	0.152063
322.000000	0.151849	0.151396	0.151063	0.150390	0.150072	0.149716	0.149452
323.000000	0.149332	0.149202	0.148728	0.148203	0.147549	0.147573	0.147294
324.000000	0.146921	0.146905	0.146373	0.145910	0.145098	0.145263	0.144995
325.000000	0.144361	0.144059	0.143779	0.143161	0.142623	0.142428	0.142205
326.000000	0.141614	0.141138	0.141042	0.140279	0.140093	0.139518	0.139328
327.000000	0.138728	0.138580	0.138300	0.137590	0.137506	0.136952	0.136739
328.000000	0.135955	0.136145	0.135654	0.135055	0.134955	0.134553	0.134270
329.000000	0.133517	0.133497	0.133159	0.132561	0.132515	0.132058	0.131681
330.000000	0.131187	0.130683	0.130638	0.130080	0.130025	0.129494	0.129079
331.000000	0.128615	0.127882	0.127872	0.127611	0.127281	0.126988	0.126663
332.000000	0.125880	0.125209	0.125046	0.125113	0.124450	0.124548	0.124288
333.000000	0.123274	0.122732	0.122537	0.122532	0.121887	0.122120	0.121651
334.000000	0.120805	0.120358	0.120288	0.119951	0.119613	0.119667	0.118882
335.000000	0.118259	0.117870	0.117898	0.117561	0.117382	0.117166	0.116452
336.000000	0.115664	0.115347	0.115341	0.115383	0.115089	0.114721	0.114440
337.000000	0.113342	0.113208	0.113052	0.113237	0.112803	0.112579	0.112460
338.000000	0.111447	0.111551	0.111183	0.111068	0.110644	0.110795	0.110367
339.000000	0.109806	0.109870	0.109358	0.109064	0.108794	0.109079	0.108492
340.000000	0.108207	0.107834	0.107348	0.107337	0.107284	0.107241	0.107005
341.000000	0.106421	0.105737	0.105443	0.105736	0.105736	0.105443	0.105540
342.000000	0.104321	0.103874	0.103881	0.104085	0.103837	0.103811	0.103772
343.000000	0.102192	0.102153	0.102342	0.102279	0.101809	0.102088	0.101885
344.000000	0.100368	0.100407	0.100454	0.100273	0.099963	0.100021	0.100143
345.000000	0.098826	0.098641	0.098419	0.098293	0.098316	0.097991	0.098516
346.000000	0.097407	0.096924	0.096625	0.096632	0.096773	0.096537	0.096864
347.000000	0.095966	0.095282	0.095073	0.095211	0.095259	0.095376	0.095122
348.000000	0.094372	0.093722	0.093555	0.093750	0.093717	0.093789	0.093279
349.000000	0.092675	0.092231	0.092042	0.092225	0.092169	0.091828	0.091472
350.000000	0.091074	0.090779	0.090659	0.090821	0.090698	0.090186	0.089959
351.000000	0.089596	0.089307	0.089385	0.089501	0.089296	0.088975	0.088737
352.000000	0.088052	0.087716	0.088014	0.087943	0.087836	0.087564	0.087476
353.000000	0.086386	0.086031	0.086445	0.086076	0.086257	0.085705	0.085991
354.000000	0.084807	0.084509	0.084783	0.084329	0.084634	0.083942	0.084404
355.000000	0.083453	0.083298	0.083163	0.082989	0.083062	0.082660	0.082853
356.000000	0.082178	0.082175	0.081727	0.081801	0.081651	0.081573	0.081427
357.000000	0.080844	0.080925	0.080569	0.080509	0.080474	0.080378	0.080183
358.000000	0.079540	0.079620	0.079572	0.079238	0.079433	0.079163	0.079075
359.000000	0.078379	0.078382	0.078567	0.078163	0.078389	0.078069	0.078024
360.000000	0.077240	0.077130	0.077410	0.077138	0.077203	0.076918	0.076893
361.000000	0.075928	0.075725	0.075991	0.075910	0.075764	0.075445	0.075545
362.000000	0.074494	0.074231	0.074449	0.074502	0.074192	0.073854	0.074077
363.000000	0.073126	0.072830	0.073056	0.073099	0.072737	0.072604	0.072714
364.000000	0.071860	0.071585	0.071812	0.071759	0.071469	0.071658	0.071511
365.000000	0.070594	0.070455	0.070479	0.070437	0.070291	0.070543	0.070373
366.000000	0.069386	0.069411	0.069093	0.069184	0.069189	0.069197	0.069280
367.000000	0.068505	0.068445	0.068053	0.068181	0.068258	0.068107	0.068315
368.000000	0.067940	0.067510	0.067457	0.067427	0.067498	0.067443	0.067458
369.000000	0.067115	0.066475	0.066788	0.066555	0.066719	0.066710	0.066476
370.000000	0.065689	0.065280	0.065680	0.065332	0.065760	0.065553	0.065245
371.000000	0.064168	0.064088	0.064383	0.064020	0.064600	0.064238	0.064016
372.000000	0.063052	0.063057	0.063198	0.062889	0.063276	0.063053	0.063026
373.000000	0.062154	0.062145	0.062160	0.061874	0.061977	0.061907	0.062149
374.000000	0.061156	0.061264	0.061221	0.060839	0.060900	0.060657	0.061189
375.000000	0.060153	0.060382	0.060275	0.059812	0.060000	0.059498	0.060141
376.000000	0.059373	0.059487	0.059207	0.058877	0.059133	0.058728	0.059075
377.000000	0.058612	0.058502	0.058089	0.057976	0.058180	0.058161	0.057984
378.000000	0.057426	0.057323	0.057095	0.056970	0.057047	0.057332	0.056817
379.000000	0.055951	0.056075	0.056238	0.055914	0.055840	0.056223	0.055683
380.000000	0.054836	0.055081	0.055387	0.055035	0.054843	0.055214	0.054827
381.000000	0.054264	0.054401	0.054494	0.054359	0.054138	0.054446	0.054259
382.000000	0.053775	0.053733	0.053629	0.053642	0.053529	0.053731	0.053673
383.000000	0.053026	0.052869	0.052824	0.052744	0.052816	0.052906	0.052873
384.000000	0.051983	0.051835	0.052019	0.051770	0.051828	0.051914	0.051924
385.000000	0.050750	0.050722	0.051168	0.050831	0.050552	0.050792	0.050911
386.000000	0.049735	0.049739	0.050289	0.049973	0.049427	0.049816	0.049901
387.000000	0.049238	0.049034	0.049405	0.049208	0.048824	0.049197	0.048952
388.000000	0.048832	0.048388	0.048499	0.048469	0.048421	0.048678	0.048087
389.000000	0.047991	0.047532	0.047552	0.047672	0.047772	0.047913	0.047313
390.000000	0.046879	0.046585	0.046603	0.046820	0.046904	0.046897	0.046562
391.000000	0.045927	0.045808	0.045722	0.045947	0.046037	0.045778	0.045746
392.000000	0.045211	0.045228	0.045040	0.045116	0.045253	0.044792	0.044972
393.000000	0.044582	0.044722	0.044709	0.044397	0.044548	0.044211	0.044445
394.000000	0.043936	0.044135	0.044473	0.043761	0.043871	0.043885	0.044036
395.000000	0.043219	0.043291	0.043715	0.043087	0.043138	0.043290	0.043318
396.000000	0.042483	0.042277	0.042425	0.042367	0.042355	0.042329	0.042271
397.000000	0.041919	0.041531	0.041417	0.041752	0.041655	0.041504	0.041438
398.000000	0.041532	0.041203	0.041063	0.041262	0.041088	0.041064	0.041054
399.000000	0.040930	0.040811	0.040746	0.040650	0.040520	0.040677	0.040672
400.000000	0.039914	0.040040	0.040016	0.039778	0.039860	0.040070	0.039966
401.000000	0.038990	0.039269	0.039268	0.038922	0.039200	0.039345	0.039202
402.000000	0.038608	0.038863	0.038891	0.038353	0.038634	0.038655	0.038667
403.000000	0.038386	0.038539	0.038552	0.037966	0.038128	0.038063	0.038255
404.000000	0.037800	0.037902	0.037809	0.037564	0.037616	0.037586	0.037762
405.000000	0.037001	0.037044	0.036887	0.037041	0.037042	0.037096	0.037096
406.000000	0.036389	0.036252	0.036254	0.036352	0.036373	0.036425	0.036236
407.000000	0.035951	0.035632	0.035893	0.035623	0.035685	0.035657	0.035408
408.000000	0.035420	0.035178	0.035491	0.035081	0.035125	0.035034	0.034972
409.000000	0.034789	0.034814	0.034943	0.034728	0.034677	0.034607	0.034844
410.000000	0.034285	0.034407	0.034348	0.034356	0.034182	0.034251	0.034532
411.000000	0.033928	0.033881	0.033770	0.033840	0.033582	0.033838	0.033863
412.000000	0.033448	0.033245	0.033217	0.033173	0.032958	0.033241	0.033116
413.000000	0.032734	0.032562	0.032687	0.032439	0.032392	0.032472	0.032494
414.000000	0.032031	0.031987	0.032154	0.031878	0.031939	0.031808	0.031989
415.000000	0.031525	0.031609	0.031612	0.031608	0.031600	0.031426	0.031548
416.000000	0.031112	0.031275	0.031113	0.031331	0.031223	0.031110	0.031062
417.000000	0.030661	0.030824	0.030690	0.030769	0.030681	0.030634	0.030459
418.000000	0.030184	0.030261	0.030245	0.030065	0.030092	0.030050	0.029875
419.000000	0.029726	0.029643	0.029671	0.029456	0.029616	0.029477	0.029469
420.000000	0.029301	0.029077	0.029084	0.028997	0.029210	0.028945	0.029117
421.000000	0.028910	0.028678	0.028674	0.028663	0.028760	0.028449	0.028606
422.000000	0.028541	0.028404	0.028406	0.028378	0.028290	0.028043	0.028029
423.000000	0.028173	0.028115	0.028105	0.028040	0.027903	0.027811	0.027661
424.000000	0.027763	0.027740	0.027705	0.027587	0.027557	0.027649	0.027465
425.000000	0.027253	0.027275	0.027233	0.027008	0.027084	0.027287	0.027125
426.000000	0.026691	0.026768	0.026727	0.026385	0.026498	0.026693	0.026572
427.000000	0.026265	0.026336	0.026225	0.025933	0.026061	0.026151	0.026083
428.000000	0.026008	0.026002	0.025743	0.025703	0.025847	0.025786	0.025783
429.000000	0.025641	0.025605	0.025251	0.025419	0.025528	0.025367	0.025456
430.000000	0.024996	0.025044	0.024744	0.024900	0.024904	0.024749	0.024951
431.000000	0.024347	0.024459	0.024305	0.024346	0.024273	0.024161	0.024420
432.000000	0.023964	0.023997	0.023996	0.023957	0.023918	0.023818	0.024017
433.000000	0.023728	0.023636	0.023709	0.023640	0.023668	0.023588	0.023677
434.000000	0.023442	0.023312	0.023314	0.023244	0.023275	0.023274	0.023286
435.000000	0.023122	0.022994	0.022878	0.022812	0.022813	0.022881	0.022855
436.000000	0.022851	0.022665	0.022534	0.022451	0.022474	0.022496	0.022444
437.000000	0.022562	0.022330	0.022268	0.022152	0.022233	0.022154	0.022073
438.000000	0.022098	0.022005	0.021986	0.021837	0.021940	0.021860	0.021736
439.000000	0.021514	0.021688	0.021660	0.021497	0.021564	0.021571	0.021412
440.000000	0.021049	0.021359	0.021333	0.021184	0.021189	0.021207	0.021062
441.000000	0.020769	0.020992	0.021007	0.020903	0.020845	0.020769	0.020690
442.000000	0.020512	0.020558	0.020637	0.020591	0.020491	0.020369	0.020351
443.000000	0.020186	0.020090	0.020233	0.020221	0.020120	0.020065	0.020082
444.000000	0.019857	0.019744	0.019926	0.019852	0.019800	0.019802	0.019870
445.000000	0.019583	0.019596	0.019764	0.019529	0.019567	0.019527	0.019677
446.000000	0.019338	0.019455	0.019517	0.019250	0.019338	0.019222	0.019399
447.000000	0.019084	0.019151	0.019009	0.018996	0.019037	0.018884	0.018969
448.000000	0.018794	0.018792	0.018484	0.018730	0.018684	0.018556	0.018514
449.000000	0.018450	0.018526	0.018237	0.018418	0.018326	0.018285	0.018187
450.000000	0.018124	0.018283	0.018162	0.018085	0.018010	0.018038	0.017979
451.000000	0.017906	0.017923	0.018005	0.017777	0.017773	0.017759	0.017818
452.000000	0.017733	0.017516	0.017707	0.017495	0.017566	0.017451	0.017629
453.000000	0.017461	0.017249	0.017327	0.017216	0.017296	0.017149	0.017342
454.000000	0.017093	0.017104	0.016949	0.016943	0.016962	0.016879	0.017000
455.000000	0.016757	0.016892	0.016675	0.016707	0.016647	0.016655	0.016733
456.000000	0.016497	0.016559	0.016512	0.016501	0.016389	0.016455	0.016540
457.000000	0.016241	0.016234	0.016349	0.016277	0.016173	0.016211	0.016241
458.000000	0.015954	0.015986	0.016111	0.016010	0.015963	0.015905	0.015788
459.000000	0.015671	0.015760	0.015804	0.015725	0.015693	0.015615	0.015380
460.000000	0.015418	0.015512	0.015457	0.015449	0.015341	0.015395	0.015159
461.000000	0.015172	0.015256	0.015144	0.015200	0.015003	0.015200	0.015030
462.000000	0.014910	0.015012	0.014915	0.014983	0.014770	0.014977	0.014879
463.000000	0.014659	0.014774	0.014714	0.014771	0.014617	0.014701	0.014664
464.000000	0.014456	0.014532	0.014477	0.014537	0.014492	0.014360	0.014376
465.000000	0.014313	0.014294	0.014250	0.014311	0.014357	0.014010	0.014094
466.000000	0.014228	0.014070	0.014109	0.014140	0.014183	0.013723	0.013920
467.000000	0.014115	0.013860	0.013991	0.013963	0.013963	0.013522	0.013806
468.000000	0.013854	0.013654	0.013765	0.013672	0.013704	0.013397	0.013629
469.000000	0.013478	0.013449	0.013457	0.013330	0.013449	0.013296	0.013372
470.000000	0.013148	0.013243	0.013217	0.013135	0.013265	0.013140	0.013108
471.000000	0.012940	0.013041	0.013075	0.013098	0.013130	0.012927	0.012869
472.000000	0.012824	0.012855	0.012904	0.013003	0.012913	0.012752	0.012644
473.000000	0.012722	0.012666	0.012646	0.012743	0.012573	0.012626	0.012418
474.000000	0.012477	0.012396	0.012379	0.012427	0.012230	0.012398	0.012184
475.000000	0.012055	0.012028	0.012161	0.012152	0.011982	0.012012	0.011950
476.000000	0.011749	0.011720	0.011970	0.011943	0.011833	0.011693	0.011777
477.000000	0.011766	0.011595	0.011780	0.011794	0.011749	0.011608	0.011697
478.000000	0.011795	0.011542	0.011584	0.011638	0.011636	0.011552	0.011605
479.000000	0.011492	0.011421	0.011389	0.011414	0.011408	0.011290	0.011397
480.000000	0.011065	0.011261	0.011228	0.011188	0.011146	0.010964	0.011146
481.000000	0.010877	0.011135	0.011133	0.011059	0.010975	0.010818	0.010973
482.000000	0.010874	0.011010	0.011060	0.010983	0.010864	0.010777	0.010861
483.000000	0.010792	0.010803	0.010927	0.010846	0.010708	0.010608	0.010718
484.000000	0.010613	0.010550	0.010738	0.010654	0.010528	0.010341	0.010545
485.000000	0.010509	0.010376	0.010565	0.010507	0.010440	0.010205	0.010411
486.000000	0.010490	0.010304	0.010415	0.010415	0.010438	0.010231	0.010325
487.000000	0.010383	0.010239	0.010219	0.010291	0.010379	0.010222	0.010230
488.000000	0.010133	0.010124	0.009983	0.010104	0.010206	0.010083	0.010092
489.000000	0.009895	0.009974	0.009843	0.009925	0.010023	0.009896	0.009921
490.000000	0.009765	0.009803	0.009843	0.009789	0.009892	0.009729	0.009728
491.000000	0.009653	0.009601	0.009774	0.009626	0.009750	0.009579	0.009502
492.000000	0.009482	0.009378	0.009494	0.009401	0.009550	0.009436	0.009256
493.000000	0.009333	0.009233	0.009219	0.009254	0.009383	0.009311	0.009090
494.000000	0.009288	0.009239	0.009178	0.009309	0.009330	0.009210	0.009083
495.000000	0.009259	0.009241	0.009238	0.009358	0.009289	0.009103	0.009107
496.000000	0.009119	0.009040	0.009166	0.009131	0.009115	0.008955	0.008995
497.000000	0.008913	0.008756	0.008960	0.008766	0.008862	0.008776	0.008819
498.000000	0.008768	0.008646	0.008726	0.008578	0.008673	0.008602	0.008760
499.000000	0.008684	0.008672	0.008511	0.008572	0.008576	0.008462	0.008758
500.000000	0.008573	0.008592	0.008321	0.008529	0.008517	0.008374	0.008588
501.000000	0.008416	0.008374	0.008181	0.008386	0.008440	0.008311	0.008264
502.000000	0.008265	0.008208	0.008135	0.008254	0.008298	0.008199	0.008048
503.000000	0.008158	0.008175	0.008167	0.008186	0.008119	0.008041	0.008053
504.000000	0.008105	0.008171	0.008166	0.008145	0.008049	0.007956	0.008153
505.000000	0.008094	0.008110	0.008070	0.008087	0.008130	0.007992	0.008217
506.000000	0.008072	0.007981	0.007942	0.007983	0.008153	0.008010	0.008147
507.000000	0.007991	0.007800	0.007842	0.007825	0.007965	0.007902	0.007910
508.000000	0.007855	0.007647	0.007749	0.007687	0.007715	0.007733	0.007654
509.000000	0.007680	0.007591	0.007637	0.007633	0.007575	0.007589	0.007524
510.000000	0.007527	0.007586	0.007525	0.007598	0.007515	0.007483	0.007461
511.000000	0.007454	0.007559	0.007442	0.007494	0.007454	0.007405	0.007359
512.000000	0.007407	0.007478	0.007379	0.007325	0.007350	0.007320	0.007236
513.000000	0.007290	0.007335	0.007313	0.007143	0.007186	0.007187	0.007162
514.000000	0.007137	0.007161	0.007221	0.006997	0.007012	0.007025	0.007102
515.000000	0.007059	0.007016	0.007083	0.006928	0.006917	0.006887	0.006956
516.000000	0.007040	0.006910	0.006933	0.006911	0.006893	0.006802	0.006758
517.000000	0.006942	0.006808	0.006846	0.006854	0.006835	0.006767	0.006671
518.000000	0.006748	0.006702	0.006824	0.006722	0.006706	0.006746	0.006711
519.000000	0.006619	0.006620	0.006752	0.006561	0.006570	0.006658	0.006685
520.000000	0.006618	0.006569	0.006586	0.006420	0.006470	0.006480	0.006516
521.000000	0.006589	0.006502	0.006428	0.006349	0.006398	0.006323	0.006381
522.000000	0.006424	0.006388	0.006353	0.006361	0.006338	0.006262	0.006395
523.000000	0.006235	0.006268	0.006285	0.006369	0.006267	0.006232	0.006388
524.000000	0.006140	0.006178	0.006151	0.006289	0.006171	0.006158	0.006203
525.000000	0.006086	0.006067	0.005996	0.006150	0.006060	0.006057	0.005969
526.000000	0.005991	0.005880	0.005891	0.006003	0.005950	0.005965	0.005866
527.000000	0.005892	0.005696	0.005836	0.005875	0.005862	0.005883	0.005859
528.000000	0.005861	0.005639	0.005800	0.005777	0.005807	0.005797	0.005833
529.000000	0.005844	0.005670	0.005733	0.005683	0.005752	0.005683	0.005756
530.000000	0.005714	0.005662	0.005582	0.005550	0.005635	0.005513	0.005646
531.000000	0.005499	0.005587	0.005398	0.005405	0.005487	0.005341	0.005526
532.000000	0.005355	0.005507	0.005327	0.005337	0.005412	0.005286	0.005417
533.000000	0.005329	0.005442	0.005379	0.005351	0.005421	0.005346	0.005322
534.000000	0.005320	0.005361	0.005393	0.005349	0.005404	0.005363	0.005221
535.000000	0.005267	0.005261	0.005296	0.005276	0.005313	0.005268	0.005116
536.000000	0.005193	0.005199	0.005193	0.005174	0.005224	0.005163	0.005050
537.000000	0.005118	0.005193	0.005155	0.005080	0.005182	0.005113	0.005041
538.000000	0.005047	0.005134	0.005105	0.004989	0.005119	0.005032	0.005018
539.000000	0.004980	0.004944	0.004977	0.004899	0.004982	0.004861	0.004926
540.000000	0.004931	0.004758	0.004853	0.004845	0.004864	0.004733	0.004835
541.000000	0.004911	0.004721	0.004821	0.004852	0.004860	0.004786	0.004821
542.000000	0.004884	0.004748	0.004823	0.004855	0.004872	0.004881	0.004825
543.000000	0.004807	0.004687	0.004754	0.004765	0.004750	0.004806	0.004745
544.000000	0.004684	0.004548	0.004613	0.004609	0.004560	0.004593	0.004596
545.000000	0.004548	0.004427	0.004451	0.004472	0.004475	0.004406	0.004450
546.000000	0.004437	0.004362	0.004316	0.004388	0.004487	0.004312	0.004340
547.000000	0.004390	0.004346	0.004247	0.004349	0.004451	0.004296	0.004265
548.000000	0.004389	0.004340	0.004234	0.004337	0.004340	0.004314	0.004224
549.000000	0.004346	0.004272	0.004214	0.004324	0.004264	0.004285	0.004209
550.000000	0.004238	0.004138	0.004167	0.004295	0.004265	0.004187	0.004210
551.000000	0.004148	0.004047	0.004147	0.004254	0.004256	0.004095	0.004210
552.000000	0.004136	0.004057	0.004177	0.004201	0.004180	0.004064	0.004186
553.000000	0.004172	0.004080	0.004180	0.004114	0.004076	0.004082	0.004100
554.000000	0.004190	0.004033	0.004099	0.003988	0.003984	0.004096	0.003939
555.000000	0.004034	0.003918	0.003989	0.003885	0.003900	0.003946	0.003778
556.000000	0.003651	0.003767	0.003915	0.003854	0.003816	0.003569	0.003697
557.000000	0.003629	0.003673	0.003875	0.003808	0.003753	0.003537	0.003682
558.000000	0.004482	0.003712	0.003834	0.003642	0.003724	0.004349	0.003678
559.000000	0.004398	0.003662	0.003651	0.003453	0.003566	0.004216	0.003506
560.000000	0.001044	0.003230	0.003199	0.003417	0.003100	0.000845	0.003000
561.000000	-0.000070	0.003063	0.003101	0.003467	0.002995	-0.000246	0.002902
562.000000	0.010951	0.004333	0.004384	0.003376	0.004385	0.010821	0.004448
563.000000	0.018731	0.005200	0.005183	0.003255	0.005351	0.018641	0.005519
564.000000	-0.016459	0.000926	0.000856	0.003540	0.001044	-0.016546	0.000853
565.000000	-0.086494	-0.007412	-0.007471	0.004174	-0.007450	-0.086617	-0.004245
566.000000	-0.113725	-0.010289	-0.010308	0.004378	-0.010428	-0.113876	0.010673
567.000000	-0.064071	-0.003696	-0.003678	0.003817	-0.003787	-0.064211	0.047114
568.000000	-0.004217	0.003682	0.003717	0.003185	0.003677	-0.004323	0.065156
569.000000	0.011433	0.004913	0.004940	0.003031	0.004938	0.011364	0.039412
570.000000	0.003428	0.003131	0.003162	0.003085	0.003163	0.003375	0.004086
571.000000	0.000310	0.002451	0.002522	0.003013	0.002507	0.000238	-0.005290
572.000000	0.002586	0.002785	0.002897	0.002873	0.002859	0.002515	0.001671
573.000000	0.003676	0.003001	0.003103	0.002814	0.003046	0.003685	0.005160
574.000000	0.003061	0.002956	0.003007	0.002825	0.002943	0.003167	0.003498
575.000000	0.002638	0.002908	0.002893	0.002833	0.002846	0.002754	0.002236
576.000000	0.002774	0.002906	0.002847	0.002828	0.002827	0.002831	0.002529
577.000000	0.002922	0.002870	0.002829	0.002832	0.002825	0.002931	0.002883
578.000000	0.002888	0.002795	0.002812	0.002834	0.002810	0.002869	0.002795
579.000000	0.002805	0.002742	0.002783	0.002792	0.002788	0.002722	0.002662
580.000000	0.002763	0.002747	0.002757	0.002729	0.002775	0.002653	0.002673
581.000000	0.002780	0.002813	0.002784	0.002748	0.002801	0.002919	0.002718
582.000000	0.002787	0.002851	0.002812	0.002818	0.002807	0.003248	0.002716
583.000000	0.002555	0.002611	0.002610	0.002653	0.002575	0.002423	0.002675
584.000000	0.002178	0.002182	0.002259	0.002298	0.002201	0.000733	0.002617
585.000000	0.002625	0.002583	0.002697	0.002718	0.002646	0.002659	0.002581
586.000000	0.004087	0.004049	0.004104	0.004119	0.004094	0.010333	0.002598
587.000000	0.003195	0.003199	0.003182	0.003185	0.003195	0.014176	0.002658
588.000000	-0.002850	-0.002792	-0.002805	-0.002837	-0.002835	0.005034	0.002736
589.000000	-0.008513	-0.008431	-0.008411	-0.008468	-0.008474	-0.007242	0.002761
590.000000	-0.006406	-0.006368	-0.006368	-0.006398	-0.006357	-0.007921	0.002666
591.000000	0.000483	0.000446	0.000391	0.000413	0.000512	-0.000084	0.002534
592.000000	0.004157	0.004088	0.004016	0.004052	0.004131	0.004452	0.002514
593.000000	0.003449	0.003403	0.003364	0.003363	0.003365	0.003491	0.002597
594.000000	0.002308	0.002306	0.002317	0.002247	0.002222	0.002068	0.002653
595.000000	0.002377	0.002415	0.002457	0.002336	0.002339	0.002239	0.002629
596.000000	0.002693	0.002742	0.002765	0.002679	0.002661	0.002675	0.002559
597.000000	0.002694	0.002719	0.002682	0.002711	0.002608	0.002628	0.002497
598.000000	0.002642	0.002618	0.002555	0.002647	0.002527	0.002506	0.002513
599.000000	0.002726	0.002647	0.002631	0.002667	0.002649	0.002598	0.002621
600.000000	0.002823	0.002715	0.002758	0.002714	0.002783	0.002716	0.002700
601.000000	0.002815	0.002732	0.002784	0.002727	0.002763	0.002687	0.002665
602.000000	0.002743	0.002736	0.002729	0.002711	0.002685	0.002602	0.002601
603.000000	0.002677	0.002774	0.002652	0.002692	0.002674	0.002581	0.002602
604.000000	0.002688	0.002817	0.002626	0.002699	0.002712	0.002622	0.002651
605.000000	0.002821	0.002817	0.002710	0.002752	0.002741	0.002683	0.002700
606.000000	0.002938	0.002776	0.002816	0.002793	0.002729	0.002717	0.002717
607.000000	0.002843	0.002714	0.002808	0.002734	0.002660	0.002673	0.002685
608.000000	0.002622	0.002644	0.002704	0.002619	0.002581	0.002577	0.002623
609.000000	0.002531	0.002577	0.002625	0.002569	0.002576	0.002502	0.002575
610.000000	0.002607	0.002525	0.002615	0.002604	0.002631	0.002485	0.002556
611.000000	0.002684	0.002504	0.002649	0.002644	0.002640	0.002536	0.002557
612.000000	0.002673	0.002499	0.002681	0.002635	0.002579	0.002606	0.002553
613.000000	0.002585	0.002453	0.002641	0.002554	0.002527	0.002574	0.002498
614.000000	0.002458	0.002358	0.002517	0.002414	0.002514	0.002414	0.002388
615.000000	0.002360	0.002303	0.002407	0.002293	0.002471	0.002278	0.002296
616.000000	0.002325	0.002337	0.002372	0.002238	0.002356	0.002268	0.002272
617.000000	0.002292	0.002373	0.002341	0.002210	0.002243	0.002292	0.002275
618.000000	0.002209	0.002329	0.002250	0.002167	0.002197	0.002256	0.002260
619.000000	0.002133	0.002239	0.002153	0.002117	0.002181	0.002186	0.002205
620.000000	0.002129	0.002159	0.002119	0.002081	0.002141	0.002129	0.002108
621.000000	0.002143	0.002089	0.002111	0.002058	0.002074	0.002083	0.002017
622.000000	0.002087	0.002013	0.002062	0.002040	0.001996	0.002032	0.001992
623.000000	0.001994	0.001949	0.001999	0.002033	0.001933	0.002001	0.002013
624.000000	0.001958	0.001933	0.001989	0.002048	0.001912	0.002026	0.002019
625.000000	0.001964	0.001947	0.002003	0.002035	0.001897	0.002058	0.001985
626.000000	0.001915	0.001940	0.001939	0.001902	0.001812	0.001977	0.001909
627.000000	0.001820	0.001896	0.001826	0.001702	0.001681	0.001804	0.001829
628.000000	0.001800	0.001843	0.001833	0.001648	0.001643	0.001711	0.001815
629.000000	0.001875	0.001807	0.001971	0.001784	0.001728	0.001757	0.001867
630.000000	0.001899	0.001805	0.001991	0.001873	0.001787	0.001805	0.001859
631.000000	0.001801	0.001825	0.001786	0.001784	0.001736	0.001768	0.001734
632.000000	0.001708	0.001792	0.001601	0.001672	0.001674	0.001688	0.001600
633.000000	0.001711	0.001659	0.001627	0.001661	0.001677	0.001616	0.001546
634.000000	0.001709	0.001504	0.001704	0.001641	0.001658	0.001552	0.001516
635.000000	0.001591	0.001412	0.001649	0.001497	0.001531	0.001487	0.001446
636.000000	0.001416	0.001360	0.001527	0.001334	0.001385	0.001405	0.001375
637.000000	0.001289	0.001304	0.001462	0.001300	0.001345	0.001296	0.001363
638.000000	0.001257	0.001289	0.001450	0.001378	0.001382	0.001230	0.001408
639.000000	0.001333	0.001382	0.001438	0.001475	0.001408	0.001298	0.001477
640.000000	0.001438	0.001508	0.001423	0.001523	0.001399	0.001420	0.001528
641.000000	0.001446	0.001509	0.001436	0.001473	0.001375	0.001417	0.001514
642.000000	0.001357	0.001391	0.001466	0.001361	0.001346	0.001289	0.001450
643.000000	0.001297	0.001309	0.001467	0.001298	0.001317	0.001198	0.001408
644.000000	0.001296	0.001308	0.001417	0.001306	0.001289	0.001196	0.001399
645.000000	0.001268	0.001289	0.001330	0.001289	0.001256	0.001183	0.001355
646.000000	0.001182	0.001227	0.001237	0.001219	0.001226	0.001123	0.001259
647.000000	0.001122	0.001247	0.001198	0.001203	0.001240	0.001112	0.001194
648.000000	0.001142	0.001397	0.001238	0.001296	0.001301	0.001195	0.001213
649.000000	0.001178	0.001468	0.001287	0.001378	0.001323	0.001251	0.001251
650.000000	0.001170	0.001304	0.001281	0.001343	0.001243	0.001183	0.001246
651.000000	0.001150	0.001108	0.001258	0.001265	0.001155	0.001114	0.001224
652.000000	0.001164	0.001117	0.001271	0.001238	0.001164	0.001180	0.001220
653.000000	0.001193	0.001231	0.001287	0.001226	0.001222	0.001299	0.001219
654.000000	0.001200	0.001249	0.001256	0.001159	0.001237	0.001329	0.001192
655.000000	0.001180	0.001187	0.001199	0.001081	0.001211	0.001284	0.001149
656.000000	0.001146	0.001164	0.001178	0.001086	0.001193	0.001255	0.001120
657.000000	0.001124	0.001202	0.001190	0.001160	0.001187	0.001252	0.001106
658.000000	0.001148	0.001246	0.001193	0.001210	0.001165	0.001226	0.001085
659.000000	0.001218	0.001278	0.001187	0.001207	0.001139	0.001173	0.001085
660.000000	0.001292	0.001320	0.001215	0.001197	0.001164	0.001141	0.001174
661.000000	0.001329	0.001358	0.001282	0.001208	0.001240	0.001150	0.001327
662.000000	0.001286	0.001326	0.001328	0.001235	0.001289	0.001178	0.001371
663.000000	0.001177	0.001208	0.001316	0.001261	0.001260	0.001203	0.001237
664.000000	0.001135	0.001108	0.001267	0.001249	0.001186	0.001212	0.001107
665.000000	0.001234	0.001105	0.001204	0.001187	0.001111	0.001198	0.001122
666.000000	0.001313	0.001146	0.001131	0.001148	0.001086	0.001170	0.001187
667.000000	0.001222	0.001170	0.001059	0.001188	0.001137	0.001139	0.001190
668.000000	0.001083	0.001173	0.001025	0.001205	0.001176	0.001098	0.001141
669.000000	0.001062	0.001167	0.001062	0.001082	0.001111	0.001046	0.001086
670.000000	0.001114	0.001140	0.001130	0.000944	0.001037	0.001028	0.001059
671.000000	0.001118	0.001080	0.001162	0.000991	0.001108	0.001099	0.001083
672.000000	0.001079	0.001027	0.001157	0.001160	0.001241	0.001188	0.001115
673.000000	0.001071	0.001050	0.001151	0.001242	0.001219	0.001159	0.001078
674.000000	0.001078	0.001104	0.001115	0.001174	0.001035	0.001012	0.000978
675.000000	0.001003	0.001049	0.000973	0.001023	0.000857	0.000868	0.000890
676.000000	0.000865	0.000884	0.000767	0.000872	0.000784	0.000797	0.000862
677.000000	0.000825	0.000782	0.000689	0.000816	0.000815	0.000807	0.000901
678.000000	0.000930	0.000819	0.000804	0.000888	0.000915	0.000876	0.000980
679.000000	0.001020	0.000894	0.000944	0.001013	0.001002	0.000933	0.001012
680.000000	0.000981	0.000920	0.000976	0.001110	0.001017	0.000932	0.000949
681.000000	0.000862	0.000886	0.000906	0.001102	0.000972	0.000886	0.000841
682.000000	0.000732	0.000805	0.000773	0.000953	0.000891	0.000813	0.000746
683.000000	0.000637	0.000725	0.000660	0.000758	0.000794	0.000709	0.000680
684.000000	0.000613	0.000686	0.000640	0.000625	0.000706	0.000576	0.000648
685.000000	0.000646	0.000665	0.000673	0.000573	0.000689	0.000487	0.000652
686.000000	0.000707	0.000625	0.000694	0.000585	0.000794	0.000522	0.000693
687.000000	0.000752	0.000595	0.000703	0.000628	0.000905	0.000631	0.000742
688.000000	0.000734	0.000631	0.000731	0.000664	0.000847	0.000704	0.000763
689.000000	0.000694	0.000711	0.000763	0.000705	0.000691	0.000721	0.000752
690.000000	0.000727	0.000758	0.000751	0.000796	0.000668	0.000718	0.000732
691.000000	0.000793	0.000736	0.000689	0.000883	0.000758	0.000706	0.000708
692.000000	0.000730	0.000644	0.000612	0.000821	0.000702	0.000669	0.000671
693.000000	0.000543	0.000536	0.000552	0.000632	0.000480	0.000613	0.000634
694.000000	0.000477	0.000529	0.000542	0.000574	0.000414	0.000582	0.000641
695.000000	0.000629	0.000657	0.000591	0.000735	0.000619	0.000592	0.000696
696.000000	0.000779	0.000779	0.000657	0.000842	0.000773	0.000601	0.000720
697.000000	0.000768	0.000785	0.000716	0.000726	0.000665	0.000589	0.000673
698.000000	0.000720	0.000721	0.000794	0.000621	0.000547	0.000620	0.000646
699.000000	0.000763	0.000652	0.000905	0.000741	0.000655	0.000738	0.000716
700.000000	0.000823	0.000619	0.000958	0.000915	0.000835	0.000845	0.000815
701.000000	0.000801	0.000646	0.000874	0.000925	0.000874	0.000837	0.000853
702.000000	0.000756	0.000710	0.000782	0.000848	0.000820	0.000803	0.000841
703.000000	0.000792	0.000770	0.000857	0.000849	0.000809	0.000877	0.000827
704.000000	0.000867	0.000798	0.000973	0.000888	0.000842	0.000984	0.000809
705.000000	0.000868	0.000775	0.000862	0.000824	0.000854	0.000948	0.000766
706.000000	0.000841	0.000743	0.000633	0.000707	0.000854	0.000817	0.000748
707.000000	0.000947	0.000786	0.000676	0.000731	0.000908	0.000800	0.000851
708.000000	0.001152	0.000879	0.000995	0.000902	0.000989	0.000905	0.001020
709.000000	0.001217	0.000888	0.001187	0.001022	0.000978	0.000914	0.001042
710.000000	0.001096	0.000824	0.001109	0.001028	0.000888	0.000798	0.000901
711.000000	0.001062	0.000919	0.001055	0.001068	0.000944	0.000840	0.000901
712.000000	0.001261	0.001257	0.001208	0.001225	0.001226	0.001159	0.001182
713.000000	0.001516	0.001552	0.001439	0.001395	0.001471	0.001479	0.001477
714.000000	0.001676	0.001591	0.001626	0.001501	0.001484	0.001586	0.001578
715.000000	0.001801	0.001549	0.001799	0.001627	0.001421	0.001631	0.001630
716.000000	0.001971	0.001633	0.001996	0.001850	0.001472	0.001782	0.001795
717.000000	0.002174	0.001862	0.002147	0.002081	0.001669	0.001982	0.001988
718.000000	0.002367	0.002186	0.002179	0.002206	0.001991	0.002126	0.002088
719.000000	0.002496	0.002465	0.002231	0.002297	0.002354	0.002241	0.002210
720.000000	0.002517	0.002544	0.002493	0.002488	0.002657	0.002407	0.002537
721.000000	0.002557	0.002534	0.002828	0.002744	0.002889	0.002616	0.002934
722.000000	0.002831	0.002694	0.002920	0.002941	0.003089	0.002815	0.003098
723.000000	0.003284	0.003077	0.002865	0.003113	0.003295	0.002995	0.003132
724.000000	0.003633	0.003559	0.003095	0.003427	0.003540	0.003188	0.003473
725.000000	0.003771	0.003941	0.003650	0.003890	0.003757	0.003445	0.004069
726.000000	0.003802	0.003943	0.004098	0.004313	0.003769	0.003832	0.004292
727.000000	0.003850	0.003636	0.004231	0.004563	0.003635	0.004283	0.004026
728.000000	0.004048	0.003686	0.004253	0.004619	0.003824	0.004508	0.004062
729.000000	0.004432	0.004403	0.004335	0.004525	0.004490	0.004396	0.004761
730.000000	0.004797	0.005128	0.004470	0.004463	0.004949	0.004305	0.005269
731.000000	0.004976	0.005284	0.004634	0.004577	0.004641	0.004542	0.004860
732.000000	0.005033	0.005059	0.004810	0.004805	0.003841	0.004997	0.003858
