[HEADER]
Format	J&M ASCII Table
Comment	
Date	5/27/2023 10:08:24 AM
Order	Y (evenX)
TechType	UV
NumPoints	483
FirstX	250.00
LastX	732.00
XType	NMetr
YType	Absrb
ZType	Secs
NumSubFile	7
Matrix	Z vs X
[DATA]
	0.000000	5.000064	10.000192	15.000256	20.000320	25.000448	30.000511
250.000000	0.005245	0.005581	0.005585	0.005915	0.005902	0.006048	0.006155
251.000000	0.005298	0.005596	0.005689	0.005978	0.006074	0.006047	0.006181
252.000000	0.005465	0.005634	0.005956	0.006033	0.006348	0.006257	0.006446
253.000000	0.005630	0.005621	0.006162	0.006021	0.006491	0.006500	0.006698
254.000000	0.005684	0.005527	0.006131	0.005920	0.006355	0.006616	0.006731
255.000000	0.005595	0.005500	0.005946	0.005853	0.006204	0.006622	0.006630
256.000000	0.005380	0.005672	0.005750	0.005933	0.006305	0.006567	0.006531
257.000000	0.005219	0.005885	0.005684	0.006045	0.006467	0.006493	0.006480
258.000000	0.005312	0.005917	0.005863	0.006025	0.006389	0.006440	0.006492
259.000000	0.005534	0.005824	0.006137	0.005943	0.006185	0.006451	0.006572
260.000000	0.005611	0.005806	0.006245	0.005981	0.006170	0.006576	0.006718
261.000000	0.005598	0.005959	0.006224	0.006174	0.006427	0.006812	0.006891
262.000000	0.005792	0.006294	0.006332	0.006445	0.006851	0.007119	0.007031
263.000000	0.006177	0.006668	0.006574	0.006693	0.007263	0.007373	0.007097
264.000000	0.006372	0.006771	0.006653	0.006795	0.007401	0.007359	0.007081
265.000000	0.006232	0.006513	0.006466	0.006725	0.007191	0.007043	0.006999
266.000000	0.006040	0.006194	0.006271	0.006625	0.006882	0.006713	0.006913
267.000000	0.006002	0.006054	0.006248	0.006599	0.006683	0.006579	0.006865
268.000000	0.006029	0.006083	0.006300	0.006626	0.006626	0.006571	0.006843
269.000000	0.006013	0.006210	0.006319	0.006661	0.006688	0.006592	0.006826
270.000000	0.005971	0.006283	0.006327	0.006653	0.006749	0.006595	0.006806
271.000000	0.005943	0.006174	0.006369	0.006564	0.006695	0.006559	0.006774
272.000000	0.005912	0.006020	0.006413	0.006446	0.006593	0.006523	0.006740
273.000000	0.005847	0.006031	0.006405	0.006371	0.006564	0.006540	0.006710
274.000000	0.005786	0.006114	0.006325	0.006286	0.006539	0.006533	0.006646
275.000000	0.005801	0.006014	0.006172	0.006072	0.006347	0.006358	0.006485
276.000000	0.005829	0.005704	0.005966	0.005763	0.006017	0.006055	0.006213
277.000000	0.005695	0.005354	0.005749	0.005530	0.005743	0.005815	0.005857
278.000000	0.005401	0.005103	0.005562	0.005434	0.005601	0.005725	0.005522
279.000000	0.005184	0.005037	0.005450	0.005400	0.005508	0.005725	0.005410
280.000000	0.005147	0.005138	0.005390	0.005354	0.005408	0.005737	0.005543
281.000000	0.005119	0.005192	0.005237	0.005247	0.005323	0.005654	0.005593
282.000000	0.004967	0.005047	0.004920	0.005069	0.005246	0.005410	0.005332
283.000000	0.004774	0.004778	0.004630	0.004917	0.005068	0.005072	0.004928
284.000000	0.004635	0.004503	0.004538	0.004856	0.004724	0.004727	0.004591
285.000000	0.004548	0.004322	0.004539	0.004733	0.004414	0.004484	0.004399
286.000000	0.004483	0.004316	0.004484	0.004395	0.004380	0.004431	0.004382
287.000000	0.004417	0.004426	0.004447	0.004097	0.004597	0.004511	0.004494
288.000000	0.004330	0.004537	0.004575	0.004224	0.004916	0.004605	0.004650
289.000000	0.004205	0.004556	0.004705	0.004579	0.005065	0.004624	0.004715
290.000000	0.004025	0.004411	0.004499	0.004614	0.004710	0.004503	0.004528
291.000000	0.003843	0.004150	0.004044	0.004256	0.004021	0.004257	0.004172
292.000000	0.003770	0.003937	0.003829	0.003887	0.003631	0.003971	0.003955
293.000000	0.003823	0.003841	0.003961	0.003728	0.003753	0.003758	0.003993
294.000000	0.003883	0.003795	0.003990	0.003753	0.003986	0.003760	0.004112
295.000000	0.003852	0.003734	0.003685	0.003870	0.004029	0.003964	0.004152
296.000000	0.003687	0.003628	0.003355	0.003899	0.003888	0.004028	0.004019
297.000000	0.003401	0.003470	0.003266	0.003724	0.003631	0.003735	0.003698
298.000000	0.003154	0.003335	0.003323	0.003469	0.003401	0.003404	0.003403
299.000000	0.003096	0.003288	0.003384	0.003288	0.003330	0.003370	0.003342
300.000000	0.003180	0.003273	0.003428	0.003250	0.003406	0.003520	0.003459
301.000000	0.003300	0.003208	0.003463	0.003371	0.003563	0.003618	0.003619
302.000000	0.003370	0.003122	0.003451	0.003486	0.003656	0.003581	0.003702
303.000000	0.003324	0.003089	0.003339	0.003366	0.003520	0.003403	0.003609
304.000000	0.003193	0.003131	0.003203	0.003127	0.003261	0.003232	0.003409
305.000000	0.003079	0.003230	0.003200	0.003116	0.003165	0.003304	0.003291
306.000000	0.003050	0.003340	0.003338	0.003349	0.003267	0.003568	0.003319
307.000000	0.003137	0.003390	0.003466	0.003507	0.003347	0.003673	0.003424
308.000000	0.003303	0.003358	0.003494	0.003461	0.003330	0.003494	0.003538
309.000000	0.003412	0.003295	0.003431	0.003399	0.003377	0.003274	0.003595
310.000000	0.003386	0.003255	0.003312	0.003435	0.003558	0.003201	0.003573
311.000000	0.003306	0.003264	0.003211	0.003450	0.003691	0.003267	0.003546
312.000000	0.003252	0.003328	0.003190	0.003355	0.003625	0.003422	0.003560
313.000000	0.003240	0.003385	0.003234	0.003288	0.003453	0.003571	0.003500
314.000000	0.003259	0.003366	0.003309	0.003383	0.003307	0.003622	0.003275
315.000000	0.003248	0.003266	0.003341	0.003487	0.003235	0.003565	0.003086
316.000000	0.003142	0.003112	0.003264	0.003389	0.003254	0.003423	0.003187
317.000000	0.003019	0.003001	0.003166	0.003226	0.003336	0.003289	0.003427
318.000000	0.003015	0.003051	0.003200	0.003283	0.003424	0.003279	0.003466
319.000000	0.003108	0.003159	0.003263	0.003424	0.003414	0.003332	0.003252
320.000000	0.003154	0.003065	0.003069	0.003214	0.003175	0.003260	0.002951
321.000000	0.003128	0.002832	0.002691	0.002747	0.002833	0.003074	0.002745
322.000000	0.003138	0.002891	0.002602	0.002705	0.002804	0.003008	0.002819
323.000000	0.003233	0.003308	0.002934	0.003259	0.003163	0.003141	0.003144
324.000000	0.003349	0.003525	0.003224	0.003689	0.003406	0.003280	0.003337
325.000000	0.003398	0.003227	0.003155	0.003513	0.003233	0.003280	0.003185
326.000000	0.003247	0.002831	0.002901	0.003035	0.002972	0.003181	0.002973
327.000000	0.002863	0.002746	0.002688	0.002641	0.002945	0.003071	0.002972
328.000000	0.002610	0.002938	0.002666	0.002583	0.003096	0.003099	0.003103
329.000000	0.002839	0.003253	0.002915	0.002992	0.003282	0.003362	0.003217
330.000000	0.003241	0.003457	0.003196	0.003470	0.003385	0.003554	0.003246
331.000000	0.003326	0.003329	0.003204	0.003496	0.003313	0.003290	0.003157
332.000000	0.003151	0.003024	0.003044	0.003194	0.003144	0.002817	0.003034
333.000000	0.003051	0.002883	0.003029	0.003019	0.003039	0.002692	0.003012
334.000000	0.003067	0.002909	0.003102	0.003013	0.003006	0.002896	0.003058
335.000000	0.003001	0.002835	0.002925	0.002888	0.002925	0.002951	0.003008
336.000000	0.002808	0.002620	0.002522	0.002644	0.002795	0.002736	0.002822
337.000000	0.002626	0.002500	0.002357	0.002629	0.002752	0.002563	0.002613
338.000000	0.002567	0.002604	0.002610	0.002926	0.002849	0.002605	0.002500
339.000000	0.002680	0.002848	0.002919	0.003127	0.002982	0.002753	0.002607
340.000000	0.002919	0.003110	0.003012	0.002990	0.003061	0.002895	0.002944
341.000000	0.002998	0.003230	0.002998	0.002844	0.003075	0.002998	0.003229
342.000000	0.002716	0.003102	0.002999	0.002977	0.003029	0.003040	0.003221
343.000000	0.002361	0.002882	0.002949	0.003150	0.002944	0.003015	0.003036
344.000000	0.002281	0.002751	0.002766	0.003059	0.002845	0.002925	0.002860
345.000000	0.002426	0.002664	0.002580	0.002827	0.002736	0.002807	0.002776
346.000000	0.002603	0.002508	0.002574	0.002719	0.002619	0.002711	0.002812
347.000000	0.002728	0.002354	0.002705	0.002743	0.002578	0.002676	0.002890
348.000000	0.002779	0.002374	0.002802	0.002767	0.002732	0.002733	0.002878
349.000000	0.002790	0.002581	0.002841	0.002776	0.002990	0.002862	0.002783
350.000000	0.002836	0.002853	0.002919	0.002853	0.003091	0.003001	0.002729
351.000000	0.002909	0.003048	0.003011	0.002969	0.002970	0.003079	0.002755
352.000000	0.002899	0.003006	0.002936	0.002957	0.002815	0.003012	0.002789
353.000000	0.002754	0.002723	0.002659	0.002747	0.002740	0.002804	0.002784
354.000000	0.002540	0.002487	0.002420	0.002470	0.002689	0.002616	0.002757
355.000000	0.002350	0.002498	0.002405	0.002265	0.002628	0.002568	0.002741
356.000000	0.002307	0.002619	0.002555	0.002244	0.002620	0.002620	0.002806
357.000000	0.002496	0.002695	0.002772	0.002467	0.002724	0.002719	0.002989
358.000000	0.002811	0.002735	0.002964	0.002809	0.002895	0.002888	0.003156
359.000000	0.003096	0.002780	0.003047	0.003097	0.003062	0.003140	0.003158
360.000000	0.003202	0.002813	0.003021	0.003200	0.003130	0.003303	0.003038
361.000000	0.003008	0.002800	0.002916	0.003020	0.003014	0.003156	0.002910
362.000000	0.002671	0.002754	0.002785	0.002686	0.002806	0.002812	0.002794
363.000000	0.002494	0.002718	0.002692	0.002455	0.002694	0.002570	0.002654
364.000000	0.002522	0.002696	0.002643	0.002408	0.002668	0.002505	0.002506
365.000000	0.002566	0.002658	0.002597	0.002474	0.002549	0.002492	0.002409
366.000000	0.002561	0.002622	0.002577	0.002611	0.002375	0.002502	0.002418
367.000000	0.002604	0.002666	0.002691	0.002826	0.002469	0.002633	0.002581
368.000000	0.002741	0.002810	0.002943	0.003057	0.002897	0.002889	0.002862
369.000000	0.002889	0.002947	0.003131	0.003111	0.003192	0.003068	0.003072
370.000000	0.002960	0.002991	0.003116	0.002902	0.003036	0.003032	0.003078
371.000000	0.002886	0.002947	0.003010	0.002695	0.002702	0.002886	0.002949
372.000000	0.002651	0.002839	0.002939	0.002732	0.002516	0.002757	0.002784
373.000000	0.002449	0.002713	0.002894	0.002869	0.002586	0.002694	0.002646
374.000000	0.002483	0.002612	0.002840	0.002899	0.002917	0.002721	0.002583
375.000000	0.002641	0.002554	0.002806	0.002871	0.003233	0.002827	0.002633
376.000000	0.002696	0.002547	0.002840	0.002921	0.003185	0.002986	0.002817
377.000000	0.002629	0.002574	0.002876	0.002996	0.002862	0.003110	0.003045
378.000000	0.002554	0.002605	0.002787	0.002927	0.002622	0.003085	0.003166
379.000000	0.002537	0.002626	0.002597	0.002757	0.002590	0.002931	0.003150
380.000000	0.002602	0.002637	0.002460	0.002710	0.002675	0.002793	0.003077
381.000000	0.002728	0.002668	0.002460	0.002843	0.002798	0.002760	0.003003
382.000000	0.002835	0.002787	0.002578	0.002974	0.002906	0.002848	0.002937
383.000000	0.002858	0.002963	0.002753	0.002972	0.002951	0.003016	0.002887
384.000000	0.002763	0.002975	0.002851	0.002827	0.002909	0.003133	0.002845
385.000000	0.002570	0.002721	0.002800	0.002592	0.002783	0.003101	0.002811
386.000000	0.002450	0.002521	0.002731	0.002450	0.002663	0.002949	0.002800
387.000000	0.002525	0.002652	0.002766	0.002544	0.002624	0.002740	0.002817
388.000000	0.002597	0.002855	0.002804	0.002710	0.002599	0.002596	0.002808
389.000000	0.002437	0.002783	0.002701	0.002729	0.002498	0.002621	0.002717
390.000000	0.002235	0.002516	0.002459	0.002617	0.002343	0.002705	0.002599
391.000000	0.002327	0.002308	0.002156	0.002486	0.002200	0.002663	0.002545
392.000000	0.002630	0.002308	0.001999	0.002439	0.002126	0.002556	0.002575
393.000000	0.002812	0.002586	0.002261	0.002562	0.002164	0.002579	0.002658
394.000000	0.002755	0.002932	0.002754	0.002749	0.002265	0.002697	0.002699
395.000000	0.002545	0.002890	0.002882	0.002722	0.002294	0.002657	0.002551
396.000000	0.002339	0.002445	0.002561	0.002483	0.002265	0.002455	0.002277
397.000000	0.002374	0.002183	0.002412	0.002420	0.002387	0.002425	0.002224
398.000000	0.002671	0.002396	0.002713	0.002669	0.002716	0.002676	0.002523
399.000000	0.002818	0.002716	0.002961	0.002821	0.002968	0.002820	0.002846
400.000000	0.002570	0.002834	0.002802	0.002610	0.002950	0.002614	0.002929
401.000000	0.002329	0.002845	0.002589	0.002394	0.002848	0.002395	0.002851
402.000000	0.002479	0.002875	0.002680	0.002515	0.002860	0.002494	0.002740
403.000000	0.002763	0.002826	0.002850	0.002719	0.002919	0.002708	0.002672
404.000000	0.002808	0.002580	0.002772	0.002654	0.002901	0.002731	0.002692
405.000000	0.002658	0.002290	0.002542	0.002455	0.002820	0.002593	0.002767
406.000000	0.002528	0.002212	0.002423	0.002440	0.002744	0.002466	0.002834
407.000000	0.002478	0.002388	0.002474	0.002619	0.002684	0.002440	0.002879
408.000000	0.002478	0.002728	0.002618	0.002807	0.002622	0.002550	0.002919
409.000000	0.002498	0.003060	0.002762	0.002909	0.002592	0.002729	0.002939
410.000000	0.002515	0.003144	0.002799	0.002907	0.002679	0.002817	0.002891
411.000000	0.002507	0.002930	0.002716	0.002810	0.002837	0.002766	0.002764
412.000000	0.002454	0.002627	0.002624	0.002657	0.002841	0.002679	0.002600
413.000000	0.002375	0.002425	0.002593	0.002511	0.002638	0.002644	0.002469
414.000000	0.002377	0.002438	0.002585	0.002484	0.002536	0.002705	0.002490
415.000000	0.002514	0.002671	0.002576	0.002617	0.002719	0.002844	0.002699
416.000000	0.002667	0.002826	0.002616	0.002722	0.002877	0.002881	0.002875
417.000000	0.002715	0.002663	0.002736	0.002635	0.002725	0.002687	0.002809
418.000000	0.002683	0.002444	0.002821	0.002493	0.002498	0.002489	0.002576
419.000000	0.002630	0.002508	0.002743	0.002487	0.002516	0.002556	0.002329
420.000000	0.002581	0.002713	0.002598	0.002583	0.002673	0.002730	0.002224
421.000000	0.002550	0.002746	0.002558	0.002659	0.002709	0.002702	0.002392
422.000000	0.002583	0.002651	0.002614	0.002701	0.002646	0.002522	0.002682
423.000000	0.002736	0.002682	0.002646	0.002760	0.002671	0.002456	0.002782
424.000000	0.002906	0.002817	0.002603	0.002794	0.002760	0.002538	0.002634
425.000000	0.002851	0.002779	0.002493	0.002679	0.002690	0.002590	0.002423
426.000000	0.002582	0.002528	0.002380	0.002434	0.002463	0.002552	0.002302
427.000000	0.002450	0.002352	0.002395	0.002275	0.002383	0.002531	0.002375
428.000000	0.002592	0.002386	0.002549	0.002299	0.002561	0.002564	0.002610
429.000000	0.002688	0.002430	0.002611	0.002361	0.002692	0.002532	0.002725
430.000000	0.002519	0.002339	0.002442	0.002346	0.002562	0.002380	0.002555
431.000000	0.002320	0.002247	0.002250	0.002316	0.002357	0.002281	0.002355
432.000000	0.002323	0.002284	0.002238	0.002347	0.002283	0.002380	0.002370
433.000000	0.002389	0.002352	0.002312	0.002412	0.002337	0.002515	0.002478
434.000000	0.002316	0.002316	0.002322	0.002462	0.002451	0.002479	0.002486
435.000000	0.002195	0.002229	0.002285	0.002478	0.002535	0.002344	0.002404
436.000000	0.002213	0.002215	0.002284	0.002453	0.002503	0.002284	0.002327
437.000000	0.002312	0.002284	0.002330	0.002408	0.002413	0.002311	0.002295
438.000000	0.002297	0.002380	0.002396	0.002381	0.002402	0.002339	0.002314
439.000000	0.002194	0.002450	0.002449	0.002384	0.002478	0.002339	0.002376
440.000000	0.002226	0.002444	0.002451	0.002410	0.002530	0.002337	0.002464
441.000000	0.002412	0.002372	0.002409	0.002446	0.002502	0.002360	0.002541
442.000000	0.002496	0.002311	0.002376	0.002474	0.002411	0.002436	0.002550
443.000000	0.002378	0.002318	0.002390	0.002487	0.002308	0.002555	0.002479
444.000000	0.002294	0.002392	0.002446	0.002496	0.002301	0.002645	0.002402
445.000000	0.002398	0.002502	0.002522	0.002511	0.002432	0.002651	0.002373
446.000000	0.002511	0.002541	0.002568	0.002512	0.002539	0.002598	0.002370
447.000000	0.002459	0.002438	0.002543	0.002485	0.002487	0.002521	0.002371
448.000000	0.002336	0.002347	0.002494	0.002461	0.002406	0.002443	0.002416
449.000000	0.002284	0.002436	0.002476	0.002472	0.002463	0.002389	0.002543
450.000000	0.002317	0.002574	0.002478	0.002499	0.002589	0.002398	0.002643
451.000000	0.002390	0.002540	0.002464	0.002506	0.002633	0.002505	0.002576
452.000000	0.002443	0.002410	0.002431	0.002486	0.002586	0.002623	0.002424
453.000000	0.002416	0.002423	0.002399	0.002452	0.002521	0.002606	0.002398
454.000000	0.002340	0.002560	0.002388	0.002428	0.002495	0.002472	0.002498
455.000000	0.002332	0.002577	0.002427	0.002445	0.002548	0.002381	0.002546
456.000000	0.002405	0.002436	0.002488	0.002490	0.002644	0.002390	0.002496
457.000000	0.002444	0.002358	0.002486	0.002489	0.002647	0.002422	0.002474
458.000000	0.002398	0.002427	0.002396	0.002424	0.002517	0.002430	0.002538
459.000000	0.002346	0.002453	0.002317	0.002375	0.002395	0.002434	0.002602
460.000000	0.002349	0.002324	0.002322	0.002400	0.002385	0.002449	0.002598
461.000000	0.002373	0.002209	0.002373	0.002455	0.002428	0.002455	0.002538
462.000000	0.002383	0.002263	0.002418	0.002488	0.002454	0.002437	0.002448
463.000000	0.002395	0.002364	0.002429	0.002464	0.002455	0.002425	0.002356
464.000000	0.002429	0.002359	0.002392	0.002372	0.002442	0.002453	0.002291
465.000000	0.002424	0.002317	0.002352	0.002312	0.002447	0.002485	0.002282
466.000000	0.002306	0.002378	0.002364	0.002404	0.002505	0.002464	0.002350
467.000000	0.002164	0.002482	0.002407	0.002553	0.002585	0.002421	0.002432
468.000000	0.002169	0.002473	0.002412	0.002559	0.002622	0.002432	0.002424
469.000000	0.002294	0.002354	0.002373	0.002443	0.002588	0.002468	0.002336
470.000000	0.002352	0.002263	0.002328	0.002406	0.002491	0.002420	0.002272
471.000000	0.002299	0.002252	0.002300	0.002482	0.002372	0.002294	0.002272
472.000000	0.002262	0.002266	0.002290	0.002502	0.002311	0.002233	0.002299
473.000000	0.002287	0.002253	0.002288	0.002385	0.002326	0.002281	0.002321
474.000000	0.002262	0.002174	0.002269	0.002223	0.002323	0.002295	0.002329
475.000000	0.002131	0.002044	0.002227	0.002113	0.002254	0.002200	0.002322
476.000000	0.002031	0.002005	0.002222	0.002114	0.002222	0.002140	0.002331
477.000000	0.002071	0.002152	0.002291	0.002241	0.002303	0.002231	0.002365
478.000000	0.002132	0.002311	0.002346	0.002365	0.002373	0.002340	0.002355
479.000000	0.002077	0.002290	0.002296	0.002360	0.002301	0.002317	0.002244
480.000000	0.001989	0.002182	0.002205	0.002301	0.002181	0.002231	0.002158
481.000000	0.002011	0.002164	0.002185	0.002318	0.002172	0.002215	0.002260
482.000000	0.002111	0.002225	0.002227	0.002371	0.002247	0.002246	0.002440
483.000000	0.002171	0.002261	0.002267	0.002340	0.002284	0.002222	0.002452
484.000000	0.002174	0.002253	0.002287	0.002259	0.002263	0.002170	0.002312
485.000000	0.002185	0.002251	0.002309	0.002279	0.002245	0.002213	0.002232
486.000000	0.002220	0.002270	0.002339	0.002400	0.002259	0.002337	0.002272
487.000000	0.002237	0.002289	0.002363	0.002452	0.002299	0.002373	0.002315
488.000000	0.002223	0.002297	0.002375	0.002374	0.002349	0.002274	0.002297
489.000000	0.002214	0.002315	0.002384	0.002306	0.002388	0.002214	0.002255
490.000000	0.002230	0.002336	0.002383	0.002326	0.002394	0.002278	0.002222
491.000000	0.002231	0.002301	0.002324	0.002326	0.002350	0.002302	0.002208
492.000000	0.002193	0.002186	0.002202	0.002230	0.002264	0.002171	0.002215
493.000000	0.002178	0.002129	0.002172	0.002177	0.002246	0.002083	0.002248
494.000000	0.002246	0.002253	0.002361	0.002298	0.002381	0.002231	0.002303
495.000000	0.002321	0.002375	0.002551	0.002420	0.002510	0.002425	0.002331
496.000000	0.002297	0.002255	0.002452	0.002312	0.002423	0.002386	0.002277
497.000000	0.002199	0.002027	0.002177	0.002083	0.002218	0.002184	0.002174
498.000000	0.002112	0.001987	0.002023	0.002000	0.002128	0.002051	0.002095
499.000000	0.002068	0.002118	0.002034	0.002078	0.002168	0.002060	0.002071
500.000000	0.002058	0.002176	0.002074	0.002151	0.002197	0.002159	0.002103
501.000000	0.002072	0.002101	0.002086	0.002153	0.002178	0.002258	0.002144
502.000000	0.002102	0.002033	0.002096	0.002122	0.002188	0.002235	0.002108
503.000000	0.002148	0.002053	0.002124	0.002102	0.002253	0.002104	0.002022
504.000000	0.002220	0.002141	0.002172	0.002130	0.002318	0.002097	0.002093
505.000000	0.002309	0.002252	0.002226	0.002212	0.002345	0.002305	0.002378
506.000000	0.002354	0.002313	0.002251	0.002273	0.002354	0.002481	0.002560
507.000000	0.002309	0.002278	0.002222	0.002259	0.002361	0.002430	0.002422
508.000000	0.002206	0.002203	0.002162	0.002220	0.002341	0.002286	0.002225
509.000000	0.002097	0.002154	0.002106	0.002211	0.002274	0.002218	0.002246
510.000000	0.002060	0.002145	0.002099	0.002223	0.002198	0.002222	0.002354
511.000000	0.002158	0.002169	0.002178	0.002230	0.002166	0.002242	0.002324
512.000000	0.002279	0.002205	0.002275	0.002212	0.002172	0.002244	0.002206
513.000000	0.002250	0.002227	0.002283	0.002154	0.002187	0.002202	0.002164
514.000000	0.002101	0.002213	0.002217	0.002090	0.002200	0.002145	0.002204
515.000000	0.001998	0.002142	0.002169	0.002076	0.002209	0.002131	0.002230
516.000000	0.002003	0.002046	0.002167	0.002113	0.002219	0.002166	0.002211
517.000000	0.002079	0.002004	0.002176	0.002144	0.002235	0.002202	0.002181
518.000000	0.002166	0.002044	0.002176	0.002146	0.002261	0.002210	0.002162
519.000000	0.002191	0.002125	0.002177	0.002140	0.002291	0.002186	0.002160
520.000000	0.002129	0.002201	0.002181	0.002148	0.002313	0.002154	0.002175
521.000000	0.002069	0.002229	0.002175	0.002182	0.002295	0.002185	0.002197
522.000000	0.002075	0.002190	0.002155	0.002237	0.002225	0.002305	0.002216
523.000000	0.002106	0.002126	0.002141	0.002260	0.002159	0.002379	0.002226
524.000000	0.002106	0.002078	0.002146	0.002206	0.002141	0.002295	0.002216
525.000000	0.002065	0.002055	0.002142	0.002118	0.002127	0.002155	0.002180
526.000000	0.001991	0.002055	0.002097	0.002057	0.002065	0.002102	0.002115
527.000000	0.001948	0.002074	0.002072	0.002055	0.002015	0.002123	0.002077
528.000000	0.002010	0.002110	0.002149	0.002119	0.002073	0.002145	0.002135
529.000000	0.002110	0.002140	0.002249	0.002201	0.002181	0.002139	0.002224
530.000000	0.002102	0.002132	0.002201	0.002220	0.002193	0.002103	0.002210
531.000000	0.002008	0.002093	0.002036	0.002182	0.002112	0.002069	0.002105
532.000000	0.001996	0.002067	0.001953	0.002168	0.002068	0.002094	0.002050
533.000000	0.002099	0.002075	0.002011	0.002196	0.002102	0.002170	0.002090
534.000000	0.002165	0.002111	0.002082	0.002198	0.002131	0.002204	0.002138
535.000000	0.002128	0.002163	0.002100	0.002148	0.002120	0.002166	0.002151
536.000000	0.002094	0.002200	0.002132	0.002106	0.002129	0.002139	0.002173
537.000000	0.002129	0.002201	0.002208	0.002112	0.002192	0.002174	0.002226
538.000000	0.002150	0.002164	0.002236	0.002135	0.002236	0.002193	0.002236
539.000000	0.002088	0.002100	0.002147	0.002146	0.002202	0.002132	0.002151
540.000000	0.002023	0.002062	0.002064	0.002158	0.002150	0.002066	0.002067
541.000000	0.002049	0.002095	0.002121	0.002189	0.002157	0.002082	0.002088
542.000000	0.002119	0.002151	0.002227	0.002214	0.002202	0.002144	0.002159
543.000000	0.002137	0.002153	0.002227	0.002197	0.002235	0.002177	0.002178
544.000000	0.002093	0.002096	0.002126	0.002144	0.002236	0.002143	0.002140
545.000000	0.002018	0.002017	0.002017	0.002083	0.002204	0.002029	0.002090
546.000000	0.001947	0.001956	0.001959	0.002034	0.002157	0.001911	0.002054
547.000000	0.001914	0.001963	0.001987	0.002007	0.002124	0.001927	0.002037
548.000000	0.001929	0.002029	0.002063	0.002010	0.002110	0.002071	0.002051
549.000000	0.001973	0.002089	0.002081	0.002054	0.002094	0.002169	0.002114
550.000000	0.002027	0.002109	0.002017	0.002118	0.002073	0.002151	0.002210
551.000000	0.002076	0.002105	0.001996	0.002144	0.002070	0.002118	0.002265
552.000000	0.002103	0.002099	0.002074	0.002103	0.002097	0.002135	0.002237
553.000000	0.002084	0.002099	0.002110	0.002046	0.002125	0.002135	0.002172
554.000000	0.002017	0.002097	0.002003	0.002022	0.002126	0.002072	0.002109
555.000000	0.001967	0.002018	0.001895	0.002028	0.002085	0.002028	0.002016
556.000000	0.001993	0.001840	0.001931	0.002051	0.002004	0.002083	0.001892
557.000000	0.002009	0.001886	0.002007	0.002086	0.001957	0.002129	0.001977
558.000000	0.001910	0.002427	0.001963	0.002115	0.002006	0.002026	0.002444
559.000000	0.001780	0.002375	0.001862	0.001985	0.001953	0.001865	0.002289
560.000000	0.001779	0.000346	0.001859	0.001542	0.001541	0.001832	0.000289
561.000000	0.001865	-0.000321	0.001928	0.001468	0.001460	0.001894	-0.000244
562.000000	0.001859	0.006358	0.001920	0.002895	0.002922	0.001880	0.006512
563.000000	0.001824	0.011109	0.001879	0.003885	0.003975	0.001839	0.011251
564.000000	0.002054	-0.010028	0.002042	-0.000453	-0.000383	0.002038	-0.009900
565.000000	0.002508	-0.051717	0.002391	-0.009006	-0.009047	0.002453	-0.051573
566.000000	0.002655	-0.066077	0.002537	-0.011951	-0.012053	0.002626	-0.065946
567.000000	0.002276	-0.032898	0.002307	-0.005139	-0.005185	0.002351	-0.032831
568.000000	0.001868	0.004283	0.002019	0.002503	0.002530	0.002017	0.004304
569.000000	0.001821	0.010724	0.001937	0.003850	0.003875	0.001938	0.010772
570.000000	0.001931	0.002214	0.001955	0.002115	0.002096	0.001995	0.002318
571.000000	0.001947	-0.000610	0.001936	0.001511	0.001451	0.002023	-0.000472
572.000000	0.001913	0.001527	0.001895	0.001903	0.001829	0.002001	0.001650
573.000000	0.001936	0.002626	0.001885	0.002083	0.002034	0.001956	0.002677
574.000000	0.001984	0.002157	0.001902	0.001959	0.001956	0.001933	0.002136
575.000000	0.001975	0.001777	0.001921	0.001886	0.001919	0.001976	0.001761
576.000000	0.001930	0.001846	0.001929	0.001920	0.001983	0.002040	0.001887
577.000000	0.001924	0.001947	0.001926	0.001947	0.002053	0.002032	0.002012
578.000000	0.001953	0.001927	0.001921	0.001934	0.002077	0.001967	0.001981
579.000000	0.001941	0.001879	0.001935	0.001924	0.002042	0.001950	0.001955
580.000000	0.001874	0.001914	0.001966	0.001929	0.001974	0.002005	0.001995
581.000000	0.001810	0.002156	0.001985	0.001917	0.001941	0.002049	0.002026
582.000000	0.001791	0.002369	0.001978	0.001881	0.001968	0.002038	0.002011
583.000000	0.001808	0.001685	0.001964	0.001865	0.001997	0.002000	0.001995
584.000000	0.001849	0.000387	0.001963	0.001894	0.001987	0.001966	0.002015
585.000000	0.001896	0.001940	0.001978	0.001948	0.001957	0.001958	0.002051
586.000000	0.001930	0.008226	0.002008	0.001998	0.001940	0.001983	0.002085
587.000000	0.001948	0.013005	0.002024	0.002023	0.001972	0.002011	0.002116
588.000000	0.001948	0.009911	0.002001	0.002012	0.002071	0.002009	0.002147
589.000000	0.001939	0.003267	0.001958	0.001995	0.002152	0.001996	0.002151
590.000000	0.001932	0.000431	0.001930	0.002008	0.002108	0.002000	0.002098
591.000000	0.001912	0.001354	0.001926	0.002033	0.001997	0.002006	0.002021
592.000000	0.001859	0.002265	0.001941	0.002020	0.001951	0.001975	0.001985
593.000000	0.001806	0.002096	0.001958	0.001982	0.001993	0.001934	0.001999
594.000000	0.001825	0.001833	0.001951	0.001972	0.002061	0.001958	0.002036
595.000000	0.001897	0.001880	0.001918	0.001987	0.002089	0.002020	0.002054
596.000000	0.001910	0.001954	0.001885	0.001967	0.002015	0.001989	0.002002
597.000000	0.001838	0.001912	0.001872	0.001906	0.001866	0.001857	0.001904
598.000000	0.001792	0.001868	0.001890	0.001887	0.001811	0.001815	0.001895
599.000000	0.001837	0.001902	0.001935	0.001952	0.001923	0.001951	0.002024
600.000000	0.001898	0.001966	0.001962	0.002033	0.002032	0.002088	0.002125
601.000000	0.001911	0.002007	0.001941	0.002066	0.002004	0.002078	0.002078
602.000000	0.001902	0.002002	0.001891	0.002032	0.001920	0.001991	0.002001
603.000000	0.001910	0.001948	0.001848	0.001937	0.001892	0.001926	0.002028
604.000000	0.001935	0.001901	0.001847	0.001860	0.001948	0.001920	0.002113
605.000000	0.001964	0.001917	0.001913	0.001879	0.002083	0.001980	0.002168
606.000000	0.001958	0.001961	0.001988	0.001935	0.002189	0.002049	0.002155
607.000000	0.001875	0.001963	0.001985	0.001912	0.002132	0.002045	0.002063
608.000000	0.001756	0.001913	0.001915	0.001832	0.001971	0.001984	0.001947
609.000000	0.001691	0.001846	0.001854	0.001800	0.001882	0.001941	0.001899
610.000000	0.001720	0.001803	0.001840	0.001843	0.001903	0.001940	0.001942
611.000000	0.001832	0.001832	0.001878	0.001918	0.001950	0.001956	0.002037
612.000000	0.001968	0.001915	0.001945	0.001981	0.001967	0.001963	0.002125
613.000000	0.002010	0.001951	0.001989	0.001997	0.001940	0.001943	0.002130
614.000000	0.001917	0.001897	0.001981	0.001963	0.001884	0.001904	0.002040
615.000000	0.001794	0.001834	0.001947	0.001934	0.001856	0.001909	0.001962
616.000000	0.001731	0.001816	0.001906	0.001942	0.001886	0.001987	0.001968
617.000000	0.001738	0.001803	0.001852	0.001933	0.001917	0.002064	0.001998
618.000000	0.001801	0.001763	0.001785	0.001868	0.001898	0.002073	0.001992
619.000000	0.001873	0.001757	0.001747	0.001802	0.001866	0.002048	0.001966
620.000000	0.001901	0.001847	0.001781	0.001800	0.001867	0.002035	0.001945
621.000000	0.001871	0.001944	0.001841	0.001841	0.001884	0.002005	0.001906
622.000000	0.001786	0.001923	0.001861	0.001876	0.001880	0.001911	0.001814
623.000000	0.001725	0.001837	0.001860	0.001904	0.001875	0.001822	0.001751
624.000000	0.001793	0.001827	0.001898	0.001945	0.001916	0.001858	0.001848
625.000000	0.001917	0.001884	0.001955	0.001962	0.001961	0.001964	0.002025
626.000000	0.001891	0.001885	0.001954	0.001876	0.001906	0.001955	0.002046
627.000000	0.001729	0.001808	0.001883	0.001732	0.001778	0.001822	0.001899
628.000000	0.001685	0.001742	0.001801	0.001701	0.001753	0.001752	0.001822
629.000000	0.001828	0.001735	0.001759	0.001821	0.001874	0.001812	0.001906
630.000000	0.001927	0.001755	0.001777	0.001912	0.001964	0.001878	0.002004
631.000000	0.001859	0.001782	0.001855	0.001877	0.001933	0.001868	0.002013
632.000000	0.001798	0.001837	0.001940	0.001851	0.001922	0.001849	0.001986
633.000000	0.001872	0.001920	0.001985	0.001930	0.002027	0.001870	0.001973
634.000000	0.001918	0.001936	0.001970	0.001970	0.002091	0.001865	0.001936
635.000000	0.001772	0.001812	0.001891	0.001835	0.001962	0.001774	0.001839
636.000000	0.001582	0.001677	0.001789	0.001666	0.001765	0.001675	0.001733
637.000000	0.001557	0.001689	0.001714	0.001654	0.001683	0.001672	0.001690
638.000000	0.001659	0.001792	0.001700	0.001753	0.001712	0.001731	0.001723
639.000000	0.001749	0.001840	0.001768	0.001819	0.001766	0.001768	0.001815
640.000000	0.001789	0.001801	0.001863	0.001815	0.001805	0.001783	0.001914
641.000000	0.001808	0.001713	0.001888	0.001775	0.001825	0.001832	0.001951
642.000000	0.001823	0.001632	0.001834	0.001740	0.001830	0.001895	0.001931
643.000000	0.001840	0.001628	0.001778	0.001759	0.001836	0.001888	0.001926
644.000000	0.001843	0.001697	0.001748	0.001821	0.001835	0.001801	0.001941
645.000000	0.001785	0.001740	0.001702	0.001842	0.001791	0.001721	0.001895
646.000000	0.001681	0.001721	0.001647	0.001806	0.001712	0.001711	0.001783
647.000000	0.001659	0.001732	0.001685	0.001826	0.001693	0.001774	0.001748
648.000000	0.001778	0.001823	0.001851	0.001955	0.001784	0.001884	0.001862
649.000000	0.001887	0.001905	0.001978	0.002032	0.001887	0.001959	0.001959
650.000000	0.001854	0.001897	0.001927	0.001934	0.001908	0.001943	0.001902
651.000000	0.001769	0.001855	0.001824	0.001806	0.001861	0.001907	0.001819
652.000000	0.001751	0.001852	0.001818	0.001818	0.001785	0.001934	0.001861
653.000000	0.001771	0.001862	0.001857	0.001887	0.001726	0.001967	0.001941
654.000000	0.001753	0.001830	0.001826	0.001860	0.001725	0.001912	0.001903
655.000000	0.001709	0.001776	0.001750	0.001769	0.001746	0.001808	0.001792
656.000000	0.001688	0.001753	0.001718	0.001738	0.001723	0.001758	0.001749
657.000000	0.001703	0.001763	0.001726	0.001771	0.001675	0.001778	0.001783
658.000000	0.001737	0.001769	0.001698	0.001785	0.001689	0.001823	0.001807
659.000000	0.001767	0.001755	0.001642	0.001764	0.001765	0.001856	0.001791
660.000000	0.001769	0.001728	0.001648	0.001759	0.001818	0.001855	0.001764
661.000000	0.001737	0.001713	0.001735	0.001786	0.001807	0.001826	0.001741
662.000000	0.001692	0.001756	0.001804	0.001794	0.001769	0.001818	0.001714
663.000000	0.001662	0.001848	0.001798	0.001761	0.001742	0.001841	0.001686
664.000000	0.001673	0.001864	0.001768	0.001729	0.001753	0.001825	0.001693
665.000000	0.001732	0.001736	0.001762	0.001728	0.001803	0.001729	0.001749
666.000000	0.001784	0.001622	0.001765	0.001725	0.001827	0.001662	0.001785
667.000000	0.001775	0.001671	0.001749	0.001688	0.001770	0.001715	0.001742
668.000000	0.001712	0.001757	0.001692	0.001656	0.001687	0.001781	0.001666
669.000000	0.001624	0.001710	0.001587	0.001675	0.001656	0.001724	0.001627
670.000000	0.001557	0.001607	0.001508	0.001714	0.001671	0.001613	0.001629
671.000000	0.001562	0.001612	0.001556	0.001715	0.001688	0.001591	0.001651
672.000000	0.001609	0.001701	0.001674	0.001682	0.001682	0.001636	0.001668
673.000000	0.001629	0.001741	0.001720	0.001654	0.001639	0.001633	0.001657
674.000000	0.001614	0.001704	0.001655	0.001640	0.001590	0.001564	0.001632
675.000000	0.001612	0.001653	0.001530	0.001620	0.001604	0.001500	0.001640
676.000000	0.001625	0.001618	0.001417	0.001603	0.001673	0.001484	0.001681
677.000000	0.001601	0.001582	0.001415	0.001628	0.001698	0.001525	0.001702
678.000000	0.001540	0.001563	0.001536	0.001699	0.001653	0.001613	0.001686
679.000000	0.001541	0.001642	0.001654	0.001754	0.001648	0.001695	0.001688
680.000000	0.001639	0.001818	0.001673	0.001744	0.001736	0.001727	0.001732
681.000000	0.001690	0.001884	0.001623	0.001665	0.001799	0.001688	0.001755
682.000000	0.001585	0.001694	0.001547	0.001540	0.001737	0.001580	0.001709
683.000000	0.001448	0.001455	0.001486	0.001462	0.001605	0.001487	0.001641
684.000000	0.001422	0.001398	0.001471	0.001514	0.001490	0.001488	0.001607
685.000000	0.001493	0.001488	0.001488	0.001627	0.001446	0.001546	0.001603
686.000000	0.001595	0.001604	0.001513	0.001690	0.001505	0.001596	0.001606
687.000000	0.001673	0.001678	0.001541	0.001693	0.001612	0.001618	0.001603
688.000000	0.001688	0.001678	0.001581	0.001674	0.001676	0.001621	0.001589
689.000000	0.001658	0.001644	0.001625	0.001652	0.001697	0.001628	0.001605
690.000000	0.001637	0.001667	0.001659	0.001637	0.001735	0.001671	0.001713
691.000000	0.001628	0.001731	0.001666	0.001623	0.001768	0.001707	0.001854
692.000000	0.001578	0.001724	0.001631	0.001587	0.001698	0.001619	0.001853
693.000000	0.001498	0.001628	0.001565	0.001545	0.001548	0.001439	0.001701
694.000000	0.001485	0.001565	0.001516	0.001560	0.001512	0.001399	0.001615
695.000000	0.001566	0.001601	0.001513	0.001642	0.001653	0.001570	0.001697
696.000000	0.001612	0.001668	0.001546	0.001685	0.001761	0.001687	0.001787
697.000000	0.001555	0.001709	0.001598	0.001634	0.001699	0.001583	0.001764
698.000000	0.001541	0.001741	0.001641	0.001616	0.001617	0.001492	0.001692
699.000000	0.001684	0.001779	0.001656	0.001732	0.001658	0.001615	0.001650
700.000000	0.001807	0.001786	0.001653	0.001853	0.001727	0.001753	0.001649
701.000000	0.001709	0.001722	0.001651	0.001825	0.001694	0.001663	0.001681
702.000000	0.001536	0.001636	0.001666	0.001722	0.001610	0.001485	0.001720
703.000000	0.001529	0.001603	0.001704	0.001683	0.001579	0.001468	0.001740
704.000000	0.001628	0.001600	0.001707	0.001674	0.001590	0.001552	0.001709
705.000000	0.001627	0.001561	0.001590	0.001572	0.001579	0.001526	0.001605
706.000000	0.001534	0.001520	0.001438	0.001436	0.001570	0.001424	0.001505
707.000000	0.001517	0.001585	0.001455	0.001452	0.001650	0.001462	0.001556
708.000000	0.001581	0.001695	0.001609	0.001588	0.001771	0.001627	0.001700
709.000000	0.001547	0.001614	0.001611	0.001575	0.001730	0.001656	0.001658
710.000000	0.001383	0.001329	0.001403	0.001357	0.001513	0.001490	0.001395
711.000000	0.001290	0.001188	0.001295	0.001214	0.001396	0.001400	0.001258
712.000000	0.001381	0.001364	0.001445	0.001308	0.001509	0.001532	0.001422
713.000000	0.001551	0.001588	0.001623	0.001471	0.001616	0.001701	0.001624
714.000000	0.001677	0.001636	0.001639	0.001555	0.001544	0.001742	0.001646
715.000000	0.001682	0.001594	0.001593	0.001590	0.001463	0.001682	0.001593
716.000000	0.001532	0.001584	0.001610	0.001631	0.001548	0.001584	0.001609
717.000000	0.001348	0.001613	0.001662	0.001665	0.001698	0.001487	0.001698
718.000000	0.001283	0.001656	0.001690	0.001675	0.001757	0.001430	0.001821
719.000000	0.001405	0.001700	0.001738	0.001695	0.001727	0.001487	0.001924
720.000000	0.001720	0.001734	0.001872	0.001774	0.001682	0.001725	0.001946
721.000000	0.002006	0.001722	0.001978	0.001838	0.001672	0.001984	0.001878
722.000000	0.001924	0.001621	0.001856	0.001755	0.001736	0.001989	0.001747
723.000000	0.001616	0.001523	0.001638	0.001620	0.001837	0.001820	0.001726
724.000000	0.001612	0.001628	0.001725	0.001710	0.001879	0.001849	0.002096
725.000000	0.001978	0.001892	0.002081	0.001966	0.001809	0.002098	0.002698
726.000000	0.002230	0.001986	0.002154	0.001923	0.001628	0.002178	0.002859
727.000000	0.002141	0.001824	0.001777	0.001520	0.001446	0.001975	0.002417
728.000000	0.001970	0.001755	0.001470	0.001399	0.001545	0.001878	0.002108
729.000000	0.001887	0.001950	0.001557	0.001887	0.001979	0.002082	0.002339
730.000000	0.001735	0.002063	0.001754	0.002400	0.002224	0.002224	0.002543
731.000000	0.001372	0.001801	0.001780	0.002425	0.001860	0.001987	0.002210
732.000000	0.000876	0.001297	0.001682	0.002120	0.001109	0.001504	0.001522
