[HEADER]
Format	J&M ASCII Table
Comment	
Date	5/27/2023 9:59:21 AM
Order	Y (evenX)
TechType	UV
NumPoints	483
FirstX	250.00
LastX	732.00
XType	NMetr
YType	Absrb
ZType	Secs
NumSubFile	7
Matrix	Z vs X
[DATA]
	0.000000	5.000064	10.000192	15.000256	20.000320	25.000448	30.000511
250.000000	0.000742	0.001020	0.001514	0.001511	0.001697	0.001860	0.002178
251.000000	0.000811	0.001002	0.001551	0.001489	0.001692	0.001732	0.002249
252.000000	0.000825	0.001161	0.001555	0.001570	0.001914	0.001863	0.002395
253.000000	0.000859	0.001321	0.001511	0.001649	0.002041	0.001977	0.002508
254.000000	0.000949	0.001320	0.001409	0.001631	0.001839	0.001858	0.002492
255.000000	0.000967	0.001127	0.001252	0.001523	0.001532	0.001660	0.002353
256.000000	0.000784	0.000773	0.001056	0.001346	0.001391	0.001574	0.002124
257.000000	0.000444	0.000458	0.000869	0.001108	0.001382	0.001540	0.001863
258.000000	0.000059	0.000398	0.000741	0.000819	0.001375	0.001434	0.001633
259.000000	-0.000190	0.000472	0.000650	0.000586	0.001289	0.001277	0.001434
260.000000	-0.000104	0.000412	0.000544	0.000550	0.001086	0.001164	0.001247
261.000000	0.000247	0.000292	0.000481	0.000686	0.000901	0.001139	0.001165
262.000000	0.000589	0.000440	0.000600	0.000838	0.000997	0.001206	0.001359
263.000000	0.000749	0.000801	0.000835	0.000913	0.001302	0.001291	0.001697
264.000000	0.000683	0.000874	0.000893	0.000895	0.001365	0.001235	0.001702
265.000000	0.000423	0.000499	0.000673	0.000782	0.001022	0.001002	0.001244
266.000000	0.000131	0.000137	0.000426	0.000592	0.000637	0.000768	0.000810
267.000000	-0.000052	0.000099	0.000335	0.000385	0.000484	0.000662	0.000734
268.000000	-0.000053	0.000160	0.000321	0.000321	0.000481	0.000642	0.000803
269.000000	0.000129	0.000090	0.000290	0.000493	0.000508	0.000643	0.000774
270.000000	0.000260	-0.000037	0.000260	0.000664	0.000517	0.000625	0.000643
271.000000	0.000117	-0.000084	0.000267	0.000584	0.000493	0.000567	0.000479
272.000000	-0.000087	-0.000000	0.000330	0.000424	0.000495	0.000516	0.000429
273.000000	-0.000012	0.000214	0.000445	0.000483	0.000594	0.000542	0.000639
274.000000	0.000241	0.000409	0.000510	0.000660	0.000671	0.000639	0.000916
275.000000	0.000335	0.000358	0.000372	0.000646	0.000514	0.000756	0.000891
276.000000	0.000192	0.000115	0.000127	0.000420	0.000194	0.000820	0.000579
277.000000	-0.000036	-0.000031	0.000076	0.000220	0.000023	0.000744	0.000319
278.000000	-0.000179	0.000044	0.000276	0.000178	0.000126	0.000551	0.000301
279.000000	-0.000058	0.000242	0.000466	0.000290	0.000383	0.000410	0.000504
280.000000	0.000298	0.000434	0.000470	0.000477	0.000631	0.000410	0.000809
281.000000	0.000465	0.000459	0.000311	0.000529	0.000656	0.000478	0.000936
282.000000	0.000203	0.000248	0.000080	0.000333	0.000373	0.000529	0.000730
283.000000	-0.000069	0.000006	-0.000003	0.000079	0.000078	0.000506	0.000439
284.000000	0.000048	-0.000073	0.000217	-0.000032	0.000044	0.000383	0.000317
285.000000	0.000336	-0.000072	0.000497	-0.000012	0.000138	0.000244	0.000303
286.000000	0.000456	-0.000116	0.000535	0.000072	0.000161	0.000197	0.000278
287.000000	0.000453	-0.000117	0.000415	0.000188	0.000230	0.000306	0.000324
288.000000	0.000513	0.000080	0.000370	0.000314	0.000562	0.000593	0.000582
289.000000	0.000604	0.000334	0.000425	0.000388	0.000939	0.000874	0.000907
290.000000	0.000561	0.000332	0.000478	0.000330	0.000886	0.000845	0.000979
291.000000	0.000341	0.000078	0.000475	0.000168	0.000448	0.000516	0.000739
292.000000	0.000025	-0.000124	0.000413	0.000037	0.000168	0.000197	0.000385
293.000000	-0.000262	-0.000132	0.000322	0.000015	0.000261	0.000064	0.000111
294.000000	-0.000341	-0.000051	0.000279	0.000097	0.000459	0.000086	0.000099
295.000000	-0.000168	0.000014	0.000287	0.000226	0.000527	0.000194	0.000355
296.000000	0.000007	-0.000006	0.000182	0.000259	0.000374	0.000265	0.000529
297.000000	0.000006	-0.000123	-0.000110	0.000114	0.000019	0.000210	0.000376
298.000000	-0.000005	-0.000187	-0.000306	-0.000054	-0.000240	0.000073	0.000135
299.000000	0.000141	-0.000067	-0.000150	-0.000084	-0.000139	-0.000073	0.000075
300.000000	0.000282	0.000095	0.000130	-0.000017	0.000125	-0.000125	0.000151
301.000000	0.000191	0.000105	0.000211	0.000048	0.000249	-0.000004	0.000224
302.000000	-0.000037	-0.000007	0.000160	0.000064	0.000201	0.000175	0.000204
303.000000	-0.000172	-0.000116	0.000215	0.000012	0.000079	0.000214	0.000036
304.000000	-0.000152	-0.000180	0.000337	-0.000071	-0.000028	0.000113	-0.000163
305.000000	-0.000036	-0.000216	0.000306	-0.000108	-0.000040	0.000005	-0.000166
306.000000	0.000096	-0.000221	0.000098	-0.000065	0.000038	-0.000029	0.000042
307.000000	0.000148	-0.000166	-0.000105	0.000043	0.000118	0.000032	0.000251
308.000000	0.000120	-0.000052	-0.000203	0.000184	0.000148	0.000157	0.000338
309.000000	0.000162	0.000068	-0.000240	0.000300	0.000137	0.000245	0.000320
310.000000	0.000321	0.000154	-0.000236	0.000356	0.000107	0.000237	0.000251
311.000000	0.000373	0.000189	-0.000133	0.000378	0.000095	0.000186	0.000238
312.000000	0.000170	0.000177	0.000082	0.000385	0.000127	0.000149	0.000334
313.000000	-0.000040	0.000187	0.000237	0.000346	0.000186	0.000143	0.000390
314.000000	0.000008	0.000271	0.000167	0.000232	0.000238	0.000171	0.000257
315.000000	0.000206	0.000316	-0.000013	0.000117	0.000190	0.000200	0.000043
316.000000	0.000341	0.000187	-0.000111	0.000090	-0.000033	0.000189	-0.000074
317.000000	0.000375	0.000018	-0.000088	0.000110	-0.000252	0.000162	-0.000047
318.000000	0.000361	0.000057	0.000017	0.000074	-0.000175	0.000170	0.000099
319.000000	0.000275	0.000193	0.000112	-0.000015	0.000091	0.000165	0.000211
320.000000	0.000046	0.000054	0.000074	-0.000077	0.000154	0.000032	0.000056
321.000000	-0.000213	-0.000313	-0.000051	-0.000063	-0.000014	-0.000160	-0.000256
322.000000	-0.000189	-0.000390	-0.000022	0.000043	-0.000025	-0.000138	-0.000235
323.000000	0.000145	-0.000027	0.000201	0.000195	0.000248	0.000141	0.000220
324.000000	0.000323	0.000286	0.000326	0.000259	0.000475	0.000336	0.000538
325.000000	0.000096	0.000221	0.000196	0.000160	0.000433	0.000240	0.000370
326.000000	-0.000139	-0.000004	0.000069	-0.000003	0.000273	0.000067	0.000065
327.000000	-0.000036	-0.000142	0.000159	-0.000113	0.000172	0.000033	-0.000020
328.000000	0.000196	-0.000152	0.000285	-0.000089	0.000202	0.000127	0.000116
329.000000	0.000269	-0.000048	0.000225	0.000112	0.000380	0.000272	0.000369
330.000000	0.000232	0.000108	0.000093	0.000338	0.000571	0.000324	0.000529
331.000000	0.000233	0.000240	0.000096	0.000391	0.000602	0.000143	0.000392
332.000000	0.000249	0.000268	0.000198	0.000289	0.000505	-0.000144	0.000131
333.000000	0.000165	0.000126	0.000238	0.000157	0.000415	-0.000279	0.000104
334.000000	-0.000027	-0.000089	0.000161	0.000051	0.000298	-0.000250	0.000241
335.000000	-0.000252	-0.000152	0.000001	-0.000035	-0.000007	-0.000244	0.000137
336.000000	-0.000404	-0.000024	-0.000147	-0.000108	-0.000389	-0.000281	-0.000203
337.000000	-0.000345	0.000104	-0.000124	-0.000176	-0.000417	-0.000182	-0.000279
338.000000	-0.000072	0.000121	0.000103	-0.000211	0.000002	0.000095	0.000062
339.000000	0.000181	0.000068	0.000337	-0.000134	0.000330	0.000334	0.000323
340.000000	0.000253	-0.000004	0.000402	0.000071	0.000224	0.000380	0.000178
341.000000	0.000230	-0.000076	0.000231	0.000230	0.000000	0.000307	-0.000076
342.000000	0.000210	-0.000132	-0.000153	0.000184	-0.000021	0.000212	-0.000137
343.000000	0.000163	-0.000151	-0.000439	-0.000033	0.000065	0.000153	-0.000082
344.000000	0.000048	-0.000123	-0.000326	-0.000326	0.000086	0.000153	-0.000056
345.000000	-0.000060	-0.000080	-0.000049	-0.000508	0.000026	0.000114	-0.000025
346.000000	-0.000054	-0.000073	-0.000004	-0.000392	-0.000070	-0.000092	0.000097
347.000000	0.000035	-0.000112	-0.000156	-0.000102	-0.000171	-0.000354	0.000246
348.000000	0.000097	-0.000185	-0.000231	0.000065	-0.000254	-0.000436	0.000282
349.000000	0.000093	-0.000231	-0.000176	0.000070	-0.000289	-0.000288	0.000198
350.000000	0.000044	-0.000151	-0.000122	0.000087	-0.000242	-0.000016	0.000101
351.000000	-0.000023	0.000032	-0.000106	0.000147	-0.000134	0.000226	0.000021
352.000000	-0.000079	0.000146	-0.000037	0.000100	-0.000051	0.000232	-0.000111
353.000000	-0.000110	0.000089	0.000092	-0.000112	-0.000041	-0.000045	-0.000281
354.000000	-0.000131	-0.000091	0.000120	-0.000345	-0.000068	-0.000350	-0.000309
355.000000	-0.000155	-0.000321	-0.000035	-0.000466	-0.000098	-0.000470	-0.000115
356.000000	-0.000186	-0.000495	-0.000185	-0.000437	-0.000124	-0.000377	0.000061
357.000000	-0.000208	-0.000520	-0.000156	-0.000259	-0.000135	-0.000111	0.000029
358.000000	-0.000146	-0.000351	-0.000022	-0.000033	-0.000080	0.000154	0.000032
359.000000	0.000050	0.000005	0.000088	0.000124	0.000078	0.000240	0.000341
360.000000	0.000157	0.000319	0.000125	0.000181	0.000224	0.000197	0.000647
361.000000	-0.000114	0.000307	0.000077	0.000146	0.000197	0.000152	0.000469
362.000000	-0.000544	0.000053	-0.000018	0.000051	0.000026	0.000104	-0.000041
363.000000	-0.000639	-0.000146	-0.000097	-0.000060	-0.000146	-0.000022	-0.000369
364.000000	-0.000405	-0.000192	-0.000148	-0.000149	-0.000257	-0.000205	-0.000414
365.000000	-0.000291	-0.000162	-0.000202	-0.000184	-0.000313	-0.000337	-0.000437
366.000000	-0.000401	-0.000108	-0.000233	-0.000160	-0.000289	-0.000341	-0.000492
367.000000	-0.000381	-0.000042	-0.000137	-0.000103	-0.000118	-0.000181	-0.000352
368.000000	-0.000069	0.000022	0.000102	-0.000028	0.000186	0.000101	0.000042
369.000000	0.000275	0.000064	0.000323	0.000074	0.000448	0.000320	0.000393
370.000000	0.000415	0.000070	0.000395	0.000183	0.000521	0.000357	0.000466
371.000000	0.000319	0.000063	0.000317	0.000190	0.000382	0.000313	0.000319
372.000000	0.000030	0.000062	0.000131	0.000014	0.000077	0.000298	0.000072
373.000000	-0.000232	0.000064	-0.000045	-0.000221	-0.000174	0.000268	-0.000114
374.000000	-0.000243	0.000058	-0.000094	-0.000354	-0.000145	0.000164	-0.000095
375.000000	-0.000066	0.000022	-0.000069	-0.000314	0.000064	0.000070	0.000070
376.000000	0.000121	-0.000065	-0.000079	-0.000087	0.000232	0.000110	0.000240
377.000000	0.000209	-0.000167	-0.000122	0.000187	0.000281	0.000200	0.000301
378.000000	0.000141	-0.000213	-0.000127	0.000284	0.000219	0.000136	0.000164
379.000000	-0.000012	-0.000182	-0.000089	0.000174	0.000086	-0.000033	-0.000066
380.000000	-0.000067	-0.000096	-0.000059	0.000003	-0.000048	-0.000030	-0.000118
381.000000	0.000032	0.000009	-0.000005	-0.000081	-0.000094	0.000191	0.000082
382.000000	0.000167	0.000080	0.000214	0.000064	0.000064	0.000367	0.000327
383.000000	0.000237	0.000090	0.000567	0.000401	0.000391	0.000337	0.000466
384.000000	0.000197	0.000066	0.000682	0.000549	0.000553	0.000190	0.000481
385.000000	0.000052	0.000025	0.000346	0.000280	0.000351	0.000031	0.000383
386.000000	-0.000068	-0.000065	-0.000059	-0.000061	0.000077	-0.000068	0.000217
387.000000	-0.000053	-0.000219	-0.000158	-0.000132	0.000021	-0.000062	0.000032
388.000000	-0.000001	-0.000340	-0.000081	-0.000073	0.000068	-0.000008	-0.000119
389.000000	-0.000044	-0.000326	-0.000070	-0.000116	0.000018	0.000018	-0.000199
390.000000	-0.000126	-0.000273	-0.000124	-0.000201	-0.000103	0.000008	-0.000252
391.000000	-0.000125	-0.000337	-0.000148	-0.000163	-0.000183	-0.000022	-0.000347
392.000000	-0.000043	-0.000429	-0.000108	-0.000009	-0.000174	-0.000085	-0.000392
393.000000	0.000039	-0.000314	-0.000013	0.000140	-0.000072	-0.000215	-0.000211
394.000000	0.000052	-0.000066	0.000072	0.000165	0.000070	-0.000384	0.000100
395.000000	-0.000061	-0.000032	0.000031	-0.000049	0.000156	-0.000510	0.000193
396.000000	-0.000234	-0.000247	-0.000122	-0.000403	0.000172	-0.000515	0.000020
397.000000	-0.000239	-0.000312	-0.000202	-0.000516	0.000219	-0.000334	-0.000056
398.000000	-0.000016	-0.000051	-0.000117	-0.000250	0.000318	-0.000022	0.000112
399.000000	0.000133	0.000212	0.000011	0.000014	0.000318	0.000130	0.000189
400.000000	0.000015	0.000245	0.000090	-0.000008	0.000143	-0.000025	-0.000029
401.000000	-0.000127	0.000254	0.000188	-0.000126	0.000001	-0.000132	-0.000194
402.000000	-0.000052	0.000441	0.000363	-0.000118	0.000079	0.000120	0.000009
403.000000	0.000107	0.000624	0.000499	-0.000019	0.000235	0.000421	0.000293
404.000000	0.000144	0.000556	0.000458	0.000070	0.000265	0.000366	0.000267
405.000000	0.000083	0.000322	0.000300	0.000118	0.000168	0.000117	0.000054
406.000000	0.000038	0.000136	0.000164	0.000122	0.000033	0.000050	-0.000034
407.000000	0.000044	0.000063	0.000112	0.000114	-0.000030	0.000203	0.000026
408.000000	0.000086	0.000076	0.000155	0.000142	0.000091	0.000402	0.000080
409.000000	0.000163	0.000156	0.000248	0.000202	0.000300	0.000521	0.000094
410.000000	0.000286	0.000290	0.000301	0.000244	0.000317	0.000491	0.000145
411.000000	0.000385	0.000408	0.000275	0.000229	0.000097	0.000320	0.000226
412.000000	0.000284	0.000356	0.000205	0.000138	-0.000079	0.000124	0.000201
413.000000	-0.000018	0.000104	0.000133	0.000011	-0.000039	-0.000009	0.000042
414.000000	-0.000156	-0.000122	0.000108	0.000011	0.000127	-0.000054	-0.000054
415.000000	0.000085	-0.000150	0.000152	0.000213	0.000297	-0.000015	0.000044
416.000000	0.000354	-0.000056	0.000204	0.000406	0.000360	0.000049	0.000200
417.000000	0.000310	0.000050	0.000205	0.000389	0.000247	0.000083	0.000259
418.000000	0.000122	0.000098	0.000158	0.000263	0.000073	0.000095	0.000212
419.000000	0.000058	0.000053	0.000086	0.000187	-0.000012	0.000109	0.000096
420.000000	0.000062	-0.000003	0.000043	0.000153	-0.000009	0.000130	0.000005
421.000000	-0.000037	0.000055	0.000085	0.000088	0.000022	0.000152	0.000042
422.000000	-0.000147	0.000198	0.000180	0.000033	0.000063	0.000169	0.000185
423.000000	-0.000026	0.000303	0.000237	0.000094	0.000115	0.000171	0.000330
424.000000	0.000246	0.000289	0.000230	0.000206	0.000131	0.000150	0.000381
425.000000	0.000304	0.000117	0.000184	0.000151	0.000018	0.000100	0.000250
426.000000	0.000088	-0.000133	0.000144	-0.000068	-0.000165	0.000067	-0.000002
427.000000	-0.000044	-0.000230	0.000171	-0.000144	-0.000162	0.000156	-0.000119
428.000000	0.000069	-0.000107	0.000256	0.000047	0.000084	0.000352	-0.000002
429.000000	0.000143	-0.000042	0.000247	0.000230	0.000217	0.000393	0.000115
430.000000	-0.000006	-0.000206	0.000062	0.000199	0.000011	0.000140	0.000051
431.000000	-0.000140	-0.000349	-0.000136	0.000074	-0.000240	-0.000102	-0.000100
432.000000	-0.000032	-0.000236	-0.000190	-0.000000	-0.000241	-0.000050	-0.000214
433.000000	0.000125	-0.000026	-0.000169	-0.000029	-0.000092	0.000116	-0.000241
434.000000	0.000073	0.000041	-0.000182	-0.000057	0.000012	0.000135	-0.000164
435.000000	-0.000111	-0.000048	-0.000182	-0.000088	0.000018	0.000033	-0.000056
436.000000	-0.000229	-0.000215	-0.000076	-0.000113	-0.000065	-0.000048	-0.000016
437.000000	-0.000252	-0.000341	0.000079	-0.000125	-0.000166	-0.000068	-0.000044
438.000000	-0.000251	-0.000292	0.000140	-0.000122	-0.000182	-0.000049	-0.000081
439.000000	-0.000229	-0.000125	0.000095	-0.000106	-0.000110	-0.000015	-0.000106
440.000000	-0.000129	-0.000059	0.000047	-0.000079	-0.000036	0.000004	-0.000133
441.000000	0.000015	-0.000146	0.000038	-0.000049	-0.000013	-0.000006	-0.000147
442.000000	0.000048	-0.000209	0.000021	-0.000023	-0.000042	-0.000040	-0.000094
443.000000	-0.000065	-0.000151	-0.000018	-0.000001	-0.000087	-0.000080	0.000029
444.000000	-0.000108	-0.000045	-0.000026	0.000034	-0.000044	-0.000083	0.000120
445.000000	0.000047	0.000038	0.000029	0.000086	0.000126	-0.000026	0.000114
446.000000	0.000196	0.000084	0.000084	0.000113	0.000253	0.000055	0.000085
447.000000	0.000152	0.000094	0.000082	0.000086	0.000192	0.000115	0.000104
448.000000	0.000039	0.000086	0.000058	0.000056	0.000069	0.000119	0.000137
449.000000	0.000030	0.000075	0.000064	0.000082	0.000047	0.000045	0.000134
450.000000	0.000094	0.000061	0.000098	0.000130	0.000098	-0.000025	0.000129
451.000000	0.000126	0.000040	0.000138	0.000139	0.000120	0.000014	0.000186
452.000000	0.000116	0.000038	0.000164	0.000117	0.000110	0.000125	0.000263
453.000000	0.000110	0.000098	0.000159	0.000114	0.000123	0.000192	0.000265
454.000000	0.000124	0.000180	0.000129	0.000132	0.000146	0.000185	0.000199
455.000000	0.000148	0.000173	0.000099	0.000135	0.000115	0.000151	0.000156
456.000000	0.000167	0.000061	0.000083	0.000109	0.000035	0.000122	0.000170
457.000000	0.000157	-0.000053	0.000084	0.000072	0.000001	0.000107	0.000198
458.000000	0.000111	-0.000104	0.000092	0.000048	0.000046	0.000102	0.000199
459.000000	0.000046	-0.000108	0.000077	0.000059	0.000083	0.000076	0.000154
460.000000	-0.000016	-0.000087	0.000034	0.000106	0.000055	0.000027	0.000068
461.000000	-0.000054	-0.000055	0.000027	0.000136	0.000027	0.000027	0.000000
462.000000	-0.000054	-0.000019	0.000104	0.000105	0.000057	0.000125	0.000002
463.000000	-0.000031	0.000021	0.000185	0.000058	0.000104	0.000214	0.000047
464.000000	-0.000005	0.000065	0.000178	0.000053	0.000113	0.000177	0.000094
465.000000	0.000020	0.000086	0.000122	0.000059	0.000106	0.000093	0.000145
466.000000	0.000044	0.000052	0.000097	0.000026	0.000132	0.000099	0.000216
467.000000	0.000057	0.000018	0.000119	0.000005	0.000191	0.000170	0.000284
468.000000	0.000043	0.000073	0.000163	0.000097	0.000254	0.000196	0.000306
469.000000	0.000022	0.000154	0.000196	0.000232	0.000266	0.000160	0.000267
470.000000	0.000045	0.000073	0.000175	0.000206	0.000152	0.000128	0.000175
471.000000	0.000099	-0.000150	0.000113	0.000010	-0.000054	0.000120	0.000071
472.000000	0.000100	-0.000248	0.000080	-0.000133	-0.000187	0.000102	0.000024
473.000000	0.000008	-0.000134	0.000089	-0.000120	-0.000177	0.000061	0.000042
474.000000	-0.000131	-0.000056	0.000039	-0.000080	-0.000133	0.000023	0.000016
475.000000	-0.000249	-0.000164	-0.000106	-0.000102	-0.000129	0.000010	-0.000099
476.000000	-0.000242	-0.000270	-0.000189	-0.000108	-0.000107	0.000027	-0.000162
477.000000	-0.000062	-0.000207	-0.000087	-0.000027	-0.000020	0.000071	-0.000065
478.000000	0.000100	-0.000089	0.000066	0.000071	0.000051	0.000105	0.000048
479.000000	0.000049	-0.000063	0.000112	0.000102	0.000018	0.000099	0.000016
480.000000	-0.000086	-0.000065	0.000084	0.000068	-0.000046	0.000079	-0.000070
481.000000	-0.000084	0.000024	0.000076	0.000002	-0.000028	0.000088	-0.000046
482.000000	0.000019	0.000113	0.000058	-0.000072	0.000037	0.000105	0.000037
483.000000	0.000062	0.000011	-0.000058	-0.000136	0.000042	0.000078	0.000028
484.000000	0.000033	-0.000185	-0.000191	-0.000151	0.000002	0.000030	-0.000054
485.000000	0.000034	-0.000171	-0.000138	-0.000073	0.000022	0.000040	-0.000056
486.000000	0.000081	0.000051	0.000076	0.000055	0.000106	0.000107	0.000047
487.000000	0.000090	0.000135	0.000167	0.000088	0.000145	0.000149	0.000142
488.000000	0.000035	-0.000038	0.000044	0.000003	0.000103	0.000134	0.000162
489.000000	-0.000001	-0.000176	-0.000051	-0.000013	0.000072	0.000121	0.000138
490.000000	0.000021	-0.000106	0.000023	0.000129	0.000103	0.000135	0.000103
491.000000	0.000023	-0.000024	0.000096	0.000240	0.000119	0.000092	0.000071
492.000000	-0.000044	-0.000093	0.000034	0.000172	0.000063	-0.000050	0.000049
493.000000	-0.000056	-0.000166	-0.000006	0.000054	0.000022	-0.000123	0.000026
494.000000	0.000098	-0.000080	0.000136	0.000045	0.000085	0.000028	-0.000004
495.000000	0.000248	0.000038	0.000293	0.000104	0.000175	0.000230	-0.000024
496.000000	0.000174	-0.000004	0.000225	0.000133	0.000176	0.000238	-0.000007
497.000000	-0.000019	-0.000132	0.000029	0.000122	0.000101	0.000097	0.000020
498.000000	-0.000080	-0.000147	-0.000043	0.000100	0.000023	-0.000006	0.000011
499.000000	0.000001	-0.000049	0.000016	0.000069	-0.000019	-0.000017	-0.000036
500.000000	0.000062	0.000025	0.000047	0.000013	-0.000013	0.000022	-0.000093
501.000000	0.000039	0.000023	0.000012	-0.000049	0.000024	0.000076	-0.000116
502.000000	-0.000023	-0.000014	0.000008	-0.000059	0.000046	0.000121	-0.000051
503.000000	-0.000066	-0.000039	0.000076	0.000005	0.000039	0.000154	0.000088
504.000000	-0.000023	-0.000008	0.000163	0.000105	0.000047	0.000200	0.000175
505.000000	0.000110	0.000085	0.000216	0.000195	0.000092	0.000259	0.000145
506.000000	0.000183	0.000144	0.000200	0.000223	0.000146	0.000262	0.000078
507.000000	0.000092	0.000106	0.000110	0.000164	0.000175	0.000169	0.000054
508.000000	-0.000052	0.000043	0.000023	0.000084	0.000145	0.000065	0.000077
509.000000	-0.000115	0.000034	0.000013	0.000054	0.000044	0.000038	0.000130
510.000000	-0.000078	0.000056	0.000037	0.000071	-0.000023	0.000083	0.000172
511.000000	0.000039	0.000055	0.000026	0.000107	0.000060	0.000158	0.000163
512.000000	0.000153	0.000030	-0.000020	0.000122	0.000201	0.000210	0.000125
513.000000	0.000162	0.000000	-0.000067	0.000078	0.000226	0.000178	0.000106
514.000000	0.000080	-0.000018	-0.000085	0.000013	0.000139	0.000083	0.000102
515.000000	0.000003	-0.000012	-0.000047	0.000011	0.000059	0.000000	0.000075
516.000000	-0.000031	0.000015	0.000030	0.000073	0.000034	-0.000025	0.000044
517.000000	-0.000036	0.000049	0.000089	0.000120	0.000042	0.000031	0.000080
518.000000	-0.000026	0.000078	0.000102	0.000114	0.000065	0.000135	0.000170
519.000000	-0.000016	0.000089	0.000083	0.000080	0.000097	0.000177	0.000186
520.000000	-0.000013	0.000074	0.000055	0.000052	0.000133	0.000118	0.000076
521.000000	0.000003	0.000029	0.000054	0.000075	0.000158	0.000069	-0.000043
522.000000	0.000039	-0.000031	0.000096	0.000162	0.000160	0.000103	-0.000074
523.000000	0.000083	-0.000052	0.000135	0.000220	0.000121	0.000136	-0.000052
524.000000	0.000111	0.000003	0.000127	0.000167	0.000039	0.000085	-0.000026
525.000000	0.000081	0.000038	0.000078	0.000053	-0.000028	0.000021	-0.000016
526.000000	-0.000037	-0.000044	0.000010	-0.000040	-0.000017	0.000038	-0.000025
527.000000	-0.000150	-0.000141	-0.000023	-0.000071	0.000054	0.000108	-0.000015
528.000000	-0.000129	-0.000088	0.000032	-0.000024	0.000134	0.000158	0.000057
529.000000	-0.000014	0.000054	0.000121	0.000048	0.000191	0.000151	0.000143
530.000000	0.000061	0.000096	0.000134	0.000054	0.000208	0.000077	0.000141
531.000000	0.000066	0.000024	0.000073	0.000009	0.000188	-0.000023	0.000071
532.000000	0.000063	-0.000023	0.000044	0.000015	0.000155	-0.000070	0.000050
533.000000	0.000080	0.000008	0.000074	0.000090	0.000127	-0.000040	0.000108
534.000000	0.000091	0.000056	0.000088	0.000141	0.000121	0.000015	0.000157
535.000000	0.000083	0.000080	0.000063	0.000120	0.000139	0.000066	0.000158
536.000000	0.000072	0.000088	0.000082	0.000084	0.000164	0.000127	0.000164
537.000000	0.000069	0.000089	0.000178	0.000069	0.000174	0.000198	0.000205
538.000000	0.000057	0.000071	0.000229	0.000043	0.000143	0.000229	0.000214
539.000000	0.000030	0.000036	0.000141	-0.000014	0.000066	0.000185	0.000145
540.000000	0.000024	0.000036	0.000034	-0.000011	0.000025	0.000130	0.000096
541.000000	0.000079	0.000115	0.000051	0.000133	0.000099	0.000132	0.000169
542.000000	0.000160	0.000190	0.000134	0.000286	0.000204	0.000161	0.000275
543.000000	0.000209	0.000145	0.000162	0.000261	0.000213	0.000156	0.000269
544.000000	0.000199	0.000026	0.000114	0.000103	0.000140	0.000128	0.000174
545.000000	0.000121	-0.000041	0.000027	-0.000020	0.000073	0.000123	0.000097
546.000000	0.000011	-0.000031	-0.000045	-0.000041	0.000043	0.000136	0.000085
547.000000	-0.000068	0.000001	-0.000035	0.000028	0.000042	0.000118	0.000136
548.000000	-0.000084	0.000030	0.000043	0.000131	0.000062	0.000072	0.000202
549.000000	-0.000049	0.000064	0.000078	0.000168	0.000109	0.000051	0.000191
550.000000	0.000015	0.000101	0.000035	0.000116	0.000170	0.000076	0.000094
551.000000	0.000072	0.000115	-0.000002	0.000075	0.000209	0.000106	0.000037
552.000000	0.000101	0.000098	0.000028	0.000107	0.000204	0.000112	0.000091
553.000000	0.000114	0.000075	0.000091	0.000153	0.000175	0.000100	0.000153
554.000000	0.000109	0.000070	0.000145	0.000154	0.000135	0.000081	0.000136
555.000000	0.000016	0.000074	0.000152	0.000117	0.000049	0.000053	0.000090
556.000000	-0.000177	0.000071	0.000087	0.000058	-0.000078	0.000026	0.000073
557.000000	-0.000088	0.000030	-0.000014	-0.000001	0.000012	0.000077	0.000050
558.000000	0.000590	-0.000071	-0.000100	-0.000042	0.000508	0.000251	-0.000033
559.000000	0.000538	-0.000167	-0.000142	-0.000053	0.000370	0.000145	-0.000114
560.000000	-0.001911	-0.000162	-0.000130	-0.000029	-0.001682	-0.000716	-0.000087
561.000000	-0.002757	-0.000085	-0.000082	0.000005	-0.002301	-0.000932	0.000017
562.000000	0.005180	-0.000056	-0.000041	0.000007	0.004428	0.001932	0.000077
563.000000	0.010892	-0.000082	-0.000009	-0.000007	0.009190	0.003953	0.000074
564.000000	-0.014142	-0.000062	0.000049	0.000040	-0.012003	-0.004906	0.000097
565.000000	-0.063628	0.000025	0.000124	0.000146	-0.053793	-0.022393	0.000165
566.000000	-0.080712	0.000078	0.000144	0.000191	-0.068205	-0.028412	0.000190
567.000000	-0.041371	0.000049	0.000085	0.000127	-0.034980	-0.014485	0.000139
568.000000	0.002773	0.000023	0.000032	0.000065	0.002300	0.001101	0.000101
569.000000	0.010500	0.000056	0.000043	0.000089	0.008840	0.003763	0.000134
570.000000	0.000445	0.000075	0.000064	0.000117	0.000395	0.000163	0.000150
571.000000	-0.002986	0.000010	0.000040	0.000070	-0.002422	-0.001008	0.000068
572.000000	-0.000566	-0.000074	0.000019	0.000006	-0.000315	-0.000089	-0.000024
573.000000	0.000706	-0.000087	0.000058	0.000007	0.000749	0.000354	-0.000015
574.000000	0.000176	-0.000057	0.000108	0.000044	0.000266	0.000119	0.000048
575.000000	-0.000268	-0.000051	0.000084	0.000046	-0.000093	-0.000060	0.000062
576.000000	-0.000191	-0.000067	0.000022	0.000019	0.000020	-0.000024	0.000035
577.000000	-0.000039	-0.000062	0.000024	0.000008	0.000150	0.000036	0.000040
578.000000	0.000015	-0.000040	0.000092	0.000022	0.000135	0.000052	0.000088
579.000000	0.000043	-0.000050	0.000141	0.000032	0.000075	0.000068	0.000135
580.000000	0.000077	-0.000073	0.000134	0.000021	0.000033	0.000091	0.000150
581.000000	0.000088	-0.000007	0.000097	-0.000012	0.000018	0.000080	0.000128
582.000000	0.000059	0.000099	0.000054	-0.000057	0.000027	0.000024	0.000075
583.000000	0.000013	-0.000076	0.000015	-0.000081	0.000042	-0.000024	0.000024
584.000000	-0.000026	-0.000492	-0.000008	-0.000063	0.000055	-0.000023	0.000004
585.000000	-0.000031	-0.000091	0.000000	-0.000010	0.000073	0.000021	0.000032
586.000000	0.000008	0.001400	0.000044	0.000060	0.000101	0.000091	0.000105
587.000000	0.000034	0.000573	0.000083	0.000114	0.000126	0.000155	0.000167
588.000000	-0.000011	-0.005430	0.000076	0.000122	0.000133	0.000179	0.000164
589.000000	-0.000065	-0.011094	0.000035	0.000106	0.000120	0.000160	0.000123
590.000000	-0.000043	-0.009031	-0.000007	0.000099	0.000091	0.000104	0.000098
591.000000	0.000014	-0.002196	-0.000020	0.000103	0.000052	0.000046	0.000087
592.000000	0.000008	0.001467	0.000018	0.000100	0.000008	0.000035	0.000065
593.000000	-0.000042	0.000801	0.000077	0.000094	-0.000013	0.000069	0.000049
594.000000	-0.000027	-0.000271	0.000094	0.000099	0.000030	0.000117	0.000085
595.000000	0.000046	-0.000150	0.000057	0.000100	0.000106	0.000151	0.000153
596.000000	0.000045	0.000132	0.000011	0.000048	0.000110	0.000158	0.000164
597.000000	-0.000055	0.000021	-0.000010	-0.000036	0.000027	0.000139	0.000105
598.000000	-0.000099	-0.000108	0.000007	-0.000021	-0.000010	0.000128	0.000080
599.000000	-0.000014	-0.000008	0.000052	0.000137	0.000067	0.000133	0.000140
600.000000	0.000069	0.000110	0.000080	0.000256	0.000150	0.000117	0.000202
601.000000	0.000046	0.000059	0.000059	0.000205	0.000149	0.000060	0.000195
602.000000	0.000001	-0.000050	0.000016	0.000102	0.000100	0.000027	0.000155
603.000000	0.000029	-0.000080	-0.000009	0.000080	0.000064	0.000077	0.000129
604.000000	0.000111	-0.000040	0.000015	0.000110	0.000075	0.000149	0.000127
605.000000	0.000195	0.000018	0.000106	0.000118	0.000154	0.000158	0.000146
606.000000	0.000246	0.000056	0.000188	0.000089	0.000230	0.000118	0.000171
607.000000	0.000239	0.000047	0.000152	0.000038	0.000207	0.000082	0.000184
608.000000	0.000170	0.000018	0.000034	-0.000007	0.000100	0.000066	0.000178
609.000000	0.000057	0.000030	-0.000047	-0.000008	-0.000004	0.000056	0.000149
610.000000	-0.000040	0.000082	-0.000034	0.000039	-0.000031	0.000065	0.000121
611.000000	-0.000018	0.000116	0.000063	0.000103	0.000077	0.000123	0.000138
612.000000	0.000110	0.000101	0.000180	0.000152	0.000263	0.000205	0.000194
613.000000	0.000174	0.000045	0.000189	0.000150	0.000322	0.000207	0.000220
614.000000	0.000095	-0.000024	0.000060	0.000091	0.000185	0.000106	0.000178
615.000000	-0.000031	-0.000046	-0.000036	0.000025	0.000056	0.000028	0.000101
616.000000	-0.000112	0.000003	0.000009	-0.000003	0.000073	0.000052	0.000030
617.000000	-0.000130	0.000032	0.000065	0.000016	0.000114	0.000081	0.000000
618.000000	-0.000087	-0.000027	0.000014	0.000076	0.000061	0.000025	0.000032
619.000000	-0.000037	-0.000095	-0.000061	0.000128	0.000001	-0.000045	0.000091
620.000000	-0.000032	-0.000079	-0.000053	0.000124	0.000043	-0.000037	0.000132
621.000000	-0.000048	-0.000025	-0.000006	0.000080	0.000122	0.000030	0.000138
622.000000	-0.000041	-0.000020	-0.000010	0.000036	0.000124	0.000100	0.000108
623.000000	-0.000012	-0.000038	-0.000037	0.000031	0.000085	0.000152	0.000080
624.000000	0.000013	-0.000004	-0.000003	0.000102	0.000113	0.000185	0.000112
625.000000	0.000021	0.000053	0.000061	0.000178	0.000180	0.000186	0.000161
626.000000	0.000010	0.000018	0.000044	0.000117	0.000158	0.000143	0.000111
627.000000	0.000006	-0.000079	-0.000034	-0.000052	0.000055	0.000071	-0.000019
628.000000	0.000062	-0.000052	-0.000002	-0.000116	0.000024	0.000024	-0.000063
629.000000	0.000157	0.000127	0.000162	0.000000	0.000111	0.000027	0.000032
630.000000	0.000157	0.000224	0.000237	0.000142	0.000175	0.000059	0.000133
631.000000	0.000017	0.000119	0.000117	0.000192	0.000139	0.000101	0.000151
632.000000	-0.000088	-0.000004	-0.000003	0.000170	0.000104	0.000140	0.000137
633.000000	-0.000032	0.000002	0.000025	0.000109	0.000142	0.000165	0.000137
634.000000	0.000050	0.000035	0.000070	0.000039	0.000159	0.000158	0.000109
635.000000	0.000012	-0.000022	-0.000004	-0.000015	0.000061	0.000110	0.000019
636.000000	-0.000076	-0.000123	-0.000087	-0.000036	-0.000057	0.000046	-0.000051
637.000000	-0.000095	-0.000177	-0.000020	-0.000012	-0.000064	0.000003	-0.000004
638.000000	-0.000052	-0.000141	0.000114	0.000056	0.000020	0.000004	0.000109
639.000000	-0.000008	-0.000003	0.000141	0.000158	0.000111	0.000064	0.000179
640.000000	0.000022	0.000155	0.000076	0.000225	0.000167	0.000148	0.000178
641.000000	0.000053	0.000197	0.000052	0.000156	0.000176	0.000196	0.000132
642.000000	0.000081	0.000115	0.000097	0.000008	0.000154	0.000194	0.000075
643.000000	0.000089	0.000022	0.000137	-0.000024	0.000142	0.000168	0.000049
644.000000	0.000058	-0.000029	0.000128	0.000090	0.000143	0.000131	0.000051
645.000000	-0.000030	-0.000064	0.000070	0.000170	0.000113	0.000072	0.000022
646.000000	-0.000142	-0.000082	-0.000011	0.000130	0.000055	0.000011	-0.000034
647.000000	-0.000154	-0.000020	-0.000033	0.000091	0.000063	0.000028	-0.000004
648.000000	-0.000009	0.000137	0.000047	0.000138	0.000177	0.000152	0.000157
649.000000	0.000145	0.000254	0.000145	0.000199	0.000254	0.000254	0.000272
650.000000	0.000177	0.000221	0.000186	0.000200	0.000180	0.000228	0.000199
651.000000	0.000147	0.000133	0.000196	0.000151	0.000078	0.000151	0.000094
652.000000	0.000141	0.000109	0.000212	0.000090	0.000093	0.000123	0.000138
653.000000	0.000132	0.000111	0.000204	0.000064	0.000174	0.000113	0.000245
654.000000	0.000063	0.000056	0.000125	0.000114	0.000209	0.000054	0.000249
655.000000	-0.000036	-0.000028	0.000032	0.000186	0.000183	-0.000020	0.000173
656.000000	-0.000088	-0.000057	0.000029	0.000182	0.000133	-0.000023	0.000132
657.000000	-0.000074	-0.000024	0.000099	0.000106	0.000079	0.000043	0.000142
658.000000	-0.000019	0.000019	0.000142	0.000039	0.000022	0.000110	0.000143
659.000000	0.000049	0.000057	0.000131	0.000032	-0.000018	0.000151	0.000119
660.000000	0.000101	0.000106	0.000121	0.000104	-0.000005	0.000186	0.000101
661.000000	0.000120	0.000159	0.000137	0.000216	0.000065	0.000212	0.000114
662.000000	0.000108	0.000164	0.000153	0.000235	0.000149	0.000200	0.000166
663.000000	0.000078	0.000106	0.000147	0.000114	0.000196	0.000144	0.000242
664.000000	0.000059	0.000058	0.000115	-0.000006	0.000150	0.000097	0.000278
665.000000	0.000069	0.000072	0.000063	-0.000013	0.000001	0.000102	0.000234
666.000000	0.000082	0.000102	0.000022	0.000039	-0.000120	0.000141	0.000167
667.000000	0.000067	0.000093	0.000018	0.000075	-0.000100	0.000179	0.000132
668.000000	0.000014	0.000036	0.000038	0.000099	-0.000043	0.000161	0.000110
669.000000	-0.000070	-0.000057	0.000057	0.000131	-0.000081	0.000044	0.000069
670.000000	-0.000115	-0.000100	0.000065	0.000151	-0.000098	-0.000073	0.000052
671.000000	-0.000036	0.000005	0.000056	0.000126	0.000098	-0.000050	0.000123
672.000000	0.000106	0.000162	0.000043	0.000079	0.000370	0.000067	0.000230
673.000000	0.000166	0.000166	0.000049	0.000058	0.000398	0.000123	0.000253
674.000000	0.000108	0.000027	0.000049	0.000064	0.000177	0.000083	0.000181
675.000000	-0.000012	-0.000065	-0.000018	0.000058	-0.000026	0.000014	0.000095
676.000000	-0.000128	-0.000034	-0.000118	0.000039	-0.000083	-0.000022	0.000041
677.000000	-0.000175	0.000045	-0.000105	0.000054	-0.000048	0.000025	0.000018
678.000000	-0.000130	0.000112	0.000065	0.000113	0.000036	0.000145	0.000027
679.000000	-0.000053	0.000156	0.000237	0.000153	0.000149	0.000220	0.000076
680.000000	0.000004	0.000159	0.000295	0.000135	0.000254	0.000181	0.000153
681.000000	0.000021	0.000082	0.000257	0.000085	0.000257	0.000106	0.000195
682.000000	-0.000001	-0.000077	0.000163	0.000037	0.000108	0.000062	0.000156
683.000000	-0.000022	-0.000193	0.000053	0.000002	-0.000055	0.000008	0.000092
684.000000	-0.000001	-0.000145	-0.000028	-0.000011	-0.000087	-0.000093	0.000069
685.000000	0.000023	-0.000022	-0.000035	0.000010	-0.000020	-0.000142	0.000082
686.000000	-0.000002	0.000036	0.000062	0.000077	0.000063	-0.000023	0.000106
687.000000	-0.000042	0.000028	0.000179	0.000145	0.000133	0.000172	0.000115
688.000000	-0.000023	0.000018	0.000189	0.000148	0.000190	0.000254	0.000093
689.000000	0.000050	0.000040	0.000125	0.000114	0.000223	0.000193	0.000085
690.000000	0.000126	0.000107	0.000130	0.000132	0.000214	0.000067	0.000171
691.000000	0.000158	0.000178	0.000183	0.000184	0.000154	-0.000052	0.000283
692.000000	0.000106	0.000161	0.000106	0.000157	0.000044	-0.000095	0.000218
693.000000	0.000005	0.000070	-0.000093	0.000051	-0.000064	-0.000044	-0.000010
694.000000	-0.000013	0.000061	-0.000150	0.000038	-0.000048	0.000046	-0.000078
695.000000	0.000092	0.000175	0.000035	0.000173	0.000110	0.000117	0.000130
696.000000	0.000171	0.000209	0.000201	0.000266	0.000220	0.000114	0.000294
697.000000	0.000128	0.000044	0.000166	0.000196	0.000162	0.000032	0.000201
698.000000	0.000075	-0.000123	0.000075	0.000100	0.000075	-0.000000	0.000099
699.000000	0.000114	-0.000107	0.000082	0.000113	0.000098	0.000114	0.000210
700.000000	0.000156	0.000010	0.000126	0.000174	0.000172	0.000248	0.000334
701.000000	0.000095	0.000096	0.000113	0.000188	0.000207	0.000251	0.000230
702.000000	0.000025	0.000147	0.000064	0.000167	0.000213	0.000177	0.000049
703.000000	0.000093	0.000204	0.000041	0.000156	0.000232	0.000147	0.000059
704.000000	0.000227	0.000222	0.000036	0.000137	0.000241	0.000150	0.000179
705.000000	0.000245	0.000124	0.000009	0.000059	0.000183	0.000111	0.000162
706.000000	0.000158	-0.000011	0.000010	-0.000014	0.000114	0.000059	0.000034
707.000000	0.000112	0.000007	0.000145	0.000060	0.000166	0.000091	0.000019
708.000000	0.000134	0.000142	0.000325	0.000227	0.000288	0.000191	0.000120
709.000000	0.000108	0.000120	0.000252	0.000220	0.000241	0.000218	0.000090
710.000000	0.000003	-0.000095	-0.000092	-0.000014	0.000002	0.000135	-0.000113
711.000000	-0.000080	-0.000157	-0.000285	-0.000193	-0.000097	0.000062	-0.000205
712.000000	-0.000078	0.000091	-0.000124	-0.000149	0.000093	0.000075	-0.000047
713.000000	-0.000035	0.000315	0.000042	-0.000030	0.000275	0.000118	0.000123
714.000000	-0.000007	0.000260	-0.000055	0.000026	0.000219	0.000129	0.000115
715.000000	-0.000039	0.000092	-0.000211	0.000042	0.000090	0.000089	0.000045
716.000000	-0.000145	0.000019	-0.000187	0.000062	0.000079	0.000005	0.000049
717.000000	-0.000203	0.000040	-0.000031	0.000092	0.000138	-0.000050	0.000093
718.000000	-0.000084	0.000096	0.000137	0.000124	0.000166	0.000001	0.000103
719.000000	0.000120	0.000122	0.000260	0.000126	0.000168	0.000095	0.000105
720.000000	0.000235	0.000062	0.000313	0.000065	0.000185	0.000125	0.000156
721.000000	0.000198	-0.000038	0.000295	0.000001	0.000173	0.000120	0.000240
722.000000	0.000018	-0.000078	0.000226	0.000040	0.000050	0.000186	0.000295
723.000000	-0.000190	-0.000039	0.000163	0.000202	-0.000058	0.000357	0.000315
724.000000	-0.000230	0.000031	0.000189	0.000426	0.000137	0.000599	0.000337
725.000000	-0.000091	0.000087	0.000280	0.000569	0.000554	0.000769	0.000374
726.000000	0.000019	0.000096	0.000280	0.000401	0.000671	0.000590	0.000407
727.000000	0.000037	0.000108	0.000165	0.000019	0.000347	0.000103	0.000412
728.000000	0.000165	0.000306	0.000134	0.000072	0.000115	-0.000117	0.000358
729.000000	0.000440	0.000690	0.000268	0.000787	0.000283	0.000197	0.000246
730.000000	0.000464	0.000783	0.000313	0.001273	0.000479	0.000479	0.000156
731.000000	-0.000076	0.000220	0.000061	0.000788	0.000360	0.000231	0.000152
732.000000	-0.000967	-0.000751	-0.000380	-0.000321	0.000029	-0.000365	0.000204
