[HEADER]
Format	J&M ASCII Table
Comment	
Date	5/30/2023 8:02:49 AM
Order	Y (evenX)
TechType	UV
NumPoints	483
FirstX	250.00
LastX	732.00
XType	NMetr
YType	Absrb
ZType	Secs
NumSubFile	7
Matrix	Z vs X
[DATA]
	0.000000	5.000064	10.000192	15.000256	20.000320	25.000448	30.000511
250.000000	0.007088	0.006523	0.006340	0.005922	0.005906	0.005937	0.005853
251.000000	0.000800	0.000300	0.000246	-0.000101	-0.000044	-0.000197	-0.000123
252.000000	-0.005317	-0.005358	-0.005474	-0.005673	-0.005738	-0.005980	-0.005958
253.000000	-0.010904	-0.010647	-0.010840	-0.010899	-0.011093	-0.011278	-0.011413
254.000000	-0.015729	-0.015745	-0.015873	-0.015880	-0.016058	-0.016041	-0.016320
255.000000	-0.020107	-0.020589	-0.020546	-0.020600	-0.020676	-0.020488	-0.020816
256.000000	-0.024408	-0.025091	-0.024847	-0.025027	-0.025014	-0.024850	-0.025084
257.000000	-0.028655	-0.029272	-0.028938	-0.029200	-0.029140	-0.029068	-0.029159
258.000000	-0.032740	-0.033173	-0.032986	-0.033157	-0.033091	-0.032985	-0.033016
259.000000	-0.036421	-0.036633	-0.036692	-0.036714	-0.036624	-0.036406	-0.036485
260.000000	-0.039419	-0.039422	-0.039568	-0.039605	-0.039399	-0.039149	-0.039357
261.000000	-0.041921	-0.041802	-0.041883	-0.042021	-0.041704	-0.041508	-0.041838
262.000000	-0.044468	-0.044400	-0.044474	-0.044495	-0.044297	-0.044121	-0.044444
263.000000	-0.047196	-0.047310	-0.047463	-0.047150	-0.047281	-0.047071	-0.047232
264.000000	-0.049775	-0.050010	-0.050147	-0.049636	-0.050004	-0.049799	-0.049727
265.000000	-0.052010	-0.052218	-0.052189	-0.051775	-0.052126	-0.052001	-0.051732
266.000000	-0.053972	-0.054115	-0.053956	-0.053731	-0.053897	-0.053856	-0.053571
267.000000	-0.055738	-0.055862	-0.055724	-0.055609	-0.055552	-0.055547	-0.055462
268.000000	-0.057323	-0.057463	-0.057370	-0.057276	-0.057137	-0.057137	-0.057230
269.000000	-0.058748	-0.058918	-0.058769	-0.058641	-0.058652	-0.058658	-0.058704
270.000000	-0.060097	-0.060312	-0.060058	-0.059919	-0.060057	-0.060093	-0.059980
271.000000	-0.061452	-0.061730	-0.061403	-0.061345	-0.061315	-0.061418	-0.061207
272.000000	-0.062769	-0.063108	-0.062755	-0.062816	-0.062511	-0.062652	-0.062451
273.000000	-0.063965	-0.064336	-0.063997	-0.064119	-0.063760	-0.063829	-0.063741
274.000000	-0.065058	-0.065386	-0.065153	-0.065242	-0.065033	-0.064977	-0.065028
275.000000	-0.066120	-0.066287	-0.066320	-0.066290	-0.066214	-0.066115	-0.066222
276.000000	-0.067221	-0.067135	-0.067479	-0.067299	-0.067260	-0.067215	-0.067272
277.000000	-0.068419	-0.068080	-0.068506	-0.068244	-0.068182	-0.068208	-0.068165
278.000000	-0.069612	-0.069107	-0.069353	-0.069105	-0.068993	-0.069052	-0.068932
279.000000	-0.070492	-0.069989	-0.070067	-0.069871	-0.069697	-0.069740	-0.069663
280.000000	-0.070975	-0.070661	-0.070727	-0.070578	-0.070353	-0.070340	-0.070423
281.000000	-0.071423	-0.071401	-0.071449	-0.071340	-0.071118	-0.071058	-0.071227
282.000000	-0.072136	-0.072384	-0.072303	-0.072228	-0.072079	-0.072002	-0.072071
283.000000	-0.073085	-0.073392	-0.073211	-0.073151	-0.073088	-0.072970	-0.072911
284.000000	-0.074147	-0.074186	-0.074076	-0.073992	-0.073969	-0.073747	-0.073688
285.000000	-0.075024	-0.074743	-0.074828	-0.074662	-0.074612	-0.074347	-0.074296
286.000000	-0.075449	-0.075118	-0.075416	-0.075102	-0.074961	-0.074842	-0.074663
287.000000	-0.075700	-0.075484	-0.075883	-0.075447	-0.075245	-0.075296	-0.075016
288.000000	-0.076244	-0.076037	-0.076310	-0.075895	-0.075779	-0.075766	-0.075672
289.000000	-0.077009	-0.076714	-0.076739	-0.076468	-0.076528	-0.076263	-0.076494
290.000000	-0.077590	-0.077287	-0.077185	-0.077071	-0.077236	-0.076768	-0.077074
291.000000	-0.077900	-0.077701	-0.077624	-0.077628	-0.077784	-0.077263	-0.077374
292.000000	-0.078153	-0.078066	-0.077994	-0.078085	-0.078186	-0.077731	-0.077708
293.000000	-0.078490	-0.078450	-0.078292	-0.078444	-0.078473	-0.078176	-0.078199
294.000000	-0.078927	-0.078854	-0.078605	-0.078781	-0.078690	-0.078634	-0.078686
295.000000	-0.079407	-0.079242	-0.078968	-0.079127	-0.078882	-0.079086	-0.079038
296.000000	-0.079731	-0.079512	-0.079302	-0.079406	-0.079077	-0.079405	-0.079234
297.000000	-0.079811	-0.079625	-0.079561	-0.079580	-0.079308	-0.079535	-0.079318
298.000000	-0.079979	-0.079782	-0.079875	-0.079782	-0.079622	-0.079682	-0.079477
299.000000	-0.080527	-0.080163	-0.080347	-0.080136	-0.080048	-0.080042	-0.079868
300.000000	-0.081152	-0.080606	-0.080802	-0.080553	-0.080500	-0.080499	-0.080353
301.000000	-0.081431	-0.080884	-0.081018	-0.080896	-0.080870	-0.080863	-0.080726
302.000000	-0.081456	-0.081094	-0.081106	-0.081159	-0.081131	-0.081144	-0.080985
303.000000	-0.081541	-0.081461	-0.081314	-0.081396	-0.081301	-0.081436	-0.081220
304.000000	-0.081757	-0.081898	-0.081642	-0.081618	-0.081432	-0.081708	-0.081448
305.000000	-0.082000	-0.082111	-0.081921	-0.081804	-0.081604	-0.081846	-0.081638
306.000000	-0.082197	-0.082075	-0.082063	-0.081941	-0.081825	-0.081840	-0.081764
307.000000	-0.082307	-0.082052	-0.082072	-0.082026	-0.082025	-0.081788	-0.081811
308.000000	-0.082365	-0.082191	-0.082039	-0.082084	-0.082174	-0.081808	-0.081820
309.000000	-0.082518	-0.082455	-0.082174	-0.082193	-0.082307	-0.082036	-0.081927
310.000000	-0.082821	-0.082764	-0.082552	-0.082393	-0.082449	-0.082469	-0.082197
311.000000	-0.083102	-0.082982	-0.082910	-0.082638	-0.082595	-0.082789	-0.082525
312.000000	-0.083222	-0.083035	-0.083037	-0.082876	-0.082738	-0.082771	-0.082799
313.000000	-0.083258	-0.083089	-0.083060	-0.083085	-0.082889	-0.082668	-0.082974
314.000000	-0.083325	-0.083312	-0.083148	-0.083246	-0.083056	-0.082775	-0.083035
315.000000	-0.083450	-0.083571	-0.083290	-0.083324	-0.083210	-0.083045	-0.083062
316.000000	-0.083628	-0.083665	-0.083418	-0.083286	-0.083320	-0.083320	-0.083149
317.000000	-0.083771	-0.083607	-0.083504	-0.083198	-0.083403	-0.083476	-0.083226
318.000000	-0.083764	-0.083525	-0.083548	-0.083174	-0.083504	-0.083424	-0.083157
319.000000	-0.083721	-0.083564	-0.083591	-0.083300	-0.083644	-0.083301	-0.083106
320.000000	-0.083916	-0.083867	-0.083710	-0.083638	-0.083822	-0.083409	-0.083440
321.000000	-0.084310	-0.084315	-0.083891	-0.084066	-0.084004	-0.083764	-0.084051
322.000000	-0.084512	-0.084498	-0.084019	-0.084259	-0.084114	-0.084059	-0.084290
323.000000	-0.084381	-0.084302	-0.084054	-0.084133	-0.084121	-0.084137	-0.083955
324.000000	-0.084218	-0.084114	-0.084081	-0.084015	-0.084060	-0.084124	-0.083615
325.000000	-0.084248	-0.084191	-0.084157	-0.084110	-0.083981	-0.084121	-0.083675
326.000000	-0.084405	-0.084347	-0.084233	-0.084233	-0.083949	-0.084119	-0.083955
327.000000	-0.084590	-0.084409	-0.084270	-0.084221	-0.084025	-0.084116	-0.084224
328.000000	-0.084746	-0.084501	-0.084332	-0.084217	-0.084247	-0.084204	-0.084394
329.000000	-0.084835	-0.084765	-0.084485	-0.084387	-0.084612	-0.084453	-0.084432
330.000000	-0.084884	-0.085040	-0.084669	-0.084610	-0.084920	-0.084686	-0.084446
331.000000	-0.084939	-0.085083	-0.084796	-0.084689	-0.084937	-0.084677	-0.084573
332.000000	-0.085033	-0.084954	-0.084902	-0.084717	-0.084829	-0.084573	-0.084770
333.000000	-0.085185	-0.084864	-0.085080	-0.084930	-0.084953	-0.084704	-0.084897
334.000000	-0.085285	-0.084858	-0.085243	-0.085207	-0.085210	-0.084983	-0.084901
335.000000	-0.085130	-0.084842	-0.085162	-0.085155	-0.085148	-0.085000	-0.084801
336.000000	-0.084781	-0.084787	-0.084878	-0.084790	-0.084756	-0.084717	-0.084668
337.000000	-0.084615	-0.084742	-0.084751	-0.084625	-0.084548	-0.084544	-0.084628
338.000000	-0.084790	-0.084740	-0.084919	-0.084859	-0.084727	-0.084670	-0.084697
339.000000	-0.085049	-0.084768	-0.085095	-0.085099	-0.084897	-0.084844	-0.084685
340.000000	-0.085170	-0.084797	-0.085080	-0.085068	-0.084788	-0.084872	-0.084503
341.000000	-0.085128	-0.084752	-0.085002	-0.084940	-0.084626	-0.084814	-0.084375
342.000000	-0.084959	-0.084603	-0.084997	-0.084901	-0.084632	-0.084754	-0.084492
343.000000	-0.084812	-0.084544	-0.084995	-0.084876	-0.084682	-0.084691	-0.084714
344.000000	-0.084839	-0.084760	-0.084903	-0.084757	-0.084610	-0.084613	-0.084841
345.000000	-0.085004	-0.085064	-0.084786	-0.084648	-0.084523	-0.084541	-0.084843
346.000000	-0.085196	-0.085153	-0.084753	-0.084708	-0.084605	-0.084503	-0.084751
347.000000	-0.085273	-0.085023	-0.084799	-0.084824	-0.084751	-0.084488	-0.084606
348.000000	-0.085089	-0.084839	-0.084848	-0.084746	-0.084709	-0.084459	-0.084449
349.000000	-0.084751	-0.084682	-0.084815	-0.084501	-0.084493	-0.084432	-0.084341
350.000000	-0.084570	-0.084565	-0.084611	-0.084347	-0.084346	-0.084463	-0.084350
351.000000	-0.084602	-0.084468	-0.084304	-0.084360	-0.084337	-0.084519	-0.084434
352.000000	-0.084568	-0.084344	-0.084156	-0.084379	-0.084311	-0.084454	-0.084409
353.000000	-0.084357	-0.084179	-0.084268	-0.084307	-0.084194	-0.084221	-0.084194
354.000000	-0.084196	-0.084032	-0.084429	-0.084190	-0.084092	-0.083967	-0.083907
355.000000	-0.084240	-0.083956	-0.084462	-0.084083	-0.084067	-0.083808	-0.083678
356.000000	-0.084331	-0.083973	-0.084385	-0.084026	-0.084027	-0.083721	-0.083616
357.000000	-0.084301	-0.084066	-0.084241	-0.084021	-0.083883	-0.083663	-0.083761
358.000000	-0.084140	-0.084074	-0.084042	-0.083937	-0.083686	-0.083614	-0.083864
359.000000	-0.083894	-0.083852	-0.083803	-0.083655	-0.083517	-0.083560	-0.083669
360.000000	-0.083677	-0.083583	-0.083617	-0.083377	-0.083410	-0.083535	-0.083358
361.000000	-0.083614	-0.083552	-0.083591	-0.083395	-0.083381	-0.083575	-0.083258
362.000000	-0.083649	-0.083698	-0.083649	-0.083554	-0.083400	-0.083596	-0.083335
363.000000	-0.083629	-0.083767	-0.083617	-0.083448	-0.083416	-0.083451	-0.083353
364.000000	-0.083546	-0.083707	-0.083504	-0.083132	-0.083418	-0.083209	-0.083286
365.000000	-0.083522	-0.083648	-0.083479	-0.083053	-0.083426	-0.083130	-0.083297
366.000000	-0.083564	-0.083633	-0.083528	-0.083286	-0.083433	-0.083248	-0.083395
367.000000	-0.083532	-0.083584	-0.083388	-0.083401	-0.083388	-0.083302	-0.083383
368.000000	-0.083383	-0.083461	-0.083010	-0.083186	-0.083271	-0.083158	-0.083192
369.000000	-0.083279	-0.083318	-0.082775	-0.082907	-0.083114	-0.082963	-0.083021
370.000000	-0.083323	-0.083211	-0.082927	-0.082801	-0.082971	-0.082856	-0.083012
371.000000	-0.083382	-0.083177	-0.083172	-0.082865	-0.082919	-0.082866	-0.083073
372.000000	-0.083316	-0.083210	-0.083197	-0.083020	-0.082989	-0.082963	-0.083079
373.000000	-0.083129	-0.083131	-0.083025	-0.083059	-0.082965	-0.082920	-0.082966
374.000000	-0.082883	-0.082779	-0.082778	-0.082801	-0.082640	-0.082538	-0.082710
375.000000	-0.082743	-0.082482	-0.082637	-0.082512	-0.082302	-0.082147	-0.082469
376.000000	-0.082883	-0.082707	-0.082772	-0.082591	-0.082390	-0.082239	-0.082448
377.000000	-0.083109	-0.083183	-0.082996	-0.082862	-0.082721	-0.082628	-0.082558
378.000000	-0.083015	-0.083216	-0.082917	-0.082819	-0.082746	-0.082737	-0.082539
379.000000	-0.082636	-0.082752	-0.082567	-0.082461	-0.082442	-0.082494	-0.082353
380.000000	-0.082404	-0.082318	-0.082354	-0.082245	-0.082252	-0.082289	-0.082169
381.000000	-0.082460	-0.082205	-0.082425	-0.082325	-0.082347	-0.082296	-0.082099
382.000000	-0.082539	-0.082369	-0.082558	-0.082434	-0.082510	-0.082384	-0.082169
383.000000	-0.082503	-0.082683	-0.082617	-0.082438	-0.082589	-0.082442	-0.082338
384.000000	-0.082504	-0.082908	-0.082677	-0.082514	-0.082612	-0.082435	-0.082442
385.000000	-0.082639	-0.082890	-0.082772	-0.082758	-0.082612	-0.082370	-0.082381
386.000000	-0.082747	-0.082753	-0.082753	-0.082920	-0.082577	-0.082344	-0.082289
387.000000	-0.082675	-0.082636	-0.082505	-0.082771	-0.082491	-0.082414	-0.082296
388.000000	-0.082518	-0.082520	-0.082235	-0.082482	-0.082352	-0.082407	-0.082324
389.000000	-0.082427	-0.082362	-0.082192	-0.082299	-0.082175	-0.082144	-0.082264
390.000000	-0.082448	-0.082284	-0.082319	-0.082250	-0.082072	-0.081871	-0.082193
391.000000	-0.082573	-0.082444	-0.082432	-0.082263	-0.082168	-0.081966	-0.082246
392.000000	-0.082676	-0.082631	-0.082431	-0.082251	-0.082294	-0.082260	-0.082309
393.000000	-0.082564	-0.082428	-0.082272	-0.082119	-0.082119	-0.082261	-0.082125
394.000000	-0.082235	-0.081911	-0.082001	-0.081897	-0.081699	-0.081929	-0.081744
395.000000	-0.081864	-0.081606	-0.081746	-0.081729	-0.081449	-0.081640	-0.081496
396.000000	-0.081613	-0.081687	-0.081613	-0.081666	-0.081503	-0.081568	-0.081506
397.000000	-0.081618	-0.081827	-0.081680	-0.081632	-0.081599	-0.081595	-0.081612
398.000000	-0.081834	-0.081789	-0.081889	-0.081552	-0.081549	-0.081598	-0.081647
399.000000	-0.081863	-0.081583	-0.081920	-0.081369	-0.081371	-0.081483	-0.081471
400.000000	-0.081500	-0.081304	-0.081601	-0.081100	-0.081145	-0.081235	-0.081081
401.000000	-0.081231	-0.081226	-0.081291	-0.080964	-0.081068	-0.081073	-0.080857
402.000000	-0.081489	-0.081538	-0.081328	-0.081142	-0.081282	-0.081182	-0.081107
403.000000	-0.081889	-0.081898	-0.081534	-0.081460	-0.081577	-0.081420	-0.081474
404.000000	-0.081902	-0.081887	-0.081615	-0.081662	-0.081685	-0.081573	-0.081495
405.000000	-0.081605	-0.081628	-0.081542	-0.081653	-0.081600	-0.081607	-0.081265
406.000000	-0.081321	-0.081452	-0.081395	-0.081423	-0.081428	-0.081564	-0.081093
407.000000	-0.081202	-0.081437	-0.081277	-0.081160	-0.081242	-0.081492	-0.081034
408.000000	-0.081282	-0.081502	-0.081296	-0.081163	-0.081094	-0.081442	-0.080986
409.000000	-0.081488	-0.081576	-0.081446	-0.081397	-0.081022	-0.081421	-0.080950
410.000000	-0.081648	-0.081605	-0.081615	-0.081520	-0.081045	-0.081399	-0.081022
411.000000	-0.081656	-0.081568	-0.081711	-0.081410	-0.081122	-0.081360	-0.081178
412.000000	-0.081508	-0.081491	-0.081673	-0.081246	-0.081131	-0.081316	-0.081226
413.000000	-0.081274	-0.081412	-0.081513	-0.081157	-0.081036	-0.081279	-0.081097
414.000000	-0.081167	-0.081389	-0.081379	-0.081118	-0.080990	-0.081252	-0.080983
415.000000	-0.081303	-0.081442	-0.081365	-0.081101	-0.081096	-0.081230	-0.081019
416.000000	-0.081462	-0.081466	-0.081341	-0.081124	-0.081248	-0.081172	-0.081083
417.000000	-0.081417	-0.081367	-0.081190	-0.081189	-0.081317	-0.081048	-0.081041
418.000000	-0.081206	-0.081220	-0.081018	-0.081208	-0.081234	-0.080901	-0.080936
419.000000	-0.080937	-0.081123	-0.080962	-0.081086	-0.080968	-0.080785	-0.080845
420.000000	-0.080735	-0.081022	-0.080951	-0.080860	-0.080663	-0.080674	-0.080748
421.000000	-0.080713	-0.080815	-0.080844	-0.080624	-0.080516	-0.080518	-0.080591
422.000000	-0.080819	-0.080579	-0.080676	-0.080464	-0.080525	-0.080384	-0.080421
423.000000	-0.080900	-0.080492	-0.080589	-0.080459	-0.080566	-0.080402	-0.080343
424.000000	-0.080892	-0.080561	-0.080612	-0.080551	-0.080580	-0.080530	-0.080382
425.000000	-0.080810	-0.080630	-0.080666	-0.080564	-0.080574	-0.080574	-0.080490
426.000000	-0.080683	-0.080631	-0.080667	-0.080449	-0.080533	-0.080477	-0.080588
427.000000	-0.080553	-0.080612	-0.080534	-0.080339	-0.080417	-0.080372	-0.080559
428.000000	-0.080438	-0.080578	-0.080269	-0.080284	-0.080231	-0.080315	-0.080358
429.000000	-0.080313	-0.080424	-0.080036	-0.080153	-0.080071	-0.080184	-0.080085
430.000000	-0.080162	-0.080110	-0.079949	-0.079875	-0.079995	-0.079908	-0.079842
431.000000	-0.080010	-0.079810	-0.079920	-0.079606	-0.079922	-0.079635	-0.079689
432.000000	-0.079885	-0.079685	-0.079849	-0.079497	-0.079775	-0.079508	-0.079652
433.000000	-0.079790	-0.079667	-0.079741	-0.079496	-0.079607	-0.079475	-0.079625
434.000000	-0.079723	-0.079642	-0.079629	-0.079502	-0.079496	-0.079440	-0.079490
435.000000	-0.079656	-0.079592	-0.079524	-0.079465	-0.079432	-0.079366	-0.079318
436.000000	-0.079556	-0.079537	-0.079435	-0.079362	-0.079369	-0.079242	-0.079238
437.000000	-0.079445	-0.079460	-0.079382	-0.079238	-0.079314	-0.079110	-0.079232
438.000000	-0.079376	-0.079321	-0.079394	-0.079174	-0.079301	-0.079039	-0.079192
439.000000	-0.079376	-0.079182	-0.079427	-0.079194	-0.079315	-0.079050	-0.079106
440.000000	-0.079450	-0.079190	-0.079377	-0.079273	-0.079298	-0.079118	-0.079042
441.000000	-0.079544	-0.079343	-0.079248	-0.079352	-0.079235	-0.079200	-0.079029
442.000000	-0.079530	-0.079437	-0.079184	-0.079340	-0.079172	-0.079236	-0.079045
443.000000	-0.079364	-0.079359	-0.079224	-0.079199	-0.079117	-0.079185	-0.079050
444.000000	-0.079165	-0.079188	-0.079197	-0.078995	-0.079000	-0.079047	-0.078982
445.000000	-0.079041	-0.079019	-0.079003	-0.078809	-0.078807	-0.078859	-0.078830
446.000000	-0.079004	-0.078934	-0.078819	-0.078723	-0.078700	-0.078747	-0.078724
447.000000	-0.079035	-0.078977	-0.078809	-0.078787	-0.078805	-0.078803	-0.078771
448.000000	-0.079059	-0.079033	-0.078867	-0.078903	-0.078952	-0.078908	-0.078863
449.000000	-0.078998	-0.078970	-0.078847	-0.078947	-0.078932	-0.078908	-0.078857
450.000000	-0.078875	-0.078816	-0.078794	-0.078893	-0.078775	-0.078807	-0.078759
451.000000	-0.078753	-0.078665	-0.078813	-0.078756	-0.078608	-0.078668	-0.078630
452.000000	-0.078675	-0.078566	-0.078846	-0.078610	-0.078510	-0.078541	-0.078504
453.000000	-0.078664	-0.078543	-0.078740	-0.078552	-0.078520	-0.078467	-0.078398
454.000000	-0.078659	-0.078545	-0.078500	-0.078532	-0.078555	-0.078422	-0.078302
455.000000	-0.078527	-0.078461	-0.078262	-0.078376	-0.078432	-0.078323	-0.078184
456.000000	-0.078271	-0.078281	-0.078105	-0.078074	-0.078143	-0.078154	-0.078031
457.000000	-0.078074	-0.078124	-0.078031	-0.077838	-0.077905	-0.077974	-0.077859
458.000000	-0.078016	-0.078051	-0.078013	-0.077774	-0.077834	-0.077836	-0.077702
459.000000	-0.077980	-0.078004	-0.077981	-0.077786	-0.077829	-0.077755	-0.077622
460.000000	-0.077874	-0.077929	-0.077887	-0.077781	-0.077793	-0.077723	-0.077631
461.000000	-0.077734	-0.077825	-0.077757	-0.077734	-0.077711	-0.077666	-0.077598
462.000000	-0.077613	-0.077704	-0.077626	-0.077637	-0.077592	-0.077528	-0.077428
463.000000	-0.077536	-0.077607	-0.077537	-0.077523	-0.077493	-0.077386	-0.077285
464.000000	-0.077515	-0.077567	-0.077515	-0.077427	-0.077467	-0.077329	-0.077347
465.000000	-0.077505	-0.077523	-0.077493	-0.077354	-0.077447	-0.077320	-0.077466
466.000000	-0.077451	-0.077392	-0.077384	-0.077297	-0.077339	-0.077280	-0.077400
467.000000	-0.077384	-0.077243	-0.077245	-0.077241	-0.077200	-0.077235	-0.077207
468.000000	-0.077377	-0.077217	-0.077208	-0.077165	-0.077161	-0.077259	-0.077107
469.000000	-0.077367	-0.077249	-0.077223	-0.077054	-0.077166	-0.077283	-0.077090
470.000000	-0.077185	-0.077105	-0.077094	-0.076900	-0.077013	-0.077123	-0.076960
471.000000	-0.076873	-0.076796	-0.076840	-0.076744	-0.076723	-0.076808	-0.076714
472.000000	-0.076725	-0.076625	-0.076736	-0.076688	-0.076592	-0.076615	-0.076584
473.000000	-0.076831	-0.076711	-0.076872	-0.076740	-0.076717	-0.076652	-0.076644
474.000000	-0.076907	-0.076828	-0.076982	-0.076740	-0.076821	-0.076704	-0.076675
475.000000	-0.076778	-0.076811	-0.076888	-0.076612	-0.076726	-0.076626	-0.076542
476.000000	-0.076638	-0.076752	-0.076728	-0.076526	-0.076593	-0.076526	-0.076413
477.000000	-0.076673	-0.076742	-0.076647	-0.076621	-0.076578	-0.076512	-0.076437
478.000000	-0.076800	-0.076732	-0.076637	-0.076761	-0.076614	-0.076545	-0.076520
479.000000	-0.076883	-0.076656	-0.076644	-0.076770	-0.076594	-0.076556	-0.076532
480.000000	-0.076848	-0.076551	-0.076588	-0.076644	-0.076500	-0.076510	-0.076467
481.000000	-0.076654	-0.076485	-0.076392	-0.076437	-0.076348	-0.076388	-0.076363
482.000000	-0.076379	-0.076414	-0.076143	-0.076212	-0.076184	-0.076199	-0.076232
483.000000	-0.076158	-0.076247	-0.076002	-0.076026	-0.076067	-0.075968	-0.076074
484.000000	-0.076027	-0.076027	-0.075964	-0.075877	-0.075979	-0.075754	-0.075896
485.000000	-0.075945	-0.075898	-0.075894	-0.075720	-0.075849	-0.075633	-0.075710
486.000000	-0.075883	-0.075884	-0.075763	-0.075566	-0.075678	-0.075609	-0.075556
487.000000	-0.075828	-0.075877	-0.075661	-0.075495	-0.075556	-0.075596	-0.075500
488.000000	-0.075769	-0.075814	-0.075625	-0.075523	-0.075514	-0.075549	-0.075544
489.000000	-0.075706	-0.075721	-0.075587	-0.075560	-0.075491	-0.075486	-0.075577
490.000000	-0.075634	-0.075621	-0.075501	-0.075532	-0.075435	-0.075421	-0.075521
491.000000	-0.075543	-0.075523	-0.075382	-0.075442	-0.075342	-0.075343	-0.075401
492.000000	-0.075432	-0.075429	-0.075256	-0.075310	-0.075225	-0.075241	-0.075253
493.000000	-0.075322	-0.075324	-0.075143	-0.075183	-0.075121	-0.075125	-0.075090
494.000000	-0.075235	-0.075196	-0.075058	-0.075103	-0.075067	-0.075011	-0.074930
495.000000	-0.075163	-0.075073	-0.075001	-0.075045	-0.075037	-0.074913	-0.074812
496.000000	-0.075086	-0.074986	-0.074960	-0.074965	-0.074990	-0.074837	-0.074772
497.000000	-0.074981	-0.074890	-0.074885	-0.074839	-0.074891	-0.074739	-0.074738
498.000000	-0.074826	-0.074708	-0.074714	-0.074658	-0.074715	-0.074556	-0.074594
499.000000	-0.074647	-0.074485	-0.074499	-0.074477	-0.074498	-0.074328	-0.074363
500.000000	-0.074502	-0.074349	-0.074372	-0.074391	-0.074322	-0.074167	-0.074164
501.000000	-0.074403	-0.074319	-0.074345	-0.074386	-0.074207	-0.074104	-0.074053
502.000000	-0.074312	-0.074296	-0.074304	-0.074330	-0.074115	-0.074089	-0.074012
503.000000	-0.074209	-0.074219	-0.074198	-0.074178	-0.074028	-0.074070	-0.074013
504.000000	-0.074099	-0.074092	-0.074083	-0.074025	-0.073974	-0.073994	-0.074015
505.000000	-0.073988	-0.073932	-0.073986	-0.073921	-0.073936	-0.073841	-0.073974
506.000000	-0.073866	-0.073780	-0.073865	-0.073795	-0.073810	-0.073656	-0.073845
507.000000	-0.073727	-0.073670	-0.073693	-0.073602	-0.073544	-0.073489	-0.073620
508.000000	-0.073582	-0.073593	-0.073545	-0.073429	-0.073313	-0.073361	-0.073414
509.000000	-0.073445	-0.073532	-0.073488	-0.073360	-0.073279	-0.073283	-0.073329
510.000000	-0.073343	-0.073462	-0.073456	-0.073337	-0.073315	-0.073226	-0.073270
511.000000	-0.073295	-0.073357	-0.073359	-0.073267	-0.073236	-0.073155	-0.073107
512.000000	-0.073267	-0.073240	-0.073226	-0.073160	-0.073085	-0.073071	-0.072921
513.000000	-0.073202	-0.073145	-0.073134	-0.073062	-0.072999	-0.072991	-0.072867
514.000000	-0.073082	-0.073051	-0.073060	-0.072961	-0.072963	-0.072903	-0.072894
515.000000	-0.072913	-0.072904	-0.072922	-0.072807	-0.072859	-0.072776	-0.072817
516.000000	-0.072706	-0.072700	-0.072708	-0.072602	-0.072656	-0.072601	-0.072593
517.000000	-0.072474	-0.072484	-0.072479	-0.072398	-0.072406	-0.072388	-0.072326
518.000000	-0.072256	-0.072300	-0.072283	-0.072238	-0.072174	-0.072170	-0.072101
519.000000	-0.072124	-0.072185	-0.072149	-0.072143	-0.072032	-0.072009	-0.071975
520.000000	-0.072092	-0.072140	-0.072073	-0.072095	-0.071993	-0.071923	-0.071945
521.000000	-0.072052	-0.072098	-0.071991	-0.072002	-0.071949	-0.071845	-0.071888
522.000000	-0.071924	-0.071999	-0.071857	-0.071817	-0.071821	-0.071723	-0.071724
523.000000	-0.071760	-0.071834	-0.071703	-0.071644	-0.071660	-0.071587	-0.071545
524.000000	-0.071626	-0.071615	-0.071569	-0.071582	-0.071528	-0.071476	-0.071446
525.000000	-0.071529	-0.071426	-0.071472	-0.071554	-0.071422	-0.071389	-0.071387
526.000000	-0.071461	-0.071349	-0.071415	-0.071457	-0.071320	-0.071317	-0.071305
527.000000	-0.071386	-0.071327	-0.071355	-0.071306	-0.071220	-0.071251	-0.071198
528.000000	-0.071264	-0.071256	-0.071240	-0.071165	-0.071127	-0.071185	-0.071090
529.000000	-0.071122	-0.071136	-0.071091	-0.071063	-0.071035	-0.071098	-0.070992
530.000000	-0.071029	-0.071032	-0.070974	-0.071005	-0.070934	-0.070965	-0.070904
531.000000	-0.070978	-0.070960	-0.070914	-0.070969	-0.070814	-0.070827	-0.070811
532.000000	-0.070897	-0.070898	-0.070893	-0.070904	-0.070664	-0.070775	-0.070687
533.000000	-0.070771	-0.070778	-0.070822	-0.070766	-0.070509	-0.070754	-0.070546
534.000000	-0.070659	-0.070478	-0.070520	-0.070515	-0.070416	-0.070526	-0.070452
535.000000	-0.070543	-0.070131	-0.070108	-0.070273	-0.070356	-0.070158	-0.070374
536.000000	-0.070260	-0.070338	-0.070259	-0.070440	-0.070130	-0.070289	-0.070111
537.000000	-0.069869	-0.071014	-0.070934	-0.070889	-0.069767	-0.070877	-0.069699
538.000000	-0.070060	-0.070116	-0.070044	-0.070008	-0.069963	-0.069922	-0.069854
539.000000	-0.070987	-0.067126	-0.067030	-0.067453	-0.070887	-0.066932	-0.070756
540.000000	-0.070267	-0.068882	-0.068772	-0.068906	-0.070170	-0.068712	-0.070010
541.000000	-0.066413	-0.079627	-0.079564	-0.077870	-0.066337	-0.079471	-0.066121
542.000000	-0.067162	-0.076897	-0.076905	-0.075633	-0.067104	-0.076759	-0.066883
543.000000	-0.080298	-0.033364	-0.033410	-0.039236	-0.080227	-0.033276	-0.080135
544.000000	-0.081734	0.030403	0.030347	0.016335	-0.081614	0.030440	-0.081603
545.000000	-0.034221	0.069422	0.069351	0.056373	-0.034025	0.069467	-0.033763
546.000000	0.033182	0.066681	0.066598	0.062380	0.033431	0.066791	0.033817
547.000000	0.041508	0.027893	0.027841	0.029520	0.041703	0.028066	0.041126
548.000000	-0.016940	-0.027512	-0.027491	-0.026180	-0.016869	-0.027304	-0.018216
549.000000	-0.068545	-0.065633	-0.065549	-0.065914	-0.068498	-0.065417	-0.066660
550.000000	-0.075958	-0.072555	-0.072446	-0.072874	-0.075796	-0.072353	-0.067285
551.000000	-0.067489	-0.067915	-0.067808	-0.067770	-0.067245	-0.067749	-0.056084
552.000000	-0.066147	-0.067109	-0.067017	-0.066923	-0.065957	-0.066991	-0.059895
553.000000	-0.068420	-0.068362	-0.068299	-0.068301	-0.068303	-0.068277	-0.068391
554.000000	-0.068789	-0.068499	-0.068470	-0.068407	-0.068661	-0.068409	-0.070070
555.000000	-0.068061	-0.068050	-0.068021	-0.067856	-0.067884	-0.067945	-0.067995
556.000000	-0.067974	-0.068047	-0.067958	-0.067824	-0.067780	-0.067942	-0.067332
557.000000	-0.067905	-0.067898	-0.067746	-0.067710	-0.067730	-0.067774	-0.067558
558.000000	-0.066820	-0.066804	-0.066666	-0.066661	-0.066682	-0.066606	-0.066735
559.000000	-0.066602	-0.066636	-0.066568	-0.066537	-0.066489	-0.066365	-0.066548
560.000000	-0.069909	-0.069928	-0.069925	-0.069876	-0.069778	-0.069677	-0.069793
561.000000	-0.071071	-0.071013	-0.071041	-0.070993	-0.070887	-0.070845	-0.070879
562.000000	-0.059730	-0.059622	-0.059646	-0.059587	-0.059494	-0.059483	-0.059488
563.000000	-0.051574	-0.051475	-0.051472	-0.051389	-0.051314	-0.051294	-0.051320
564.000000	-0.087384	-0.087318	-0.087292	-0.087207	-0.087138	-0.087104	-0.087146
565.000000	-0.158132	-0.158101	-0.158069	-0.158015	-0.157940	-0.157903	-0.157932
566.000000	-0.182453	-0.182448	-0.182421	-0.182412	-0.182336	-0.182296	-0.182315
567.000000	-0.125991	-0.125995	-0.125978	-0.126002	-0.125946	-0.125897	-0.125921
568.000000	-0.062700	-0.062688	-0.062690	-0.062694	-0.062692	-0.062635	-0.062641
569.000000	-0.051601	-0.051550	-0.051581	-0.051501	-0.051576	-0.051519	-0.051466
570.000000	-0.065910	-0.065820	-0.065874	-0.065721	-0.065823	-0.065777	-0.065686
571.000000	-0.070605	-0.070501	-0.070556	-0.070414	-0.070434	-0.070409	-0.070353
572.000000	-0.066898	-0.066812	-0.066845	-0.066763	-0.066685	-0.066668	-0.066670
573.000000	-0.064949	-0.064914	-0.064903	-0.064876	-0.064789	-0.064751	-0.064767
574.000000	-0.065631	-0.065647	-0.065595	-0.065613	-0.065570	-0.065494	-0.065486
575.000000	-0.066109	-0.066138	-0.066073	-0.066147	-0.066107	-0.066007	-0.065973
576.000000	-0.065805	-0.065819	-0.065768	-0.065877	-0.065803	-0.065701	-0.065657
577.000000	-0.065500	-0.065510	-0.065476	-0.065544	-0.065458	-0.065380	-0.065345
578.000000	-0.065443	-0.065468	-0.065440	-0.065411	-0.065352	-0.065307	-0.065288
579.000000	-0.065405	-0.065443	-0.065400	-0.065305	-0.065290	-0.065257	-0.065236
580.000000	-0.065267	-0.065307	-0.065237	-0.065133	-0.065167	-0.065114	-0.065075
581.000000	-0.065060	-0.065105	-0.065032	-0.064914	-0.065009	-0.064909	-0.064884
582.000000	-0.064891	-0.064938	-0.064898	-0.064748	-0.064890	-0.064741	-0.064769
583.000000	-0.064976	-0.064995	-0.064990	-0.064850	-0.064947	-0.064807	-0.064858
584.000000	-0.065218	-0.065172	-0.065182	-0.065121	-0.065059	-0.065004	-0.065015
585.000000	-0.064671	-0.064582	-0.064609	-0.064591	-0.064413	-0.064422	-0.064396
586.000000	-0.063153	-0.063093	-0.063148	-0.063064	-0.062938	-0.062909	-0.062906
587.000000	-0.063973	-0.063968	-0.064012	-0.063857	-0.063854	-0.063736	-0.063785
588.000000	-0.069876	-0.069893	-0.069845	-0.069733	-0.069791	-0.069608	-0.069689
589.000000	-0.075394	-0.075400	-0.075263	-0.075239	-0.075294	-0.075103	-0.075172
590.000000	-0.073221	-0.073199	-0.073090	-0.073085	-0.073107	-0.072979	-0.072985
591.000000	-0.066186	-0.066131	-0.066115	-0.066079	-0.066058	-0.066016	-0.065957
592.000000	-0.062046	-0.061957	-0.061974	-0.061950	-0.061883	-0.061873	-0.061818
593.000000	-0.062463	-0.062348	-0.062337	-0.062366	-0.062262	-0.062229	-0.062229
594.000000	-0.064452	-0.064328	-0.064315	-0.064372	-0.064261	-0.064198	-0.064221
595.000000	-0.064980	-0.064867	-0.064892	-0.064932	-0.064835	-0.064771	-0.064769
596.000000	-0.061164	-0.061080	-0.061102	-0.061115	-0.061014	-0.060991	-0.060985
597.000000	-0.054225	-0.054174	-0.054141	-0.054135	-0.054014	-0.054048	-0.054074
598.000000	-0.051661	-0.051612	-0.051559	-0.051531	-0.051444	-0.051465	-0.051494
599.000000	-0.056843	-0.056758	-0.056758	-0.056701	-0.056721	-0.056635	-0.056608
600.000000	-0.062819	-0.062716	-0.062750	-0.062668	-0.062762	-0.062612	-0.062530
601.000000	-0.063784	-0.063722	-0.063712	-0.063608	-0.063673	-0.063591	-0.063508
602.000000	-0.062175	-0.062172	-0.062145	-0.061984	-0.062019	-0.061996	-0.061966
603.000000	-0.061404	-0.061430	-0.061506	-0.061229	-0.061327	-0.061224	-0.061278
604.000000	-0.061446	-0.061464	-0.061636	-0.061295	-0.061448	-0.061260	-0.061344
605.000000	-0.061342	-0.061323	-0.061424	-0.061190	-0.061255	-0.061158	-0.061138
606.000000	-0.060949	-0.060899	-0.060839	-0.060784	-0.060694	-0.060763	-0.060598
607.000000	-0.060485	-0.060449	-0.060310	-0.060324	-0.060167	-0.060273	-0.060078
608.000000	-0.060094	-0.060085	-0.059975	-0.059954	-0.059814	-0.059845	-0.059720
609.000000	-0.059865	-0.059825	-0.059782	-0.059741	-0.059603	-0.059594	-0.059522
610.000000	-0.059708	-0.059605	-0.059613	-0.059602	-0.059429	-0.059460	-0.059383
611.000000	-0.059379	-0.059296	-0.059298	-0.059324	-0.059136	-0.059224	-0.059117
612.000000	-0.058877	-0.058898	-0.058851	-0.058895	-0.058729	-0.058859	-0.058725
613.000000	-0.058521	-0.058587	-0.058521	-0.058580	-0.058431	-0.058587	-0.058455
614.000000	-0.058447	-0.058435	-0.058415	-0.058482	-0.058337	-0.058490	-0.058390
615.000000	-0.058411	-0.058305	-0.058338	-0.058371	-0.058270	-0.058353	-0.058269
616.000000	-0.058227	-0.058102	-0.058144	-0.058097	-0.058091	-0.058038	-0.057931
617.000000	-0.057976	-0.057905	-0.057906	-0.057821	-0.057849	-0.057708	-0.057594
618.000000	-0.057766	-0.057789	-0.057713	-0.057688	-0.057617	-0.057523	-0.057460
619.000000	-0.057606	-0.057680	-0.057575	-0.057582	-0.057446	-0.057428	-0.057412
620.000000	-0.057487	-0.057494	-0.057473	-0.057358	-0.057363	-0.057325	-0.057288
621.000000	-0.057395	-0.057296	-0.057375	-0.057131	-0.057290	-0.057212	-0.057121
622.000000	-0.057319	-0.057193	-0.057246	-0.057083	-0.057124	-0.057116	-0.057005
623.000000	-0.057255	-0.057152	-0.057105	-0.057140	-0.056923	-0.057026	-0.056945
624.000000	-0.057203	-0.057076	-0.057000	-0.057103	-0.056824	-0.056910	-0.056892
625.000000	-0.057127	-0.056943	-0.056911	-0.056940	-0.056798	-0.056760	-0.056810
626.000000	-0.056966	-0.056793	-0.056775	-0.056743	-0.056691	-0.056588	-0.056672
627.000000	-0.056711	-0.056643	-0.056586	-0.056571	-0.056485	-0.056411	-0.056491
628.000000	-0.056405	-0.056484	-0.056411	-0.056440	-0.056314	-0.056249	-0.056324
629.000000	-0.056127	-0.056322	-0.056287	-0.056335	-0.056228	-0.056114	-0.056198
630.000000	-0.056003	-0.056200	-0.056206	-0.056204	-0.056136	-0.056004	-0.056094
631.000000	-0.056053	-0.056119	-0.056138	-0.056018	-0.055982	-0.055901	-0.055985
632.000000	-0.056051	-0.055985	-0.056000	-0.055819	-0.055805	-0.055759	-0.055834
633.000000	-0.055836	-0.055744	-0.055754	-0.055641	-0.055644	-0.055552	-0.055627
634.000000	-0.055562	-0.055499	-0.055514	-0.055481	-0.055483	-0.055332	-0.055422
635.000000	-0.055402	-0.055357	-0.055387	-0.055328	-0.055299	-0.055157	-0.055276
636.000000	-0.055292	-0.055258	-0.055303	-0.055184	-0.055103	-0.055015	-0.055164
637.000000	-0.055116	-0.055105	-0.055148	-0.055052	-0.054915	-0.054875	-0.055037
638.000000	-0.054910	-0.054914	-0.054939	-0.054918	-0.054747	-0.054722	-0.054872
639.000000	-0.054770	-0.054743	-0.054740	-0.054760	-0.054610	-0.054550	-0.054661
640.000000	-0.054685	-0.054606	-0.054579	-0.054590	-0.054500	-0.054394	-0.054451
641.000000	-0.054580	-0.054486	-0.054457	-0.054443	-0.054404	-0.054315	-0.054321
642.000000	-0.054452	-0.054393	-0.054369	-0.054326	-0.054316	-0.054293	-0.054272
643.000000	-0.054369	-0.054355	-0.054309	-0.054230	-0.054236	-0.054234	-0.054232
644.000000	-0.054342	-0.054356	-0.054270	-0.054149	-0.054163	-0.054122	-0.054163
645.000000	-0.054309	-0.054319	-0.054257	-0.054083	-0.054098	-0.054035	-0.054074
646.000000	-0.054243	-0.054214	-0.054251	-0.054034	-0.054043	-0.054013	-0.053990
647.000000	-0.054193	-0.054105	-0.054202	-0.054002	-0.054001	-0.054003	-0.053958
648.000000	-0.054194	-0.054055	-0.054103	-0.053994	-0.053983	-0.053972	-0.054002
649.000000	-0.054228	-0.054085	-0.054085	-0.054037	-0.054021	-0.053973	-0.054085
650.000000	-0.054266	-0.054186	-0.054229	-0.054134	-0.054117	-0.054038	-0.054155
651.000000	-0.054273	-0.054254	-0.054348	-0.054179	-0.054151	-0.054081	-0.054164
652.000000	-0.054212	-0.054180	-0.054234	-0.054065	-0.054002	-0.054006	-0.054068
653.000000	-0.054062	-0.053970	-0.053960	-0.053851	-0.053740	-0.053822	-0.053863
654.000000	-0.053813	-0.053675	-0.053686	-0.053639	-0.053491	-0.053577	-0.053563
655.000000	-0.053509	-0.053366	-0.053457	-0.053428	-0.053273	-0.053308	-0.053241
656.000000	-0.053222	-0.053126	-0.053257	-0.053164	-0.053052	-0.053045	-0.052990
657.000000	-0.052994	-0.052974	-0.053072	-0.052881	-0.052839	-0.052815	-0.052826
658.000000	-0.052844	-0.052881	-0.052890	-0.052680	-0.052678	-0.052644	-0.052706
659.000000	-0.052772	-0.052829	-0.052735	-0.052600	-0.052599	-0.052561	-0.052621
660.000000	-0.052751	-0.052813	-0.052666	-0.052614	-0.052619	-0.052597	-0.052604
661.000000	-0.052755	-0.052819	-0.052693	-0.052679	-0.052702	-0.052715	-0.052645
662.000000	-0.052754	-0.052822	-0.052751	-0.052729	-0.052738	-0.052773	-0.052674
663.000000	-0.052709	-0.052778	-0.052756	-0.052704	-0.052646	-0.052685	-0.052624
664.000000	-0.052571	-0.052600	-0.052601	-0.052551	-0.052424	-0.052499	-0.052443
665.000000	-0.052308	-0.052245	-0.052241	-0.052251	-0.052102	-0.052262	-0.052120
666.000000	-0.051962	-0.051819	-0.051835	-0.051889	-0.051793	-0.051961	-0.051744
667.000000	-0.051593	-0.051445	-0.051535	-0.051555	-0.051587	-0.051587	-0.051410
668.000000	-0.051275	-0.051186	-0.051293	-0.051260	-0.051401	-0.051201	-0.051127
669.000000	-0.051068	-0.051066	-0.051019	-0.050995	-0.051122	-0.050876	-0.050883
670.000000	-0.050900	-0.050966	-0.050730	-0.050755	-0.050786	-0.050621	-0.050660
671.000000	-0.050657	-0.050726	-0.050488	-0.050539	-0.050484	-0.050419	-0.050440
672.000000	-0.050397	-0.050394	-0.050307	-0.050344	-0.050259	-0.050253	-0.050258
673.000000	-0.050275	-0.050138	-0.050176	-0.050166	-0.050121	-0.050110	-0.050172
674.000000	-0.050274	-0.050018	-0.050086	-0.050038	-0.050054	-0.050004	-0.050144
675.000000	-0.050227	-0.049995	-0.050035	-0.050026	-0.050022	-0.049974	-0.050061
676.000000	-0.050091	-0.050021	-0.050017	-0.050081	-0.049998	-0.049994	-0.049910
677.000000	-0.049975	-0.050041	-0.050024	-0.050016	-0.049973	-0.049960	-0.049812
678.000000	-0.049931	-0.050016	-0.050026	-0.049797	-0.049939	-0.049841	-0.049809
679.000000	-0.049911	-0.049937	-0.049953	-0.049660	-0.049886	-0.049730	-0.049792
680.000000	-0.049866	-0.049816	-0.049790	-0.049725	-0.049812	-0.049685	-0.049690
681.000000	-0.049777	-0.049700	-0.049663	-0.049759	-0.049719	-0.049644	-0.049565
682.000000	-0.049651	-0.049632	-0.049667	-0.049579	-0.049619	-0.049555	-0.049481
683.000000	-0.049567	-0.049604	-0.049701	-0.049381	-0.049549	-0.049473	-0.049449
684.000000	-0.049594	-0.049601	-0.049648	-0.049387	-0.049539	-0.049456	-0.049464
685.000000	-0.049675	-0.049610	-0.049566	-0.049510	-0.049541	-0.049474	-0.049492
686.000000	-0.049723	-0.049623	-0.049553	-0.049582	-0.049489	-0.049474	-0.049497
687.000000	-0.049724	-0.049635	-0.049600	-0.049595	-0.049406	-0.049473	-0.049484
688.000000	-0.049704	-0.049646	-0.049645	-0.049617	-0.049359	-0.049513	-0.049481
689.000000	-0.049687	-0.049650	-0.049666	-0.049646	-0.049375	-0.049572	-0.049486
690.000000	-0.049697	-0.049641	-0.049664	-0.049634	-0.049457	-0.049585	-0.049485
691.000000	-0.049736	-0.049648	-0.049665	-0.049600	-0.049578	-0.049554	-0.049487
692.000000	-0.049791	-0.049733	-0.049715	-0.049631	-0.049682	-0.049552	-0.049526
693.000000	-0.049816	-0.049853	-0.049789	-0.049708	-0.049715	-0.049584	-0.049581
694.000000	-0.049728	-0.049812	-0.049763	-0.049675	-0.049624	-0.049562	-0.049560
695.000000	-0.049533	-0.049563	-0.049606	-0.049492	-0.049435	-0.049454	-0.049439
696.000000	-0.049414	-0.049363	-0.049473	-0.049371	-0.049330	-0.049343	-0.049349
697.000000	-0.049492	-0.049400	-0.049482	-0.049452	-0.049425	-0.049305	-0.049385
698.000000	-0.049657	-0.049568	-0.049591	-0.049591	-0.049591	-0.049370	-0.049502
699.000000	-0.049785	-0.049733	-0.049727	-0.049644	-0.049692	-0.049528	-0.049636
700.000000	-0.049851	-0.049846	-0.049826	-0.049666	-0.049737	-0.049664	-0.049733
701.000000	-0.049863	-0.049887	-0.049839	-0.049740	-0.049760	-0.049661	-0.049754
702.000000	-0.049854	-0.049881	-0.049825	-0.049820	-0.049747	-0.049582	-0.049707
703.000000	-0.049862	-0.049870	-0.049871	-0.049820	-0.049677	-0.049552	-0.049624
704.000000	-0.049874	-0.049868	-0.049950	-0.049765	-0.049615	-0.049603	-0.049592
705.000000	-0.049850	-0.049876	-0.049979	-0.049729	-0.049666	-0.049721	-0.049710
706.000000	-0.049796	-0.049871	-0.049940	-0.049733	-0.049775	-0.049843	-0.049879
707.000000	-0.049753	-0.049816	-0.049867	-0.049752	-0.049772	-0.049875	-0.049857
708.000000	-0.049724	-0.049719	-0.049780	-0.049752	-0.049645	-0.049780	-0.049632
709.000000	-0.049664	-0.049640	-0.049687	-0.049688	-0.049563	-0.049588	-0.049445
710.000000	-0.049579	-0.049593	-0.049614	-0.049558	-0.049585	-0.049384	-0.049415
711.000000	-0.049542	-0.049522	-0.049612	-0.049423	-0.049600	-0.049336	-0.049460
712.000000	-0.049569	-0.049388	-0.049658	-0.049326	-0.049527	-0.049457	-0.049474
713.000000	-0.049524	-0.049211	-0.049547	-0.049255	-0.049383	-0.049412	-0.049344
714.000000	-0.049322	-0.049030	-0.049183	-0.049183	-0.049197	-0.049003	-0.049028
715.000000	-0.049092	-0.048932	-0.048862	-0.049054	-0.048980	-0.048597	-0.048712
716.000000	-0.048964	-0.048960	-0.048856	-0.048829	-0.048745	-0.048545	-0.048571
717.000000	-0.048884	-0.048938	-0.048953	-0.048563	-0.048545	-0.048612	-0.048527
718.000000	-0.048758	-0.048679	-0.048848	-0.048333	-0.048426	-0.048456	-0.048441
719.000000	-0.048566	-0.048355	-0.048551	-0.048173	-0.048332	-0.048165	-0.048264
720.000000	-0.048323	-0.048257	-0.048208	-0.048094	-0.048172	-0.047983	-0.048000
721.000000	-0.048093	-0.048318	-0.047953	-0.048050	-0.047946	-0.047922	-0.047766
722.000000	-0.047967	-0.048268	-0.047900	-0.047963	-0.047710	-0.047859	-0.047732
723.000000	-0.047937	-0.048062	-0.047954	-0.047786	-0.047535	-0.047735	-0.047781
724.000000	-0.047917	-0.047839	-0.047850	-0.047505	-0.047501	-0.047555	-0.047571
725.000000	-0.047860	-0.047712	-0.047579	-0.047259	-0.047583	-0.047390	-0.047149
726.000000	-0.047775	-0.047745	-0.047435	-0.047352	-0.047626	-0.047382	-0.047028
727.000000	-0.047683	-0.047849	-0.047507	-0.047722	-0.047521	-0.047564	-0.047336
728.000000	-0.047629	-0.047678	-0.047502	-0.047672	-0.047236	-0.047777	-0.047520
729.000000	-0.047669	-0.047151	-0.047308	-0.046942	-0.046884	-0.047888	-0.047295
730.000000	-0.047888	-0.046883	-0.047317	-0.046451	-0.046896	-0.047867	-0.047168
731.000000	-0.048334	-0.047365	-0.047846	-0.046962	-0.047582	-0.047717	-0.047579
732.000000	-0.048912	-0.048321	-0.048702	-0.048117	-0.048681	-0.047493	-0.048338
