[HEADER]
Format	J&M ASCII Table
Comment	
Date	5/30/2023 8:32:20 AM
Order	Y (evenX)
TechType	UV
NumPoints	483
FirstX	250.00
LastX	732.00
XType	NMetr
YType	Absrb
ZType	Secs
NumSubFile	7
Matrix	Z vs X
[DATA]
	0.000000	5.000128	10.000192	15.000256	20.000383	25.000448	30.000511
250.000000	0.516789	0.516748	0.516357	0.516222	0.516273	0.516662	0.515961
251.000000	0.517545	0.517505	0.516935	0.516945	0.516630	0.517016	0.516224
252.000000	0.518775	0.518316	0.518314	0.518259	0.517244	0.517451	0.516869
253.000000	0.520277	0.519399	0.520071	0.519846	0.518558	0.518550	0.518118
254.000000	0.521901	0.520985	0.521824	0.521465	0.520830	0.520687	0.520076
255.000000	0.523815	0.523295	0.523618	0.523359	0.523535	0.523315	0.522426
256.000000	0.526215	0.526422	0.525604	0.525798	0.526093	0.525812	0.524866
257.000000	0.529076	0.529774	0.527999	0.528644	0.528535	0.528273	0.527652
258.000000	0.532290	0.532628	0.531009	0.531647	0.531111	0.531008	0.531146
259.000000	0.535696	0.535118	0.534589	0.534806	0.534199	0.534109	0.534946
260.000000	0.539115	0.537805	0.538546	0.538227	0.538172	0.537537	0.538305
261.000000	0.542558	0.540973	0.542513	0.541757	0.542387	0.541077	0.541260
262.000000	0.546161	0.544666	0.545996	0.545045	0.545457	0.544378	0.544423
263.000000	0.549618	0.548457	0.548800	0.547884	0.547268	0.547294	0.547703
264.000000	0.552118	0.551387	0.551074	0.550230	0.549166	0.549909	0.550190
265.000000	0.553495	0.553095	0.552955	0.552169	0.551752	0.552240	0.551624
266.000000	0.554728	0.554281	0.554527	0.553975	0.554234	0.554160	0.552914
267.000000	0.556349	0.555445	0.555758	0.555691	0.555887	0.555518	0.554565
268.000000	0.557477	0.556325	0.556324	0.556708	0.556516	0.556133	0.555751
269.000000	0.557293	0.556583	0.556002	0.556515	0.556102	0.555875	0.555696
270.000000	0.556136	0.556069	0.555143	0.555397	0.555007	0.554841	0.554654
271.000000	0.554544	0.554707	0.554126	0.553786	0.553605	0.553183	0.553075
272.000000	0.552521	0.552571	0.552620	0.551765	0.551760	0.551053	0.551047
273.000000	0.549872	0.549776	0.550070	0.549275	0.549151	0.548556	0.548508
274.000000	0.546462	0.546291	0.546411	0.546146	0.545538	0.545360	0.545280
275.000000	0.542204	0.542012	0.541881	0.542160	0.540769	0.540923	0.541141
276.000000	0.537358	0.537167	0.536926	0.537427	0.535362	0.535604	0.536276
277.000000	0.532460	0.532255	0.532153	0.532338	0.530390	0.530513	0.531213
278.000000	0.527634	0.527353	0.527517	0.527138	0.526032	0.525939	0.526138
279.000000	0.522465	0.521990	0.522145	0.521878	0.521319	0.521100	0.520793
280.000000	0.516725	0.515982	0.515759	0.516431	0.515779	0.515536	0.515056
281.000000	0.510606	0.509741	0.509313	0.510361	0.510019	0.509538	0.509120
282.000000	0.504336	0.503625	0.503498	0.503561	0.504448	0.503433	0.503160
283.000000	0.498103	0.497645	0.497864	0.496975	0.498560	0.497419	0.497196
284.000000	0.492045	0.491743	0.491913	0.491411	0.491931	0.491610	0.491215
285.000000	0.486090	0.485854	0.485859	0.486221	0.485240	0.485842	0.485195
286.000000	0.480143	0.479924	0.480051	0.480497	0.479314	0.479909	0.479122
287.000000	0.474344	0.473994	0.474390	0.474326	0.473870	0.473838	0.473098
288.000000	0.468902	0.468148	0.468613	0.468199	0.468220	0.467768	0.467268
289.000000	0.463700	0.462491	0.462804	0.462349	0.462479	0.461992	0.461741
290.000000	0.458416	0.457129	0.457256	0.456833	0.457248	0.456871	0.456588
291.000000	0.452981	0.451980	0.451926	0.451578	0.452459	0.452127	0.451596
292.000000	0.447559	0.446784	0.446464	0.446391	0.447405	0.446886	0.446284
293.000000	0.442215	0.441494	0.440908	0.441168	0.441851	0.440946	0.440613
294.000000	0.436853	0.436365	0.435856	0.435932	0.436255	0.435073	0.435173
295.000000	0.431500	0.431529	0.431513	0.430749	0.430952	0.429841	0.430280
296.000000	0.426457	0.426814	0.427176	0.425751	0.425922	0.425272	0.425587
297.000000	0.421866	0.422039	0.422268	0.420998	0.421062	0.421137	0.420748
298.000000	0.417265	0.417120	0.416984	0.416303	0.416163	0.416642	0.415697
299.000000	0.412202	0.412007	0.411642	0.411462	0.411050	0.411146	0.410461
300.000000	0.406893	0.406754	0.406419	0.406431	0.405854	0.405350	0.405258
301.000000	0.401712	0.401450	0.401415	0.401221	0.400761	0.400217	0.400316
302.000000	0.396667	0.396188	0.396437	0.395876	0.395673	0.395527	0.395462
303.000000	0.391595	0.391060	0.391186	0.390468	0.390390	0.390551	0.390361
304.000000	0.386445	0.386018	0.385770	0.385169	0.385066	0.385260	0.385046
305.000000	0.381248	0.380928	0.380574	0.380213	0.380093	0.380103	0.379803
306.000000	0.376104	0.375837	0.375709	0.375554	0.375456	0.375212	0.374778
307.000000	0.371181	0.370984	0.370999	0.370862	0.370721	0.370380	0.369961
308.000000	0.366486	0.366375	0.366278	0.365970	0.365707	0.365510	0.365259
309.000000	0.361775	0.361652	0.361420	0.360976	0.360652	0.360700	0.360459
310.000000	0.356919	0.356642	0.356405	0.356017	0.355756	0.355988	0.355488
311.000000	0.352096	0.351669	0.351458	0.351257	0.351046	0.351249	0.350620
312.000000	0.347446	0.347002	0.346742	0.346756	0.346470	0.346395	0.346024
313.000000	0.342814	0.342480	0.342077	0.342186	0.341775	0.341553	0.341355
314.000000	0.338042	0.337887	0.337280	0.337267	0.336767	0.336861	0.336300
315.000000	0.333307	0.333223	0.332545	0.332423	0.331818	0.332245	0.331355
316.000000	0.328857	0.328563	0.328150	0.328203	0.327420	0.327580	0.327177
317.000000	0.324612	0.324010	0.324007	0.324205	0.323465	0.322940	0.323454
318.000000	0.320339	0.319674	0.319849	0.319605	0.319546	0.318490	0.319423
319.000000	0.316037	0.315564	0.315603	0.314624	0.315466	0.314295	0.314953
320.000000	0.311880	0.311610	0.311340	0.310247	0.311189	0.310338	0.310397
321.000000	0.307860	0.307696	0.307102	0.306603	0.306803	0.306473	0.305993
322.000000	0.303767	0.303660	0.302897	0.302850	0.302529	0.302410	0.301838
323.000000	0.299542	0.299459	0.298759	0.298641	0.298467	0.298090	0.297909
324.000000	0.295390	0.295243	0.294778	0.294515	0.294514	0.293844	0.293999
325.000000	0.291441	0.291141	0.290972	0.290812	0.290599	0.289916	0.290003
326.000000	0.287570	0.287170	0.287171	0.287173	0.286774	0.286247	0.286110
327.000000	0.283659	0.283301	0.283233	0.283248	0.283052	0.282706	0.282454
328.000000	0.279755	0.279368	0.279225	0.279112	0.279224	0.279063	0.278790
329.000000	0.275925	0.275250	0.275258	0.274949	0.275110	0.275124	0.274861
330.000000	0.272125	0.271254	0.271408	0.270984	0.271017	0.271059	0.270876
331.000000	0.268281	0.267768	0.267719	0.267413	0.267361	0.267144	0.267163
332.000000	0.264434	0.264476	0.264100	0.264030	0.263930	0.263405	0.263572
333.000000	0.260683	0.260723	0.260402	0.260431	0.260204	0.259741	0.259720
334.000000	0.257086	0.256624	0.256755	0.256647	0.256316	0.256192	0.255724
335.000000	0.253666	0.252901	0.253504	0.253055	0.252901	0.252900	0.252088
336.000000	0.250293	0.249711	0.250555	0.249721	0.249966	0.249744	0.248934
337.000000	0.246660	0.246527	0.247295	0.246341	0.246752	0.246285	0.245908
338.000000	0.242766	0.243066	0.243466	0.242788	0.242951	0.242433	0.242753
339.000000	0.239166	0.239547	0.239483	0.239287	0.239113	0.238742	0.239421
340.000000	0.236160	0.236136	0.235711	0.235982	0.235662	0.235569	0.235937
341.000000	0.233240	0.232720	0.232198	0.232719	0.232458	0.232588	0.232459
342.000000	0.229939	0.229215	0.228937	0.229354	0.229299	0.229456	0.229116
343.000000	0.226474	0.225820	0.225901	0.225964	0.226080	0.226204	0.225832
344.000000	0.223184	0.222763	0.223034	0.222680	0.222753	0.222942	0.222506
345.000000	0.220085	0.219984	0.220109	0.219581	0.219427	0.219679	0.219191
346.000000	0.217077	0.217314	0.216881	0.216716	0.216267	0.216397	0.216001
347.000000	0.214106	0.214557	0.213578	0.213943	0.213334	0.213210	0.213011
348.000000	0.211148	0.211522	0.210675	0.211029	0.210625	0.210299	0.210265
349.000000	0.208231	0.208340	0.208194	0.207989	0.208061	0.207683	0.207669
350.000000	0.205421	0.205404	0.205768	0.205047	0.205500	0.205243	0.205011
351.000000	0.202709	0.202774	0.203202	0.202312	0.202848	0.202819	0.202235
352.000000	0.199995	0.200086	0.200526	0.199738	0.200077	0.200209	0.199477
353.000000	0.197274	0.197235	0.197797	0.197284	0.197234	0.197377	0.196837
354.000000	0.194727	0.194634	0.195095	0.194942	0.194500	0.194594	0.194322
355.000000	0.192432	0.192497	0.192466	0.192642	0.191971	0.192041	0.191889
356.000000	0.190139	0.190330	0.189855	0.190144	0.189471	0.189565	0.189376
357.000000	0.187633	0.187711	0.187239	0.187310	0.186868	0.187022	0.186704
358.000000	0.185103	0.185020	0.184796	0.184556	0.184420	0.184538	0.184228
359.000000	0.182794	0.182745	0.182694	0.182334	0.182397	0.182276	0.182304
360.000000	0.180656	0.180677	0.180676	0.180374	0.180480	0.180134	0.180536
361.000000	0.178523	0.178371	0.178357	0.178167	0.178174	0.177920	0.178298
362.000000	0.176294	0.175884	0.175824	0.175801	0.175624	0.175640	0.175729
363.000000	0.173917	0.173561	0.173436	0.173692	0.173332	0.173410	0.173406
364.000000	0.171480	0.171439	0.171266	0.171777	0.171290	0.171230	0.171392
365.000000	0.169191	0.169287	0.169128	0.169568	0.169039	0.168999	0.169291
366.000000	0.167096	0.167036	0.166938	0.167018	0.166573	0.166733	0.166966
367.000000	0.165029	0.164843	0.164744	0.164659	0.164490	0.164606	0.164628
368.000000	0.162908	0.162785	0.162608	0.162715	0.162964	0.162676	0.162438
369.000000	0.160847	0.160753	0.160588	0.160745	0.161292	0.160763	0.160412
370.000000	0.158886	0.158648	0.158672	0.158429	0.158974	0.158705	0.158490
371.000000	0.156807	0.156450	0.156627	0.156008	0.156371	0.156454	0.156448
372.000000	0.154436	0.154180	0.154284	0.153767	0.153926	0.154028	0.154129
373.000000	0.152004	0.151967	0.151900	0.151749	0.151763	0.151633	0.151798
374.000000	0.149796	0.149930	0.149785	0.149904	0.149881	0.149479	0.149756
375.000000	0.147731	0.147922	0.147808	0.148003	0.148001	0.147451	0.147764
376.000000	0.145594	0.145712	0.145679	0.145784	0.145770	0.145325	0.145416
377.000000	0.143418	0.143389	0.143406	0.143400	0.143336	0.143144	0.142970
378.000000	0.141377	0.141234	0.141175	0.141250	0.141133	0.141110	0.141059
379.000000	0.139450	0.139297	0.139115	0.139343	0.139248	0.139286	0.139569
380.000000	0.137445	0.137421	0.137291	0.137346	0.137450	0.137604	0.137710
381.000000	0.135340	0.135499	0.135617	0.135187	0.135580	0.135935	0.135308
382.000000	0.133355	0.133508	0.133813	0.133167	0.133599	0.134078	0.133029
383.000000	0.131556	0.131456	0.131742	0.131419	0.131512	0.131922	0.131225
384.000000	0.129687	0.129402	0.129576	0.129709	0.129394	0.129545	0.129521
385.000000	0.127592	0.127394	0.127484	0.127834	0.127332	0.127110	0.127595
386.000000	0.125524	0.125431	0.125522	0.125808	0.125425	0.124964	0.125529
387.000000	0.123722	0.123520	0.123709	0.123705	0.123730	0.123360	0.123484
388.000000	0.122026	0.121735	0.122009	0.121684	0.122104	0.121974	0.121639
389.000000	0.120203	0.120131	0.120355	0.119891	0.120369	0.120383	0.120122
390.000000	0.118312	0.118490	0.118604	0.118195	0.118513	0.118584	0.118632
391.000000	0.116526	0.116530	0.116615	0.116375	0.116603	0.116748	0.116748
392.000000	0.114935	0.114519	0.114661	0.114565	0.114814	0.114972	0.114680
393.000000	0.113563	0.113038	0.113248	0.113101	0.113375	0.113308	0.113012
394.000000	0.112294	0.112004	0.112252	0.111907	0.112144	0.111761	0.111747
395.000000	0.110882	0.110718	0.110982	0.110534	0.110650	0.110290	0.110354
396.000000	0.109222	0.108918	0.109204	0.108837	0.108822	0.108811	0.108629
397.000000	0.107397	0.106956	0.107322	0.107104	0.107145	0.107178	0.106828
398.000000	0.105564	0.105165	0.105654	0.105561	0.105847	0.105405	0.105174
399.000000	0.103991	0.103763	0.104250	0.104259	0.104571	0.103824	0.103750
400.000000	0.102805	0.102774	0.103040	0.103135	0.103023	0.102610	0.102530
401.000000	0.101675	0.101680	0.101688	0.101848	0.101291	0.101359	0.101200
402.000000	0.100281	0.100041	0.099946	0.100134	0.099537	0.099706	0.099516
403.000000	0.098729	0.098205	0.098176	0.098288	0.097922	0.097949	0.097783
404.000000	0.097226	0.096669	0.096832	0.096710	0.096577	0.096510	0.096394
405.000000	0.095825	0.095402	0.095753	0.095402	0.095391	0.095356	0.095278
406.000000	0.094511	0.094165	0.094549	0.094197	0.094170	0.094273	0.094175
407.000000	0.093243	0.092916	0.093165	0.092999	0.092882	0.093139	0.092965
408.000000	0.091963	0.091733	0.091756	0.091759	0.091600	0.091897	0.091619
409.000000	0.090639	0.090547	0.090396	0.090491	0.090373	0.090561	0.090229
410.000000	0.089262	0.089157	0.089087	0.089265	0.089225	0.089211	0.088998
411.000000	0.087899	0.087611	0.087846	0.088089	0.088105	0.087910	0.087960
412.000000	0.086719	0.086292	0.086720	0.086886	0.086865	0.086695	0.086923
413.000000	0.085744	0.085356	0.085683	0.085610	0.085476	0.085576	0.085756
414.000000	0.084694	0.084451	0.084560	0.084288	0.084172	0.084511	0.084486
415.000000	0.083401	0.083320	0.083263	0.082989	0.083116	0.083458	0.083184
416.000000	0.082136	0.082136	0.082013	0.081882	0.082189	0.082382	0.082009
417.000000	0.081159	0.081109	0.081025	0.081080	0.081248	0.081262	0.081075
418.000000	0.080318	0.080245	0.080234	0.080362	0.080278	0.080130	0.080211
419.000000	0.079384	0.079474	0.079500	0.079462	0.079306	0.079033	0.079210
420.000000	0.078396	0.078631	0.078705	0.078425	0.078374	0.078045	0.078144
421.000000	0.077492	0.077536	0.077754	0.077419	0.077523	0.077234	0.077187
422.000000	0.076635	0.076319	0.076653	0.076460	0.076662	0.076469	0.076296
423.000000	0.075683	0.075290	0.075473	0.075469	0.075634	0.075510	0.075299
424.000000	0.074615	0.074496	0.074325	0.074433	0.074493	0.074391	0.074220
425.000000	0.073520	0.073739	0.073352	0.073400	0.073484	0.073393	0.073256
426.000000	0.072492	0.072905	0.072566	0.072415	0.072651	0.072593	0.072443
427.000000	0.071622	0.071999	0.071806	0.071514	0.071763	0.071791	0.071595
428.000000	0.070906	0.071047	0.070973	0.070706	0.070746	0.070864	0.070633
429.000000	0.070156	0.070102	0.070109	0.069949	0.069864	0.069880	0.069725
430.000000	0.069246	0.069200	0.069257	0.069201	0.069260	0.068928	0.068987
431.000000	0.068293	0.068332	0.068413	0.068450	0.068615	0.068084	0.068325
432.000000	0.067419	0.067487	0.067564	0.067685	0.067641	0.067382	0.067616
433.000000	0.066583	0.066685	0.066704	0.066861	0.066538	0.066686	0.066790
434.000000	0.065721	0.065942	0.065838	0.065946	0.065602	0.065848	0.065816
435.000000	0.064893	0.065182	0.065034	0.065012	0.064842	0.064957	0.064828
436.000000	0.064201	0.064307	0.064367	0.064171	0.064147	0.064184	0.064007
437.000000	0.063557	0.063374	0.063704	0.063416	0.063416	0.063472	0.063287
438.000000	0.062767	0.062529	0.062802	0.062669	0.062556	0.062637	0.062464
439.000000	0.061840	0.061780	0.061732	0.061864	0.061628	0.061706	0.061528
440.000000	0.060959	0.061014	0.060841	0.060947	0.060827	0.060891	0.060647
441.000000	0.060182	0.060189	0.060201	0.059968	0.060178	0.060217	0.059891
442.000000	0.059400	0.059367	0.059509	0.059106	0.059480	0.059460	0.059198
443.000000	0.058582	0.058604	0.058637	0.058446	0.058651	0.058548	0.058528
444.000000	0.057870	0.057935	0.057827	0.057876	0.057858	0.057731	0.057905
445.000000	0.057335	0.057348	0.057245	0.057284	0.057215	0.057161	0.057328
446.000000	0.056802	0.056709	0.056706	0.056613	0.056611	0.056611	0.056708
447.000000	0.056103	0.055919	0.056028	0.055849	0.055926	0.055869	0.055974
448.000000	0.055292	0.055118	0.055277	0.055108	0.055185	0.055060	0.055189
449.000000	0.054478	0.054474	0.054570	0.054507	0.054449	0.054374	0.054442
450.000000	0.053748	0.053955	0.053909	0.053957	0.053791	0.053827	0.053772
451.000000	0.053167	0.053449	0.053257	0.053304	0.053269	0.053358	0.053188
452.000000	0.052656	0.052851	0.052603	0.052584	0.052771	0.052831	0.052606
453.000000	0.052056	0.052080	0.051955	0.051945	0.052096	0.052082	0.051903
454.000000	0.051383	0.051266	0.051332	0.051421	0.051313	0.051221	0.051135
455.000000	0.050795	0.050717	0.050757	0.050949	0.050720	0.050587	0.050513
456.000000	0.050331	0.050438	0.050229	0.050463	0.050356	0.050243	0.050082
457.000000	0.049874	0.050051	0.049708	0.049902	0.049925	0.049891	0.049671
458.000000	0.049362	0.049388	0.049172	0.049258	0.049286	0.049359	0.049180
459.000000	0.048848	0.048713	0.048629	0.048620	0.048618	0.048740	0.048664
460.000000	0.048362	0.048218	0.048097	0.048061	0.048068	0.048128	0.048167
461.000000	0.047845	0.047784	0.047602	0.047572	0.047602	0.047543	0.047663
462.000000	0.047247	0.047270	0.047153	0.047125	0.047163	0.046987	0.047125
463.000000	0.046629	0.046666	0.046679	0.046649	0.046704	0.046465	0.046564
464.000000	0.046067	0.046010	0.046116	0.046085	0.046187	0.045972	0.046003
465.000000	0.045578	0.045411	0.045558	0.045509	0.045620	0.045496	0.045472
466.000000	0.045151	0.044987	0.045140	0.045036	0.045026	0.045018	0.044996
467.000000	0.044733	0.044649	0.044798	0.044646	0.044472	0.044535	0.044523
468.000000	0.044261	0.044203	0.044366	0.044245	0.044039	0.044056	0.043968
469.000000	0.043788	0.043678	0.043872	0.043828	0.043727	0.043634	0.043412
470.000000	0.043460	0.043281	0.043503	0.043454	0.043465	0.043358	0.043075
471.000000	0.043224	0.043024	0.043243	0.043111	0.043172	0.043157	0.042921
472.000000	0.042788	0.042678	0.042832	0.042698	0.042751	0.042779	0.042617
473.000000	0.042084	0.042143	0.042195	0.042190	0.042198	0.042158	0.042043
474.000000	0.041452	0.041565	0.041604	0.041701	0.041666	0.041575	0.041489
475.000000	0.041112	0.041072	0.041232	0.041302	0.041250	0.041213	0.041147
476.000000	0.040862	0.040684	0.040920	0.040920	0.040860	0.040921	0.040861
477.000000	0.040497	0.040383	0.040505	0.040478	0.040410	0.040538	0.040473
478.000000	0.040065	0.040083	0.040016	0.039988	0.039950	0.040074	0.040036
479.000000	0.039662	0.039706	0.039534	0.039489	0.039551	0.039581	0.039635
480.000000	0.039316	0.039303	0.039142	0.039065	0.039207	0.039153	0.039236
481.000000	0.039024	0.038967	0.038907	0.038801	0.038881	0.038877	0.038776
482.000000	0.038742	0.038666	0.038736	0.038620	0.038543	0.038681	0.038338
483.000000	0.038409	0.038315	0.038457	0.038369	0.038170	0.038414	0.038072
484.000000	0.038043	0.037934	0.038069	0.038027	0.037815	0.038058	0.037929
485.000000	0.037720	0.037624	0.037697	0.037672	0.037591	0.037698	0.037711
486.000000	0.037447	0.037383	0.037376	0.037340	0.037455	0.037376	0.037367
487.000000	0.037149	0.037095	0.037029	0.037018	0.037194	0.037080	0.037015
488.000000	0.036801	0.036714	0.036639	0.036693	0.036751	0.036781	0.036711
489.000000	0.036470	0.036331	0.036287	0.036361	0.036332	0.036431	0.036384
490.000000	0.036188	0.036015	0.036020	0.036027	0.036066	0.036021	0.036000
491.000000	0.035889	0.035763	0.035789	0.035708	0.035840	0.035656	0.035629
492.000000	0.035525	0.035545	0.035539	0.035416	0.035541	0.035408	0.035325
493.000000	0.035181	0.035264	0.035258	0.035130	0.035188	0.035179	0.035009
494.000000	0.034931	0.034840	0.034939	0.034822	0.034819	0.034858	0.034608
495.000000	0.034664	0.034360	0.034556	0.034454	0.034427	0.034472	0.034207
496.000000	0.034233	0.033951	0.034096	0.034001	0.034000	0.034087	0.033926
497.000000	0.033748	0.033619	0.033656	0.033560	0.033601	0.033728	0.033702
498.000000	0.033427	0.033311	0.033376	0.033274	0.033318	0.033398	0.033391
499.000000	0.033219	0.033011	0.033197	0.033086	0.033108	0.033090	0.033004
500.000000	0.032889	0.032729	0.032918	0.032792	0.032834	0.032787	0.032661
501.000000	0.032398	0.032438	0.032491	0.032353	0.032450	0.032452	0.032357
502.000000	0.031916	0.032068	0.032030	0.031895	0.032006	0.032024	0.031962
503.000000	0.031542	0.031620	0.031614	0.031497	0.031552	0.031523	0.031457
504.000000	0.031248	0.031204	0.031258	0.031144	0.031132	0.031094	0.030997
505.000000	0.030990	0.030883	0.030960	0.030824	0.030782	0.030808	0.030674
506.000000	0.030714	0.030607	0.030695	0.030542	0.030524	0.030564	0.030411
507.000000	0.030385	0.030316	0.030425	0.030288	0.030343	0.030263	0.030129
508.000000	0.030032	0.029990	0.030080	0.029990	0.030114	0.029907	0.029818
509.000000	0.029688	0.029617	0.029615	0.029583	0.029729	0.029515	0.029483
510.000000	0.029314	0.029196	0.029145	0.029102	0.029261	0.029106	0.029120
511.000000	0.028863	0.028735	0.028801	0.028611	0.028822	0.028692	0.028723
512.000000	0.028381	0.028272	0.028496	0.028149	0.028400	0.028283	0.028296
513.000000	0.027954	0.027860	0.028058	0.027742	0.027928	0.027879	0.027847
514.000000	0.027598	0.027494	0.027524	0.027386	0.027456	0.027479	0.027413
515.000000	0.027283	0.027142	0.027069	0.027058	0.027102	0.027076	0.027049
516.000000	0.026971	0.026800	0.026747	0.026761	0.026857	0.026693	0.026755
517.000000	0.026619	0.026495	0.026493	0.026522	0.026589	0.026382	0.026480
518.000000	0.026232	0.026214	0.026250	0.026307	0.026236	0.026134	0.026184
519.000000	0.025871	0.025882	0.025975	0.025993	0.025835	0.025860	0.025847
520.000000	0.025564	0.025471	0.025635	0.025538	0.025433	0.025507	0.025463
521.000000	0.025245	0.025057	0.025215	0.025071	0.025083	0.025110	0.025054
522.000000	0.024872	0.024701	0.024726	0.024689	0.024798	0.024714	0.024650
523.000000	0.024496	0.024387	0.024266	0.024336	0.024479	0.024352	0.024298
524.000000	0.024162	0.024084	0.023916	0.023948	0.024044	0.024041	0.024021
525.000000	0.023814	0.023782	0.023624	0.023564	0.023577	0.023709	0.023723
526.000000	0.023391	0.023472	0.023313	0.023242	0.023198	0.023284	0.023303
527.000000	0.022969	0.023139	0.022999	0.022962	0.022915	0.022862	0.022857
528.000000	0.022666	0.022770	0.022731	0.022678	0.022693	0.022588	0.022542
529.000000	0.022437	0.022393	0.022480	0.022376	0.022471	0.022397	0.022325
530.000000	0.022143	0.022064	0.022173	0.022064	0.022180	0.022105	0.022064
531.000000	0.021769	0.021774	0.021809	0.021737	0.021812	0.021713	0.021719
532.000000	0.021403	0.021460	0.021454	0.021380	0.021416	0.021376	0.021347
533.000000	0.021091	0.021113	0.021141	0.021021	0.021050	0.021133	0.021010
534.000000	0.020816	0.020790	0.020862	0.020749	0.020781	0.020870	0.020775
535.000000	0.020560	0.020520	0.020603	0.020570	0.020602	0.020534	0.020624
536.000000	0.020300	0.020272	0.020347	0.020343	0.020373	0.020204	0.020384
537.000000	0.020024	0.020016	0.020082	0.019982	0.020013	0.019931	0.019966
538.000000	0.019740	0.019740	0.019800	0.019591	0.019636	0.019666	0.019546
539.000000	0.019457	0.019443	0.019503	0.019273	0.019348	0.019361	0.019279
540.000000	0.019156	0.019139	0.019210	0.018992	0.019092	0.019051	0.019072
541.000000	0.018827	0.018846	0.018936	0.018692	0.018790	0.018778	0.018797
542.000000	0.018524	0.018571	0.018663	0.018400	0.018477	0.018527	0.018490
543.000000	0.018317	0.018317	0.018367	0.018164	0.018221	0.018262	0.018239
544.000000	0.018147	0.018075	0.018057	0.017970	0.018008	0.017981	0.018020
545.000000	0.017896	0.017829	0.017764	0.017770	0.017782	0.017696	0.017753
546.000000	0.017576	0.017571	0.017512	0.017544	0.017528	0.017430	0.017441
547.000000	0.017298	0.017303	0.017318	0.017299	0.017266	0.017208	0.017147
548.000000	0.017090	0.017034	0.017142	0.017041	0.017010	0.017015	0.016895
549.000000	0.016884	0.016782	0.016885	0.016775	0.016773	0.016798	0.016666
550.000000	0.016639	0.016549	0.016533	0.016515	0.016546	0.016536	0.016443
551.000000	0.016370	0.016307	0.016210	0.016289	0.016289	0.016266	0.016219
552.000000	0.016111	0.016061	0.016003	0.016111	0.016004	0.016030	0.016001
553.000000	0.015917	0.015893	0.015880	0.015956	0.015801	0.015866	0.015826
554.000000	0.015789	0.015819	0.015763	0.015770	0.015715	0.015756	0.015691
555.000000	0.015509	0.015573	0.015471	0.015411	0.015470	0.015472	0.015427
556.000000	0.014974	0.015006	0.014948	0.014862	0.014905	0.014912	0.014956
557.000000	0.014929	0.014902	0.014926	0.014855	0.014817	0.014851	0.014864
558.000000	0.016019	0.015963	0.016022	0.015992	0.015930	0.015967	0.015662
559.000000	0.015833	0.015780	0.015845	0.015832	0.015804	0.015803	0.015465
560.000000	0.011276	0.011229	0.011336	0.011262	0.011271	0.011195	0.011855
561.000000	0.009574	0.009522	0.009669	0.009520	0.009541	0.009399	0.010506
562.000000	0.023739	0.023666	0.023752	0.023655	0.023648	0.023527	0.021624
563.000000	0.033809	0.033721	0.033666	0.033731	0.033668	0.033645	0.029483
564.000000	-0.011778	-0.011827	-0.011957	-0.011798	-0.011907	-0.011850	-0.006617
565.000000	-0.093752	-0.093733	-0.093812	-0.093700	-0.093815	-0.093749	-0.077628
566.000000	-0.090333	-0.090344	-0.090319	-0.090307	-0.090371	-0.090350	-0.102249
567.000000	0.036327	0.036168	0.036275	0.036210	0.036241	0.036196	-0.046143
568.000000	0.134937	0.134720	0.134834	0.134729	0.134836	0.134763	0.016822
569.000000	0.097081	0.097028	0.097050	0.096949	0.097063	0.097032	0.027686
570.000000	0.015159	0.015296	0.015202	0.015145	0.015203	0.015234	0.013170
571.000000	-0.007528	-0.007377	-0.007527	-0.007517	-0.007553	-0.007495	0.008228
572.000000	0.009412	0.009448	0.009335	0.009379	0.009269	0.009332	0.011653
573.000000	0.017851	0.017755	0.017775	0.017770	0.017659	0.017731	0.013309
574.000000	0.013743	0.013583	0.013720	0.013639	0.013567	0.013649	0.012340
575.000000	0.010626	0.010530	0.010624	0.010540	0.010485	0.010560	0.011589
576.000000	0.011289	0.011325	0.011288	0.011262	0.011206	0.011239	0.011641
577.000000	0.012045	0.012150	0.012085	0.012103	0.012070	0.012020	0.011722
578.000000	0.011715	0.011805	0.011799	0.011796	0.011810	0.011719	0.011552
579.000000	0.011383	0.011445	0.011394	0.011273	0.011326	0.011390	0.011307
580.000000	0.011404	0.011455	0.011319	0.011114	0.011178	0.011357	0.011173
581.000000	0.011144	0.011177	0.011290	0.011358	0.011399	0.010951	0.011333
582.000000	0.010630	0.010633	0.011118	0.011597	0.011589	0.010310	0.011500
583.000000	0.011188	0.011178	0.010866	0.010687	0.010629	0.011118	0.010563
584.000000	0.012673	0.012682	0.010679	0.008978	0.008890	0.013143	0.008873
585.000000	0.010761	0.010782	0.010831	0.010905	0.010810	0.010734	0.010821
586.000000	0.005672	0.005671	0.012492	0.018545	0.018461	0.003798	0.018448
587.000000	0.017843	0.017838	0.020202	0.022291	0.022213	0.017145	0.022170
588.000000	0.063051	0.063112	0.036551	0.012978	0.012885	0.070206	0.012853
589.000000	0.101423	0.101549	0.048015	0.000486	0.000395	0.115930	0.000384
590.000000	0.081405	0.081498	0.038159	-0.000411	-0.000432	0.093180	-0.000463
591.000000	0.026986	0.026988	0.016642	0.007285	0.007345	0.029831	0.007279
592.000000	-0.001559	-0.001596	0.005561	0.011838	0.011886	-0.003451	0.011830
593.000000	0.003944	0.003934	0.007591	0.010966	0.010934	0.002990	0.010921
594.000000	0.012666	0.012695	0.010879	0.009500	0.009437	0.013139	0.009435
595.000000	0.011831	0.011881	0.010517	0.009482	0.009463	0.012107	0.009429
596.000000	0.009092	0.009139	0.009437	0.009769	0.009791	0.008910	0.009740
597.000000	0.008971	0.009001	0.009365	0.009674	0.009700	0.008843	0.009665
598.000000	0.009631	0.009659	0.009583	0.009456	0.009484	0.009679	0.009457
599.000000	0.009577	0.009631	0.009504	0.009336	0.009386	0.009616	0.009340
600.000000	0.009256	0.009339	0.009301	0.009283	0.009336	0.009211	0.009298
601.000000	0.009173	0.009271	0.009180	0.009236	0.009247	0.009098	0.009278
602.000000	0.009172	0.009284	0.009128	0.009161	0.009108	0.009139	0.009205
603.000000	0.009030	0.009163	0.009090	0.009038	0.008937	0.009088	0.009029
604.000000	0.008852	0.008957	0.009035	0.008899	0.008811	0.008949	0.008842
605.000000	0.008811	0.008786	0.008945	0.008786	0.008810	0.008798	0.008758
606.000000	0.008850	0.008697	0.008849	0.008716	0.008863	0.008700	0.008759
607.000000	0.008823	0.008698	0.008786	0.008692	0.008841	0.008701	0.008765
608.000000	0.008720	0.008712	0.008710	0.008664	0.008720	0.008719	0.008714
609.000000	0.008625	0.008616	0.008524	0.008550	0.008540	0.008596	0.008557
610.000000	0.008565	0.008432	0.008293	0.008389	0.008371	0.008366	0.008362
611.000000	0.008512	0.008316	0.008223	0.008322	0.008304	0.008243	0.008299
612.000000	0.008433	0.008298	0.008325	0.008348	0.008322	0.008270	0.008370
613.000000	0.008281	0.008239	0.008345	0.008274	0.008268	0.008268	0.008352
614.000000	0.008073	0.008085	0.008174	0.008038	0.008083	0.008145	0.008156
615.000000	0.007944	0.007957	0.008001	0.007837	0.007900	0.008000	0.007967
616.000000	0.007960	0.007934	0.007962	0.007815	0.007827	0.007907	0.007919
617.000000	0.007975	0.007926	0.007959	0.007876	0.007827	0.007827	0.007926
618.000000	0.007859	0.007842	0.007888	0.007909	0.007843	0.007720	0.007886
619.000000	0.007697	0.007713	0.007777	0.007874	0.007821	0.007635	0.007794
620.000000	0.007606	0.007596	0.007679	0.007757	0.007720	0.007620	0.007671
621.000000	0.007576	0.007506	0.007594	0.007587	0.007575	0.007596	0.007527
622.000000	0.007549	0.007441	0.007503	0.007402	0.007445	0.007450	0.007374
623.000000	0.007482	0.007371	0.007397	0.007227	0.007330	0.007243	0.007221
624.000000	0.007339	0.007256	0.007272	0.007074	0.007200	0.007123	0.007077
625.000000	0.007164	0.007118	0.007147	0.006974	0.007073	0.007085	0.006955
626.000000	0.007056	0.007024	0.007057	0.006964	0.007000	0.007017	0.006871
627.000000	0.007029	0.006996	0.007002	0.007011	0.006985	0.006901	0.006836
628.000000	0.007004	0.007003	0.006942	0.006999	0.006976	0.006832	0.006857
629.000000	0.006927	0.006999	0.006853	0.006881	0.006932	0.006830	0.006888
630.000000	0.006788	0.006917	0.006747	0.006719	0.006830	0.006786	0.006808
631.000000	0.006619	0.006749	0.006644	0.006578	0.006689	0.006650	0.006589
632.000000	0.006537	0.006620	0.006588	0.006500	0.006605	0.006532	0.006428
633.000000	0.006603	0.006618	0.006602	0.006501	0.006630	0.006517	0.006460
634.000000	0.006668	0.006650	0.006632	0.006511	0.006637	0.006544	0.006527
635.000000	0.006584	0.006611	0.006612	0.006461	0.006505	0.006531	0.006457
636.000000	0.006438	0.006510	0.006516	0.006390	0.006346	0.006456	0.006328
637.000000	0.006365	0.006390	0.006340	0.006358	0.006311	0.006322	0.006272
638.000000	0.006319	0.006282	0.006165	0.006348	0.006342	0.006191	0.006272
639.000000	0.006187	0.006205	0.006097	0.006311	0.006299	0.006141	0.006248
640.000000	0.006031	0.006160	0.006116	0.006223	0.006174	0.006148	0.006167
641.000000	0.006021	0.006128	0.006124	0.006079	0.006040	0.006123	0.006028
642.000000	0.006115	0.006069	0.006074	0.005913	0.005916	0.006042	0.005870
643.000000	0.006083	0.005927	0.005965	0.005797	0.005772	0.005935	0.005767
644.000000	0.005888	0.005738	0.005828	0.005743	0.005631	0.005840	0.005737
645.000000	0.005747	0.005654	0.005730	0.005697	0.005587	0.005800	0.005726
646.000000	0.005760	0.005721	0.005696	0.005623	0.005662	0.005807	0.005700
647.000000	0.005785	0.005767	0.005673	0.005538	0.005738	0.005754	0.005674
648.000000	0.005707	0.005675	0.005615	0.005459	0.005714	0.005591	0.005650
649.000000	0.005565	0.005528	0.005529	0.005401	0.005583	0.005437	0.005583
650.000000	0.005418	0.005423	0.005431	0.005371	0.005374	0.005398	0.005447
651.000000	0.005321	0.005372	0.005372	0.005368	0.005215	0.005421	0.005310
652.000000	0.005312	0.005367	0.005387	0.005382	0.005222	0.005424	0.005250
653.000000	0.005351	0.005377	0.005404	0.005373	0.005298	0.005380	0.005251
654.000000	0.005371	0.005369	0.005326	0.005298	0.005289	0.005290	0.005261
655.000000	0.005349	0.005341	0.005207	0.005211	0.005225	0.005208	0.005238
656.000000	0.005285	0.005311	0.005174	0.005205	0.005223	0.005209	0.005152
657.000000	0.005223	0.005295	0.005231	0.005256	0.005272	0.005260	0.005054
658.000000	0.005236	0.005312	0.005291	0.005252	0.005270	0.005246	0.005053
659.000000	0.005307	0.005327	0.005308	0.005180	0.005194	0.005157	0.005138
660.000000	0.005323	0.005256	0.005281	0.005126	0.005113	0.005086	0.005169
661.000000	0.005232	0.005095	0.005207	0.005116	0.005061	0.005070	0.005084
662.000000	0.005079	0.004960	0.005083	0.005082	0.005005	0.005049	0.004952
663.000000	0.004922	0.004916	0.004935	0.004995	0.004932	0.004987	0.004833
664.000000	0.004837	0.004896	0.004858	0.004938	0.004876	0.004914	0.004754
665.000000	0.004867	0.004848	0.004902	0.004961	0.004856	0.004862	0.004732
666.000000	0.004948	0.004808	0.004952	0.004974	0.004830	0.004848	0.004763
667.000000	0.005002	0.004813	0.004891	0.004890	0.004760	0.004871	0.004828
668.000000	0.004985	0.004825	0.004763	0.004776	0.004685	0.004874	0.004852
669.000000	0.004876	0.004793	0.004649	0.004723	0.004656	0.004793	0.004762
670.000000	0.004746	0.004735	0.004592	0.004707	0.004644	0.004669	0.004624
671.000000	0.004694	0.004692	0.004613	0.004661	0.004592	0.004575	0.004552
672.000000	0.004704	0.004642	0.004659	0.004597	0.004517	0.004537	0.004551
673.000000	0.004697	0.004522	0.004643	0.004570	0.004474	0.004542	0.004558
674.000000	0.004642	0.004362	0.004552	0.004561	0.004444	0.004542	0.004521
675.000000	0.004555	0.004264	0.004439	0.004485	0.004346	0.004458	0.004404
676.000000	0.004458	0.004255	0.004340	0.004339	0.004198	0.004298	0.004246
677.000000	0.004373	0.004267	0.004270	0.004215	0.004133	0.004175	0.004174
678.000000	0.004314	0.004266	0.004237	0.004156	0.004190	0.004149	0.004223
679.000000	0.004273	0.004284	0.004237	0.004120	0.004235	0.004176	0.004254
680.000000	0.004250	0.004338	0.004259	0.004083	0.004190	0.004213	0.004189
681.000000	0.004276	0.004384	0.004274	0.004102	0.004166	0.004254	0.004144
682.000000	0.004354	0.004389	0.004261	0.004207	0.004245	0.004283	0.004210
683.000000	0.004371	0.004367	0.004235	0.004296	0.004301	0.004243	0.004276
684.000000	0.004236	0.004338	0.004215	0.004264	0.004198	0.004095	0.004222
685.000000	0.004082	0.004270	0.004173	0.004158	0.004001	0.003950	0.004110
686.000000	0.004089	0.004124	0.004073	0.004062	0.003831	0.003944	0.004048
687.000000	0.004159	0.003956	0.003948	0.003984	0.003729	0.004010	0.004017
688.000000	0.004080	0.003858	0.003859	0.003894	0.003693	0.003999	0.003945
689.000000	0.003885	0.003814	0.003827	0.003800	0.003704	0.003893	0.003826
690.000000	0.003766	0.003737	0.003843	0.003731	0.003727	0.003767	0.003698
691.000000	0.003753	0.003618	0.003852	0.003674	0.003701	0.003644	0.003579
692.000000	0.003713	0.003528	0.003752	0.003581	0.003545	0.003492	0.003466
693.000000	0.003625	0.003514	0.003574	0.003483	0.003325	0.003356	0.003395
694.000000	0.003628	0.003593	0.003530	0.003525	0.003312	0.003381	0.003454
695.000000	0.003766	0.003742	0.003692	0.003727	0.003580	0.003584	0.003640
696.000000	0.003885	0.003863	0.003837	0.003856	0.003790	0.003710	0.003760
697.000000	0.003871	0.003885	0.003807	0.003764	0.003711	0.003606	0.003694
698.000000	0.003782	0.003832	0.003707	0.003632	0.003533	0.003482	0.003582
699.000000	0.003697	0.003744	0.003661	0.003632	0.003460	0.003530	0.003562
700.000000	0.003645	0.003653	0.003665	0.003669	0.003440	0.003614	0.003568
701.000000	0.003640	0.003590	0.003685	0.003612	0.003377	0.003554	0.003508
702.000000	0.003665	0.003582	0.003699	0.003540	0.003321	0.003426	0.003437
703.000000	0.003695	0.003643	0.003695	0.003588	0.003362	0.003386	0.003451
704.000000	0.003704	0.003701	0.003662	0.003685	0.003448	0.003424	0.003526
705.000000	0.003665	0.003642	0.003592	0.003656	0.003461	0.003444	0.003575
706.000000	0.003581	0.003497	0.003506	0.003510	0.003414	0.003423	0.003560
707.000000	0.003476	0.003407	0.003438	0.003390	0.003420	0.003390	0.003481
708.000000	0.003405	0.003417	0.003412	0.003363	0.003477	0.003354	0.003373
709.000000	0.003451	0.003469	0.003429	0.003407	0.003463	0.003300	0.003308
710.000000	0.003580	0.003496	0.003454	0.003474	0.003344	0.003245	0.003317
711.000000	0.003573	0.003432	0.003399	0.003486	0.003228	0.003259	0.003362
712.000000	0.003355	0.003286	0.003268	0.003428	0.003200	0.003370	0.003418
713.000000	0.003183	0.003230	0.003277	0.003425	0.003275	0.003507	0.003506
714.000000	0.003259	0.003374	0.003549	0.003550	0.003426	0.003610	0.003626
715.000000	0.003471	0.003561	0.003819	0.003653	0.003523	0.003693	0.003696
716.000000	0.003669	0.003632	0.003837	0.003592	0.003478	0.003773	0.003663
717.000000	0.003809	0.003665	0.003738	0.003490	0.003462	0.003823	0.003661
718.000000	0.003886	0.003786	0.003742	0.003513	0.003677	0.003819	0.003844
719.000000	0.003958	0.003950	0.003842	0.003652	0.003981	0.003810	0.004103
720.000000	0.004091	0.004055	0.003945	0.003824	0.004114	0.003870	0.004232
721.000000	0.004196	0.004100	0.004021	0.003955	0.004046	0.003960	0.004183
722.000000	0.004097	0.004141	0.004079	0.003979	0.003888	0.003982	0.004002
723.000000	0.003850	0.004135	0.004065	0.003927	0.003787	0.003993	0.003800
724.000000	0.003700	0.003968	0.003878	0.003901	0.003910	0.004176	0.003738
725.000000	0.003725	0.003696	0.003621	0.003910	0.004156	0.004447	0.003795
726.000000	0.003804	0.003576	0.003633	0.003850	0.004116	0.004419	0.003740
727.000000	0.003877	0.003704	0.003979	0.003729	0.003688	0.004042	0.003565
728.000000	0.004007	0.003876	0.004249	0.003751	0.003310	0.003859	0.003656
729.000000	0.004171	0.003921	0.004153	0.003983	0.003290	0.004153	0.004140
730.000000	0.004119	0.003802	0.003790	0.004132	0.003507	0.004458	0.004452
731.000000	0.003668	0.003522	0.003299	0.003956	0.003807	0.004359	0.004127
732.000000	0.002970	0.003151	0.002747	0.003572	0.004139	0.003990	0.003393
