[HEADER]
Format	J&M ASCII Table
Comment	
Date	5/30/2023 8:12:23 AM
Order	Y (evenX)
TechType	UV
NumPoints	483
FirstX	250.00
LastX	732.00
XType	NMetr
YType	Absrb
ZType	Secs
NumSubFile	7
Matrix	Z vs X
[DATA]
	0.000000	5.000128	10.000192	15.000256	20.000383	25.000448	30.000511
250.000000	0.528520	0.527723	0.527633	0.528177	0.528156	0.527877	0.527366
251.000000	0.526893	0.526332	0.526065	0.526697	0.526709	0.526062	0.525915
252.000000	0.525988	0.525758	0.525086	0.525762	0.525829	0.525306	0.525343
253.000000	0.525411	0.525417	0.524542	0.525197	0.525188	0.524983	0.524975
254.000000	0.524870	0.524863	0.524298	0.524840	0.524581	0.524591	0.524360
255.000000	0.524699	0.524497	0.524450	0.524718	0.524456	0.524470	0.524215
256.000000	0.525279	0.524812	0.525097	0.524917	0.525260	0.525032	0.525236
257.000000	0.526476	0.525808	0.526097	0.525628	0.526682	0.526083	0.526601
258.000000	0.528003	0.527315	0.527261	0.527034	0.528205	0.527277	0.527184
259.000000	0.529689	0.529148	0.528728	0.528912	0.529738	0.528734	0.527734
260.000000	0.531441	0.531114	0.530778	0.530851	0.531410	0.530777	0.529840
261.000000	0.533329	0.533137	0.533207	0.532753	0.533235	0.533210	0.533112
262.000000	0.535537	0.535224	0.535451	0.534760	0.535139	0.535443	0.535681
263.000000	0.537856	0.537335	0.537269	0.536821	0.537052	0.537246	0.537065
264.000000	0.539635	0.539375	0.538794	0.538663	0.538902	0.538817	0.538406
265.000000	0.540656	0.541178	0.540133	0.540132	0.540536	0.540221	0.540159
266.000000	0.541469	0.542471	0.541306	0.541300	0.541656	0.541265	0.541466
267.000000	0.542389	0.543052	0.542254	0.542176	0.542115	0.541821	0.541775
268.000000	0.542925	0.542924	0.542740	0.542554	0.542182	0.541997	0.541626
269.000000	0.542632	0.542167	0.542558	0.542295	0.542093	0.541882	0.541545
270.000000	0.541743	0.541049	0.541752	0.541683	0.541688	0.541353	0.541304
271.000000	0.540592	0.539821	0.540417	0.540981	0.540723	0.540258	0.540515
272.000000	0.539079	0.538344	0.538612	0.539675	0.539017	0.538590	0.538970
273.000000	0.536961	0.536343	0.536375	0.537054	0.536445	0.536390	0.536553
274.000000	0.534187	0.533656	0.533717	0.533403	0.533217	0.533636	0.533410
275.000000	0.530824	0.530211	0.530634	0.529565	0.529725	0.530279	0.529832
276.000000	0.526955	0.526260	0.527124	0.525939	0.526183	0.526453	0.526022
277.000000	0.522681	0.522324	0.523192	0.522531	0.522648	0.522450	0.522105
278.000000	0.518139	0.518456	0.518885	0.519017	0.518970	0.518341	0.518072
279.000000	0.513506	0.514106	0.514304	0.514670	0.514747	0.513922	0.513750
280.000000	0.508862	0.509064	0.509512	0.509309	0.509851	0.509063	0.509051
281.000000	0.504086	0.503844	0.504483	0.503831	0.504698	0.503814	0.504062
282.000000	0.499072	0.498861	0.499251	0.498878	0.499581	0.498377	0.498915
283.000000	0.493814	0.494017	0.494028	0.494024	0.494266	0.493339	0.493801
284.000000	0.488390	0.489138	0.489000	0.488827	0.488595	0.489099	0.488853
285.000000	0.483161	0.484113	0.484074	0.483624	0.483163	0.484924	0.483878
286.000000	0.478472	0.478905	0.479095	0.478869	0.478615	0.479935	0.478663
287.000000	0.474019	0.473835	0.473993	0.474296	0.474429	0.474482	0.473460
288.000000	0.469271	0.469322	0.468757	0.469382	0.469679	0.469375	0.468677
289.000000	0.464342	0.465090	0.463666	0.464242	0.464485	0.464705	0.464217
290.000000	0.459736	0.460449	0.459151	0.459377	0.459610	0.460102	0.459671
291.000000	0.455372	0.455313	0.455017	0.454792	0.455063	0.455351	0.454901
292.000000	0.450625	0.450172	0.450486	0.450026	0.450140	0.450392	0.450034
293.000000	0.445370	0.445264	0.445347	0.444978	0.444748	0.445279	0.445194
294.000000	0.440218	0.440441	0.440214	0.440074	0.439690	0.440208	0.440484
295.000000	0.435536	0.435645	0.435470	0.435532	0.435376	0.435337	0.435933
296.000000	0.431062	0.431067	0.430874	0.431057	0.431259	0.430705	0.431411
297.000000	0.426511	0.426741	0.426171	0.426389	0.426809	0.426246	0.426780
298.000000	0.421760	0.422096	0.421284	0.421594	0.421936	0.421600	0.421930
299.000000	0.416735	0.416653	0.416207	0.416749	0.416678	0.416453	0.416786
300.000000	0.411440	0.410989	0.411070	0.411697	0.411274	0.411006	0.411434
301.000000	0.405921	0.405868	0.406011	0.406248	0.405985	0.405582	0.405989
302.000000	0.400376	0.400964	0.400878	0.400583	0.400743	0.400223	0.400452
303.000000	0.395049	0.395508	0.395410	0.395037	0.395342	0.394842	0.394788
304.000000	0.389875	0.389680	0.389713	0.389720	0.389843	0.389398	0.389188
305.000000	0.384580	0.384301	0.384148	0.384581	0.384488	0.383887	0.383990
306.000000	0.379163	0.379460	0.378844	0.379508	0.379306	0.378430	0.379099
307.000000	0.373909	0.374482	0.373689	0.374338	0.374107	0.373269	0.373975
308.000000	0.368873	0.369054	0.368551	0.369005	0.368786	0.368401	0.368452
309.000000	0.363744	0.363464	0.363292	0.363606	0.363385	0.363450	0.362963
310.000000	0.358370	0.358015	0.357891	0.358247	0.358002	0.358188	0.357801
311.000000	0.353027	0.352939	0.352607	0.353031	0.352824	0.352809	0.352827
312.000000	0.347953	0.348293	0.347624	0.348009	0.347941	0.347526	0.347870
313.000000	0.343043	0.343582	0.342733	0.343053	0.343058	0.342420	0.342851
314.000000	0.338147	0.338348	0.337717	0.338039	0.337892	0.337517	0.337739
315.000000	0.333266	0.333002	0.332796	0.333059	0.332673	0.332716	0.332654
316.000000	0.328450	0.328161	0.328283	0.328257	0.327762	0.327899	0.327752
317.000000	0.323748	0.323700	0.324050	0.323623	0.323154	0.323170	0.323064
318.000000	0.319199	0.319141	0.319758	0.319073	0.318662	0.318728	0.318550
319.000000	0.314758	0.314423	0.315248	0.314559	0.314194	0.314471	0.314101
320.000000	0.310317	0.309801	0.310508	0.310071	0.309729	0.310078	0.309556
321.000000	0.305906	0.305437	0.305688	0.305660	0.305314	0.305571	0.304952
322.000000	0.301702	0.301386	0.301108	0.301453	0.301073	0.301353	0.300543
323.000000	0.297754	0.297548	0.296949	0.297485	0.297071	0.297514	0.296492
324.000000	0.293883	0.293594	0.293154	0.293637	0.293271	0.293596	0.292787
325.000000	0.289949	0.289384	0.289544	0.289787	0.289568	0.289353	0.289288
326.000000	0.285973	0.285313	0.285706	0.285840	0.285707	0.285178	0.285576
327.000000	0.281989	0.281677	0.281382	0.281760	0.281545	0.281411	0.281397
328.000000	0.277996	0.278101	0.277051	0.277715	0.277436	0.277815	0.277287
329.000000	0.274006	0.274171	0.273255	0.273886	0.273752	0.274072	0.273801
330.000000	0.270144	0.270169	0.269886	0.270247	0.270255	0.270197	0.270515
331.000000	0.266534	0.266559	0.266610	0.266692	0.266539	0.266320	0.266742
332.000000	0.262926	0.263187	0.263216	0.263115	0.262711	0.262551	0.262666
333.000000	0.258906	0.259583	0.259575	0.259422	0.259133	0.258975	0.258912
334.000000	0.254790	0.255791	0.255803	0.255723	0.255840	0.255592	0.255571
335.000000	0.251451	0.252253	0.252216	0.252289	0.252595	0.252323	0.252302
336.000000	0.248840	0.249014	0.248913	0.249103	0.249250	0.249057	0.248938
337.000000	0.245802	0.245638	0.245739	0.245804	0.245768	0.245643	0.245530
338.000000	0.241898	0.241959	0.242529	0.242228	0.242175	0.242078	0.242130
339.000000	0.238060	0.238334	0.239139	0.238587	0.238596	0.238626	0.238757
340.000000	0.234935	0.235009	0.235529	0.235085	0.235135	0.235422	0.235415
341.000000	0.232067	0.231808	0.231938	0.231807	0.231808	0.232198	0.232068
342.000000	0.228964	0.228548	0.228584	0.228746	0.228602	0.228742	0.228693
343.000000	0.225701	0.225311	0.225425	0.225591	0.225438	0.225322	0.225335
344.000000	0.222471	0.222210	0.222372	0.222073	0.222241	0.222251	0.222059
345.000000	0.219289	0.219152	0.219432	0.218642	0.219044	0.219349	0.218971
346.000000	0.216114	0.215986	0.216629	0.215933	0.215924	0.216289	0.216164
347.000000	0.212990	0.212790	0.213792	0.213600	0.212928	0.213125	0.213467
348.000000	0.210011	0.209764	0.210656	0.210784	0.210083	0.210123	0.210569
349.000000	0.207188	0.206913	0.207335	0.207471	0.207325	0.207315	0.207481
350.000000	0.204466	0.204075	0.204250	0.204363	0.204517	0.204538	0.204475
351.000000	0.201778	0.201240	0.201518	0.201690	0.201644	0.201726	0.201668
352.000000	0.199049	0.198584	0.198859	0.199069	0.198845	0.198947	0.198965
353.000000	0.196280	0.196151	0.196137	0.196302	0.196211	0.196265	0.196325
354.000000	0.193609	0.193720	0.193518	0.193609	0.193730	0.193723	0.193831
355.000000	0.191105	0.191122	0.191086	0.191136	0.191329	0.191314	0.191478
356.000000	0.188609	0.188421	0.188610	0.188704	0.188803	0.188895	0.188994
357.000000	0.185995	0.185734	0.185903	0.186158	0.186029	0.186366	0.186194
358.000000	0.183438	0.183236	0.183189	0.183695	0.183349	0.183889	0.183451
359.000000	0.181141	0.181063	0.180749	0.181535	0.181135	0.181649	0.181184
360.000000	0.178926	0.178981	0.178523	0.179442	0.179184	0.179513	0.179142
361.000000	0.176498	0.176647	0.176330	0.177044	0.177085	0.177245	0.176853
362.000000	0.173957	0.174138	0.174159	0.174441	0.174754	0.174838	0.174377
363.000000	0.171618	0.171771	0.172096	0.172000	0.172295	0.172422	0.172082
364.000000	0.169475	0.169575	0.170034	0.169765	0.169807	0.170064	0.170009
365.000000	0.167237	0.167332	0.167703	0.167495	0.167372	0.167774	0.167914
366.000000	0.164848	0.165017	0.165129	0.165143	0.165066	0.165520	0.165688
367.000000	0.162566	0.162863	0.162721	0.162933	0.162954	0.163225	0.163413
368.000000	0.160521	0.160944	0.160658	0.160971	0.161019	0.160883	0.161165
369.000000	0.158568	0.158997	0.158641	0.159104	0.159093	0.158633	0.158987
370.000000	0.156555	0.156808	0.156445	0.157151	0.157037	0.156551	0.156882
371.000000	0.154403	0.154410	0.154223	0.154941	0.154847	0.154488	0.154756
372.000000	0.152094	0.151920	0.152151	0.152405	0.152558	0.152314	0.152538
373.000000	0.149815	0.149618	0.150216	0.149919	0.150276	0.150157	0.150345
374.000000	0.147753	0.147737	0.148330	0.147884	0.148099	0.148165	0.148303
375.000000	0.145694	0.145916	0.146264	0.146002	0.145951	0.146139	0.146235
376.000000	0.143309	0.143611	0.143780	0.143752	0.143702	0.143780	0.143879
377.000000	0.140824	0.141053	0.141203	0.141337	0.141434	0.141300	0.141448
378.000000	0.138785	0.138924	0.139166	0.139381	0.139355	0.139197	0.139421
379.000000	0.137159	0.137256	0.137608	0.137822	0.137494	0.137503	0.137751
380.000000	0.135399	0.135495	0.135836	0.135990	0.135717	0.135824	0.135921
381.000000	0.133308	0.133441	0.133663	0.133725	0.133872	0.133972	0.133749
382.000000	0.131181	0.131387	0.131587	0.131571	0.131798	0.132050	0.131524
383.000000	0.129221	0.129485	0.129817	0.129793	0.129492	0.130116	0.129444
384.000000	0.127383	0.127545	0.127906	0.128023	0.127258	0.128095	0.127458
385.000000	0.125590	0.125460	0.125592	0.125980	0.125323	0.125984	0.125546
386.000000	0.123761	0.123482	0.123393	0.123861	0.123571	0.124034	0.123841
387.000000	0.121854	0.121820	0.121774	0.121899	0.121855	0.122431	0.122414
388.000000	0.120004	0.120195	0.120344	0.120096	0.120171	0.120839	0.120920
389.000000	0.118355	0.118271	0.118566	0.118385	0.118539	0.118866	0.118983
390.000000	0.116743	0.116246	0.116550	0.116667	0.116853	0.116734	0.116838
391.000000	0.114909	0.114513	0.114660	0.114850	0.114986	0.114893	0.114946
392.000000	0.113014	0.113062	0.113014	0.113103	0.113104	0.113396	0.113402
393.000000	0.111466	0.111636	0.111571	0.111742	0.111539	0.112050	0.112063
394.000000	0.110212	0.110139	0.110257	0.110654	0.110264	0.110698	0.110761
395.000000	0.108780	0.108627	0.108966	0.109334	0.108919	0.109224	0.109313
396.000000	0.107021	0.107106	0.107565	0.107619	0.107366	0.107601	0.107657
397.000000	0.105234	0.105507	0.105886	0.105815	0.105782	0.105919	0.105897
398.000000	0.103659	0.103850	0.103980	0.104172	0.104315	0.104288	0.104187
399.000000	0.102357	0.102334	0.102336	0.102757	0.103013	0.102836	0.102764
400.000000	0.101258	0.101067	0.101227	0.101545	0.101821	0.101585	0.101689
401.000000	0.099986	0.099817	0.100139	0.100302	0.100397	0.100229	0.100470
402.000000	0.098261	0.098364	0.098577	0.098825	0.098519	0.098530	0.098712
403.000000	0.096509	0.096824	0.096787	0.097232	0.096729	0.096823	0.096905
404.000000	0.095243	0.095386	0.095181	0.095714	0.095636	0.095529	0.095670
405.000000	0.094226	0.094095	0.093852	0.094343	0.094819	0.094502	0.094738
406.000000	0.092948	0.092920	0.092753	0.093130	0.093494	0.093383	0.093517
407.000000	0.091456	0.091722	0.091741	0.091967	0.091771	0.092095	0.092043
408.000000	0.090136	0.090304	0.090622	0.090681	0.090303	0.090741	0.090732
409.000000	0.089019	0.088775	0.089321	0.089282	0.089195	0.089418	0.089636
410.000000	0.087809	0.087518	0.087874	0.087951	0.088045	0.088213	0.088470
411.000000	0.086446	0.086615	0.086420	0.086757	0.086739	0.087106	0.087166
412.000000	0.085207	0.085724	0.085231	0.085610	0.085565	0.085929	0.085959
413.000000	0.084210	0.084636	0.084370	0.084470	0.084639	0.084631	0.084948
414.000000	0.083210	0.083460	0.083475	0.083413	0.083663	0.083398	0.083921
415.000000	0.082042	0.082310	0.082301	0.082474	0.082450	0.082377	0.082731
416.000000	0.080901	0.081210	0.081088	0.081516	0.081270	0.081508	0.081521
417.000000	0.079978	0.080169	0.080097	0.080423	0.080382	0.080696	0.080450
418.000000	0.079154	0.079217	0.079261	0.079306	0.079612	0.079856	0.079508
419.000000	0.078252	0.078373	0.078438	0.078316	0.078708	0.078918	0.078635
420.000000	0.077331	0.077554	0.077568	0.077438	0.077703	0.077891	0.077775
421.000000	0.076528	0.076640	0.076633	0.076593	0.076740	0.076817	0.076878
422.000000	0.075732	0.075603	0.075650	0.075742	0.075825	0.075780	0.075940
423.000000	0.074694	0.074474	0.074661	0.074875	0.074879	0.074883	0.074981
424.000000	0.073457	0.073367	0.073694	0.073980	0.073900	0.074096	0.074011
425.000000	0.072330	0.072473	0.072769	0.073042	0.072958	0.073272	0.073030
426.000000	0.071443	0.071780	0.071883	0.072075	0.072083	0.072340	0.072070
427.000000	0.070675	0.071014	0.071009	0.071135	0.071250	0.071338	0.071208
428.000000	0.069936	0.070054	0.070144	0.070265	0.070439	0.070332	0.070454
429.000000	0.069223	0.069121	0.069346	0.069475	0.069643	0.069423	0.069683
430.000000	0.068518	0.068365	0.068624	0.068748	0.068852	0.068669	0.068818
431.000000	0.067721	0.067636	0.067843	0.068003	0.068045	0.067999	0.067963
432.000000	0.066766	0.066780	0.066895	0.067175	0.067214	0.067322	0.067212
433.000000	0.065808	0.065884	0.065928	0.066311	0.066411	0.066576	0.066490
434.000000	0.065031	0.065081	0.065128	0.065482	0.065686	0.065725	0.065692
435.000000	0.064377	0.064379	0.064454	0.064684	0.064952	0.064846	0.064868
436.000000	0.063696	0.063726	0.063776	0.063887	0.064083	0.064052	0.064117
437.000000	0.062924	0.063038	0.063039	0.063101	0.063133	0.063300	0.063380
438.000000	0.062050	0.062211	0.062236	0.062351	0.062259	0.062462	0.062512
439.000000	0.061142	0.061293	0.061376	0.061605	0.061482	0.061547	0.061564
440.000000	0.060329	0.060463	0.060485	0.060775	0.060696	0.060688	0.060761
441.000000	0.059621	0.059761	0.059617	0.059873	0.059881	0.059934	0.060133
442.000000	0.058865	0.059047	0.058860	0.059040	0.059122	0.059226	0.059447
443.000000	0.058030	0.058277	0.058244	0.058359	0.058481	0.058541	0.058623
444.000000	0.057320	0.057617	0.057681	0.057781	0.057951	0.057945	0.057905
445.000000	0.056850	0.057138	0.057085	0.057237	0.057476	0.057452	0.057435
446.000000	0.056386	0.056581	0.056421	0.056643	0.056869	0.056899	0.056961
447.000000	0.055712	0.055738	0.055681	0.055935	0.056005	0.056155	0.056248
448.000000	0.054934	0.054866	0.054952	0.055159	0.055099	0.055345	0.055416
449.000000	0.054221	0.054281	0.054327	0.054392	0.054411	0.054640	0.054653
450.000000	0.053585	0.053856	0.053780	0.053724	0.053893	0.054040	0.053992
451.000000	0.052974	0.053307	0.053239	0.053229	0.053379	0.053477	0.053396
452.000000	0.052353	0.052609	0.052657	0.052780	0.052792	0.052884	0.052823
453.000000	0.051694	0.051883	0.052004	0.052149	0.052112	0.052203	0.052228
454.000000	0.051056	0.051213	0.051336	0.051383	0.051422	0.051509	0.051627
455.000000	0.050559	0.050643	0.050776	0.050767	0.050886	0.050990	0.051082
456.000000	0.050195	0.050170	0.050332	0.050369	0.050508	0.050647	0.050608
457.000000	0.049788	0.049733	0.049869	0.049978	0.050090	0.050242	0.050156
458.000000	0.049248	0.049275	0.049310	0.049468	0.049525	0.049669	0.049680
459.000000	0.048653	0.048747	0.048713	0.048899	0.048890	0.049086	0.049142
460.000000	0.048079	0.048144	0.048145	0.048338	0.048274	0.048605	0.048536
461.000000	0.047542	0.047572	0.047662	0.047814	0.047753	0.048147	0.047936
462.000000	0.047046	0.047112	0.047282	0.047338	0.047359	0.047625	0.047403
463.000000	0.046578	0.046673	0.046859	0.046881	0.046947	0.047050	0.046891
464.000000	0.046125	0.046145	0.046256	0.046407	0.046371	0.046463	0.046345
465.000000	0.045672	0.045594	0.045609	0.045921	0.045754	0.045903	0.045823
466.000000	0.045210	0.045136	0.045138	0.045438	0.045297	0.045402	0.045411
467.000000	0.044741	0.044730	0.044792	0.044944	0.044947	0.044945	0.045063
468.000000	0.044275	0.044256	0.044377	0.044415	0.044522	0.044491	0.044664
469.000000	0.043846	0.043751	0.043912	0.043927	0.044053	0.044070	0.044236
470.000000	0.043500	0.043382	0.043581	0.043633	0.043750	0.043769	0.043911
471.000000	0.043194	0.043130	0.043356	0.043478	0.043575	0.043533	0.043659
472.000000	0.042783	0.042757	0.042951	0.043158	0.043195	0.043143	0.043264
473.000000	0.042229	0.042199	0.042299	0.042565	0.042519	0.042546	0.042656
474.000000	0.041696	0.041710	0.041733	0.041956	0.041905	0.042000	0.042045
475.000000	0.041301	0.041440	0.041453	0.041512	0.041572	0.041667	0.041584
476.000000	0.040980	0.041187	0.041216	0.041127	0.041275	0.041394	0.041216
477.000000	0.040654	0.040765	0.040796	0.040691	0.040789	0.041025	0.040864
478.000000	0.040293	0.040274	0.040302	0.040240	0.040247	0.040591	0.040496
479.000000	0.039884	0.039854	0.039896	0.039838	0.039833	0.040159	0.040104
480.000000	0.039457	0.039496	0.039570	0.039489	0.039515	0.039758	0.039741
481.000000	0.039059	0.039146	0.039263	0.039181	0.039193	0.039402	0.039467
482.000000	0.038711	0.038815	0.038943	0.038908	0.038871	0.039062	0.039199
483.000000	0.038425	0.038548	0.038601	0.038669	0.038600	0.038693	0.038789
484.000000	0.038157	0.038307	0.038241	0.038422	0.038366	0.038312	0.038296
485.000000	0.037828	0.037990	0.037879	0.038090	0.038099	0.037982	0.037930
486.000000	0.037435	0.037576	0.037530	0.037689	0.037776	0.037713	0.037708
487.000000	0.037061	0.037141	0.037201	0.037331	0.037424	0.037452	0.037431
488.000000	0.036757	0.036745	0.036895	0.037046	0.037069	0.037160	0.037027
489.000000	0.036510	0.036422	0.036604	0.036718	0.036726	0.036827	0.036650
490.000000	0.036290	0.036167	0.036316	0.036288	0.036389	0.036461	0.036398
491.000000	0.036046	0.035889	0.036019	0.035861	0.036016	0.036123	0.036177
492.000000	0.035744	0.035521	0.035700	0.035529	0.035584	0.035845	0.035890
493.000000	0.035414	0.035136	0.035343	0.035255	0.035185	0.035545	0.035525
494.000000	0.035083	0.034812	0.034944	0.034976	0.034900	0.035140	0.035092
495.000000	0.034658	0.034491	0.034542	0.034644	0.034632	0.034683	0.034635
496.000000	0.034041	0.034084	0.034190	0.034228	0.034245	0.034268	0.034206
497.000000	0.033422	0.033661	0.033869	0.033768	0.033800	0.033915	0.033852
498.000000	0.033111	0.033353	0.033534	0.033343	0.033442	0.033609	0.033607
499.000000	0.033019	0.033113	0.033163	0.032980	0.033171	0.033295	0.033393
500.000000	0.032780	0.032770	0.032758	0.032672	0.032879	0.032889	0.033057
501.000000	0.032287	0.032296	0.032315	0.032373	0.032512	0.032402	0.032573
502.000000	0.031712	0.031823	0.031827	0.031996	0.032072	0.031946	0.032057
503.000000	0.031186	0.031418	0.031329	0.031526	0.031583	0.031561	0.031576
504.000000	0.030754	0.031049	0.030917	0.031054	0.031093	0.031176	0.031122
505.000000	0.030423	0.030688	0.030623	0.030644	0.030653	0.030757	0.030690
506.000000	0.030125	0.030341	0.030318	0.030274	0.030300	0.030385	0.030295
507.000000	0.029793	0.029999	0.029901	0.029914	0.030030	0.030104	0.029942
508.000000	0.029400	0.029594	0.029443	0.029545	0.029698	0.029800	0.029606
509.000000	0.028939	0.029075	0.029033	0.029152	0.029180	0.029358	0.029256
510.000000	0.028454	0.028525	0.028660	0.028735	0.028608	0.028823	0.028875
511.000000	0.028003	0.028056	0.028286	0.028299	0.028160	0.028284	0.028455
512.000000	0.027591	0.027664	0.027864	0.027841	0.027792	0.027790	0.027990
513.000000	0.027199	0.027290	0.027350	0.027359	0.027369	0.027372	0.027483
514.000000	0.026807	0.026888	0.026816	0.026892	0.026901	0.027005	0.026976
515.000000	0.026398	0.026423	0.026399	0.026503	0.026494	0.026636	0.026535
516.000000	0.025982	0.025945	0.026092	0.026184	0.026151	0.026248	0.026173
517.000000	0.025597	0.025580	0.025747	0.025859	0.025781	0.025863	0.025845
518.000000	0.025252	0.025324	0.025316	0.025483	0.025365	0.025488	0.025508
519.000000	0.024907	0.024988	0.024900	0.025054	0.024984	0.025106	0.025117
520.000000	0.024528	0.024494	0.024551	0.024589	0.024671	0.024708	0.024668
521.000000	0.024097	0.024008	0.024196	0.024136	0.024345	0.024304	0.024229
522.000000	0.023621	0.023655	0.023779	0.023736	0.023940	0.023905	0.023850
523.000000	0.023177	0.023336	0.023339	0.023388	0.023483	0.023532	0.023496
524.000000	0.022827	0.022944	0.022924	0.023076	0.023016	0.023189	0.023129
525.000000	0.022517	0.022516	0.022541	0.022736	0.022582	0.022826	0.022752
526.000000	0.022170	0.022122	0.022190	0.022311	0.022215	0.022392	0.022380
527.000000	0.021793	0.021795	0.021870	0.021867	0.021902	0.021959	0.022021
528.000000	0.021423	0.021542	0.021578	0.021508	0.021610	0.021637	0.021674
529.000000	0.021081	0.021285	0.021259	0.021203	0.021310	0.021373	0.021335
530.000000	0.020768	0.020903	0.020836	0.020839	0.020980	0.021021	0.020995
531.000000	0.020462	0.020432	0.020365	0.020424	0.020611	0.020586	0.020637
532.000000	0.020114	0.020046	0.020019	0.020068	0.020207	0.020199	0.020240
533.000000	0.019725	0.019788	0.019821	0.019806	0.019802	0.019895	0.019830
534.000000	0.019356	0.019529	0.019596	0.019575	0.019463	0.019575	0.019498
535.000000	0.019039	0.019197	0.019263	0.019319	0.019208	0.019202	0.019267
536.000000	0.018742	0.018841	0.018923	0.019010	0.018959	0.018864	0.019036
537.000000	0.018438	0.018510	0.018645	0.018647	0.018653	0.018615	0.018733
538.000000	0.018132	0.018207	0.018355	0.018281	0.018311	0.018385	0.018400
539.000000	0.017836	0.017924	0.017994	0.017960	0.017963	0.018106	0.018085
540.000000	0.017550	0.017639	0.017640	0.017667	0.017651	0.017789	0.017785
541.000000	0.017274	0.017333	0.017381	0.017373	0.017405	0.017462	0.017486
542.000000	0.016997	0.017026	0.017141	0.017063	0.017183	0.017135	0.017194
543.000000	0.016703	0.016750	0.016800	0.016735	0.016922	0.016814	0.016922
544.000000	0.016411	0.016499	0.016412	0.016430	0.016622	0.016545	0.016660
545.000000	0.016152	0.016248	0.016112	0.016211	0.016314	0.016392	0.016389
546.000000	0.015921	0.015985	0.015910	0.016042	0.016028	0.016278	0.016126
547.000000	0.015686	0.015710	0.015717	0.015817	0.015789	0.016021	0.015911
548.000000	0.015434	0.015434	0.015491	0.015513	0.015578	0.015623	0.015724
549.000000	0.015174	0.015179	0.015245	0.015202	0.015332	0.015292	0.015475
550.000000	0.014909	0.014944	0.014990	0.014924	0.015036	0.015107	0.015136
551.000000	0.014633	0.014688	0.014729	0.014664	0.014758	0.014921	0.014781
552.000000	0.014368	0.014406	0.014475	0.014425	0.014543	0.014648	0.014488
553.000000	0.014201	0.014185	0.014276	0.014265	0.014366	0.014405	0.014318
554.000000	0.014143	0.014052	0.014127	0.014187	0.014167	0.014256	0.014254
555.000000	0.013897	0.013790	0.013831	0.013955	0.013809	0.013994	0.014011
556.000000	0.013290	0.013284	0.013304	0.013442	0.013276	0.013498	0.013429
557.000000	0.013151	0.013247	0.013276	0.013345	0.013281	0.013421	0.013322
558.000000	0.014237	0.014293	0.014368	0.014282	0.014401	0.014337	0.014426
559.000000	0.014069	0.014063	0.014149	0.014065	0.014190	0.014115	0.014291
560.000000	0.009421	0.009539	0.009518	0.009870	0.009543	0.010023	0.009724
561.000000	0.007684	0.007915	0.007854	0.008330	0.007862	0.008525	0.007956
562.000000	0.022203	0.022094	0.022398	0.021365	0.022427	0.021229	0.022067
563.000000	0.032516	0.032121	0.032668	0.030566	0.032744	0.030198	0.032141
564.000000	-0.014225	-0.013442	-0.014120	-0.011585	-0.014025	-0.010880	-0.013369
565.000000	-0.097481	-0.095352	-0.097390	-0.089544	-0.097329	-0.087617	-0.095261
566.000000	-0.090544	-0.092075	-0.090432	-0.096405	-0.090438	-0.097660	-0.091946
567.000000	0.044833	0.034203	0.044989	0.004376	0.044913	-0.004844	0.034414
568.000000	0.147832	0.132610	0.148033	0.089922	0.147926	0.076714	0.132894
569.000000	0.103959	0.095004	0.104183	0.069968	0.104110	0.062325	0.095303
570.000000	0.013708	0.013433	0.013926	0.012797	0.013913	0.012802	0.013685
571.000000	-0.011202	-0.009172	-0.011020	-0.003384	-0.010988	-0.001410	-0.009010
572.000000	0.007353	0.007677	0.007487	0.008579	0.007547	0.008965	0.007774
573.000000	0.016565	0.016054	0.016661	0.014514	0.016736	0.014107	0.016182
574.000000	0.012027	0.011949	0.012096	0.011548	0.012172	0.011496	0.012144
575.000000	0.008637	0.008871	0.008684	0.009299	0.008741	0.009502	0.009066
576.000000	0.009434	0.009579	0.009472	0.009753	0.009515	0.009863	0.009716
577.000000	0.010318	0.010361	0.010370	0.010299	0.010445	0.010317	0.010456
578.000000	0.009989	0.010050	0.010080	0.010071	0.010158	0.010092	0.010158
579.000000	0.009663	0.009768	0.009806	0.009782	0.009699	0.009763	0.009942
580.000000	0.009704	0.009791	0.009881	0.009723	0.009590	0.009634	0.010027
581.000000	0.009318	0.009263	0.009459	0.009593	0.009605	0.009612	0.009423
582.000000	0.008641	0.008421	0.008676	0.009327	0.009522	0.009547	0.008431
583.000000	0.009602	0.009589	0.009555	0.009340	0.009209	0.009235	0.009787
584.000000	0.011902	0.012409	0.011855	0.009656	0.008816	0.008785	0.013101
585.000000	0.008949	0.008987	0.008939	0.009147	0.009204	0.009152	0.009181
586.000000	-0.000687	-0.002439	-0.000674	0.007508	0.010478	0.010510	-0.004038
587.000000	0.005454	0.004834	0.005501	0.008336	0.009373	0.009490	0.004453
588.000000	0.046038	0.053015	0.046157	0.014644	0.003215	0.003300	0.060449
589.000000	0.083898	0.097983	0.084075	0.020547	-0.002500	-0.002505	0.112677
590.000000	0.069480	0.080889	0.069633	0.018178	-0.000470	-0.000512	0.092766
591.000000	0.022973	0.025696	0.023047	0.010730	0.006308	0.006291	0.028589
592.000000	-0.001788	-0.003680	-0.001769	0.006733	0.009873	0.009898	-0.005546
593.000000	0.002977	0.002001	0.002990	0.007431	0.009070	0.009130	0.001091
594.000000	0.010546	0.011022	0.010586	0.008610	0.007847	0.007926	0.011601
595.000000	0.009822	0.010202	0.009898	0.008484	0.007843	0.007929	0.010658
596.000000	0.007410	0.007354	0.007496	0.008026	0.008086	0.008174	0.007366
597.000000	0.007233	0.007135	0.007304	0.007847	0.007998	0.008083	0.007156
598.000000	0.007756	0.007759	0.007842	0.007793	0.007812	0.007867	0.007960
599.000000	0.007711	0.007741	0.007857	0.007713	0.007711	0.007713	0.008031
600.000000	0.007445	0.007457	0.007620	0.007598	0.007627	0.007600	0.007737
601.000000	0.007363	0.007364	0.007482	0.007466	0.007489	0.007495	0.007571
602.000000	0.007356	0.007368	0.007414	0.007345	0.007346	0.007400	0.007498
603.000000	0.007252	0.007299	0.007319	0.007262	0.007255	0.007324	0.007403
604.000000	0.007095	0.007178	0.007185	0.007207	0.007205	0.007266	0.007301
605.000000	0.006982	0.007075	0.007025	0.007162	0.007171	0.007220	0.007240
606.000000	0.006936	0.007008	0.006897	0.007107	0.007148	0.007184	0.007220
607.000000	0.006943	0.006972	0.006865	0.007027	0.007138	0.007152	0.007216
608.000000	0.006944	0.006928	0.006869	0.006939	0.007095	0.007092	0.007173
609.000000	0.006861	0.006824	0.006775	0.006875	0.006948	0.006963	0.007024
610.000000	0.006718	0.006690	0.006619	0.006842	0.006741	0.006794	0.006830
611.000000	0.006635	0.006628	0.006590	0.006814	0.006630	0.006687	0.006761
612.000000	0.006627	0.006632	0.006690	0.006763	0.006639	0.006656	0.006820
613.000000	0.006565	0.006559	0.006677	0.006652	0.006629	0.006605	0.006786
614.000000	0.006406	0.006373	0.006460	0.006480	0.006523	0.006492	0.006571
615.000000	0.006274	0.006246	0.006270	0.006314	0.006400	0.006387	0.006362
616.000000	0.006251	0.006284	0.006258	0.006213	0.006322	0.006341	0.006299
617.000000	0.006250	0.006332	0.006267	0.006185	0.006283	0.006316	0.006316
618.000000	0.006184	0.006248	0.006149	0.006214	0.006260	0.006265	0.006322
619.000000	0.006064	0.006098	0.005995	0.006206	0.006221	0.006177	0.006274
620.000000	0.005927	0.005984	0.005927	0.006076	0.006136	0.006052	0.006154
621.000000	0.005797	0.005905	0.005899	0.005914	0.006019	0.005917	0.006026
622.000000	0.005694	0.005824	0.005814	0.005852	0.005893	0.005808	0.005968
623.000000	0.005612	0.005735	0.005682	0.005850	0.005759	0.005727	0.005919
624.000000	0.005533	0.005648	0.005571	0.005778	0.005606	0.005660	0.005748
625.000000	0.005461	0.005571	0.005498	0.005631	0.005478	0.005606	0.005515
626.000000	0.005416	0.005507	0.005441	0.005496	0.005458	0.005575	0.005411
627.000000	0.005396	0.005453	0.005397	0.005413	0.005525	0.005552	0.005473
628.000000	0.005369	0.005394	0.005378	0.005369	0.005547	0.005492	0.005556
629.000000	0.005314	0.005319	0.005371	0.005342	0.005460	0.005386	0.005546
630.000000	0.005223	0.005223	0.005312	0.005303	0.005319	0.005276	0.005390
631.000000	0.005112	0.005115	0.005188	0.005237	0.005183	0.005194	0.005121
632.000000	0.005054	0.005033	0.005105	0.005153	0.005104	0.005139	0.004946
633.000000	0.005083	0.005001	0.005126	0.005074	0.005105	0.005102	0.005001
634.000000	0.005091	0.004969	0.005127	0.005035	0.005123	0.005072	0.005103
635.000000	0.004979	0.004890	0.004989	0.005058	0.005093	0.005038	0.005057
636.000000	0.004841	0.004815	0.004814	0.005077	0.005019	0.005006	0.004946
637.000000	0.004810	0.004805	0.004748	0.005011	0.004926	0.004982	0.004914
638.000000	0.004842	0.004817	0.004776	0.004897	0.004845	0.004941	0.004944
639.000000	0.004823	0.004766	0.004816	0.004812	0.004807	0.004847	0.004948
640.000000	0.004746	0.004672	0.004825	0.004756	0.004776	0.004731	0.004887
641.000000	0.004670	0.004614	0.004791	0.004681	0.004683	0.004662	0.004754
642.000000	0.004602	0.004599	0.004702	0.004596	0.004543	0.004639	0.004597
643.000000	0.004503	0.004566	0.004555	0.004563	0.004449	0.004599	0.004509
644.000000	0.004380	0.004498	0.004393	0.004576	0.004427	0.004523	0.004511
645.000000	0.004293	0.004444	0.004323	0.004546	0.004411	0.004460	0.004529
646.000000	0.004270	0.004413	0.004373	0.004435	0.004373	0.004428	0.004505
647.000000	0.004268	0.004347	0.004416	0.004309	0.004363	0.004390	0.004418
648.000000	0.004245	0.004221	0.004363	0.004219	0.004392	0.004319	0.004275
649.000000	0.004176	0.004122	0.004267	0.004140	0.004340	0.004231	0.004140
650.000000	0.004061	0.004122	0.004187	0.004055	0.004136	0.004153	0.004064
651.000000	0.003964	0.004169	0.004113	0.004026	0.003979	0.004120	0.004018
652.000000	0.003952	0.004190	0.004026	0.004105	0.004070	0.004153	0.003965
653.000000	0.003988	0.004155	0.003955	0.004198	0.004239	0.004201	0.003950
654.000000	0.004004	0.004061	0.003934	0.004172	0.004218	0.004192	0.004031
655.000000	0.003984	0.003943	0.003940	0.004060	0.004056	0.004130	0.004127
656.000000	0.003942	0.003858	0.003917	0.003976	0.003962	0.004061	0.004094
657.000000	0.003898	0.003828	0.003869	0.003943	0.003970	0.004004	0.003972
658.000000	0.003876	0.003848	0.003841	0.003919	0.003982	0.003964	0.003932
659.000000	0.003883	0.003881	0.003846	0.003884	0.003958	0.003935	0.003999
660.000000	0.003902	0.003861	0.003868	0.003849	0.003914	0.003898	0.004036
661.000000	0.003893	0.003774	0.003866	0.003805	0.003854	0.003847	0.003972
662.000000	0.003786	0.003694	0.003769	0.003722	0.003758	0.003789	0.003849
663.000000	0.003589	0.003660	0.003578	0.003603	0.003632	0.003735	0.003721
664.000000	0.003478	0.003636	0.003456	0.003538	0.003557	0.003697	0.003658
665.000000	0.003569	0.003593	0.003513	0.003579	0.003585	0.003677	0.003688
666.000000	0.003709	0.003569	0.003627	0.003630	0.003668	0.003653	0.003714
667.000000	0.003729	0.003598	0.003660	0.003595	0.003737	0.003605	0.003649
668.000000	0.003629	0.003625	0.003615	0.003496	0.003724	0.003548	0.003552
669.000000	0.003463	0.003581	0.003537	0.003392	0.003581	0.003505	0.003514
670.000000	0.003316	0.003477	0.003458	0.003333	0.003409	0.003483	0.003521
671.000000	0.003276	0.003354	0.003407	0.003361	0.003354	0.003482	0.003520
672.000000	0.003316	0.003263	0.003382	0.003426	0.003408	0.003485	0.003497
673.000000	0.003337	0.003252	0.003368	0.003429	0.003468	0.003472	0.003461
674.000000	0.003301	0.003292	0.003346	0.003355	0.003461	0.003420	0.003409
675.000000	0.003219	0.003291	0.003299	0.003265	0.003345	0.003313	0.003327
676.000000	0.003123	0.003216	0.003224	0.003183	0.003158	0.003181	0.003227
677.000000	0.003067	0.003108	0.003137	0.003090	0.003031	0.003110	0.003141
678.000000	0.003070	0.003013	0.003058	0.002999	0.003025	0.003129	0.003089
679.000000	0.003087	0.002978	0.003018	0.002983	0.003072	0.003151	0.003060
680.000000	0.003082	0.003024	0.003028	0.003064	0.003118	0.003120	0.003054
681.000000	0.003054	0.003101	0.003056	0.003120	0.003165	0.003076	0.003101
682.000000	0.003014	0.003155	0.003063	0.003063	0.003218	0.003054	0.003210
683.000000	0.002986	0.003162	0.003016	0.002988	0.003229	0.003032	0.003271
684.000000	0.002988	0.003112	0.002900	0.003006	0.003156	0.002987	0.003183
685.000000	0.002990	0.003028	0.002812	0.003066	0.003021	0.002960	0.003020
686.000000	0.002954	0.002942	0.002860	0.003069	0.002870	0.003004	0.002902
687.000000	0.002899	0.002841	0.002948	0.002983	0.002765	0.003049	0.002849
688.000000	0.002869	0.002701	0.002894	0.002808	0.002763	0.002977	0.002829
689.000000	0.002842	0.002581	0.002727	0.002632	0.002811	0.002827	0.002810
690.000000	0.002761	0.002590	0.002610	0.002587	0.002781	0.002735	0.002758
691.000000	0.002619	0.002670	0.002572	0.002647	0.002654	0.002703	0.002663
692.000000	0.002461	0.002602	0.002510	0.002633	0.002519	0.002605	0.002539
693.000000	0.002367	0.002387	0.002431	0.002526	0.002447	0.002442	0.002444
694.000000	0.002458	0.002339	0.002499	0.002528	0.002478	0.002399	0.002489
695.000000	0.002713	0.002568	0.002741	0.002709	0.002609	0.002552	0.002687
696.000000	0.002835	0.002749	0.002890	0.002844	0.002758	0.002735	0.002849
697.000000	0.002655	0.002661	0.002775	0.002779	0.002843	0.002807	0.002838
698.000000	0.002460	0.002534	0.002585	0.002659	0.002809	0.002759	0.002734
699.000000	0.002509	0.002580	0.002512	0.002628	0.002641	0.002623	0.002633
700.000000	0.002626	0.002637	0.002505	0.002613	0.002466	0.002489	0.002541
701.000000	0.002575	0.002505	0.002465	0.002517	0.002419	0.002447	0.002448
702.000000	0.002447	0.002335	0.002410	0.002412	0.002465	0.002489	0.002398
703.000000	0.002433	0.002376	0.002393	0.002419	0.002515	0.002567	0.002443
704.000000	0.002491	0.002528	0.002407	0.002487	0.002531	0.002602	0.002517
705.000000	0.002468	0.002520	0.002416	0.002478	0.002506	0.002513	0.002503
706.000000	0.002363	0.002358	0.002411	0.002403	0.002447	0.002386	0.002415
707.000000	0.002298	0.002261	0.002405	0.002378	0.002371	0.002430	0.002365
708.000000	0.002315	0.002289	0.002397	0.002423	0.002305	0.002616	0.002387
709.000000	0.002372	0.002325	0.002372	0.002449	0.002289	0.002653	0.002429
710.000000	0.002401	0.002315	0.002339	0.002398	0.002320	0.002458	0.002433
711.000000	0.002299	0.002301	0.002342	0.002267	0.002335	0.002278	0.002341
712.000000	0.002091	0.002315	0.002399	0.002123	0.002316	0.002280	0.002193
713.000000	0.002087	0.002343	0.002460	0.002164	0.002348	0.002390	0.002244
714.000000	0.002446	0.002366	0.002480	0.002478	0.002477	0.002517	0.002607
715.000000	0.002745	0.002362	0.002449	0.002744	0.002575	0.002616	0.002876
716.000000	0.002603	0.002324	0.002381	0.002673	0.002529	0.002662	0.002690
717.000000	0.002362	0.002300	0.002347	0.002508	0.002453	0.002688	0.002379
718.000000	0.002480	0.002345	0.002416	0.002574	0.002491	0.002734	0.002392
719.000000	0.002784	0.002459	0.002533	0.002757	0.002595	0.002781	0.002651
720.000000	0.002871	0.002613	0.002595	0.002782	0.002640	0.002796	0.002870
721.000000	0.002687	0.002707	0.002581	0.002669	0.002630	0.002808	0.002929
722.000000	0.002386	0.002618	0.002524	0.002608	0.002638	0.002882	0.002808
723.000000	0.002207	0.002451	0.002460	0.002645	0.002670	0.002982	0.002602
724.000000	0.002436	0.002496	0.002427	0.002702	0.002675	0.002993	0.002489
725.000000	0.002900	0.002727	0.002445	0.002688	0.002602	0.002887	0.002494
726.000000	0.002888	0.002742	0.002508	0.002505	0.002412	0.002738	0.002461
727.000000	0.002283	0.002463	0.002614	0.002209	0.002200	0.002623	0.002384
728.000000	0.002001	0.002379	0.002758	0.002123	0.002283	0.002615	0.002538
729.000000	0.002515	0.002728	0.002918	0.002393	0.002738	0.002730	0.003002
730.000000	0.003026	0.003020	0.003018	0.002708	0.003015	0.002861	0.003340
731.000000	0.002821	0.002832	0.003004	0.002790	0.002673	0.002914	0.003196
732.000000	0.002139	0.002330	0.002920	0.002712	0.001934	0.002913	0.002743
