[HEADER]
Format	J&M ASCII Table
Comment	
Date	5/30/2023 8:14:46 AM
Order	Y (evenX)
TechType	UV
NumPoints	483
FirstX	250.00
LastX	732.00
XType	NMetr
YType	Absrb
ZType	Secs
NumSubFile	7
Matrix	Z vs X
[DATA]
	0.000000	5.000064	10.000128	15.000256	20.000320	25.000383	30.000511
250.000000	0.752958	0.753427	0.752834	0.753167	0.753644	0.752767	0.752466
251.000000	0.751489	0.751487	0.751519	0.751483	0.752251	0.751169	0.751223
252.000000	0.750358	0.750731	0.750426	0.750464	0.751612	0.750425	0.750539
253.000000	0.749847	0.750184	0.749440	0.749827	0.750910	0.750217	0.749808
254.000000	0.750054	0.749195	0.748579	0.749349	0.749646	0.750225	0.748688
255.000000	0.750377	0.748806	0.748423	0.749220	0.748856	0.750366	0.748080
256.000000	0.750287	0.750048	0.749466	0.749651	0.749615	0.750643	0.748895
257.000000	0.750476	0.751894	0.751091	0.750468	0.751385	0.751243	0.750624
258.000000	0.751886	0.752842	0.752414	0.751415	0.753165	0.752369	0.752355
259.000000	0.754038	0.753313	0.753538	0.752647	0.754672	0.753846	0.753872
260.000000	0.755793	0.754643	0.755032	0.754493	0.756011	0.755324	0.755328
261.000000	0.757174	0.756864	0.756829	0.756672	0.757470	0.756814	0.756986
262.000000	0.759080	0.759010	0.758386	0.758458	0.759456	0.758592	0.759173
263.000000	0.761501	0.760629	0.759810	0.759791	0.761718	0.760593	0.761605
264.000000	0.763375	0.761881	0.761945	0.761377	0.763266	0.762362	0.763314
265.000000	0.764232	0.762909	0.764711	0.763344	0.763831	0.763685	0.763968
266.000000	0.764703	0.763763	0.766386	0.764769	0.764439	0.764792	0.764383
267.000000	0.765271	0.764442	0.766036	0.765075	0.765679	0.765796	0.765113
268.000000	0.765767	0.764836	0.765144	0.764835	0.766700	0.766388	0.765767
269.000000	0.765935	0.764862	0.765043	0.764627	0.766661	0.766291	0.765883
270.000000	0.765573	0.764618	0.764956	0.764337	0.765669	0.765603	0.765311
271.000000	0.764530	0.764172	0.763796	0.763689	0.764050	0.764482	0.764005
272.000000	0.762894	0.763127	0.761788	0.762503	0.762061	0.762896	0.762090
273.000000	0.760805	0.760958	0.759595	0.760631	0.759886	0.760719	0.759740
274.000000	0.758041	0.757644	0.757160	0.757956	0.757290	0.757641	0.756966
275.000000	0.754206	0.753479	0.754035	0.754398	0.753834	0.753311	0.753690
276.000000	0.749648	0.749067	0.750166	0.750319	0.749735	0.748475	0.749975
277.000000	0.745338	0.745260	0.745846	0.746446	0.745768	0.744785	0.746005
278.000000	0.741531	0.742025	0.741328	0.742871	0.742037	0.742190	0.741859
279.000000	0.737554	0.738204	0.736802	0.738874	0.737782	0.738448	0.737478
280.000000	0.732953	0.733230	0.732215	0.734013	0.732703	0.732660	0.732738
281.000000	0.727808	0.727802	0.727072	0.728477	0.727482	0.726734	0.727418
282.000000	0.722338	0.722581	0.721252	0.722609	0.722666	0.722124	0.721594
283.000000	0.716994	0.717724	0.715861	0.716999	0.718094	0.718080	0.716234
284.000000	0.712137	0.713185	0.711778	0.712099	0.713470	0.713620	0.712089
285.000000	0.707539	0.708413	0.707896	0.707539	0.708450	0.708480	0.708240
286.000000	0.702831	0.702870	0.702827	0.702788	0.702792	0.702696	0.703489
287.000000	0.697828	0.697109	0.697122	0.697779	0.697075	0.697010	0.697966
288.000000	0.692473	0.692068	0.692056	0.692660	0.692151	0.692356	0.692355
289.000000	0.687338	0.687684	0.687678	0.687755	0.687940	0.688370	0.687134
290.000000	0.683328	0.683267	0.683269	0.683459	0.683774	0.683894	0.682630
291.000000	0.679920	0.678552	0.678552	0.679308	0.679263	0.678746	0.678678
292.000000	0.675265	0.673685	0.673687	0.674043	0.674295	0.673668	0.674657
293.000000	0.668994	0.668814	0.668822	0.667686	0.669039	0.668988	0.670108
294.000000	0.662888	0.664066	0.664060	0.662089	0.664046	0.664399	0.664831
295.000000	0.658111	0.659501	0.659470	0.658202	0.659598	0.659703	0.659052
296.000000	0.654213	0.655045	0.655052	0.654812	0.655354	0.655032	0.653848
297.000000	0.650535	0.650609	0.650720	0.650790	0.650944	0.650473	0.649872
298.000000	0.646394	0.646117	0.646139	0.646142	0.646154	0.645860	0.646091
299.000000	0.641294	0.641464	0.641030	0.641096	0.640898	0.641000	0.641414
300.000000	0.635670	0.636379	0.635625	0.635845	0.635566	0.635851	0.636109
301.000000	0.630178	0.630637	0.630273	0.630552	0.630614	0.630439	0.630776
302.000000	0.624905	0.624774	0.624963	0.625206	0.625880	0.624961	0.625325
303.000000	0.619682	0.619606	0.619541	0.619732	0.620932	0.619678	0.619396
304.000000	0.614434	0.614982	0.614156	0.614253	0.615699	0.614564	0.613357
305.000000	0.609158	0.610088	0.609153	0.609025	0.610355	0.609404	0.608059
306.000000	0.603839	0.604637	0.604388	0.604077	0.604991	0.604083	0.603506
307.000000	0.598451	0.598903	0.599214	0.599201	0.599606	0.598603	0.598823
308.000000	0.593105	0.593201	0.593473	0.594155	0.594228	0.593139	0.593596
309.000000	0.588118	0.587871	0.587797	0.588658	0.588939	0.588125	0.588178
310.000000	0.583572	0.583025	0.582611	0.582747	0.583795	0.583678	0.582871
311.000000	0.578974	0.578259	0.577727	0.577181	0.578789	0.579153	0.577716
312.000000	0.573889	0.573239	0.572896	0.572513	0.573846	0.574020	0.572703
313.000000	0.568371	0.568129	0.567952	0.568235	0.568695	0.568531	0.567761
314.000000	0.562644	0.563157	0.562817	0.563701	0.563160	0.563101	0.562829
315.000000	0.557272	0.558337	0.557793	0.558790	0.557815	0.558105	0.557974
316.000000	0.552825	0.553604	0.553253	0.553590	0.553360	0.553819	0.553295
317.000000	0.548953	0.548895	0.549055	0.548505	0.549407	0.549728	0.548780
318.000000	0.544876	0.544156	0.544808	0.544055	0.545074	0.544987	0.544365
319.000000	0.540421	0.539528	0.540313	0.540105	0.540386	0.539804	0.540043
320.000000	0.535874	0.535287	0.535527	0.536039	0.536041	0.535162	0.535853
321.000000	0.531430	0.531383	0.530700	0.531679	0.532167	0.531268	0.531742
322.000000	0.527162	0.527403	0.526395	0.527348	0.528235	0.527454	0.527562
323.000000	0.523080	0.523199	0.522743	0.523150	0.523993	0.523330	0.523281
324.000000	0.519098	0.519097	0.519131	0.518794	0.519696	0.519041	0.519070
325.000000	0.515116	0.515278	0.515144	0.514235	0.515540	0.514791	0.515025
326.000000	0.511013	0.511464	0.511015	0.510134	0.511461	0.510798	0.511016
327.000000	0.506755	0.507422	0.506980	0.506922	0.507436	0.507168	0.506984
328.000000	0.502654	0.503354	0.502921	0.503765	0.503739	0.503560	0.503277
329.000000	0.499028	0.499500	0.498731	0.499790	0.500589	0.499635	0.500179
330.000000	0.495756	0.495713	0.494866	0.495652	0.497473	0.495674	0.497047
331.000000	0.492564	0.491757	0.491865	0.492402	0.493702	0.492126	0.493031
332.000000	0.489231	0.487848	0.489118	0.489580	0.489481	0.488880	0.488552
333.000000	0.485577	0.484417	0.485472	0.485980	0.485476	0.485538	0.484665
334.000000	0.481672	0.481396	0.481178	0.481715	0.481868	0.481984	0.481462
335.000000	0.477787	0.478321	0.477592	0.477941	0.478451	0.478337	0.478260
336.000000	0.474097	0.474996	0.474946	0.474856	0.475109	0.474744	0.474797
337.000000	0.470663	0.471551	0.472105	0.471495	0.471848	0.471380	0.471335
338.000000	0.467422	0.468074	0.468512	0.467490	0.468613	0.468243	0.467986
339.000000	0.464105	0.464535	0.464750	0.463634	0.465224	0.465020	0.464538
340.000000	0.460562	0.460943	0.461272	0.460482	0.461588	0.461508	0.460879
341.000000	0.457008	0.457445	0.457883	0.457663	0.457883	0.457883	0.457227
342.000000	0.453677	0.454188	0.454397	0.454731	0.454320	0.454361	0.453806
343.000000	0.450636	0.451248	0.451085	0.451550	0.451076	0.451089	0.450656
344.000000	0.447866	0.448620	0.448228	0.448108	0.448258	0.448140	0.447753
345.000000	0.445066	0.445890	0.445464	0.444706	0.445596	0.445265	0.444987
346.000000	0.441882	0.442568	0.442256	0.441704	0.442715	0.442140	0.442215
347.000000	0.438495	0.438947	0.438752	0.438834	0.439607	0.438948	0.439343
348.000000	0.435374	0.435740	0.435486	0.435515	0.436481	0.436136	0.436313
349.000000	0.432580	0.433042	0.432655	0.432003	0.433509	0.433624	0.433241
350.000000	0.429823	0.430431	0.430162	0.429245	0.430825	0.430890	0.430385
351.000000	0.426995	0.427694	0.427763	0.427267	0.428366	0.427787	0.427763
352.000000	0.424222	0.424905	0.425046	0.424926	0.425825	0.424655	0.425092
353.000000	0.421595	0.422134	0.421918	0.421803	0.423056	0.421814	0.422311
354.000000	0.419110	0.419411	0.418892	0.418943	0.420238	0.419494	0.419798
355.000000	0.416695	0.416747	0.416300	0.416969	0.417524	0.417658	0.417676
356.000000	0.414110	0.414108	0.413786	0.414910	0.414910	0.415554	0.415238
357.000000	0.411214	0.411481	0.411046	0.411893	0.412388	0.412610	0.411981
358.000000	0.408394	0.408983	0.408491	0.408616	0.410042	0.409513	0.408850
359.000000	0.406086	0.406727	0.406581	0.406032	0.407929	0.407106	0.406908
360.000000	0.404113	0.404612	0.404872	0.404065	0.405761	0.405080	0.405442
361.000000	0.402079	0.402458	0.402629	0.402239	0.403170	0.402728	0.403159
362.000000	0.399884	0.400204	0.399929	0.400277	0.400423	0.400123	0.400243
363.000000	0.397600	0.397857	0.397321	0.398031	0.398130	0.397779	0.397726
364.000000	0.395248	0.395429	0.394984	0.395566	0.396268	0.395746	0.395740
365.000000	0.392803	0.392935	0.392763	0.393128	0.394252	0.393666	0.393624
366.000000	0.390314	0.390442	0.390570	0.390851	0.391897	0.391399	0.391139
367.000000	0.387929	0.388083	0.388411	0.388718	0.389551	0.389114	0.388625
368.000000	0.385764	0.385942	0.386336	0.386664	0.387438	0.386965	0.386365
369.000000	0.383868	0.384005	0.384458	0.384559	0.385470	0.385043	0.384462
370.000000	0.382179	0.382184	0.382755	0.382327	0.383534	0.383313	0.382857
371.000000	0.380349	0.380204	0.380804	0.380057	0.381546	0.381400	0.381096
372.000000	0.378103	0.377877	0.378279	0.377848	0.379443	0.379011	0.378811
373.000000	0.375715	0.375538	0.375601	0.375690	0.377226	0.376487	0.376333
374.000000	0.373525	0.373565	0.373304	0.373552	0.374909	0.374254	0.374110
375.000000	0.371292	0.371646	0.371288	0.371452	0.372499	0.372131	0.372067
376.000000	0.368608	0.369254	0.369212	0.369421	0.370011	0.369732	0.369934
377.000000	0.365903	0.366623	0.367012	0.367401	0.367608	0.367209	0.367664
378.000000	0.364079	0.364430	0.364794	0.365292	0.365527	0.365025	0.365355
379.000000	0.363023	0.362723	0.362696	0.363128	0.363721	0.363220	0.363121
380.000000	0.361711	0.360983	0.360871	0.361068	0.361883	0.361455	0.361088
381.000000	0.359712	0.359012	0.359264	0.359181	0.359915	0.359575	0.359279
382.000000	0.357431	0.357068	0.357543	0.357412	0.358010	0.357695	0.357582
383.000000	0.355214	0.355318	0.355547	0.355671	0.356245	0.355863	0.355893
384.000000	0.353193	0.353694	0.353495	0.353812	0.354445	0.353968	0.354140
385.000000	0.351392	0.352070	0.351552	0.351775	0.352472	0.351944	0.352266
386.000000	0.349603	0.350232	0.349608	0.349761	0.350390	0.349918	0.350235
387.000000	0.347650	0.348050	0.347569	0.347956	0.348302	0.348008	0.348068
388.000000	0.345680	0.345857	0.345651	0.346264	0.346302	0.346144	0.345992
389.000000	0.343896	0.344041	0.344089	0.344528	0.344471	0.344236	0.344241
390.000000	0.342243	0.342502	0.342664	0.342743	0.342817	0.342403	0.342678
391.000000	0.340577	0.340951	0.341004	0.340966	0.341316	0.340834	0.341039
392.000000	0.338962	0.339332	0.339206	0.339227	0.339937	0.339486	0.339405
393.000000	0.337582	0.337737	0.337649	0.337537	0.338640	0.338168	0.338055
394.000000	0.336296	0.336180	0.336339	0.335902	0.337354	0.336751	0.336847
395.000000	0.334676	0.334607	0.334939	0.334331	0.335983	0.335165	0.335259
396.000000	0.332711	0.333033	0.333319	0.332836	0.334458	0.333454	0.333270
397.000000	0.330969	0.331568	0.331649	0.331436	0.332756	0.331808	0.331552
398.000000	0.329736	0.330243	0.330045	0.330141	0.330955	0.330328	0.330415
399.000000	0.328668	0.328920	0.328484	0.328941	0.329328	0.328915	0.329355
400.000000	0.327420	0.327475	0.326941	0.327753	0.328014	0.327477	0.327948
401.000000	0.325876	0.325875	0.325457	0.326285	0.326683	0.326002	0.326285
402.000000	0.324038	0.324148	0.324066	0.324352	0.325051	0.324519	0.324561
403.000000	0.322268	0.322519	0.322752	0.322422	0.323437	0.323144	0.323024
404.000000	0.320951	0.321218	0.321492	0.321050	0.322241	0.321984	0.321869
405.000000	0.319902	0.320146	0.320301	0.320097	0.321219	0.320859	0.320835
406.000000	0.318728	0.319068	0.319203	0.319148	0.319897	0.319500	0.319513
407.000000	0.317397	0.317879	0.318097	0.318011	0.318342	0.318026	0.317969
408.000000	0.316107	0.316553	0.316811	0.316644	0.316947	0.316784	0.316564
409.000000	0.314923	0.315121	0.315400	0.315174	0.315818	0.315751	0.315386
410.000000	0.313792	0.313667	0.314121	0.313884	0.314787	0.314570	0.314272
411.000000	0.312690	0.312304	0.313011	0.312821	0.313742	0.313188	0.313152
412.000000	0.311639	0.311191	0.311799	0.311716	0.312650	0.311973	0.312103
413.000000	0.310636	0.310328	0.310389	0.310460	0.311513	0.311077	0.311124
414.000000	0.309625	0.309405	0.309063	0.309297	0.310382	0.310173	0.310048
415.000000	0.308561	0.308241	0.308027	0.308391	0.309302	0.309029	0.308801
416.000000	0.307453	0.307134	0.307133	0.307548	0.308277	0.307865	0.307654
417.000000	0.306326	0.306354	0.306212	0.306566	0.307307	0.306914	0.306844
418.000000	0.305245	0.305614	0.305310	0.305532	0.306392	0.306088	0.306169
419.000000	0.304269	0.304555	0.304512	0.304594	0.305523	0.305227	0.305341
420.000000	0.303345	0.303375	0.303755	0.303756	0.304632	0.304280	0.304318
421.000000	0.302377	0.302465	0.302917	0.302962	0.303636	0.303254	0.303172
422.000000	0.301368	0.301729	0.301934	0.302118	0.302581	0.302218	0.302049
423.000000	0.300381	0.300781	0.300782	0.301116	0.301592	0.301274	0.301135
424.000000	0.299478	0.299633	0.299603	0.300020	0.300683	0.300416	0.300381
425.000000	0.298720	0.298655	0.298683	0.299050	0.299773	0.299537	0.299530
426.000000	0.298053	0.297921	0.298047	0.298249	0.298844	0.298594	0.298503
427.000000	0.297270	0.297104	0.297375	0.297420	0.297969	0.297631	0.297468
428.000000	0.296294	0.296083	0.296489	0.296457	0.297168	0.296698	0.296556
429.000000	0.295326	0.295202	0.295541	0.295463	0.296344	0.295843	0.295780
430.000000	0.294509	0.294667	0.294670	0.294551	0.295430	0.295074	0.295100
431.000000	0.293729	0.294136	0.293865	0.293792	0.294488	0.294279	0.294348
432.000000	0.292877	0.293284	0.293093	0.293204	0.293594	0.293373	0.293407
433.000000	0.292061	0.292294	0.292330	0.292588	0.292785	0.292471	0.292470
434.000000	0.291409	0.291447	0.291561	0.291741	0.292075	0.291717	0.291766
435.000000	0.290784	0.290719	0.290793	0.290815	0.291367	0.291033	0.291190
436.000000	0.289967	0.289970	0.290039	0.290075	0.290542	0.290271	0.290516
437.000000	0.289035	0.289182	0.289292	0.289451	0.289699	0.289468	0.289733
438.000000	0.288236	0.288409	0.288528	0.288676	0.289056	0.288767	0.288956
439.000000	0.287571	0.287657	0.287741	0.287743	0.288534	0.288142	0.288180
440.000000	0.286820	0.286892	0.286937	0.286877	0.287798	0.287414	0.287297
441.000000	0.285915	0.286085	0.286121	0.286151	0.286779	0.286548	0.286331
442.000000	0.284996	0.285224	0.285294	0.285426	0.285775	0.285692	0.285480
443.000000	0.284173	0.284357	0.284481	0.284665	0.284992	0.284960	0.284845
444.000000	0.283477	0.283646	0.283745	0.284039	0.284427	0.284366	0.284312
445.000000	0.282903	0.283162	0.283109	0.283626	0.284008	0.283864	0.283761
446.000000	0.282361	0.282683	0.282471	0.283168	0.283544	0.283278	0.283117
447.000000	0.281764	0.282010	0.281748	0.282433	0.282875	0.282478	0.282348
448.000000	0.281093	0.281253	0.281030	0.281545	0.282068	0.281632	0.281571
449.000000	0.280358	0.280580	0.280436	0.280708	0.281245	0.280950	0.280914
450.000000	0.279662	0.279977	0.279970	0.280019	0.280512	0.280387	0.280339
451.000000	0.279124	0.279367	0.279583	0.279518	0.279948	0.279803	0.279748
452.000000	0.278647	0.278732	0.279136	0.279065	0.279445	0.279163	0.279135
453.000000	0.278019	0.278095	0.278451	0.278432	0.278794	0.278495	0.278545
454.000000	0.277295	0.277502	0.277622	0.277679	0.278065	0.277869	0.278007
455.000000	0.276759	0.277018	0.276974	0.277110	0.277554	0.277392	0.277535
456.000000	0.276448	0.276604	0.276577	0.276772	0.277293	0.277043	0.277088
457.000000	0.276076	0.276094	0.276180	0.276381	0.276961	0.276643	0.276556
458.000000	0.275488	0.275438	0.275633	0.275796	0.276390	0.276094	0.275920
459.000000	0.274793	0.274812	0.275007	0.275165	0.275720	0.275467	0.275328
460.000000	0.274118	0.274337	0.274384	0.274621	0.275087	0.274851	0.274880
461.000000	0.273564	0.273920	0.273819	0.274175	0.274533	0.274328	0.274481
462.000000	0.273172	0.273452	0.273343	0.273787	0.274060	0.273938	0.274029
463.000000	0.272744	0.272903	0.272925	0.273310	0.273599	0.273545	0.273507
464.000000	0.272092	0.272286	0.272517	0.272616	0.273080	0.273003	0.272931
465.000000	0.271433	0.271726	0.272056	0.271879	0.272552	0.272381	0.272361
466.000000	0.271096	0.271364	0.271487	0.271360	0.272096	0.271818	0.271862
467.000000	0.270940	0.271062	0.270894	0.271020	0.271680	0.271331	0.271396
468.000000	0.270574	0.270544	0.270435	0.270661	0.271211	0.270869	0.270877
469.000000	0.269988	0.269917	0.270144	0.270268	0.270743	0.270459	0.270378
470.000000	0.269481	0.269592	0.269958	0.269974	0.270440	0.270193	0.270102
471.000000	0.269144	0.269558	0.269748	0.269741	0.270272	0.269976	0.269983
472.000000	0.268807	0.269295	0.269317	0.269320	0.269972	0.269495	0.269635
473.000000	0.268380	0.268617	0.268656	0.268661	0.269438	0.268711	0.268950
474.000000	0.267932	0.267972	0.268081	0.268079	0.268882	0.268084	0.268329
475.000000	0.267522	0.267654	0.267785	0.267764	0.268458	0.267879	0.268026
476.000000	0.267148	0.267398	0.267548	0.267497	0.268095	0.267748	0.267797
477.000000	0.266796	0.266942	0.267155	0.267075	0.267707	0.267362	0.267398
478.000000	0.266444	0.266373	0.266659	0.266600	0.267286	0.266852	0.266902
479.000000	0.266071	0.265845	0.266167	0.266218	0.266849	0.266422	0.266442
480.000000	0.265665	0.265440	0.265742	0.265884	0.266423	0.266071	0.266065
481.000000	0.265225	0.265198	0.265418	0.265504	0.266039	0.265727	0.265778
482.000000	0.264798	0.265040	0.265117	0.265109	0.265698	0.265381	0.265511
483.000000	0.264452	0.264832	0.264708	0.264796	0.265387	0.265056	0.265165
484.000000	0.264180	0.264502	0.264228	0.264546	0.265074	0.264765	0.264751
485.000000	0.263918	0.264033	0.263837	0.264252	0.264722	0.264507	0.264364
486.000000	0.263625	0.263499	0.263570	0.263884	0.264355	0.264244	0.264014
487.000000	0.263291	0.263066	0.263316	0.263502	0.264073	0.263888	0.263617
488.000000	0.262936	0.262810	0.263016	0.263141	0.263880	0.263431	0.263166
489.000000	0.262622	0.262644	0.262705	0.262783	0.263623	0.262997	0.262793
490.000000	0.262365	0.262463	0.262408	0.262426	0.263222	0.262664	0.262567
491.000000	0.262060	0.262145	0.262106	0.262107	0.262802	0.262368	0.262371
492.000000	0.261632	0.261644	0.261775	0.261844	0.262470	0.262044	0.262105
493.000000	0.261183	0.261176	0.261398	0.261562	0.262165	0.261694	0.261815
494.000000	0.260825	0.260948	0.260975	0.261183	0.261797	0.261333	0.261550
495.000000	0.260497	0.260774	0.260576	0.260733	0.261337	0.260964	0.261200
496.000000	0.260099	0.260379	0.260280	0.260272	0.260790	0.260587	0.260633
497.000000	0.259674	0.259842	0.260019	0.259863	0.260308	0.260229	0.260029
498.000000	0.259331	0.259404	0.259664	0.259565	0.260090	0.259923	0.259694
499.000000	0.259054	0.259094	0.259233	0.259309	0.259993	0.259633	0.259562
500.000000	0.258739	0.258787	0.258848	0.258944	0.259640	0.259277	0.259303
501.000000	0.258323	0.258418	0.258502	0.258448	0.259008	0.258814	0.258820
502.000000	0.257794	0.257992	0.258044	0.257933	0.258447	0.258252	0.258267
503.000000	0.257217	0.257525	0.257459	0.257472	0.258112	0.257656	0.257756
504.000000	0.256773	0.257049	0.256942	0.257067	0.257841	0.257178	0.257331
505.000000	0.256531	0.256594	0.256598	0.256708	0.257510	0.256883	0.256990
506.000000	0.256300	0.256184	0.256298	0.256371	0.257140	0.256632	0.256664
507.000000	0.255917	0.255824	0.255929	0.256033	0.256761	0.256300	0.256289
508.000000	0.255432	0.255459	0.255531	0.255673	0.256357	0.255892	0.255858
509.000000	0.254935	0.255039	0.255154	0.255276	0.255909	0.255442	0.255386
510.000000	0.254482	0.254569	0.254740	0.254841	0.255413	0.254980	0.254935
511.000000	0.254104	0.254073	0.254215	0.254372	0.254879	0.254532	0.254562
512.000000	0.253744	0.253591	0.253631	0.253880	0.254353	0.254078	0.254197
513.000000	0.253310	0.253163	0.253096	0.253385	0.253897	0.253584	0.253723
514.000000	0.252802	0.252773	0.252659	0.252933	0.253516	0.253092	0.253172
515.000000	0.252289	0.252374	0.252323	0.252587	0.253177	0.252693	0.252671
516.000000	0.251831	0.251976	0.252044	0.252312	0.252838	0.252380	0.252268
517.000000	0.251482	0.251649	0.251730	0.251976	0.252449	0.252049	0.251930
518.000000	0.251204	0.251361	0.251338	0.251538	0.252006	0.251642	0.251612
519.000000	0.250831	0.250944	0.250891	0.251087	0.251563	0.251167	0.251258
520.000000	0.250306	0.250357	0.250424	0.250673	0.251160	0.250671	0.250845
521.000000	0.249796	0.249829	0.249984	0.250260	0.250791	0.250271	0.250415
522.000000	0.249429	0.249516	0.249593	0.249815	0.250431	0.250015	0.250007
523.000000	0.249112	0.249260	0.249204	0.249356	0.250017	0.249742	0.249623
524.000000	0.248742	0.248892	0.248780	0.248911	0.249508	0.249306	0.249250
525.000000	0.248340	0.248461	0.248387	0.248509	0.248993	0.248815	0.248845
526.000000	0.247954	0.248061	0.248100	0.248171	0.248584	0.248422	0.248369
527.000000	0.247602	0.247697	0.247848	0.247841	0.248269	0.248091	0.247889
528.000000	0.247283	0.247335	0.247507	0.247445	0.247993	0.247716	0.247502
529.000000	0.246948	0.246965	0.247080	0.247023	0.247711	0.247293	0.247188
530.000000	0.246521	0.246592	0.246644	0.246677	0.247388	0.246878	0.246860
531.000000	0.246045	0.246195	0.246238	0.246382	0.247002	0.246506	0.246498
532.000000	0.245663	0.245738	0.245866	0.246004	0.246548	0.246187	0.246142
533.000000	0.245408	0.245261	0.245511	0.245539	0.246091	0.245903	0.245812
534.000000	0.245173	0.244901	0.245135	0.245154	0.245785	0.245601	0.245499
535.000000	0.244885	0.244706	0.244740	0.244922	0.245641	0.245253	0.245193
536.000000	0.244551	0.244549	0.244407	0.244722	0.245393	0.244880	0.244890
537.000000	0.244187	0.244321	0.244170	0.244453	0.244901	0.244504	0.244580
538.000000	0.243797	0.243997	0.243922	0.244122	0.244422	0.244147	0.244247
539.000000	0.243396	0.243588	0.243572	0.243761	0.244187	0.243824	0.243884
540.000000	0.243044	0.243176	0.243196	0.243413	0.244034	0.243530	0.243516
541.000000	0.242789	0.242845	0.242895	0.243117	0.243749	0.243253	0.243176
542.000000	0.242571	0.242590	0.242660	0.242845	0.243372	0.242985	0.242885
543.000000	0.242297	0.242373	0.242441	0.242550	0.243024	0.242715	0.242650
544.000000	0.241972	0.242140	0.242181	0.242241	0.242727	0.242442	0.242431
545.000000	0.241654	0.241836	0.241827	0.241954	0.242447	0.242169	0.242166
546.000000	0.241364	0.241494	0.241428	0.241687	0.242179	0.241885	0.241860
547.000000	0.241095	0.241218	0.241112	0.241407	0.241937	0.241578	0.241574
548.000000	0.240845	0.241009	0.240892	0.241118	0.241699	0.241258	0.241327
549.000000	0.240626	0.240760	0.240651	0.240867	0.241401	0.240966	0.241091
550.000000	0.240420	0.240436	0.240342	0.240646	0.241048	0.240720	0.240834
551.000000	0.240173	0.240129	0.240039	0.240363	0.240759	0.240493	0.240515
552.000000	0.239874	0.239905	0.239807	0.239996	0.240598	0.240267	0.240149
553.000000	0.239635	0.239745	0.239660	0.239699	0.240466	0.240048	0.239875
554.000000	0.239503	0.239588	0.239557	0.239560	0.240255	0.239823	0.239758
555.000000	0.239249	0.239274	0.239294	0.239350	0.239897	0.239487	0.239546
556.000000	0.238730	0.238748	0.238768	0.238908	0.239431	0.239023	0.239067
557.000000	0.238578	0.238618	0.238633	0.238795	0.239418	0.238969	0.238950
558.000000	0.239373	0.239407	0.239474	0.239520	0.240294	0.239761	0.239781
559.000000	0.239185	0.239194	0.239339	0.239238	0.240111	0.239543	0.239630
560.000000	0.235508	0.235502	0.235683	0.235581	0.236392	0.235965	0.235983
561.000000	0.234054	0.234059	0.234223	0.234228	0.234870	0.234664	0.234536
562.000000	0.245152	0.245194	0.245311	0.245352	0.245881	0.245738	0.245592
563.000000	0.253066	0.253152	0.253225	0.253200	0.253721	0.253467	0.253442
564.000000	0.216957	0.217055	0.217116	0.217053	0.217600	0.217270	0.217322
565.000000	0.145834	0.145901	0.145991	0.145966	0.146534	0.146234	0.146260
566.000000	0.121103	0.121136	0.121258	0.121288	0.121875	0.121572	0.121603
567.000000	0.177167	0.177182	0.177321	0.177368	0.177984	0.177578	0.177700
568.000000	0.240123	0.240120	0.240272	0.240286	0.240950	0.240457	0.240624
569.000000	0.250966	0.250936	0.251108	0.251052	0.251772	0.251297	0.251377
570.000000	0.236413	0.236359	0.236541	0.236466	0.237163	0.236759	0.236742
571.000000	0.231419	0.231362	0.231533	0.231551	0.232091	0.231742	0.231738
572.000000	0.234798	0.234771	0.234930	0.235034	0.235432	0.235111	0.235147
573.000000	0.236434	0.236474	0.236640	0.236692	0.237131	0.236811	0.236806
574.000000	0.235432	0.235539	0.235695	0.235661	0.236265	0.235898	0.235841
575.000000	0.234585	0.234712	0.234786	0.234815	0.235562	0.235075	0.235085
576.000000	0.234529	0.234622	0.234594	0.234774	0.235578	0.234977	0.235108
577.000000	0.234590	0.234622	0.234578	0.234799	0.235566	0.234990	0.235119
578.000000	0.234500	0.234477	0.234496	0.234638	0.235306	0.234874	0.234877
579.000000	0.234356	0.234330	0.234387	0.234481	0.235051	0.234731	0.234633
580.000000	0.234227	0.234247	0.234293	0.234414	0.234920	0.234613	0.234508
581.000000	0.234130	0.234186	0.234250	0.234380	0.234844	0.234488	0.234441
582.000000	0.234007	0.234062	0.234202	0.234283	0.234726	0.234304	0.234340
583.000000	0.233681	0.233734	0.233926	0.233978	0.234428	0.233982	0.234072
584.000000	0.233266	0.233335	0.233497	0.233591	0.234074	0.233682	0.233762
585.000000	0.233667	0.233738	0.233807	0.233967	0.234479	0.234198	0.234214
586.000000	0.235022	0.235052	0.235012	0.235209	0.235723	0.235564	0.235498
587.000000	0.234001	0.233986	0.233908	0.234125	0.234620	0.234499	0.234404
588.000000	0.227859	0.227836	0.227861	0.228094	0.228571	0.228323	0.228315
589.000000	0.222128	0.222124	0.222302	0.222511	0.222994	0.222558	0.222683
590.000000	0.224182	0.224191	0.224436	0.224537	0.225072	0.224542	0.224734
591.000000	0.231040	0.231046	0.231255	0.231256	0.231841	0.231318	0.231505
592.000000	0.234725	0.234712	0.234827	0.234884	0.235445	0.234961	0.235117
593.000000	0.234043	0.234023	0.234038	0.234243	0.234731	0.234287	0.234406
594.000000	0.232876	0.232913	0.232878	0.233102	0.233570	0.233160	0.233247
595.000000	0.232863	0.233002	0.232971	0.233066	0.233593	0.233194	0.233254
596.000000	0.233089	0.233286	0.233268	0.233276	0.233892	0.233453	0.233485
597.000000	0.233007	0.233180	0.233172	0.233209	0.233889	0.233390	0.233381
598.000000	0.232824	0.232944	0.232979	0.233044	0.233708	0.233251	0.233166
599.000000	0.232719	0.232802	0.232922	0.232935	0.233505	0.233223	0.233041
600.000000	0.232672	0.232740	0.232923	0.232850	0.233373	0.233217	0.233016
601.000000	0.232640	0.232711	0.232892	0.232754	0.233359	0.233137	0.233052
602.000000	0.232598	0.232670	0.232835	0.232690	0.233374	0.233005	0.233048
603.000000	0.232533	0.232583	0.232770	0.232697	0.233329	0.232867	0.232917
604.000000	0.232465	0.232491	0.232692	0.232705	0.233250	0.232778	0.232731
605.000000	0.232423	0.232447	0.232589	0.232633	0.233192	0.232782	0.232600
606.000000	0.232415	0.232415	0.232479	0.232551	0.233159	0.232806	0.232562
607.000000	0.232436	0.232331	0.232385	0.232582	0.233131	0.232738	0.232616
608.000000	0.232433	0.232225	0.232285	0.232648	0.233084	0.232595	0.232684
609.000000	0.232331	0.232188	0.232129	0.232554	0.232987	0.232474	0.232645
610.000000	0.232163	0.232221	0.231987	0.232324	0.232869	0.232424	0.232516
611.000000	0.232062	0.232250	0.232031	0.232188	0.232811	0.232444	0.232437
612.000000	0.232040	0.232205	0.232225	0.232207	0.232811	0.232479	0.232436
613.000000	0.231946	0.232032	0.232254	0.232219	0.232765	0.232402	0.232390
614.000000	0.231743	0.231768	0.232016	0.232128	0.232640	0.232197	0.232247
615.000000	0.231628	0.231626	0.231841	0.231992	0.232548	0.232057	0.232104
616.000000	0.231711	0.231713	0.231937	0.231879	0.232550	0.232099	0.232036
617.000000	0.231804	0.231804	0.232052	0.231831	0.232521	0.232162	0.232024
618.000000	0.231728	0.231702	0.231942	0.231862	0.232367	0.232096	0.232026
619.000000	0.231572	0.231562	0.231720	0.231868	0.232252	0.231961	0.231985
620.000000	0.231465	0.231573	0.231558	0.231751	0.232345	0.231856	0.231856
621.000000	0.231398	0.231635	0.231458	0.231583	0.232443	0.231754	0.231715
622.000000	0.231312	0.231558	0.231367	0.231489	0.232251	0.231597	0.231661
623.000000	0.231213	0.231369	0.231272	0.231439	0.231891	0.231442	0.231653
624.000000	0.231136	0.231201	0.231186	0.231330	0.231694	0.231397	0.231577
625.000000	0.231085	0.231088	0.231129	0.231179	0.231700	0.231444	0.231440
626.000000	0.231040	0.230983	0.231124	0.231094	0.231728	0.231464	0.231344
627.000000	0.230984	0.230895	0.231154	0.231105	0.231695	0.231425	0.231325
628.000000	0.230906	0.230887	0.231163	0.231153	0.231639	0.231390	0.231350
629.000000	0.230812	0.230961	0.231107	0.231165	0.231581	0.231366	0.231369
630.000000	0.230734	0.231011	0.230976	0.231062	0.231519	0.231270	0.231306
631.000000	0.230692	0.230963	0.230800	0.230839	0.231448	0.231092	0.231138
632.000000	0.230674	0.230841	0.230702	0.230669	0.231373	0.230997	0.230957
633.000000	0.230663	0.230690	0.230760	0.230677	0.231297	0.231088	0.230845
634.000000	0.230651	0.230593	0.230853	0.230763	0.231216	0.231180	0.230798
635.000000	0.230630	0.230608	0.230849	0.230795	0.231126	0.231082	0.230799
636.000000	0.230581	0.230633	0.230765	0.230737	0.231051	0.230874	0.230826
637.000000	0.230489	0.230539	0.230659	0.230594	0.231018	0.230705	0.230860
638.000000	0.230391	0.230381	0.230568	0.230452	0.231020	0.230634	0.230877
639.000000	0.230337	0.230280	0.230513	0.230422	0.231034	0.230671	0.230853
640.000000	0.230308	0.230241	0.230455	0.230462	0.231029	0.230736	0.230770
641.000000	0.230240	0.230194	0.230320	0.230437	0.230966	0.230696	0.230614
642.000000	0.230137	0.230125	0.230159	0.230332	0.230876	0.230547	0.230436
643.000000	0.230068	0.230070	0.230133	0.230241	0.230850	0.230402	0.230337
644.000000	0.230050	0.230036	0.230251	0.230222	0.230889	0.230335	0.230335
645.000000	0.230030	0.229993	0.230314	0.230273	0.230884	0.230361	0.230342
646.000000	0.229980	0.229933	0.230220	0.230348	0.230781	0.230440	0.230306
647.000000	0.229926	0.229900	0.230065	0.230316	0.230654	0.230446	0.230266
648.000000	0.229880	0.229906	0.229925	0.230115	0.230563	0.230298	0.230241
649.000000	0.229800	0.229861	0.229769	0.229892	0.230507	0.230076	0.230168
650.000000	0.229666	0.229703	0.229580	0.229783	0.230472	0.229878	0.230015
651.000000	0.229567	0.229545	0.229472	0.229749	0.230448	0.229778	0.229901
652.000000	0.229590	0.229510	0.229554	0.229717	0.230417	0.229818	0.229942
653.000000	0.229625	0.229529	0.229687	0.229663	0.230330	0.229880	0.229986
654.000000	0.229515	0.229481	0.229669	0.229580	0.230137	0.229812	0.229817
655.000000	0.229305	0.229377	0.229503	0.229500	0.229924	0.229664	0.229535
656.000000	0.229143	0.229301	0.229305	0.229466	0.229836	0.229583	0.229390
657.000000	0.229089	0.229283	0.229160	0.229466	0.229871	0.229566	0.229418
658.000000	0.229132	0.229315	0.229134	0.229445	0.229924	0.229500	0.229497
659.000000	0.229230	0.229390	0.229226	0.229407	0.229959	0.229414	0.229565
660.000000	0.229307	0.229508	0.229365	0.229417	0.230017	0.229487	0.229635
661.000000	0.229323	0.229610	0.229476	0.229492	0.230090	0.229722	0.229681
662.000000	0.229290	0.229556	0.229480	0.229569	0.230087	0.229846	0.229628
663.000000	0.229245	0.229334	0.229369	0.229601	0.229988	0.229726	0.229474
664.000000	0.229264	0.229228	0.229291	0.229592	0.229931	0.229589	0.229394
665.000000	0.229378	0.229412	0.229338	0.229557	0.230003	0.229603	0.229501
666.000000	0.229453	0.229590	0.229385	0.229523	0.230045	0.229628	0.229656
667.000000	0.229377	0.229481	0.229308	0.229516	0.229917	0.229522	0.229700
668.000000	0.229279	0.229291	0.229210	0.229522	0.229777	0.229418	0.229644
669.000000	0.229320	0.229307	0.229230	0.229512	0.229827	0.229490	0.229544
670.000000	0.229387	0.229430	0.229298	0.229450	0.229963	0.229636	0.229440
671.000000	0.229273	0.229419	0.229277	0.229300	0.229974	0.229658	0.229364
672.000000	0.229057	0.229293	0.229212	0.229139	0.229886	0.229554	0.229326
673.000000	0.228975	0.229220	0.229250	0.229102	0.229860	0.229440	0.229316
674.000000	0.229023	0.229220	0.229335	0.229160	0.229885	0.229358	0.229319
675.000000	0.228992	0.229179	0.229244	0.229150	0.229804	0.229286	0.229309
676.000000	0.228847	0.229060	0.228983	0.229047	0.229611	0.229238	0.229269
677.000000	0.228775	0.228919	0.228836	0.228994	0.229484	0.229271	0.229184
678.000000	0.228853	0.228815	0.228917	0.229037	0.229497	0.229372	0.229097
679.000000	0.228948	0.228797	0.229019	0.229038	0.229519	0.229407	0.229142
680.000000	0.228968	0.228869	0.228999	0.228931	0.229484	0.229310	0.229349
681.000000	0.228960	0.228923	0.228959	0.228888	0.229512	0.229214	0.229472
682.000000	0.228974	0.228879	0.228991	0.229030	0.229686	0.229230	0.229326
683.000000	0.228986	0.228807	0.229023	0.229166	0.229829	0.229278	0.229110
684.000000	0.228955	0.228788	0.228971	0.229093	0.229757	0.229256	0.229056
685.000000	0.228834	0.228792	0.228880	0.228903	0.229570	0.229179	0.229110
686.000000	0.228598	0.228762	0.228831	0.228772	0.229442	0.229099	0.229141
687.000000	0.228408	0.228732	0.228817	0.228754	0.229407	0.229045	0.229124
688.000000	0.228492	0.228769	0.228792	0.228837	0.229429	0.229033	0.229083
689.000000	0.228738	0.228789	0.228737	0.228927	0.229442	0.229026	0.229032
690.000000	0.228812	0.228615	0.228650	0.228876	0.229368	0.228955	0.228969
691.000000	0.228659	0.228288	0.228540	0.228707	0.229204	0.228835	0.228886
692.000000	0.228497	0.228063	0.228426	0.228601	0.229019	0.228761	0.228766
693.000000	0.228458	0.228070	0.228347	0.228625	0.228896	0.228776	0.228646
694.000000	0.228539	0.228249	0.228368	0.228675	0.228932	0.228845	0.228643
695.000000	0.228701	0.228509	0.228500	0.228685	0.229135	0.228923	0.228778
696.000000	0.228847	0.228733	0.228645	0.228669	0.229340	0.228955	0.228878
697.000000	0.228900	0.228825	0.228730	0.228652	0.229412	0.228914	0.228834
698.000000	0.228858	0.228774	0.228772	0.228647	0.229361	0.228857	0.228773
699.000000	0.228743	0.228614	0.228793	0.228656	0.229228	0.228841	0.228814
700.000000	0.228640	0.228502	0.228737	0.228639	0.229084	0.228848	0.228887
701.000000	0.228628	0.228576	0.228560	0.228563	0.229003	0.228853	0.228894
702.000000	0.228681	0.228665	0.228396	0.228510	0.229032	0.228870	0.228877
703.000000	0.228736	0.228520	0.228422	0.228588	0.229192	0.228925	0.228921
704.000000	0.228724	0.228290	0.228579	0.228712	0.229371	0.228974	0.229000
705.000000	0.228588	0.228311	0.228694	0.228714	0.229394	0.228943	0.229031
706.000000	0.228385	0.228530	0.228715	0.228624	0.229277	0.228851	0.228975
707.000000	0.228256	0.228600	0.228692	0.228626	0.229179	0.228785	0.228830
708.000000	0.228255	0.228469	0.228655	0.228737	0.229145	0.228794	0.228668
709.000000	0.228330	0.228413	0.228609	0.228790	0.229088	0.228880	0.228638
710.000000	0.228430	0.228513	0.228568	0.228699	0.228982	0.228965	0.228748
711.000000	0.228508	0.228543	0.228555	0.228509	0.228894	0.228860	0.228778
712.000000	0.228533	0.228426	0.228572	0.228323	0.228887	0.228559	0.228656
713.000000	0.228518	0.228475	0.228585	0.228340	0.228987	0.228467	0.228664
714.000000	0.228490	0.228850	0.228582	0.228646	0.229185	0.228830	0.228968
715.000000	0.228503	0.229088	0.228644	0.228934	0.229370	0.229221	0.229227
716.000000	0.228600	0.228793	0.228837	0.228919	0.229438	0.229226	0.229120
717.000000	0.228735	0.228440	0.229058	0.228774	0.229425	0.229093	0.228870
718.000000	0.228838	0.228631	0.229165	0.228758	0.229404	0.229184	0.228807
719.000000	0.228851	0.229106	0.229088	0.228821	0.229458	0.229320	0.228896
720.000000	0.228733	0.229297	0.228800	0.228798	0.229649	0.229150	0.228962
721.000000	0.228592	0.229142	0.228451	0.228657	0.229825	0.228848	0.228945
722.000000	0.228609	0.228875	0.228289	0.228455	0.229723	0.228875	0.228858
723.000000	0.228744	0.228627	0.228431	0.228331	0.229434	0.229144	0.228829
724.000000	0.228766	0.228436	0.228873	0.228482	0.229333	0.229120	0.229068
725.000000	0.228513	0.228327	0.229273	0.228782	0.229457	0.228721	0.229388
726.000000	0.227914	0.228309	0.228911	0.228722	0.229436	0.228416	0.229138
727.000000	0.227277	0.228362	0.227834	0.228280	0.229219	0.228405	0.228363
728.000000	0.227517	0.228420	0.227402	0.228272	0.229315	0.228396	0.228304
729.000000	0.228854	0.228429	0.228283	0.229014	0.229859	0.228175	0.229451
730.000000	0.229727	0.228378	0.229209	0.229449	0.229970	0.227829	0.230264
731.000000	0.228862	0.228268	0.229061	0.228700	0.228946	0.227461	0.229446
732.000000	0.226884	0.228124	0.228192	0.227192	0.227209	0.227091	0.227575
