[HEADER]
Format	J&M ASCII Table
Comment	
Date	5/30/2023 8:19:30 AM
Order	Y (evenX)
TechType	UV
NumPoints	483
FirstX	250.00
LastX	732.00
XType	NMetr
YType	Absrb
ZType	Secs
NumSubFile	7
Matrix	Z vs X
[DATA]
	0.000000	5.000064	10.000128	15.000256	20.000320	25.000383	30.000511
250.000000	0.529958	0.530051	0.529535	0.530371	0.530197	0.529917	0.529852
251.000000	0.528587	0.528790	0.528159	0.528494	0.528733	0.528357	0.528370
252.000000	0.527835	0.527862	0.527277	0.527347	0.527448	0.527574	0.527586
253.000000	0.527397	0.527167	0.526735	0.526735	0.526502	0.527179	0.526939
254.000000	0.527012	0.526653	0.526394	0.526464	0.526058	0.526850	0.526092
255.000000	0.526785	0.526529	0.526310	0.526523	0.526258	0.526762	0.525818
256.000000	0.526915	0.527017	0.526595	0.526958	0.527158	0.527151	0.526850
257.000000	0.527673	0.528104	0.527439	0.527897	0.528392	0.527972	0.528385
258.000000	0.529296	0.529685	0.529018	0.529453	0.529519	0.529103	0.529287
259.000000	0.531514	0.531502	0.531107	0.531410	0.530704	0.530583	0.530049
260.000000	0.533809	0.533243	0.533290	0.533400	0.532399	0.532520	0.531915
261.000000	0.535900	0.534970	0.535379	0.535358	0.534656	0.534779	0.534740
262.000000	0.537689	0.537018	0.537359	0.537446	0.537203	0.537034	0.537326
263.000000	0.539220	0.539280	0.539161	0.539573	0.539606	0.538988	0.539186
264.000000	0.540688	0.541147	0.540650	0.541346	0.541257	0.540378	0.540673
265.000000	0.542163	0.542349	0.541817	0.542571	0.542115	0.541277	0.541998
266.000000	0.543490	0.543239	0.542876	0.543417	0.543110	0.542315	0.543046
267.000000	0.544490	0.544055	0.543878	0.544002	0.544674	0.543726	0.543720
268.000000	0.544974	0.544602	0.544415	0.544228	0.545722	0.544601	0.544042
269.000000	0.544790	0.544623	0.544151	0.543993	0.545285	0.544179	0.544016
270.000000	0.543919	0.543912	0.543338	0.543327	0.543810	0.543018	0.543503
271.000000	0.542400	0.542345	0.542282	0.542265	0.542008	0.541840	0.542351
272.000000	0.540409	0.540240	0.540737	0.540701	0.540034	0.540359	0.540574
273.000000	0.538148	0.538032	0.538293	0.538476	0.537822	0.537972	0.538237
274.000000	0.535541	0.535628	0.535063	0.535465	0.535203	0.534811	0.535248
275.000000	0.532369	0.532642	0.531457	0.531588	0.531963	0.531414	0.531461
276.000000	0.528748	0.528981	0.527762	0.527268	0.528240	0.527947	0.527233
277.000000	0.525072	0.524798	0.524147	0.523334	0.524460	0.524247	0.523342
278.000000	0.521370	0.520303	0.520453	0.519882	0.520653	0.520138	0.519826
279.000000	0.517192	0.515757	0.516114	0.516051	0.516341	0.515442	0.515774
280.000000	0.512319	0.511229	0.510987	0.511406	0.511361	0.510292	0.510786
281.000000	0.507029	0.506425	0.505781	0.506432	0.506204	0.505405	0.505557
282.000000	0.501615	0.501178	0.500964	0.501518	0.501239	0.501149	0.500634
283.000000	0.496271	0.495823	0.496045	0.496493	0.496265	0.496707	0.495809
284.000000	0.491128	0.490687	0.490593	0.491169	0.491079	0.491357	0.490811
285.000000	0.486134	0.485687	0.485217	0.485749	0.485914	0.485745	0.485704
286.000000	0.481189	0.480658	0.480639	0.480510	0.481050	0.480744	0.480625
287.000000	0.476210	0.475686	0.476324	0.475487	0.476219	0.476115	0.475552
288.000000	0.471133	0.470940	0.471303	0.470616	0.470981	0.471198	0.470420
289.000000	0.466026	0.466312	0.465848	0.465955	0.465596	0.466034	0.465419
290.000000	0.461039	0.461534	0.460981	0.461614	0.460742	0.461086	0.460876
291.000000	0.456235	0.456594	0.456722	0.457317	0.456362	0.456360	0.456593
292.000000	0.451599	0.451725	0.452131	0.452429	0.451708	0.451419	0.451882
293.000000	0.447046	0.446934	0.446872	0.446953	0.446586	0.446257	0.446593
294.000000	0.442401	0.441908	0.441502	0.441798	0.441617	0.441487	0.441355
295.000000	0.437630	0.436633	0.436485	0.437424	0.437152	0.437349	0.436586
296.000000	0.433017	0.431774	0.431965	0.433200	0.432846	0.433201	0.432135
297.000000	0.428693	0.427715	0.427883	0.428558	0.428324	0.428524	0.427767
298.000000	0.424181	0.423666	0.423673	0.423554	0.423397	0.423545	0.423205
299.000000	0.419042	0.418823	0.418800	0.418365	0.418007	0.418547	0.418225
300.000000	0.413615	0.413475	0.413380	0.413140	0.412562	0.413348	0.412905
301.000000	0.408393	0.408181	0.407727	0.407981	0.407522	0.407691	0.407411
302.000000	0.403191	0.402979	0.402116	0.402692	0.402576	0.401825	0.401873
303.000000	0.397549	0.397675	0.396777	0.396975	0.397111	0.396214	0.396398
304.000000	0.391669	0.392224	0.391603	0.391069	0.391296	0.390933	0.391068
305.000000	0.386200	0.386690	0.386260	0.385569	0.385827	0.385787	0.385939
306.000000	0.381254	0.381171	0.380735	0.380546	0.380807	0.380656	0.380901
307.000000	0.376386	0.375801	0.375347	0.375521	0.375718	0.375502	0.375673
308.000000	0.371307	0.370618	0.370254	0.370284	0.370334	0.370326	0.370209
309.000000	0.366003	0.365513	0.365338	0.365070	0.364920	0.365184	0.364828
310.000000	0.360564	0.360379	0.360423	0.360034	0.359688	0.360069	0.359707
311.000000	0.355260	0.355147	0.355250	0.355054	0.354629	0.354825	0.354622
312.000000	0.350272	0.349809	0.349706	0.350016	0.349688	0.349377	0.349385
313.000000	0.345383	0.344551	0.344240	0.344965	0.344749	0.344023	0.344132
314.000000	0.340348	0.339560	0.339311	0.339976	0.339718	0.339057	0.339047
315.000000	0.335256	0.334826	0.334783	0.335091	0.334693	0.334319	0.334197
316.000000	0.330300	0.330264	0.330336	0.330340	0.329823	0.329532	0.329598
317.000000	0.325599	0.325747	0.325790	0.325729	0.325164	0.324763	0.325142
318.000000	0.321221	0.321143	0.321054	0.321240	0.320714	0.320235	0.320668
319.000000	0.316968	0.316484	0.316264	0.316743	0.316323	0.315939	0.316123
320.000000	0.312460	0.311924	0.311727	0.312031	0.311739	0.311690	0.311538
321.000000	0.307719	0.307563	0.307511	0.307251	0.307074	0.307478	0.307029
322.000000	0.303225	0.303433	0.303421	0.302942	0.302834	0.303482	0.302808
323.000000	0.299178	0.299483	0.299334	0.299234	0.299136	0.299666	0.298900
324.000000	0.295288	0.295528	0.295263	0.295559	0.295422	0.295614	0.295027
325.000000	0.291342	0.291469	0.291219	0.291541	0.291335	0.291170	0.290997
326.000000	0.287438	0.287435	0.287167	0.287434	0.287167	0.286903	0.286901
327.000000	0.283663	0.283546	0.283107	0.283493	0.283205	0.283250	0.282859
328.000000	0.279889	0.279746	0.279194	0.279623	0.279346	0.279736	0.278932
329.000000	0.275988	0.275948	0.275555	0.275691	0.275436	0.275818	0.275156
330.000000	0.272106	0.272129	0.271962	0.271820	0.271555	0.271823	0.271505
331.000000	0.268449	0.268285	0.268105	0.268191	0.267857	0.268304	0.267928
332.000000	0.264848	0.264444	0.264150	0.264657	0.264314	0.265019	0.264357
333.000000	0.260964	0.260652	0.260502	0.260919	0.260809	0.261330	0.260728
334.000000	0.257008	0.257032	0.257261	0.257119	0.257333	0.257360	0.257107
335.000000	0.253625	0.253760	0.254269	0.253739	0.253962	0.253830	0.253667
336.000000	0.250809	0.250719	0.251247	0.250771	0.250671	0.250810	0.250391
337.000000	0.247773	0.247447	0.247791	0.247615	0.247323	0.247587	0.247039
338.000000	0.244138	0.243771	0.243833	0.244009	0.243855	0.243876	0.243535
339.000000	0.240312	0.240068	0.239912	0.240341	0.240354	0.240222	0.240107
340.000000	0.236663	0.236648	0.236424	0.236912	0.236897	0.236976	0.236901
341.000000	0.233241	0.233501	0.233241	0.233632	0.233502	0.233763	0.233763
342.000000	0.230026	0.230527	0.230177	0.230371	0.230177	0.230261	0.230532
343.000000	0.226929	0.227458	0.227168	0.227088	0.226943	0.226820	0.227219
344.000000	0.223849	0.224065	0.224165	0.223776	0.223820	0.223855	0.223883
345.000000	0.220728	0.220626	0.221017	0.220499	0.220792	0.221115	0.220612
346.000000	0.217539	0.217564	0.217581	0.217347	0.217833	0.218140	0.217492
347.000000	0.214428	0.214758	0.214159	0.214381	0.214901	0.214974	0.214529
348.000000	0.211623	0.211797	0.211282	0.211641	0.211951	0.211936	0.211677
349.000000	0.209023	0.208711	0.208914	0.209018	0.209013	0.209088	0.208914
350.000000	0.206258	0.205894	0.206540	0.206288	0.206178	0.206273	0.206235
351.000000	0.203272	0.203401	0.203881	0.203390	0.203479	0.203427	0.203606
352.000000	0.200411	0.200857	0.200973	0.200478	0.200873	0.200605	0.200952
353.000000	0.197833	0.198099	0.197951	0.197711	0.198282	0.197877	0.198253
354.000000	0.195306	0.195406	0.195089	0.195241	0.195579	0.195321	0.195603
355.000000	0.192663	0.192942	0.192551	0.193058	0.192739	0.192925	0.193053
356.000000	0.190045	0.190431	0.190139	0.190718	0.190045	0.190431	0.190525
357.000000	0.187588	0.187653	0.187661	0.187899	0.187730	0.187666	0.187958
358.000000	0.185195	0.184929	0.185192	0.185110	0.185610	0.185004	0.185466
359.000000	0.182737	0.182639	0.182848	0.182930	0.183422	0.182854	0.183165
360.000000	0.180286	0.180574	0.180549	0.180961	0.181103	0.180919	0.180858
361.000000	0.177977	0.178330	0.178154	0.178497	0.178679	0.178665	0.178266
362.000000	0.175784	0.175897	0.175745	0.175709	0.176232	0.176122	0.175613
363.000000	0.173587	0.173499	0.173524	0.173276	0.173874	0.173640	0.173389
364.000000	0.171344	0.171193	0.171448	0.171301	0.171575	0.171333	0.171524
365.000000	0.169088	0.168889	0.169264	0.169377	0.169195	0.169099	0.169455
366.000000	0.166850	0.166612	0.166947	0.167263	0.166778	0.166920	0.167025
367.000000	0.164661	0.164540	0.164777	0.164957	0.164615	0.164890	0.164626
368.000000	0.162541	0.162690	0.162843	0.162572	0.162804	0.162980	0.162493
369.000000	0.160493	0.160750	0.160830	0.160410	0.161041	0.160909	0.160497
370.000000	0.158457	0.158515	0.158533	0.158587	0.159046	0.158520	0.158486
371.000000	0.156190	0.156184	0.156183	0.156628	0.156726	0.156096	0.156360
372.000000	0.153562	0.153975	0.154018	0.154141	0.154103	0.153911	0.154085
373.000000	0.151069	0.151871	0.151959	0.151559	0.151551	0.151865	0.151868
374.000000	0.149237	0.149783	0.149854	0.149435	0.149452	0.149778	0.149916
375.000000	0.147650	0.147611	0.147626	0.147586	0.147591	0.147596	0.147952
376.000000	0.145568	0.145263	0.145245	0.145559	0.145543	0.145334	0.145560
377.000000	0.143054	0.142864	0.142851	0.143398	0.143300	0.143082	0.142979
378.000000	0.140654	0.140663	0.140682	0.141433	0.141107	0.140976	0.140826
379.000000	0.138607	0.138748	0.138781	0.139654	0.139064	0.139029	0.139148
380.000000	0.136862	0.137058	0.137013	0.137745	0.137140	0.137147	0.137475
381.000000	0.135269	0.135437	0.135241	0.135617	0.135290	0.135261	0.135560
382.000000	0.133561	0.133619	0.133330	0.133498	0.133463	0.133345	0.133485
383.000000	0.131595	0.131515	0.131258	0.131486	0.131574	0.131407	0.131361
384.000000	0.129485	0.129403	0.129224	0.129384	0.129474	0.129514	0.129315
385.000000	0.127365	0.127483	0.127373	0.127128	0.127157	0.127702	0.127425
386.000000	0.125338	0.125616	0.125610	0.125142	0.125055	0.125892	0.125612
387.000000	0.123470	0.123651	0.123834	0.123762	0.123519	0.124014	0.123788
388.000000	0.121670	0.121685	0.122102	0.122524	0.122164	0.122134	0.121950
389.000000	0.119831	0.119860	0.120478	0.120840	0.120484	0.120339	0.120121
390.000000	0.118009	0.118161	0.118781	0.118823	0.118535	0.118623	0.118353
391.000000	0.116319	0.116514	0.116768	0.116868	0.116609	0.116943	0.116712
392.000000	0.114775	0.114946	0.114715	0.115152	0.114923	0.115292	0.115241
393.000000	0.113326	0.113540	0.113192	0.113710	0.113634	0.113682	0.113964
394.000000	0.111940	0.112195	0.112113	0.112405	0.112564	0.112124	0.112712
395.000000	0.110597	0.110650	0.110795	0.110947	0.111232	0.110629	0.111144
396.000000	0.109211	0.108886	0.109009	0.109230	0.109472	0.109163	0.109224
397.000000	0.107598	0.107217	0.107167	0.107406	0.107555	0.107640	0.107328
398.000000	0.105790	0.105810	0.105577	0.105653	0.105747	0.106054	0.105729
399.000000	0.104250	0.104493	0.104258	0.104163	0.104247	0.104571	0.104426
400.000000	0.103202	0.103100	0.103131	0.102989	0.103099	0.103261	0.103330
401.000000	0.102012	0.101606	0.101923	0.101763	0.101923	0.101851	0.102165
402.000000	0.100141	0.100031	0.100418	0.100177	0.100387	0.100132	0.100702
403.000000	0.098186	0.098480	0.098807	0.098550	0.098731	0.098466	0.099064
404.000000	0.096916	0.097062	0.097359	0.097297	0.097304	0.097284	0.097463
405.000000	0.096029	0.095739	0.096045	0.096231	0.096082	0.096345	0.096032
406.000000	0.094826	0.094421	0.094722	0.094947	0.094886	0.095165	0.094854
407.000000	0.093290	0.093135	0.093426	0.093470	0.093665	0.093749	0.093818
408.000000	0.091827	0.091979	0.092293	0.092088	0.092447	0.092401	0.092699
409.000000	0.090602	0.090913	0.091242	0.090899	0.091220	0.091213	0.091446
410.000000	0.089555	0.089768	0.089994	0.089819	0.089941	0.090073	0.090168
411.000000	0.088581	0.088534	0.088560	0.088748	0.088625	0.088928	0.088927
412.000000	0.087530	0.087412	0.087340	0.087565	0.087369	0.087805	0.087711
413.000000	0.086331	0.086471	0.086478	0.086256	0.086241	0.086702	0.086513
414.000000	0.085077	0.085485	0.085548	0.085023	0.085238	0.085536	0.085348
415.000000	0.083874	0.084298	0.084274	0.084001	0.084321	0.084283	0.084242
416.000000	0.082809	0.083065	0.083000	0.083056	0.083367	0.083121	0.083240
417.000000	0.081935	0.081966	0.082073	0.082060	0.082288	0.082203	0.082362
418.000000	0.081169	0.081058	0.081341	0.081123	0.081211	0.081410	0.081492
419.000000	0.080390	0.080333	0.080544	0.080382	0.080297	0.080569	0.080504
420.000000	0.079505	0.079586	0.079648	0.079703	0.079464	0.079652	0.079488
421.000000	0.078445	0.078560	0.078705	0.078854	0.078548	0.078694	0.078600
422.000000	0.077293	0.077379	0.077696	0.077810	0.077548	0.077684	0.077768
423.000000	0.076221	0.076388	0.076562	0.076680	0.076564	0.076589	0.076785
424.000000	0.075304	0.075604	0.075395	0.075575	0.075641	0.075496	0.075665
425.000000	0.074528	0.074747	0.074425	0.074605	0.074774	0.074593	0.074627
426.000000	0.073804	0.073738	0.073685	0.073781	0.073932	0.073883	0.073755
427.000000	0.072959	0.072788	0.072949	0.072989	0.073058	0.073119	0.072941
428.000000	0.071945	0.072018	0.072103	0.072158	0.072152	0.072190	0.072121
429.000000	0.070968	0.071337	0.071284	0.071320	0.071329	0.071275	0.071326
430.000000	0.070177	0.070631	0.070574	0.070510	0.070648	0.070515	0.070575
431.000000	0.069471	0.069805	0.069803	0.069719	0.069963	0.069838	0.069801
432.000000	0.068728	0.068810	0.068834	0.068925	0.069135	0.069139	0.068953
433.000000	0.067941	0.067805	0.067869	0.068076	0.068231	0.068345	0.068099
434.000000	0.067135	0.066973	0.067150	0.067138	0.067360	0.067412	0.067325
435.000000	0.066356	0.066268	0.066556	0.066248	0.066553	0.066468	0.066590
436.000000	0.065648	0.065553	0.065832	0.065586	0.065808	0.065688	0.065806
437.000000	0.064950	0.064784	0.064968	0.065004	0.065084	0.065008	0.064993
438.000000	0.064140	0.063973	0.064095	0.064177	0.064323	0.064222	0.064231
439.000000	0.063204	0.063132	0.063270	0.063145	0.063496	0.063319	0.063501
440.000000	0.062225	0.062270	0.062476	0.062273	0.062597	0.062463	0.062699
441.000000	0.061292	0.061425	0.061705	0.061651	0.061669	0.061696	0.061809
442.000000	0.060494	0.060667	0.060965	0.061000	0.060808	0.060907	0.060935
443.000000	0.059875	0.060030	0.060268	0.060204	0.060086	0.060087	0.060164
444.000000	0.059391	0.059479	0.059634	0.059506	0.059514	0.059451	0.059542
445.000000	0.058955	0.058954	0.059055	0.059039	0.059043	0.059086	0.059059
446.000000	0.058373	0.058340	0.058436	0.058532	0.058469	0.058659	0.058562
447.000000	0.057522	0.057566	0.057704	0.057740	0.057644	0.057880	0.057918
448.000000	0.056639	0.056763	0.056948	0.056865	0.056769	0.056968	0.057200
449.000000	0.056003	0.056090	0.056280	0.056178	0.056095	0.056233	0.056520
450.000000	0.055506	0.055533	0.055680	0.055632	0.055583	0.055662	0.055899
451.000000	0.054906	0.055005	0.055075	0.055066	0.055087	0.055119	0.055315
452.000000	0.054193	0.054436	0.054428	0.054456	0.054541	0.054546	0.054706
453.000000	0.053491	0.053774	0.053728	0.053856	0.053934	0.053935	0.053992
454.000000	0.052864	0.053102	0.053049	0.053289	0.053308	0.053336	0.053246
455.000000	0.052319	0.052611	0.052537	0.052747	0.052751	0.052846	0.052668
456.000000	0.051839	0.052287	0.052183	0.052231	0.052268	0.052448	0.052272
457.000000	0.051382	0.051854	0.051780	0.051747	0.051760	0.051976	0.051829
458.000000	0.050908	0.051200	0.051226	0.051271	0.051177	0.051356	0.051229
459.000000	0.050396	0.050541	0.050636	0.050723	0.050570	0.050684	0.050601
460.000000	0.049844	0.050027	0.050103	0.050079	0.049998	0.050058	0.050056
461.000000	0.049300	0.049543	0.049604	0.049482	0.049512	0.049512	0.049573
462.000000	0.048806	0.048975	0.049096	0.049046	0.049125	0.049052	0.049112
463.000000	0.048334	0.048401	0.048558	0.048660	0.048703	0.048606	0.048639
464.000000	0.047847	0.047927	0.047981	0.048181	0.048110	0.048101	0.048130
465.000000	0.047364	0.047526	0.047414	0.047632	0.047460	0.047583	0.047616
466.000000	0.046921	0.047123	0.046918	0.047094	0.046942	0.047130	0.047139
467.000000	0.046492	0.046669	0.046481	0.046564	0.046549	0.046722	0.046668
468.000000	0.046021	0.046132	0.046049	0.046003	0.046166	0.046283	0.046136
469.000000	0.045553	0.045577	0.045645	0.045499	0.045790	0.045836	0.045628
470.000000	0.045218	0.045147	0.045355	0.045233	0.045507	0.045472	0.045350
471.000000	0.044978	0.044845	0.045129	0.045133	0.045270	0.045159	0.045246
472.000000	0.044606	0.044509	0.044758	0.044819	0.044870	0.044705	0.044947
473.000000	0.044034	0.044062	0.044187	0.044172	0.044258	0.044072	0.044317
474.000000	0.043504	0.043593	0.043654	0.043557	0.043677	0.043499	0.043666
475.000000	0.043164	0.043182	0.043302	0.043213	0.043286	0.043141	0.043217
476.000000	0.042847	0.042848	0.042965	0.042936	0.042966	0.042878	0.042877
477.000000	0.042398	0.042575	0.042492	0.042519	0.042591	0.042566	0.042524
478.000000	0.041905	0.042249	0.041968	0.042025	0.042188	0.042167	0.042133
479.000000	0.041486	0.041768	0.041515	0.041566	0.041811	0.041679	0.041702
480.000000	0.041122	0.041237	0.041143	0.041174	0.041459	0.041194	0.041256
481.000000	0.040750	0.040818	0.040821	0.040850	0.041114	0.040823	0.040826
482.000000	0.040405	0.040499	0.040522	0.040555	0.040766	0.040541	0.040449
483.000000	0.040162	0.040184	0.040224	0.040235	0.040411	0.040256	0.040158
484.000000	0.039956	0.039856	0.039915	0.039904	0.040049	0.039953	0.039916
485.000000	0.039618	0.039564	0.039598	0.039627	0.039684	0.039677	0.039630
486.000000	0.039147	0.039294	0.039275	0.039378	0.039329	0.039401	0.039285
487.000000	0.038725	0.038960	0.038948	0.039027	0.039006	0.039016	0.038952
488.000000	0.038421	0.038554	0.038625	0.038555	0.038699	0.038523	0.038650
489.000000	0.038104	0.038190	0.038326	0.038130	0.038329	0.038109	0.038310
490.000000	0.037699	0.037928	0.038046	0.037855	0.037875	0.037873	0.037903
491.000000	0.037317	0.037655	0.037732	0.037632	0.037473	0.037657	0.037525
492.000000	0.037046	0.037274	0.037343	0.037355	0.037219	0.037318	0.037243
493.000000	0.036815	0.036834	0.036911	0.036987	0.036996	0.036887	0.036975
494.000000	0.036528	0.036407	0.036480	0.036523	0.036669	0.036434	0.036619
495.000000	0.036159	0.036002	0.036058	0.036040	0.036260	0.036019	0.036191
496.000000	0.035713	0.035614	0.035644	0.035630	0.035842	0.035692	0.035739
497.000000	0.035265	0.035273	0.035279	0.035327	0.035463	0.035418	0.035312
498.000000	0.034912	0.035017	0.035013	0.035122	0.035153	0.035125	0.034950
499.000000	0.034623	0.034772	0.034770	0.034911	0.034867	0.034788	0.034629
500.000000	0.034274	0.034390	0.034391	0.034527	0.034506	0.034416	0.034281
501.000000	0.033833	0.033861	0.033877	0.033976	0.034052	0.034006	0.033887
502.000000	0.033366	0.033326	0.033397	0.033452	0.033567	0.033545	0.033477
503.000000	0.032919	0.032869	0.033022	0.033042	0.033096	0.033043	0.033069
504.000000	0.032500	0.032488	0.032663	0.032659	0.032652	0.032554	0.032654
505.000000	0.032113	0.032157	0.032264	0.032244	0.032249	0.032121	0.032239
506.000000	0.031762	0.031827	0.031869	0.031822	0.031894	0.031763	0.031872
507.000000	0.031439	0.031451	0.031509	0.031425	0.031575	0.031467	0.031564
508.000000	0.031099	0.031020	0.031125	0.031055	0.031210	0.031124	0.031191
509.000000	0.030702	0.030544	0.030659	0.030703	0.030728	0.030645	0.030652
510.000000	0.030259	0.030097	0.030174	0.030316	0.030204	0.030148	0.030108
511.000000	0.029790	0.029753	0.029749	0.029841	0.029740	0.029780	0.029760
512.000000	0.029307	0.029421	0.029347	0.029326	0.029312	0.029456	0.029486
513.000000	0.028812	0.028951	0.028886	0.028864	0.028844	0.029002	0.029039
514.000000	0.028332	0.028389	0.028386	0.028470	0.028364	0.028465	0.028458
515.000000	0.027905	0.027905	0.027934	0.028113	0.027965	0.028038	0.027964
516.000000	0.027541	0.027548	0.027561	0.027761	0.027655	0.027739	0.027626
517.000000	0.027222	0.027246	0.027242	0.027386	0.027359	0.027419	0.027353
518.000000	0.026908	0.026937	0.026935	0.026976	0.027022	0.027010	0.027060
519.000000	0.026530	0.026574	0.026573	0.026545	0.026622	0.026559	0.026678
520.000000	0.026064	0.026139	0.026133	0.026117	0.026158	0.026113	0.026191
521.000000	0.025582	0.025673	0.025675	0.025741	0.025672	0.025699	0.025691
522.000000	0.025145	0.025218	0.025251	0.025427	0.025204	0.025323	0.025257
523.000000	0.024748	0.024801	0.024855	0.025071	0.024784	0.024945	0.024889
524.000000	0.024372	0.024436	0.024471	0.024592	0.024424	0.024527	0.024562
525.000000	0.024002	0.024075	0.024091	0.024100	0.024098	0.024097	0.024214
526.000000	0.023626	0.023664	0.023709	0.023728	0.023767	0.023695	0.023792
527.000000	0.023257	0.023248	0.023331	0.023420	0.023415	0.023335	0.023354
528.000000	0.022915	0.022900	0.022963	0.023054	0.023036	0.023016	0.022998
529.000000	0.022594	0.022603	0.022607	0.022643	0.022658	0.022703	0.022695
530.000000	0.022273	0.022290	0.022263	0.022276	0.022324	0.022346	0.022351
531.000000	0.021924	0.021945	0.021919	0.021961	0.022010	0.021951	0.021948
532.000000	0.021515	0.021600	0.021555	0.021631	0.021642	0.021575	0.021546
533.000000	0.021083	0.021278	0.021187	0.021269	0.021224	0.021247	0.021183
534.000000	0.020752	0.020983	0.020874	0.020923	0.020865	0.020950	0.020871
535.000000	0.020553	0.020701	0.020623	0.020617	0.020607	0.020666	0.020605
536.000000	0.020349	0.020380	0.020338	0.020328	0.020362	0.020371	0.020346
537.000000	0.020035	0.020001	0.019966	0.020035	0.020059	0.020049	0.020066
538.000000	0.019651	0.019636	0.019591	0.019740	0.019710	0.019696	0.019755
539.000000	0.019262	0.019345	0.019290	0.019445	0.019347	0.019322	0.019415
540.000000	0.018943	0.019090	0.019020	0.019141	0.019020	0.018979	0.019059
541.000000	0.018744	0.018816	0.018721	0.018824	0.018770	0.018711	0.018710
542.000000	0.018566	0.018523	0.018401	0.018519	0.018541	0.018480	0.018401
543.000000	0.018270	0.018231	0.018092	0.018257	0.018256	0.018224	0.018165
544.000000	0.017896	0.017942	0.017813	0.017999	0.017920	0.017946	0.017966
545.000000	0.017572	0.017646	0.017574	0.017677	0.017585	0.017684	0.017732
546.000000	0.017316	0.017349	0.017363	0.017322	0.017299	0.017444	0.017455
547.000000	0.017057	0.017067	0.017147	0.017036	0.017102	0.017209	0.017181
548.000000	0.016774	0.016804	0.016907	0.016834	0.016955	0.016961	0.016925
549.000000	0.016510	0.016550	0.016634	0.016625	0.016734	0.016688	0.016669
550.000000	0.016278	0.016294	0.016338	0.016364	0.016396	0.016396	0.016404
551.000000	0.016044	0.016024	0.016051	0.016093	0.016040	0.016120	0.016131
552.000000	0.015797	0.015753	0.015806	0.015859	0.015753	0.015895	0.015871
553.000000	0.015590	0.015566	0.015631	0.015697	0.015580	0.015736	0.015683
554.000000	0.015430	0.015477	0.015501	0.015585	0.015495	0.015603	0.015564
555.000000	0.015125	0.015226	0.015203	0.015294	0.015261	0.015272	0.015280
556.000000	0.014593	0.014668	0.014644	0.014714	0.014757	0.014648	0.014713
557.000000	0.014562	0.014582	0.014570	0.014612	0.014709	0.014540	0.014640
558.000000	0.015649	0.015663	0.015630	0.015660	0.015750	0.015663	0.015742
559.000000	0.015445	0.015493	0.015431	0.015445	0.015502	0.015555	0.015576
560.000000	0.010863	0.010941	0.010902	0.010863	0.010916	0.011016	0.010986
561.000000	0.009132	0.009213	0.009236	0.009146	0.009219	0.009261	0.009204
562.000000	0.023256	0.023314	0.023376	0.023326	0.023385	0.023348	0.023289
563.000000	0.033297	0.033322	0.033384	0.033445	0.033448	0.033366	0.033312
564.000000	-0.012255	-0.012244	-0.012184	-0.012073	-0.012128	-0.012201	-0.012268
565.000000	-0.094149	-0.094128	-0.094069	-0.094003	-0.094089	-0.094119	-0.094195
566.000000	-0.090729	-0.090708	-0.090688	-0.090653	-0.090727	-0.090759	-0.090749
567.000000	0.035817	0.035814	0.035757	0.035828	0.035802	0.035702	0.035897
568.000000	0.134344	0.134330	0.134243	0.134330	0.134347	0.134216	0.134511
569.000000	0.096545	0.096550	0.096532	0.096556	0.096579	0.096523	0.096714
570.000000	0.014721	0.014743	0.014806	0.014754	0.014765	0.014806	0.014833
571.000000	-0.007935	-0.007929	-0.007861	-0.007932	-0.007925	-0.007856	-0.007895
572.000000	0.008968	0.008981	0.009001	0.008938	0.008963	0.009003	0.008984
573.000000	0.017339	0.017433	0.017407	0.017330	0.017402	0.017395	0.017423
574.000000	0.013179	0.013358	0.013308	0.013232	0.013337	0.013292	0.013352
575.000000	0.010077	0.010228	0.010184	0.010182	0.010255	0.010202	0.010251
576.000000	0.010822	0.010855	0.010839	0.010919	0.010942	0.010907	0.010929
577.000000	0.011693	0.011624	0.011644	0.011681	0.011727	0.011726	0.011761
578.000000	0.011425	0.011325	0.011386	0.011313	0.011406	0.011441	0.011507
579.000000	0.010974	0.010923	0.011037	0.011002	0.010994	0.011052	0.011087
580.000000	0.010835	0.010871	0.010973	0.011089	0.010957	0.011024	0.010969
581.000000	0.010840	0.010892	0.010736	0.010773	0.010980	0.011053	0.010965
582.000000	0.010792	0.010764	0.010349	0.010115	0.010846	0.010892	0.010874
583.000000	0.010514	0.010431	0.010780	0.010849	0.010596	0.010491	0.010536
584.000000	0.010124	0.010089	0.011900	0.012803	0.010365	0.010061	0.010091
585.000000	0.010500	0.010522	0.010468	0.010386	0.010461	0.010458	0.010437
586.000000	0.011769	0.011776	0.005742	0.003534	0.012088	0.011769	0.011711
587.000000	0.010669	0.010655	0.008610	0.016962	0.019796	0.010699	0.010633
588.000000	0.004517	0.004559	0.028140	0.070001	0.036178	0.004549	0.004498
589.000000	-0.001185	-0.001084	0.046375	0.115649	0.047681	-0.001170	-0.001219
590.000000	0.000867	0.000925	0.039358	0.092860	0.037833	0.000872	0.000772
591.000000	0.007673	0.007638	0.016852	0.029507	0.016323	0.007682	0.007512
592.000000	0.011268	0.011209	0.004885	-0.003792	0.005301	0.011286	0.011095
593.000000	0.010502	0.010492	0.007200	0.002650	0.007422	0.010528	0.010375
594.000000	0.009335	0.009353	0.010850	0.012902	0.010762	0.009352	0.009262
595.000000	0.009393	0.009390	0.010462	0.012036	0.010395	0.009386	0.009364
596.000000	0.009661	0.009628	0.009248	0.008893	0.009292	0.009629	0.009678
597.000000	0.009554	0.009508	0.009121	0.008730	0.009206	0.009509	0.009611
598.000000	0.009342	0.009307	0.009357	0.009493	0.009411	0.009307	0.009403
599.000000	0.009247	0.009236	0.009348	0.009484	0.009325	0.009241	0.009269
600.000000	0.009216	0.009216	0.009240	0.009160	0.009141	0.009230	0.009217
601.000000	0.009178	0.009162	0.009207	0.009065	0.009070	0.009179	0.009216
602.000000	0.009129	0.009113	0.009198	0.009084	0.009044	0.009090	0.009200
603.000000	0.009075	0.009109	0.009131	0.009018	0.008965	0.008983	0.009113
604.000000	0.009007	0.009091	0.009016	0.008916	0.008882	0.008878	0.008996
605.000000	0.008917	0.008986	0.008892	0.008887	0.008872	0.008797	0.008913
606.000000	0.008822	0.008854	0.008806	0.008909	0.008881	0.008770	0.008865
607.000000	0.008746	0.008799	0.008796	0.008905	0.008805	0.008820	0.008831
608.000000	0.008658	0.008781	0.008790	0.008823	0.008653	0.008850	0.008762
609.000000	0.008496	0.008673	0.008652	0.008630	0.008503	0.008699	0.008605
610.000000	0.008311	0.008486	0.008419	0.008389	0.008393	0.008421	0.008407
611.000000	0.008250	0.008356	0.008282	0.008247	0.008321	0.008266	0.008312
612.000000	0.008315	0.008312	0.008283	0.008230	0.008264	0.008284	0.008324
613.000000	0.008311	0.008236	0.008267	0.008202	0.008172	0.008259	0.008266
614.000000	0.008145	0.008079	0.008147	0.008099	0.008025	0.008088	0.008074
615.000000	0.007944	0.007937	0.007998	0.008008	0.007866	0.007919	0.007904
616.000000	0.007813	0.007877	0.007885	0.007985	0.007740	0.007859	0.007863
617.000000	0.007745	0.007827	0.007811	0.007943	0.007679	0.007827	0.007844
618.000000	0.007708	0.007721	0.007758	0.007803	0.007691	0.007736	0.007740
619.000000	0.007656	0.007594	0.007678	0.007619	0.007687	0.007599	0.007597
620.000000	0.007550	0.007499	0.007528	0.007464	0.007578	0.007452	0.007482
621.000000	0.007407	0.007413	0.007346	0.007335	0.007410	0.007316	0.007392
622.000000	0.007265	0.007292	0.007195	0.007202	0.007273	0.007204	0.007295
623.000000	0.007130	0.007131	0.007074	0.007072	0.007152	0.007103	0.007162
624.000000	0.006995	0.006949	0.006947	0.006966	0.006988	0.006988	0.006974
625.000000	0.006864	0.006796	0.006820	0.006888	0.006819	0.006863	0.006783
626.000000	0.006753	0.006740	0.006735	0.006825	0.006758	0.006755	0.006690
627.000000	0.006667	0.006766	0.006694	0.006772	0.006787	0.006682	0.006699
628.000000	0.006598	0.006765	0.006658	0.006726	0.006743	0.006646	0.006698
629.000000	0.006530	0.006682	0.006589	0.006672	0.006575	0.006613	0.006626
630.000000	0.006434	0.006550	0.006460	0.006569	0.006415	0.006490	0.006497
631.000000	0.006309	0.006413	0.006283	0.006414	0.006351	0.006268	0.006355
632.000000	0.006219	0.006304	0.006167	0.006287	0.006345	0.006133	0.006293
633.000000	0.006204	0.006247	0.006186	0.006244	0.006343	0.006206	0.006351
634.000000	0.006196	0.006213	0.006259	0.006215	0.006303	0.006298	0.006373
635.000000	0.006127	0.006166	0.006287	0.006123	0.006201	0.006213	0.006218
636.000000	0.006039	0.006071	0.006240	0.006009	0.006069	0.006039	0.006005
637.000000	0.005995	0.005908	0.006115	0.005938	0.005955	0.005929	0.005906
638.000000	0.005966	0.005759	0.005969	0.005904	0.005877	0.005897	0.005887
639.000000	0.005893	0.005739	0.005880	0.005874	0.005839	0.005894	0.005834
640.000000	0.005790	0.005795	0.005824	0.005830	0.005826	0.005878	0.005737
641.000000	0.005717	0.005776	0.005720	0.005765	0.005811	0.005818	0.005657
642.000000	0.005672	0.005652	0.005582	0.005671	0.005751	0.005717	0.005595
643.000000	0.005597	0.005506	0.005510	0.005542	0.005593	0.005613	0.005497
644.000000	0.005481	0.005399	0.005517	0.005406	0.005372	0.005537	0.005376
645.000000	0.005379	0.005364	0.005498	0.005341	0.005237	0.005510	0.005329
646.000000	0.005322	0.005384	0.005401	0.005369	0.005242	0.005518	0.005379
647.000000	0.005289	0.005355	0.005277	0.005405	0.005252	0.005484	0.005398
648.000000	0.005258	0.005226	0.005176	0.005377	0.005175	0.005370	0.005301
649.000000	0.005218	0.005089	0.005108	0.005272	0.005090	0.005254	0.005144
650.000000	0.005162	0.005037	0.005074	0.005112	0.005073	0.005204	0.005005
651.000000	0.005104	0.005042	0.005062	0.005009	0.005095	0.005176	0.004936
652.000000	0.005060	0.005051	0.005057	0.005061	0.005102	0.005111	0.004968
653.000000	0.005043	0.005049	0.005049	0.005158	0.005075	0.005028	0.005045
654.000000	0.005063	0.005027	0.005030	0.005135	0.005014	0.004974	0.005090
655.000000	0.005092	0.004985	0.005005	0.005029	0.004956	0.004968	0.005079
656.000000	0.005087	0.004925	0.004986	0.004976	0.004954	0.005013	0.005027
657.000000	0.005059	0.004876	0.004981	0.004991	0.004998	0.005064	0.004961
658.000000	0.005058	0.004883	0.004995	0.005005	0.005030	0.005050	0.004926
659.000000	0.005082	0.004942	0.005014	0.004997	0.005028	0.004989	0.004931
660.000000	0.005075	0.004992	0.005008	0.005003	0.005005	0.004997	0.004953
661.000000	0.005008	0.004990	0.004958	0.005015	0.004968	0.005072	0.004954
662.000000	0.004898	0.004922	0.004861	0.004960	0.004909	0.005028	0.004880
663.000000	0.004780	0.004803	0.004753	0.004821	0.004846	0.004793	0.004732
664.000000	0.004717	0.004715	0.004745	0.004714	0.004843	0.004589	0.004636
665.000000	0.004743	0.004714	0.004880	0.004719	0.004923	0.004588	0.004673
666.000000	0.004785	0.004763	0.004973	0.004745	0.004954	0.004698	0.004724
667.000000	0.004771	0.004805	0.004852	0.004700	0.004818	0.004791	0.004665
668.000000	0.004710	0.004778	0.004643	0.004639	0.004605	0.004810	0.004533
669.000000	0.004636	0.004636	0.004531	0.004642	0.004454	0.004727	0.004408
670.000000	0.004566	0.004473	0.004508	0.004674	0.004398	0.004590	0.004364
671.000000	0.004514	0.004424	0.004489	0.004656	0.004424	0.004472	0.004453
672.000000	0.004471	0.004461	0.004429	0.004579	0.004469	0.004401	0.004570
673.000000	0.004417	0.004458	0.004313	0.004476	0.004444	0.004375	0.004523
674.000000	0.004344	0.004379	0.004176	0.004363	0.004349	0.004360	0.004321
675.000000	0.004250	0.004262	0.004099	0.004238	0.004260	0.004303	0.004146
676.000000	0.004150	0.004142	0.004098	0.004123	0.004209	0.004187	0.004079
677.000000	0.004074	0.004047	0.004118	0.004060	0.004165	0.004053	0.004071
678.000000	0.004036	0.003992	0.004114	0.004052	0.004119	0.003944	0.004073
679.000000	0.004015	0.003974	0.004074	0.004033	0.004107	0.003912	0.004056
680.000000	0.004002	0.003983	0.004006	0.003975	0.004137	0.003965	0.004007
681.000000	0.004014	0.003991	0.003969	0.003971	0.004142	0.004013	0.003945
682.000000	0.004050	0.003976	0.003998	0.004075	0.004067	0.003981	0.003895
683.000000	0.004024	0.003950	0.004016	0.004147	0.003940	0.003911	0.003881
684.000000	0.003864	0.003929	0.003946	0.004050	0.003808	0.003860	0.003914
685.000000	0.003677	0.003900	0.003827	0.003893	0.003722	0.003830	0.003938
686.000000	0.003606	0.003843	0.003735	0.003839	0.003719	0.003802	0.003883
687.000000	0.003618	0.003751	0.003691	0.003838	0.003751	0.003768	0.003748
688.000000	0.003601	0.003625	0.003691	0.003747	0.003731	0.003724	0.003571
689.000000	0.003542	0.003515	0.003692	0.003592	0.003651	0.003664	0.003438
690.000000	0.003491	0.003494	0.003626	0.003508	0.003554	0.003580	0.003454
691.000000	0.003460	0.003510	0.003497	0.003494	0.003458	0.003472	0.003553
692.000000	0.003423	0.003393	0.003375	0.003419	0.003352	0.003343	0.003507
693.000000	0.003381	0.003166	0.003322	0.003284	0.003276	0.003244	0.003305
694.000000	0.003382	0.003112	0.003379	0.003280	0.003340	0.003288	0.003252
695.000000	0.003434	0.003347	0.003529	0.003465	0.003542	0.003482	0.003466
696.000000	0.003466	0.003610	0.003642	0.003620	0.003661	0.003617	0.003674
697.000000	0.003436	0.003689	0.003631	0.003591	0.003563	0.003568	0.003663
698.000000	0.003407	0.003608	0.003557	0.003507	0.003432	0.003506	0.003533
699.000000	0.003433	0.003448	0.003497	0.003504	0.003442	0.003586	0.003414
700.000000	0.003461	0.003335	0.003463	0.003536	0.003487	0.003668	0.003358
701.000000	0.003427	0.003374	0.003454	0.003525	0.003427	0.003583	0.003384
702.000000	0.003379	0.003470	0.003490	0.003490	0.003350	0.003429	0.003461
703.000000	0.003398	0.003473	0.003586	0.003479	0.003404	0.003389	0.003538
704.000000	0.003483	0.003418	0.003653	0.003476	0.003511	0.003446	0.003580
705.000000	0.003584	0.003432	0.003557	0.003439	0.003485	0.003479	0.003564
706.000000	0.003636	0.003517	0.003383	0.003398	0.003356	0.003470	0.003515
707.000000	0.003565	0.003575	0.003373	0.003438	0.003319	0.003470	0.003491
708.000000	0.003424	0.003591	0.003544	0.003541	0.003403	0.003496	0.003515
709.000000	0.003403	0.003634	0.003668	0.003578	0.003457	0.003523	0.003567
710.000000	0.003549	0.003720	0.003638	0.003512	0.003445	0.003551	0.003626
711.000000	0.003686	0.003779	0.003541	0.003450	0.003524	0.003616	0.003676
712.000000	0.003729	0.003798	0.003495	0.003496	0.003764	0.003739	0.003722
713.000000	0.003819	0.003897	0.003634	0.003716	0.004015	0.003896	0.003817
714.000000	0.004054	0.004148	0.004000	0.004101	0.004153	0.004066	0.003994
715.000000	0.004293	0.004421	0.004335	0.004422	0.004213	0.004249	0.004206
716.000000	0.004398	0.004581	0.004420	0.004490	0.004273	0.004442	0.004399
717.000000	0.004452	0.004655	0.004482	0.004499	0.004460	0.004597	0.004582
718.000000	0.004587	0.004715	0.004803	0.004705	0.004868	0.004671	0.004780
719.000000	0.004822	0.004809	0.005186	0.005041	0.005255	0.004748	0.005005
720.000000	0.005121	0.004973	0.005273	0.005315	0.005286	0.004946	0.005262
721.000000	0.005395	0.005182	0.005189	0.005456	0.005104	0.005162	0.005484
722.000000	0.005530	0.005375	0.005322	0.005468	0.005120	0.005184	0.005572
723.000000	0.005572	0.005506	0.005682	0.005469	0.005412	0.005129	0.005551
724.000000	0.005694	0.005543	0.005962	0.005652	0.005777	0.005376	0.005548
725.000000	0.005901	0.005508	0.006027	0.005970	0.006066	0.005851	0.005617
726.000000	0.005990	0.005483	0.005956	0.006079	0.006215	0.005937	0.005717
727.000000	0.005935	0.005580	0.005913	0.005910	0.006287	0.005551	0.005866
728.000000	0.006016	0.005944	0.006190	0.005877	0.006555	0.005544	0.006177
729.000000	0.006367	0.006562	0.006816	0.006200	0.007074	0.006321	0.006655
730.000000	0.006705	0.007028	0.007177	0.006545	0.007335	0.007033	0.007026
731.000000	0.006785	0.007021	0.006785	0.006610	0.006936	0.006942	0.007072
732.000000	0.006694	0.006713	0.005919	0.006487	0.006124	0.006321	0.006911
