[HEADER]
Format	J&M ASCII Table
Comment	
Date	5/30/2023 8:25:33 AM
Order	Y (evenX)
TechType	UV
NumPoints	483
FirstX	250.00
LastX	732.00
XType	NMetr
YType	Absrb
ZType	Secs
NumSubFile	7
Matrix	Z vs X
[DATA]
	0.000000	5.000064	10.000192	15.000256	20.000320	25.000448	30.000511
250.000000	0.321637	0.321101	0.320692	0.320779	0.320599	0.320302	0.320139
251.000000	0.322053	0.321071	0.320755	0.320995	0.320556	0.320479	0.320202
252.000000	0.322093	0.320774	0.321017	0.320930	0.320274	0.320443	0.320096
253.000000	0.321701	0.320338	0.320882	0.320463	0.319935	0.320058	0.319793
254.000000	0.320856	0.319793	0.319909	0.319537	0.319591	0.319233	0.319230
255.000000	0.319611	0.318763	0.318479	0.318319	0.318750	0.318042	0.318189
256.000000	0.318017	0.316922	0.317032	0.316960	0.316948	0.316563	0.316498
257.000000	0.316016	0.314698	0.315370	0.315251	0.314516	0.314704	0.314414
258.000000	0.313548	0.312689	0.313129	0.312920	0.312007	0.312350	0.312287
259.000000	0.310866	0.310726	0.310415	0.310212	0.309564	0.309675	0.310019
260.000000	0.308340	0.308262	0.307557	0.307597	0.307101	0.306978	0.307303
261.000000	0.305704	0.305127	0.304562	0.304908	0.304380	0.304150	0.304074
262.000000	0.302226	0.301441	0.301198	0.301502	0.301047	0.300775	0.300459
263.000000	0.297820	0.297341	0.297326	0.297229	0.296997	0.296758	0.296494
264.000000	0.293156	0.292975	0.292931	0.292511	0.292406	0.292371	0.292108
265.000000	0.288602	0.288413	0.288112	0.287679	0.287513	0.287779	0.287358
266.000000	0.283945	0.283591	0.283159	0.282853	0.282638	0.282936	0.282529
267.000000	0.278998	0.278497	0.278240	0.278037	0.277928	0.277811	0.277763
268.000000	0.273780	0.273281	0.273181	0.272981	0.273082	0.272482	0.272782
269.000000	0.268349	0.268054	0.267823	0.267505	0.267820	0.267037	0.267351
270.000000	0.262781	0.262678	0.262301	0.261847	0.262232	0.261546	0.261670
271.000000	0.257152	0.257005	0.256777	0.256292	0.256487	0.256060	0.256012
272.000000	0.251469	0.251202	0.251135	0.250786	0.250678	0.250526	0.250422
273.000000	0.245724	0.245525	0.245194	0.245157	0.244869	0.244862	0.244857
274.000000	0.239983	0.239910	0.239153	0.239398	0.239095	0.239063	0.239210
275.000000	0.234346	0.234123	0.233408	0.233597	0.233378	0.233178	0.233354
276.000000	0.228738	0.228209	0.227903	0.227805	0.227717	0.227311	0.227383
277.000000	0.222931	0.222451	0.222201	0.222036	0.222096	0.221618	0.221579
278.000000	0.216939	0.216926	0.216282	0.216326	0.216503	0.216143	0.216025
279.000000	0.211082	0.211442	0.210673	0.210733	0.210923	0.210784	0.210543
280.000000	0.205508	0.205821	0.205504	0.205260	0.205309	0.205374	0.204997
281.000000	0.200002	0.199950	0.200086	0.199796	0.199542	0.199638	0.199349
282.000000	0.194401	0.193883	0.194037	0.194258	0.193623	0.193513	0.193629
283.000000	0.188792	0.188123	0.188127	0.188682	0.187905	0.187579	0.188016
284.000000	0.183319	0.183089	0.183064	0.183158	0.182696	0.182364	0.182688
285.000000	0.178160	0.178451	0.178372	0.177938	0.177810	0.177653	0.177691
286.000000	0.173458	0.173736	0.173366	0.173244	0.172973	0.173063	0.173010
287.000000	0.169064	0.168961	0.168243	0.168796	0.168241	0.168475	0.168470
288.000000	0.164717	0.164343	0.163547	0.164150	0.163798	0.163900	0.163854
289.000000	0.160365	0.160022	0.159435	0.159493	0.159659	0.159503	0.159285
290.000000	0.156093	0.156082	0.155812	0.155388	0.155733	0.155539	0.155092
291.000000	0.152034	0.152438	0.152408	0.151845	0.151966	0.151965	0.151350
292.000000	0.148363	0.148852	0.148807	0.148346	0.148342	0.148465	0.147890
293.000000	0.145098	0.145269	0.144991	0.144745	0.144901	0.144940	0.144597
294.000000	0.142042	0.141896	0.141514	0.141446	0.141754	0.141616	0.141441
295.000000	0.139115	0.138887	0.138691	0.138684	0.138941	0.138645	0.138441
296.000000	0.136527	0.136249	0.136258	0.136259	0.136332	0.135973	0.135702
297.000000	0.134379	0.133928	0.133951	0.133949	0.133808	0.133514	0.133272
298.000000	0.132303	0.131725	0.131723	0.131650	0.131329	0.131156	0.130986
299.000000	0.129954	0.129466	0.129560	0.129308	0.128895	0.128812	0.128689
300.000000	0.127544	0.127219	0.127383	0.127002	0.126604	0.126537	0.126502
301.000000	0.125415	0.125109	0.125114	0.124839	0.124553	0.124416	0.124587
302.000000	0.123538	0.123144	0.122872	0.122816	0.122616	0.122443	0.122789
303.000000	0.121718	0.121276	0.120852	0.120882	0.120580	0.120571	0.120826
304.000000	0.119876	0.119512	0.119064	0.119063	0.118547	0.118798	0.118752
305.000000	0.118020	0.117891	0.117396	0.117434	0.116825	0.117154	0.116853
306.000000	0.116247	0.116404	0.115813	0.115969	0.115423	0.115626	0.115232
307.000000	0.114740	0.114982	0.114362	0.114531	0.114038	0.114151	0.113806
308.000000	0.113476	0.113537	0.113004	0.113023	0.112501	0.112654	0.112439
309.000000	0.112112	0.111958	0.111559	0.111412	0.110867	0.111045	0.110938
310.000000	0.110474	0.110212	0.109947	0.109701	0.109234	0.109308	0.109234
311.000000	0.108826	0.108457	0.108344	0.107975	0.107749	0.107618	0.107559
312.000000	0.107380	0.106825	0.106880	0.106309	0.106470	0.106096	0.106081
313.000000	0.105949	0.105276	0.105401	0.104725	0.105096	0.104604	0.104607
314.000000	0.104319	0.103742	0.103746	0.103221	0.103351	0.102992	0.102934
315.000000	0.102600	0.102233	0.102027	0.101735	0.101520	0.101364	0.101241
316.000000	0.100986	0.100775	0.100428	0.100203	0.100018	0.099888	0.099793
317.000000	0.099473	0.099297	0.098968	0.098700	0.098773	0.098539	0.098488
318.000000	0.097959	0.097685	0.097575	0.097356	0.097470	0.097194	0.097051
319.000000	0.096376	0.095946	0.096157	0.096002	0.095936	0.095729	0.095447
320.000000	0.094695	0.094175	0.094603	0.094260	0.094109	0.094031	0.093820
321.000000	0.092958	0.092481	0.092910	0.092222	0.092138	0.092203	0.092226
322.000000	0.091296	0.090984	0.091192	0.090510	0.090404	0.090586	0.090616
323.000000	0.089787	0.089672	0.089537	0.089335	0.089063	0.089271	0.089007
324.000000	0.088420	0.088321	0.087993	0.088187	0.087886	0.087918	0.087535
325.000000	0.087135	0.086800	0.086554	0.086724	0.086641	0.086330	0.086244
326.000000	0.085766	0.085264	0.085097	0.085181	0.085178	0.084764	0.084932
327.000000	0.084180	0.083841	0.083521	0.083780	0.083442	0.083420	0.083424
328.000000	0.082419	0.082384	0.081875	0.082377	0.081696	0.082036	0.081788
329.000000	0.080589	0.080741	0.080246	0.080787	0.080212	0.080338	0.080147
330.000000	0.078945	0.079078	0.078755	0.079107	0.078861	0.078619	0.078603
331.000000	0.077738	0.077647	0.077511	0.077517	0.077400	0.077310	0.077237
332.000000	0.076695	0.076365	0.076391	0.076042	0.075873	0.076228	0.075977
333.000000	0.075296	0.074983	0.075164	0.074628	0.074471	0.074885	0.074679
334.000000	0.073649	0.073555	0.073870	0.073347	0.073264	0.073373	0.073392
335.000000	0.072353	0.072370	0.072762	0.072365	0.072218	0.072239	0.072317
336.000000	0.071504	0.071450	0.071797	0.071572	0.071218	0.071503	0.071388
337.000000	0.070577	0.070493	0.070571	0.070533	0.070065	0.070549	0.070227
338.000000	0.069330	0.069331	0.068986	0.069125	0.068718	0.069128	0.068736
339.000000	0.068073	0.068054	0.067511	0.067803	0.067437	0.067690	0.067338
340.000000	0.067011	0.066788	0.066458	0.066848	0.066383	0.066552	0.066311
341.000000	0.065933	0.065667	0.065578	0.065933	0.065401	0.065490	0.065401
342.000000	0.064653	0.064757	0.064607	0.064748	0.064334	0.064284	0.064353
343.000000	0.063357	0.063851	0.063589	0.063452	0.063250	0.063085	0.063253
344.000000	0.062278	0.062726	0.062617	0.062283	0.062250	0.062088	0.062237
345.000000	0.061305	0.061509	0.061642	0.061227	0.061293	0.061195	0.061236
346.000000	0.060232	0.060438	0.060568	0.060185	0.060292	0.060216	0.060117
347.000000	0.059157	0.059494	0.059420	0.059171	0.059270	0.059184	0.058971
348.000000	0.058337	0.058521	0.058289	0.058257	0.058303	0.058250	0.058000
349.000000	0.057693	0.057537	0.057251	0.057398	0.057367	0.057396	0.057217
350.000000	0.056869	0.056700	0.056363	0.056458	0.056351	0.056456	0.056477
351.000000	0.055791	0.055983	0.055591	0.055429	0.055278	0.055400	0.055670
352.000000	0.054751	0.055124	0.054780	0.054468	0.054330	0.054370	0.054749
353.000000	0.053899	0.054023	0.053861	0.053648	0.053581	0.053446	0.053737
354.000000	0.053079	0.052912	0.052929	0.052872	0.052880	0.052575	0.052789
355.000000	0.052169	0.051960	0.052048	0.052050	0.052097	0.051702	0.051972
356.000000	0.051224	0.051084	0.051155	0.051155	0.051224	0.050806	0.051086
357.000000	0.050320	0.050191	0.050203	0.050193	0.050284	0.049886	0.049984
358.000000	0.049474	0.049336	0.049329	0.049275	0.049352	0.049003	0.048939
359.000000	0.048687	0.048596	0.048668	0.048508	0.048503	0.048218	0.048261
360.000000	0.047947	0.047930	0.048032	0.047814	0.047745	0.047487	0.047766
361.000000	0.047229	0.047246	0.047136	0.047055	0.047047	0.046736	0.047106
362.000000	0.046475	0.046484	0.046081	0.046220	0.046299	0.045973	0.046277
363.000000	0.045607	0.045598	0.045183	0.045379	0.045358	0.045254	0.045479
364.000000	0.044670	0.044636	0.044483	0.044559	0.044331	0.044544	0.044738
365.000000	0.043815	0.043720	0.043781	0.043752	0.043544	0.043728	0.043932
366.000000	0.043094	0.042938	0.043029	0.042981	0.043025	0.042822	0.043061
367.000000	0.042429	0.042329	0.042388	0.042307	0.042413	0.042019	0.042288
368.000000	0.041771	0.041854	0.041895	0.041730	0.041565	0.041423	0.041674
369.000000	0.041134	0.041338	0.041329	0.041131	0.040800	0.040954	0.041063
370.000000	0.040523	0.040659	0.040553	0.040429	0.040316	0.040493	0.040334
371.000000	0.039885	0.039889	0.039751	0.039683	0.039816	0.039887	0.039548
372.000000	0.039194	0.039128	0.039102	0.038970	0.039030	0.039053	0.038795
373.000000	0.038585	0.038463	0.038534	0.038326	0.038204	0.038261	0.038172
374.000000	0.038183	0.037937	0.037915	0.037763	0.037653	0.037795	0.037738
375.000000	0.037722	0.037373	0.037228	0.037199	0.037192	0.037401	0.037277
376.000000	0.036835	0.036535	0.036506	0.036529	0.036468	0.036648	0.036499
377.000000	0.035772	0.035599	0.035818	0.035793	0.035595	0.035692	0.035588
378.000000	0.035134	0.034977	0.035257	0.035120	0.034959	0.035026	0.034994
379.000000	0.034907	0.034680	0.034794	0.034567	0.034586	0.034672	0.034710
380.000000	0.034517	0.034351	0.034299	0.034128	0.034176	0.034220	0.034309
381.000000	0.033781	0.033827	0.033707	0.033731	0.033566	0.033550	0.033632
382.000000	0.033063	0.033211	0.033053	0.033221	0.032795	0.032943	0.032896
383.000000	0.032541	0.032590	0.032383	0.032538	0.031985	0.032521	0.032253
384.000000	0.031964	0.031971	0.031750	0.031814	0.031398	0.032051	0.031681
385.000000	0.031171	0.031360	0.031181	0.031169	0.031155	0.031368	0.031144
386.000000	0.030405	0.030775	0.030626	0.030623	0.030918	0.030631	0.030624
387.000000	0.029917	0.030239	0.030058	0.030163	0.030385	0.030020	0.030120
388.000000	0.029658	0.029775	0.029607	0.029714	0.029787	0.029550	0.029690
389.000000	0.029488	0.029392	0.029394	0.029193	0.029428	0.029178	0.029381
390.000000	0.029187	0.028971	0.029165	0.028577	0.029110	0.028798	0.029033
391.000000	0.028543	0.028368	0.028561	0.027882	0.028465	0.028296	0.028432
392.000000	0.027789	0.027742	0.027827	0.027312	0.027704	0.027785	0.027695
393.000000	0.027411	0.027430	0.027555	0.027168	0.027370	0.027506	0.027143
394.000000	0.027391	0.027371	0.027671	0.027325	0.027407	0.027400	0.026841
395.000000	0.027253	0.027146	0.027489	0.027275	0.027209	0.027139	0.026619
396.000000	0.026779	0.026611	0.026781	0.026822	0.026570	0.026610	0.026350
397.000000	0.026125	0.026014	0.025967	0.026214	0.025847	0.026009	0.025979
398.000000	0.025473	0.025545	0.025382	0.025669	0.025332	0.025502	0.025526
399.000000	0.025014	0.025229	0.025102	0.025295	0.025107	0.025159	0.025156
400.000000	0.024815	0.025019	0.025063	0.025093	0.025122	0.024969	0.024934
401.000000	0.024586	0.024724	0.024861	0.024794	0.024993	0.024722	0.024592
402.000000	0.024075	0.024198	0.024184	0.024176	0.024406	0.024238	0.023913
403.000000	0.023500	0.023633	0.023395	0.023462	0.023616	0.023650	0.023186
404.000000	0.023151	0.023274	0.022971	0.022958	0.022992	0.023157	0.022778
405.000000	0.022897	0.023053	0.022826	0.022662	0.022570	0.022806	0.022588
406.000000	0.022460	0.022787	0.022647	0.022443	0.022248	0.022569	0.022338
407.000000	0.021907	0.022436	0.022326	0.022206	0.021984	0.022341	0.021985
408.000000	0.021519	0.022054	0.021884	0.021883	0.021771	0.021977	0.021639
409.000000	0.021350	0.021661	0.021389	0.021480	0.021525	0.021457	0.021338
410.000000	0.021245	0.021246	0.020945	0.021074	0.021088	0.020883	0.021059
411.000000	0.021068	0.020824	0.020593	0.020713	0.020496	0.020360	0.020788
412.000000	0.020721	0.020448	0.020283	0.020404	0.020041	0.019996	0.020530
413.000000	0.020217	0.020127	0.019988	0.020119	0.019847	0.019815	0.020259
414.000000	0.019779	0.019773	0.019735	0.019773	0.019677	0.019687	0.019879
415.000000	0.019546	0.019359	0.019539	0.019342	0.019363	0.019493	0.019370
416.000000	0.019327	0.019055	0.019374	0.019003	0.019057	0.019220	0.018952
417.000000	0.018943	0.018993	0.019204	0.018900	0.018914	0.018889	0.018814
418.000000	0.018557	0.018980	0.019003	0.018875	0.018832	0.018597	0.018813
419.000000	0.018382	0.018774	0.018751	0.018711	0.018656	0.018439	0.018738
420.000000	0.018317	0.018463	0.018468	0.018400	0.018409	0.018359	0.018550
421.000000	0.018146	0.018249	0.018189	0.018023	0.018176	0.018238	0.018285
422.000000	0.017836	0.018071	0.017903	0.017647	0.017939	0.018005	0.017946
423.000000	0.017471	0.017714	0.017578	0.017331	0.017615	0.017625	0.017520
424.000000	0.017112	0.017215	0.017234	0.017086	0.017224	0.017166	0.017082
425.000000	0.016803	0.016843	0.016936	0.016880	0.016876	0.016786	0.016780
426.000000	0.016543	0.016659	0.016705	0.016678	0.016609	0.016539	0.016629
427.000000	0.016282	0.016441	0.016499	0.016450	0.016370	0.016340	0.016456
428.000000	0.016019	0.016100	0.016279	0.016193	0.016128	0.016128	0.016171
429.000000	0.015849	0.015843	0.016019	0.015949	0.015915	0.015912	0.015867
430.000000	0.015810	0.015803	0.015733	0.015748	0.015753	0.015712	0.015631
431.000000	0.015730	0.015799	0.015547	0.015551	0.015620	0.015548	0.015475
432.000000	0.015459	0.015638	0.015533	0.015320	0.015481	0.015428	0.015382
433.000000	0.015118	0.015310	0.015456	0.015074	0.015284	0.015276	0.015268
434.000000	0.014876	0.014873	0.015064	0.014841	0.014988	0.015015	0.015052
435.000000	0.014715	0.014481	0.014574	0.014628	0.014678	0.014695	0.014780
436.000000	0.014545	0.014308	0.014358	0.014434	0.014474	0.014412	0.014544
437.000000	0.014325	0.014286	0.014339	0.014252	0.014341	0.014177	0.014323
438.000000	0.014045	0.014209	0.014182	0.014076	0.014155	0.013953	0.014038
439.000000	0.013725	0.013996	0.013837	0.013864	0.013880	0.013728	0.013719
440.000000	0.013416	0.013679	0.013516	0.013549	0.013561	0.013514	0.013496
441.000000	0.013148	0.013310	0.013297	0.013162	0.013247	0.013296	0.013368
442.000000	0.012936	0.012961	0.013070	0.012866	0.012985	0.013029	0.013152
443.000000	0.012783	0.012697	0.012807	0.012750	0.012808	0.012734	0.012803
444.000000	0.012681	0.012566	0.012654	0.012753	0.012713	0.012565	0.012558
445.000000	0.012602	0.012558	0.012678	0.012775	0.012669	0.012591	0.012551
446.000000	0.012459	0.012488	0.012660	0.012662	0.012574	0.012601	0.012544
447.000000	0.012197	0.012217	0.012406	0.012314	0.012347	0.012398	0.012315
448.000000	0.011919	0.011916	0.012049	0.011908	0.012067	0.012055	0.011987
449.000000	0.011745	0.011794	0.011778	0.011660	0.011839	0.011711	0.011747
450.000000	0.011638	0.011749	0.011595	0.011545	0.011673	0.011471	0.011590
451.000000	0.011498	0.011574	0.011430	0.011442	0.011540	0.011405	0.011436
452.000000	0.011306	0.011283	0.011246	0.011295	0.011387	0.011383	0.011275
453.000000	0.011085	0.011012	0.011027	0.011084	0.011151	0.011172	0.011135
454.000000	0.010868	0.010828	0.010826	0.010858	0.010869	0.010834	0.011010
455.000000	0.010694	0.010726	0.010746	0.010716	0.010660	0.010677	0.010862
456.000000	0.010569	0.010667	0.010758	0.010667	0.010561	0.010739	0.010690
457.000000	0.010457	0.010563	0.010666	0.010603	0.010499	0.010702	0.010533
458.000000	0.010329	0.010384	0.010401	0.010458	0.010420	0.010427	0.010397
459.000000	0.010174	0.010203	0.010142	0.010250	0.010321	0.010139	0.010225
460.000000	0.009995	0.010077	0.010014	0.010015	0.010195	0.010005	0.009992
461.000000	0.009817	0.009982	0.009927	0.009816	0.010011	0.009927	0.009789
462.000000	0.009666	0.009881	0.009781	0.009690	0.009759	0.009792	0.009683
463.000000	0.009547	0.009728	0.009589	0.009558	0.009508	0.009615	0.009582
464.000000	0.009457	0.009496	0.009388	0.009340	0.009336	0.009435	0.009384
465.000000	0.009378	0.009282	0.009173	0.009103	0.009220	0.009264	0.009173
466.000000	0.009288	0.009206	0.008929	0.008960	0.009103	0.009098	0.009089
467.000000	0.009141	0.009165	0.008715	0.008860	0.008955	0.008928	0.009074
468.000000	0.008888	0.008946	0.008622	0.008673	0.008767	0.008745	0.008966
469.000000	0.008629	0.008621	0.008654	0.008465	0.008611	0.008597	0.008781
470.000000	0.008577	0.008491	0.008743	0.008454	0.008623	0.008571	0.008675
471.000000	0.008695	0.008581	0.008797	0.008617	0.008739	0.008627	0.008650
472.000000	0.008640	0.008583	0.008699	0.008639	0.008662	0.008570	0.008523
473.000000	0.008308	0.008360	0.008434	0.008398	0.008316	0.008333	0.008237
474.000000	0.008031	0.008107	0.008158	0.008136	0.008030	0.008078	0.007968
475.000000	0.008018	0.007968	0.007985	0.008017	0.008005	0.007930	0.007843
476.000000	0.008041	0.007875	0.007875	0.007902	0.008013	0.007848	0.007794
477.000000	0.007886	0.007754	0.007775	0.007671	0.007840	0.007770	0.007740
478.000000	0.007649	0.007633	0.007664	0.007450	0.007594	0.007643	0.007660
479.000000	0.007471	0.007557	0.007532	0.007387	0.007431	0.007442	0.007550
480.000000	0.007350	0.007481	0.007387	0.007403	0.007341	0.007266	0.007413
481.000000	0.007237	0.007347	0.007240	0.007350	0.007260	0.007236	0.007260
482.000000	0.007164	0.007201	0.007132	0.007221	0.007198	0.007273	0.007137
483.000000	0.007195	0.007141	0.007110	0.007081	0.007194	0.007201	0.007105
484.000000	0.007253	0.007144	0.007134	0.006971	0.007205	0.007023	0.007120
485.000000	0.007153	0.007092	0.007101	0.006912	0.007125	0.006878	0.007063
486.000000	0.006884	0.006960	0.006979	0.006884	0.006945	0.006809	0.006909
487.000000	0.006632	0.006834	0.006815	0.006813	0.006772	0.006749	0.006750
488.000000	0.006509	0.006740	0.006652	0.006682	0.006670	0.006655	0.006641
489.000000	0.006486	0.006599	0.006511	0.006566	0.006626	0.006535	0.006572
490.000000	0.006509	0.006393	0.006414	0.006505	0.006614	0.006419	0.006528
491.000000	0.006488	0.006272	0.006395	0.006439	0.006586	0.006370	0.006490
492.000000	0.006374	0.006339	0.006456	0.006326	0.006512	0.006419	0.006440
493.000000	0.006270	0.006431	0.006485	0.006224	0.006438	0.006459	0.006370
494.000000	0.006276	0.006368	0.006375	0.006195	0.006410	0.006381	0.006272
495.000000	0.006269	0.006194	0.006191	0.006183	0.006378	0.006216	0.006155
496.000000	0.006085	0.006024	0.006048	0.006111	0.006271	0.006046	0.006037
497.000000	0.005851	0.005915	0.005987	0.006024	0.006114	0.005945	0.005954
498.000000	0.005814	0.005891	0.006012	0.006023	0.005977	0.005982	0.005949
499.000000	0.005938	0.005923	0.006057	0.006062	0.005884	0.006079	0.005974
500.000000	0.005981	0.005944	0.006012	0.006001	0.005824	0.006065	0.005920
501.000000	0.005874	0.005908	0.005860	0.005820	0.005776	0.005907	0.005782
502.000000	0.005736	0.005797	0.005674	0.005637	0.005710	0.005719	0.005658
503.000000	0.005634	0.005623	0.005517	0.005517	0.005627	0.005578	0.005586
504.000000	0.005544	0.005444	0.005424	0.005445	0.005580	0.005484	0.005498
505.000000	0.005455	0.005321	0.005403	0.005415	0.005583	0.005435	0.005378
506.000000	0.005405	0.005307	0.005406	0.005453	0.005568	0.005428	0.005348
507.000000	0.005407	0.005398	0.005386	0.005550	0.005483	0.005447	0.005467
508.000000	0.005381	0.005422	0.005322	0.005563	0.005381	0.005439	0.005539
509.000000	0.005257	0.005230	0.005209	0.005373	0.005319	0.005359	0.005381
510.000000	0.005102	0.004990	0.005095	0.005118	0.005268	0.005253	0.005136
511.000000	0.005014	0.004928	0.005034	0.004990	0.005179	0.005179	0.005015
512.000000	0.004956	0.004957	0.005001	0.004969	0.005053	0.005103	0.004972
513.000000	0.004847	0.004867	0.004940	0.004946	0.004911	0.004957	0.004861
514.000000	0.004706	0.004691	0.004856	0.004891	0.004779	0.004793	0.004711
515.000000	0.004620	0.004619	0.004795	0.004824	0.004686	0.004737	0.004671
516.000000	0.004621	0.004685	0.004770	0.004762	0.004654	0.004795	0.004743
517.000000	0.004685	0.004778	0.004766	0.004713	0.004702	0.004855	0.004791
518.000000	0.004754	0.004818	0.004758	0.004679	0.004791	0.004849	0.004752
519.000000	0.004723	0.004782	0.004710	0.004647	0.004808	0.004775	0.004671
520.000000	0.004572	0.004678	0.004612	0.004605	0.004704	0.004655	0.004592
521.000000	0.004450	0.004570	0.004519	0.004535	0.004566	0.004554	0.004541
522.000000	0.004461	0.004504	0.004468	0.004441	0.004469	0.004506	0.004522
523.000000	0.004500	0.004468	0.004434	0.004382	0.004400	0.004452	0.004486
524.000000	0.004458	0.004435	0.004387	0.004399	0.004341	0.004340	0.004389
525.000000	0.004356	0.004383	0.004330	0.004411	0.004306	0.004219	0.004271
526.000000	0.004251	0.004295	0.004274	0.004321	0.004308	0.004162	0.004192
527.000000	0.004158	0.004212	0.004217	0.004184	0.004306	0.004151	0.004154
528.000000	0.004082	0.004191	0.004152	0.004103	0.004242	0.004139	0.004141
529.000000	0.004034	0.004198	0.004086	0.004081	0.004128	0.004117	0.004118
530.000000	0.004034	0.004148	0.004033	0.004063	0.004021	0.004097	0.004042
531.000000	0.004044	0.004034	0.003995	0.004034	0.003945	0.004080	0.003933
532.000000	0.003983	0.003913	0.003961	0.004017	0.003896	0.004056	0.003862
533.000000	0.003860	0.003832	0.003924	0.004009	0.003883	0.004023	0.003858
534.000000	0.003800	0.003825	0.003881	0.003966	0.003928	0.003990	0.003889
535.000000	0.003845	0.003872	0.003830	0.003886	0.004006	0.003955	0.003915
536.000000	0.003876	0.003870	0.003783	0.003848	0.003999	0.003896	0.003882
537.000000	0.003815	0.003762	0.003748	0.003882	0.003856	0.003802	0.003777
538.000000	0.003736	0.003650	0.003722	0.003865	0.003722	0.003693	0.003693
539.000000	0.003709	0.003626	0.003699	0.003708	0.003719	0.003595	0.003702
540.000000	0.003680	0.003654	0.003664	0.003554	0.003756	0.003546	0.003718
541.000000	0.003584	0.003666	0.003603	0.003563	0.003709	0.003570	0.003640
542.000000	0.003478	0.003633	0.003525	0.003636	0.003593	0.003611	0.003516
543.000000	0.003453	0.003539	0.003446	0.003596	0.003470	0.003587	0.003442
544.000000	0.003477	0.003428	0.003391	0.003483	0.003378	0.003510	0.003410
545.000000	0.003453	0.003371	0.003383	0.003436	0.003337	0.003435	0.003363
546.000000	0.003381	0.003365	0.003391	0.003457	0.003330	0.003378	0.003298
547.000000	0.003337	0.003355	0.003346	0.003434	0.003311	0.003325	0.003256
548.000000	0.003329	0.003317	0.003248	0.003344	0.003274	0.003273	0.003239
549.000000	0.003290	0.003268	0.003177	0.003264	0.003256	0.003233	0.003201
550.000000	0.003204	0.003222	0.003166	0.003233	0.003258	0.003206	0.003133
551.000000	0.003151	0.003188	0.003166	0.003215	0.003219	0.003173	0.003086
552.000000	0.003170	0.003173	0.003147	0.003189	0.003122	0.003138	0.003088
553.000000	0.003194	0.003182	0.003144	0.003182	0.003068	0.003159	0.003106
554.000000	0.003159	0.003197	0.003162	0.003190	0.003114	0.003237	0.003087
555.000000	0.003068	0.003111	0.003054	0.003079	0.003105	0.003135	0.002953
556.000000	0.002957	0.002887	0.002764	0.002803	0.002932	0.002734	0.002718
557.000000	0.002970	0.002921	0.002871	0.002921	0.002966	0.002805	0.002916
558.000000	0.003212	0.003553	0.003868	0.003901	0.003553	0.004029	0.003962
559.000000	0.003181	0.003470	0.003825	0.003824	0.003533	0.004022	0.003911
560.000000	0.002247	0.001003	0.000280	0.000258	0.001404	-0.000298	0.000320
561.000000	0.001923	0.000229	-0.000931	-0.000956	0.000652	-0.001781	-0.000947
562.000000	0.004921	0.008430	0.010668	0.010645	0.007554	0.012456	0.010623
563.000000	0.007034	0.014229	0.018919	0.018909	0.012491	0.022578	0.018882
564.000000	-0.002594	-0.011705	-0.017972	-0.017940	-0.009458	-0.022606	-0.017986
565.000000	-0.020781	-0.062068	-0.089963	-0.089869	-0.052034	-0.104096	-0.089953
566.000000	-0.023995	-0.076401	-0.111765	-0.111638	-0.063728	-0.101299	-0.111740
567.000000	-0.003613	-0.030479	-0.048665	-0.048560	-0.024073	0.023519	-0.048636
568.000000	0.015050	0.016849	0.017928	0.018005	0.016282	0.121300	0.017963
569.000000	0.012977	0.019796	0.024228	0.024306	0.018077	0.085048	0.024280
570.000000	0.002950	0.003283	0.003347	0.003422	0.003213	0.005239	0.003410
571.000000	0.000010	-0.001786	-0.003119	-0.003077	-0.001328	-0.016828	-0.003064
572.000000	0.002145	0.001969	0.001797	0.001800	0.002017	-0.000226	0.001824
573.000000	0.003292	0.003830	0.004227	0.004226	0.003715	0.008029	0.004215
574.000000	0.002866	0.002912	0.003049	0.003059	0.002947	0.004050	0.002998
575.000000	0.002472	0.002252	0.002214	0.002215	0.002368	0.001144	0.002140
576.000000	0.002494	0.002454	0.002494	0.002463	0.002527	0.002013	0.002419
577.000000	0.002572	0.002661	0.002751	0.002676	0.002700	0.002968	0.002692
578.000000	0.002568	0.002597	0.002639	0.002536	0.002652	0.002781	0.002603
579.000000	0.002543	0.002507	0.002528	0.002445	0.002582	0.002447	0.002498
580.000000	0.002522	0.002498	0.002561	0.002534	0.002571	0.002440	0.002508
581.000000	0.002476	0.002482	0.002573	0.002558	0.002534	0.002499	0.002466
582.000000	0.002413	0.002422	0.002492	0.002422	0.002442	0.002465	0.002319
583.000000	0.002409	0.002394	0.002444	0.002331	0.002393	0.002447	0.002256
584.000000	0.002492	0.002440	0.002504	0.002411	0.002440	0.002518	0.002377
585.000000	0.002531	0.002469	0.002562	0.002500	0.002490	0.002583	0.002501
586.000000	0.002428	0.002409	0.002516	0.002454	0.002460	0.002554	0.002465
587.000000	0.002296	0.002334	0.002416	0.002358	0.002407	0.002477	0.002360
588.000000	0.002268	0.002332	0.002338	0.002333	0.002404	0.002423	0.002318
589.000000	0.002309	0.002370	0.002308	0.002351	0.002415	0.002408	0.002334
590.000000	0.002332	0.002378	0.002325	0.002343	0.002374	0.002426	0.002363
591.000000	0.002334	0.002369	0.002362	0.002312	0.002308	0.002450	0.002381
592.000000	0.002352	0.002392	0.002377	0.002300	0.002289	0.002444	0.002382
593.000000	0.002378	0.002432	0.002369	0.002311	0.002321	0.002410	0.002372
594.000000	0.002369	0.002430	0.002373	0.002328	0.002362	0.002379	0.002367
595.000000	0.002327	0.002374	0.002378	0.002347	0.002379	0.002363	0.002370
596.000000	0.002304	0.002313	0.002332	0.002383	0.002355	0.002352	0.002365
597.000000	0.002307	0.002274	0.002233	0.002428	0.002299	0.002337	0.002343
598.000000	0.002274	0.002260	0.002164	0.002438	0.002256	0.002304	0.002303
599.000000	0.002184	0.002261	0.002174	0.002386	0.002251	0.002260	0.002254
600.000000	0.002129	0.002247	0.002227	0.002296	0.002264	0.002251	0.002237
601.000000	0.002172	0.002205	0.002277	0.002198	0.002268	0.002300	0.002272
602.000000	0.002240	0.002174	0.002286	0.002134	0.002246	0.002327	0.002299
603.000000	0.002249	0.002190	0.002230	0.002133	0.002186	0.002261	0.002262
604.000000	0.002216	0.002220	0.002150	0.002151	0.002119	0.002165	0.002203
605.000000	0.002183	0.002216	0.002104	0.002133	0.002084	0.002131	0.002182
606.000000	0.002169	0.002200	0.002111	0.002109	0.002104	0.002157	0.002195
607.000000	0.002182	0.002217	0.002173	0.002140	0.002190	0.002196	0.002205
608.000000	0.002184	0.002243	0.002248	0.002197	0.002276	0.002215	0.002193
609.000000	0.002115	0.002212	0.002272	0.002199	0.002255	0.002188	0.002153
610.000000	0.002023	0.002134	0.002232	0.002145	0.002152	0.002150	0.002113
611.000000	0.002058	0.002089	0.002163	0.002103	0.002115	0.002190	0.002131
612.000000	0.002211	0.002094	0.002099	0.002101	0.002172	0.002289	0.002196
613.000000	0.002271	0.002076	0.002068	0.002101	0.002191	0.002290	0.002204
614.000000	0.002155	0.002019	0.002075	0.002096	0.002121	0.002150	0.002124
615.000000	0.002053	0.002017	0.002092	0.002131	0.002074	0.002056	0.002074
616.000000	0.002097	0.002121	0.002094	0.002214	0.002123	0.002125	0.002125
617.000000	0.002171	0.002220	0.002090	0.002236	0.002187	0.002220	0.002171
618.000000	0.002157	0.002212	0.002086	0.002118	0.002186	0.002201	0.002118
619.000000	0.002096	0.002147	0.002075	0.001983	0.002157	0.002116	0.002044
620.000000	0.002055	0.002094	0.002046	0.001974	0.002153	0.002047	0.002047
621.000000	0.002035	0.002047	0.001997	0.002046	0.002153	0.002016	0.002080
622.000000	0.002013	0.001976	0.001929	0.002090	0.002113	0.002018	0.002050
623.000000	0.001980	0.001901	0.001855	0.002073	0.002035	0.002014	0.001974
624.000000	0.001938	0.001866	0.001799	0.001998	0.001943	0.001951	0.001923
625.000000	0.001888	0.001864	0.001767	0.001907	0.001860	0.001857	0.001905
626.000000	0.001836	0.001848	0.001756	0.001869	0.001806	0.001821	0.001878
627.000000	0.001795	0.001819	0.001776	0.001883	0.001796	0.001868	0.001843
628.000000	0.001789	0.001832	0.001853	0.001882	0.001842	0.001951	0.001844
629.000000	0.001815	0.001886	0.001954	0.001841	0.001915	0.002012	0.001871
630.000000	0.001834	0.001895	0.001957	0.001814	0.001930	0.001990	0.001833
631.000000	0.001830	0.001820	0.001825	0.001829	0.001853	0.001877	0.001709
632.000000	0.001848	0.001757	0.001742	0.001845	0.001773	0.001791	0.001658
633.000000	0.001917	0.001780	0.001829	0.001830	0.001764	0.001822	0.001780
634.000000	0.001977	0.001837	0.001926	0.001806	0.001787	0.001889	0.001922
635.000000	0.001969	0.001860	0.001863	0.001802	0.001791	0.001902	0.001919
636.000000	0.001917	0.001843	0.001745	0.001815	0.001784	0.001864	0.001834
637.000000	0.001868	0.001800	0.001731	0.001831	0.001787	0.001810	0.001784
638.000000	0.001828	0.001774	0.001805	0.001836	0.001816	0.001778	0.001789
639.000000	0.001787	0.001815	0.001875	0.001818	0.001875	0.001804	0.001819
640.000000	0.001751	0.001877	0.001888	0.001788	0.001914	0.001855	0.001837
641.000000	0.001739	0.001861	0.001818	0.001770	0.001854	0.001858	0.001807
642.000000	0.001743	0.001763	0.001696	0.001751	0.001724	0.001794	0.001750
643.000000	0.001728	0.001672	0.001599	0.001687	0.001652	0.001698	0.001748
644.000000	0.001684	0.001637	0.001565	0.001596	0.001675	0.001623	0.001803
645.000000	0.001627	0.001650	0.001576	0.001578	0.001698	0.001643	0.001818
646.000000	0.001586	0.001699	0.001619	0.001663	0.001684	0.001767	0.001754
647.000000	0.001601	0.001767	0.001697	0.001746	0.001713	0.001875	0.001699
648.000000	0.001674	0.001822	0.001787	0.001740	0.001811	0.001873	0.001710
649.000000	0.001702	0.001792	0.001793	0.001647	0.001829	0.001756	0.001720
650.000000	0.001617	0.001644	0.001657	0.001502	0.001661	0.001560	0.001671
651.000000	0.001557	0.001513	0.001530	0.001417	0.001496	0.001422	0.001618
652.000000	0.001664	0.001544	0.001569	0.001490	0.001543	0.001467	0.001624
653.000000	0.001806	0.001668	0.001680	0.001634	0.001700	0.001611	0.001659
654.000000	0.001779	0.001754	0.001700	0.001708	0.001776	0.001713	0.001659
655.000000	0.001638	0.001768	0.001644	0.001719	0.001757	0.001743	0.001625
656.000000	0.001564	0.001732	0.001620	0.001747	0.001721	0.001731	0.001590
657.000000	0.001604	0.001689	0.001647	0.001784	0.001708	0.001708	0.001584
658.000000	0.001699	0.001695	0.001682	0.001756	0.001732	0.001698	0.001631
659.000000	0.001785	0.001740	0.001706	0.001665	0.001775	0.001707	0.001706
660.000000	0.001795	0.001744	0.001723	0.001597	0.001782	0.001722	0.001735
661.000000	0.001717	0.001682	0.001726	0.001580	0.001730	0.001717	0.001687
662.000000	0.001624	0.001609	0.001684	0.001557	0.001638	0.001661	0.001604
663.000000	0.001568	0.001568	0.001599	0.001502	0.001546	0.001560	0.001528
664.000000	0.001547	0.001546	0.001546	0.001467	0.001531	0.001508	0.001486
665.000000	0.001549	0.001528	0.001574	0.001502	0.001627	0.001561	0.001494
666.000000	0.001574	0.001515	0.001616	0.001610	0.001718	0.001616	0.001533
667.000000	0.001616	0.001507	0.001604	0.001761	0.001695	0.001578	0.001580
668.000000	0.001649	0.001504	0.001556	0.001828	0.001620	0.001526	0.001623
669.000000	0.001642	0.001506	0.001508	0.001687	0.001585	0.001569	0.001652
670.000000	0.001603	0.001518	0.001471	0.001467	0.001587	0.001656	0.001657
671.000000	0.001556	0.001546	0.001444	0.001380	0.001584	0.001677	0.001630
672.000000	0.001530	0.001574	0.001449	0.001423	0.001566	0.001638	0.001580
673.000000	0.001558	0.001569	0.001518	0.001468	0.001543	0.001609	0.001527
674.000000	0.001604	0.001521	0.001592	0.001475	0.001517	0.001583	0.001471
675.000000	0.001582	0.001437	0.001537	0.001481	0.001481	0.001488	0.001401
676.000000	0.001490	0.001353	0.001368	0.001491	0.001453	0.001350	0.001332
677.000000	0.001431	0.001337	0.001283	0.001470	0.001473	0.001320	0.001312
678.000000	0.001446	0.001403	0.001360	0.001409	0.001539	0.001428	0.001354
679.000000	0.001464	0.001473	0.001452	0.001349	0.001573	0.001483	0.001407
680.000000	0.001444	0.001499	0.001464	0.001328	0.001538	0.001385	0.001436
681.000000	0.001450	0.001538	0.001472	0.001365	0.001514	0.001297	0.001472
682.000000	0.001533	0.001625	0.001543	0.001458	0.001559	0.001352	0.001536
683.000000	0.001625	0.001658	0.001608	0.001540	0.001572	0.001433	0.001568
684.000000	0.001649	0.001542	0.001585	0.001548	0.001460	0.001403	0.001511
685.000000	0.001599	0.001398	0.001493	0.001518	0.001344	0.001340	0.001434
686.000000	0.001494	0.001390	0.001388	0.001510	0.001385	0.001373	0.001426
687.000000	0.001382	0.001454	0.001328	0.001524	0.001505	0.001450	0.001434
688.000000	0.001317	0.001432	0.001364	0.001530	0.001518	0.001444	0.001349
689.000000	0.001292	0.001346	0.001415	0.001507	0.001422	0.001372	0.001221
690.000000	0.001260	0.001337	0.001315	0.001446	0.001330	0.001345	0.001200
691.000000	0.001205	0.001380	0.001090	0.001350	0.001282	0.001340	0.001255
692.000000	0.001143	0.001289	0.000956	0.001237	0.001241	0.001207	0.001180
693.000000	0.001112	0.001087	0.001015	0.001156	0.001214	0.000984	0.000987
694.000000	0.001173	0.001089	0.001199	0.001194	0.001262	0.000966	0.000998
695.000000	0.001322	0.001391	0.001411	0.001355	0.001393	0.001251	0.001310
696.000000	0.001421	0.001619	0.001515	0.001470	0.001496	0.001505	0.001548
697.000000	0.001390	0.001519	0.001441	0.001430	0.001488	0.001493	0.001454
698.000000	0.001340	0.001316	0.001316	0.001340	0.001415	0.001390	0.001266
699.000000	0.001375	0.001252	0.001264	0.001313	0.001336	0.001384	0.001232
700.000000	0.001417	0.001283	0.001262	0.001335	0.001290	0.001416	0.001283
701.000000	0.001370	0.001307	0.001258	0.001364	0.001300	0.001385	0.001292
702.000000	0.001299	0.001300	0.001277	0.001376	0.001321	0.001311	0.001287
703.000000	0.001316	0.001268	0.001361	0.001355	0.001294	0.001260	0.001334
704.000000	0.001365	0.001230	0.001442	0.001302	0.001237	0.001260	0.001375
705.000000	0.001311	0.001210	0.001405	0.001233	0.001207	0.001314	0.001293
706.000000	0.001185	0.001218	0.001270	0.001179	0.001218	0.001365	0.001148
707.000000	0.001138	0.001251	0.001162	0.001184	0.001246	0.001307	0.001128
708.000000	0.001200	0.001295	0.001127	0.001254	0.001273	0.001172	0.001249
709.000000	0.001275	0.001327	0.001127	0.001353	0.001291	0.001134	0.001332
710.000000	0.001300	0.001315	0.001127	0.001422	0.001295	0.001240	0.001293
711.000000	0.001282	0.001227	0.001108	0.001367	0.001286	0.001334	0.001198
712.000000	0.001242	0.001092	0.001094	0.001200	0.001278	0.001341	0.001127
713.000000	0.001227	0.001081	0.001205	0.001157	0.001308	0.001389	0.001158
714.000000	0.001260	0.001282	0.001485	0.001380	0.001389	0.001567	0.001315
715.000000	0.001286	0.001455	0.001711	0.001623	0.001456	0.001752	0.001455
716.000000	0.001265	0.001387	0.001681	0.001639	0.001452	0.001815	0.001457
717.000000	0.001299	0.001273	0.001536	0.001533	0.001421	0.001775	0.001454
718.000000	0.001493	0.001376	0.001487	0.001485	0.001433	0.001691	0.001613
719.000000	0.001721	0.001597	0.001556	0.001517	0.001503	0.001610	0.001865
720.000000	0.001780	0.001699	0.001683	0.001580	0.001617	0.001571	0.002044
721.000000	0.001708	0.001624	0.001764	0.001620	0.001692	0.001589	0.002067
722.000000	0.001679	0.001422	0.001673	0.001583	0.001619	0.001664	0.001907
723.000000	0.001678	0.001234	0.001468	0.001525	0.001478	0.001754	0.001653
724.000000	0.001531	0.001268	0.001347	0.001594	0.001503	0.001788	0.001492
725.000000	0.001247	0.001462	0.001335	0.001754	0.001668	0.001714	0.001474
726.000000	0.001055	0.001436	0.001242	0.001757	0.001638	0.001513	0.001491
727.000000	0.001057	0.001123	0.001043	0.001564	0.001328	0.001274	0.001456
728.000000	0.001125	0.001008	0.001010	0.001501	0.001096	0.001266	0.001333
729.000000	0.001148	0.001323	0.001250	0.001697	0.001155	0.001563	0.001129
730.000000	0.001105	0.001587	0.001427	0.001734	0.001270	0.001742	0.000943
731.000000	0.000993	0.001384	0.001258	0.001267	0.001219	0.001459	0.000855
732.000000	0.000842	0.000875	0.000864	0.000481	0.001053	0.000880	0.000831
