[HEADER]
Format	J&M ASCII Table
Comment	
Date	5/30/2023 8:34:32 AM
Order	Y (evenX)
TechType	UV
NumPoints	483
FirstX	250.00
LastX	732.00
XType	NMetr
YType	Absrb
ZType	Secs
NumSubFile	7
Matrix	Z vs X
[DATA]
	0.000000	5.000064	10.000128	15.000256	20.000320	25.000383	30.000448
250.000000	0.004597	0.004374	0.005025	0.005178	0.005078	0.005301	0.005437
251.000000	0.004617	0.004535	0.005038	0.005240	0.005137	0.005364	0.005500
252.000000	0.004575	0.004743	0.004873	0.005176	0.005264	0.005297	0.005537
253.000000	0.004609	0.004870	0.004805	0.005134	0.005331	0.005267	0.005528
254.000000	0.004813	0.004844	0.005028	0.005232	0.005258	0.005393	0.005478
255.000000	0.005050	0.004850	0.005323	0.005398	0.005203	0.005542	0.005476
256.000000	0.005168	0.005059	0.005424	0.005528	0.005326	0.005560	0.005597
257.000000	0.005190	0.005254	0.005313	0.005599	0.005508	0.005443	0.005731
258.000000	0.005201	0.005149	0.005076	0.005623	0.005569	0.005265	0.005739
259.000000	0.005321	0.005020	0.004993	0.005697	0.005624	0.005286	0.005762
260.000000	0.005672	0.005391	0.005411	0.005947	0.005917	0.005825	0.006065
261.000000	0.006117	0.006110	0.006123	0.006258	0.006334	0.006604	0.006518
262.000000	0.006332	0.006523	0.006513	0.006339	0.006500	0.006907	0.006696
263.000000	0.006255	0.006440	0.006424	0.006162	0.006349	0.006607	0.006533
264.000000	0.006124	0.006218	0.006231	0.006001	0.006182	0.006265	0.006373
265.000000	0.006096	0.006113	0.006187	0.006010	0.006167	0.006204	0.006417
266.000000	0.006164	0.006167	0.006286	0.006107	0.006211	0.006275	0.006577
267.000000	0.006294	0.006365	0.006476	0.006223	0.006263	0.006346	0.006752
268.000000	0.006436	0.006598	0.006652	0.006382	0.006436	0.006436	0.006868
269.000000	0.006555	0.006769	0.006732	0.006599	0.006788	0.006566	0.006881
270.000000	0.006694	0.006867	0.006766	0.006801	0.007029	0.006662	0.006832
271.000000	0.006885	0.006900	0.006817	0.006904	0.006871	0.006652	0.006779
272.000000	0.006984	0.006846	0.006828	0.006887	0.006554	0.006604	0.006723
273.000000	0.006805	0.006679	0.006707	0.006758	0.006479	0.006621	0.006651
274.000000	0.006473	0.006476	0.006498	0.006558	0.006569	0.006624	0.006586
275.000000	0.006276	0.006363	0.006322	0.006350	0.006491	0.006436	0.006567
276.000000	0.006241	0.006321	0.006253	0.006177	0.006212	0.006122	0.006513
277.000000	0.006177	0.006218	0.006320	0.006067	0.005960	0.005952	0.006249
278.000000	0.006047	0.006058	0.006444	0.006039	0.005879	0.006018	0.005882
279.000000	0.006026	0.006026	0.006415	0.006098	0.006001	0.006179	0.005887
280.000000	0.006138	0.006157	0.006147	0.006196	0.006243	0.006277	0.006336
281.000000	0.006101	0.006177	0.005818	0.006177	0.006316	0.006162	0.006510
282.000000	0.005748	0.005912	0.005578	0.005957	0.006043	0.005786	0.005970
283.000000	0.005344	0.005561	0.005410	0.005702	0.005636	0.005414	0.005346
284.000000	0.005163	0.005340	0.005288	0.005573	0.005337	0.005292	0.005255
285.000000	0.005186	0.005223	0.005267	0.005519	0.005209	0.005342	0.005417
286.000000	0.005308	0.005128	0.005398	0.005440	0.005251	0.005404	0.005372
287.000000	0.005388	0.005071	0.005530	0.005292	0.005357	0.005358	0.005145
288.000000	0.005292	0.005097	0.005451	0.005067	0.005381	0.005122	0.004959
289.000000	0.005098	0.005134	0.005215	0.004888	0.005311	0.004854	0.004918
290.000000	0.005016	0.005040	0.005039	0.004955	0.005217	0.004850	0.005043
291.000000	0.005043	0.004860	0.004979	0.005182	0.005138	0.005100	0.005220
292.000000	0.004986	0.004819	0.004933	0.005227	0.005089	0.005303	0.005216
293.000000	0.004806	0.004960	0.004885	0.005008	0.005085	0.005302	0.005017
294.000000	0.004700	0.005070	0.004948	0.004827	0.005153	0.005162	0.004922
295.000000	0.004794	0.005052	0.005144	0.004871	0.005276	0.004993	0.005083
296.000000	0.005036	0.005090	0.005283	0.005026	0.005347	0.004953	0.005291
297.000000	0.005314	0.005301	0.005222	0.005154	0.005291	0.005110	0.005351
298.000000	0.005415	0.005469	0.005051	0.005168	0.005171	0.005225	0.005238
299.000000	0.005187	0.005375	0.004893	0.005026	0.005068	0.005077	0.004996
300.000000	0.004893	0.005138	0.004806	0.004873	0.005028	0.004837	0.004811
301.000000	0.004868	0.004950	0.004820	0.004880	0.005067	0.004759	0.004868
302.000000	0.004997	0.004809	0.004888	0.004959	0.005065	0.004798	0.004981
303.000000	0.004977	0.004632	0.004936	0.004919	0.004862	0.004780	0.004823
304.000000	0.004807	0.004485	0.004942	0.004782	0.004568	0.004704	0.004511
305.000000	0.004699	0.004538	0.004923	0.004721	0.004473	0.004687	0.004455
306.000000	0.004754	0.004802	0.004909	0.004806	0.004646	0.004774	0.004719
307.000000	0.004957	0.005126	0.004939	0.004994	0.004917	0.004933	0.005001
308.000000	0.005194	0.005336	0.004999	0.005179	0.005132	0.005083	0.005115
309.000000	0.005211	0.005230	0.004986	0.005160	0.005180	0.005072	0.005076
310.000000	0.004925	0.004792	0.004857	0.004889	0.005027	0.004851	0.004940
311.000000	0.004669	0.004429	0.004717	0.004670	0.004807	0.004619	0.004813
312.000000	0.004707	0.004449	0.004662	0.004730	0.004651	0.004546	0.004773
313.000000	0.004868	0.004625	0.004681	0.004832	0.004590	0.004583	0.004782
314.000000	0.004926	0.004668	0.004735	0.004720	0.004621	0.004643	0.004784
315.000000	0.004868	0.004606	0.004752	0.004553	0.004681	0.004685	0.004755
316.000000	0.004762	0.004563	0.004669	0.004602	0.004699	0.004696	0.004691
317.000000	0.004722	0.004603	0.004587	0.004852	0.004721	0.004722	0.004645
318.000000	0.004871	0.004749	0.004672	0.005138	0.004844	0.004838	0.004684
319.000000	0.005049	0.004898	0.004857	0.005245	0.004953	0.004964	0.004726
320.000000	0.004894	0.004858	0.004897	0.004935	0.004785	0.004910	0.004581
321.000000	0.004463	0.004663	0.004772	0.004373	0.004398	0.004696	0.004325
322.000000	0.004280	0.004598	0.004713	0.004165	0.004202	0.004574	0.004332
323.000000	0.004542	0.004773	0.004810	0.004505	0.004346	0.004665	0.004688
324.000000	0.004867	0.004987	0.004899	0.004863	0.004514	0.004861	0.004984
325.000000	0.004978	0.005076	0.004864	0.004877	0.004500	0.005032	0.004948
326.000000	0.004971	0.005039	0.004761	0.004761	0.004487	0.005038	0.004759
327.000000	0.004958	0.004904	0.004658	0.004734	0.004628	0.004807	0.004614
328.000000	0.004872	0.004728	0.004570	0.004715	0.004771	0.004516	0.004502
329.000000	0.004643	0.004571	0.004504	0.004587	0.004734	0.004368	0.004386
330.000000	0.004398	0.004501	0.004494	0.004447	0.004607	0.004350	0.004341
331.000000	0.004313	0.004570	0.004566	0.004449	0.004557	0.004373	0.004452
332.000000	0.004324	0.004681	0.004632	0.004530	0.004559	0.004390	0.004565
333.000000	0.004255	0.004673	0.004551	0.004521	0.004491	0.004379	0.004415
334.000000	0.004200	0.004597	0.004397	0.004450	0.004388	0.004392	0.004124
335.000000	0.004466	0.004672	0.004416	0.004497	0.004403	0.004535	0.004111
336.000000	0.005014	0.004900	0.004633	0.004674	0.004542	0.004764	0.004422
337.000000	0.005393	0.005020	0.004808	0.004793	0.004627	0.004853	0.004653
338.000000	0.005380	0.004911	0.004829	0.004774	0.004595	0.004726	0.004593
339.000000	0.005196	0.004728	0.004838	0.004756	0.004607	0.004583	0.004414
340.000000	0.005024	0.004602	0.004914	0.004818	0.004733	0.004568	0.004288
341.000000	0.004832	0.004524	0.004909	0.004832	0.004755	0.004601	0.004292
342.000000	0.004586	0.004469	0.004705	0.004700	0.004516	0.004593	0.004451
343.000000	0.004371	0.004430	0.004453	0.004579	0.004285	0.004576	0.004633
344.000000	0.004291	0.004406	0.004346	0.004646	0.004362	0.004593	0.004692
345.000000	0.004340	0.004425	0.004404	0.004788	0.004563	0.004602	0.004627
346.000000	0.004470	0.004518	0.004574	0.004803	0.004556	0.004538	0.004497
347.000000	0.004615	0.004599	0.004755	0.004705	0.004409	0.004458	0.004424
348.000000	0.004700	0.004527	0.004826	0.004631	0.004411	0.004481	0.004553
349.000000	0.004718	0.004358	0.004773	0.004628	0.004571	0.004593	0.004812
350.000000	0.004716	0.004313	0.004676	0.004667	0.004667	0.004666	0.004952
351.000000	0.004731	0.004446	0.004612	0.004724	0.004640	0.004655	0.004881
352.000000	0.004785	0.004600	0.004660	0.004779	0.004646	0.004627	0.004720
353.000000	0.004872	0.004684	0.004830	0.004827	0.004746	0.004646	0.004581
354.000000	0.004937	0.004748	0.005017	0.004874	0.004802	0.004760	0.004550
355.000000	0.004943	0.004815	0.005114	0.004909	0.004724	0.004934	0.004648
356.000000	0.004920	0.004797	0.005049	0.004860	0.004609	0.004924	0.004732
357.000000	0.004900	0.004642	0.004815	0.004691	0.004563	0.004572	0.004686
358.000000	0.004873	0.004551	0.004675	0.004563	0.004607	0.004265	0.004622
359.000000	0.004825	0.004731	0.004876	0.004645	0.004722	0.004425	0.004681
360.000000	0.004787	0.004986	0.005133	0.004812	0.004794	0.004781	0.004775
361.000000	0.004798	0.004996	0.004995	0.004847	0.004692	0.004831	0.004746
362.000000	0.004846	0.004816	0.004591	0.004772	0.004531	0.004634	0.004620
363.000000	0.004882	0.004716	0.004379	0.004750	0.004557	0.004564	0.004533
364.000000	0.004863	0.004739	0.004422	0.004795	0.004719	0.004639	0.004535
365.000000	0.004750	0.004733	0.004435	0.004797	0.004703	0.004564	0.004601
366.000000	0.004582	0.004656	0.004339	0.004727	0.004462	0.004309	0.004675
367.000000	0.004489	0.004620	0.004338	0.004672	0.004302	0.004203	0.004664
368.000000	0.004539	0.004671	0.004533	0.004691	0.004381	0.004386	0.004561
369.000000	0.004656	0.004703	0.004793	0.004778	0.004534	0.004597	0.004524
370.000000	0.004746	0.004653	0.004972	0.004897	0.004604	0.004630	0.004642
371.000000	0.004698	0.004629	0.004950	0.004946	0.004570	0.004569	0.004755
372.000000	0.004469	0.004725	0.004688	0.004855	0.004465	0.004542	0.004727
373.000000	0.004335	0.004849	0.004480	0.004743	0.004454	0.004635	0.004717
374.000000	0.004581	0.004871	0.004627	0.004750	0.004683	0.004887	0.004901
375.000000	0.004953	0.004757	0.004872	0.004777	0.004895	0.005049	0.005048
376.000000	0.005021	0.004527	0.004772	0.004659	0.004721	0.004801	0.004809
377.000000	0.004843	0.004329	0.004430	0.004509	0.004373	0.004361	0.004430
378.000000	0.004768	0.004378	0.004271	0.004607	0.004395	0.004252	0.004492
379.000000	0.004862	0.004636	0.004415	0.004910	0.004784	0.004502	0.004914
380.000000	0.004932	0.004843	0.004697	0.005094	0.005045	0.004690	0.005020
381.000000	0.004867	0.004868	0.004945	0.005038	0.004984	0.004652	0.004668
382.000000	0.004671	0.004766	0.004990	0.004908	0.004838	0.004585	0.004445
383.000000	0.004419	0.004602	0.004794	0.004827	0.004753	0.004612	0.004628
384.000000	0.004305	0.004427	0.004565	0.004791	0.004637	0.004657	0.004795
385.000000	0.004445	0.004305	0.004472	0.004771	0.004433	0.004642	0.004635
386.000000	0.004676	0.004327	0.004472	0.004689	0.004266	0.004549	0.004408
387.000000	0.004826	0.004537	0.004506	0.004503	0.004257	0.004388	0.004397
388.000000	0.004888	0.004738	0.004589	0.004343	0.004373	0.004268	0.004519
389.000000	0.004896	0.004706	0.004740	0.004360	0.004533	0.004293	0.004607
390.000000	0.004829	0.004507	0.004853	0.004476	0.004640	0.004364	0.004600
391.000000	0.004660	0.004323	0.004789	0.004533	0.004606	0.004321	0.004499
392.000000	0.004488	0.004305	0.004635	0.004557	0.004524	0.004270	0.004426
393.000000	0.004490	0.004567	0.004613	0.004681	0.004592	0.004471	0.004572
394.000000	0.004666	0.004948	0.004754	0.004867	0.004806	0.004870	0.004869
395.000000	0.004856	0.005040	0.004913	0.004921	0.004975	0.005123	0.005015
396.000000	0.004962	0.004759	0.004975	0.004806	0.004977	0.005095	0.004894
397.000000	0.004983	0.004465	0.004877	0.004705	0.004787	0.004948	0.004659
398.000000	0.004946	0.004406	0.004665	0.004737	0.004494	0.004811	0.004483
399.000000	0.004922	0.004547	0.004600	0.004873	0.004403	0.004716	0.004548
400.000000	0.004936	0.004786	0.004822	0.005033	0.004665	0.004672	0.004890
401.000000	0.004851	0.004909	0.005035	0.005044	0.004905	0.004649	0.005104
402.000000	0.004580	0.004761	0.004957	0.004781	0.004771	0.004625	0.004856
403.000000	0.004380	0.004534	0.004734	0.004431	0.004437	0.004628	0.004483
404.000000	0.004535	0.004480	0.004602	0.004241	0.004199	0.004686	0.004439
405.000000	0.004838	0.004595	0.004582	0.004277	0.004171	0.004759	0.004643
406.000000	0.004903	0.004761	0.004601	0.004519	0.004372	0.004777	0.004801
407.000000	0.004758	0.004874	0.004628	0.004777	0.004662	0.004733	0.004807
408.000000	0.004683	0.004843	0.004650	0.004776	0.004809	0.004660	0.004677
409.000000	0.004721	0.004656	0.004644	0.004548	0.004754	0.004566	0.004499
410.000000	0.004701	0.004379	0.004571	0.004407	0.004606	0.004437	0.004426
411.000000	0.004576	0.004151	0.004464	0.004469	0.004470	0.004322	0.004506
412.000000	0.004478	0.004205	0.004447	0.004566	0.004444	0.004350	0.004636
413.000000	0.004492	0.004558	0.004553	0.004586	0.004544	0.004531	0.004716
414.000000	0.004583	0.004793	0.004627	0.004570	0.004629	0.004624	0.004667
415.000000	0.004692	0.004640	0.004568	0.004565	0.004598	0.004488	0.004482
416.000000	0.004725	0.004418	0.004516	0.004568	0.004519	0.004362	0.004362
417.000000	0.004622	0.004454	0.004604	0.004581	0.004480	0.004472	0.004475
418.000000	0.004520	0.004634	0.004742	0.004642	0.004505	0.004682	0.004682
419.000000	0.004580	0.004748	0.004803	0.004787	0.004595	0.004784	0.004785
420.000000	0.004753	0.004794	0.004832	0.004927	0.004722	0.004802	0.004803
421.000000	0.004903	0.004853	0.004935	0.004933	0.004840	0.004843	0.004839
422.000000	0.004950	0.004914	0.005009	0.004819	0.004896	0.004869	0.004882
423.000000	0.004857	0.004915	0.004839	0.004680	0.004829	0.004757	0.004856
424.000000	0.004678	0.004849	0.004495	0.004580	0.004675	0.004566	0.004751
425.000000	0.004558	0.004762	0.004306	0.004543	0.004552	0.004518	0.004622
426.000000	0.004552	0.004682	0.004374	0.004553	0.004500	0.004641	0.004516
427.000000	0.004600	0.004607	0.004491	0.004537	0.004455	0.004699	0.004463
428.000000	0.004657	0.004561	0.004524	0.004476	0.004409	0.004587	0.004477
429.000000	0.004724	0.004618	0.004533	0.004460	0.004473	0.004490	0.004539
430.000000	0.004797	0.004804	0.004579	0.004563	0.004696	0.004551	0.004626
431.000000	0.004837	0.004975	0.004658	0.004759	0.004904	0.004692	0.004728
432.000000	0.004820	0.004996	0.004747	0.004987	0.004933	0.004808	0.004827
433.000000	0.004803	0.004898	0.004779	0.005087	0.004854	0.004845	0.004875
434.000000	0.004849	0.004762	0.004696	0.004919	0.004792	0.004777	0.004830
435.000000	0.004906	0.004699	0.004594	0.004683	0.004757	0.004691	0.004758
436.000000	0.004883	0.004809	0.004615	0.004682	0.004722	0.004705	0.004755
437.000000	0.004806	0.004974	0.004731	0.004837	0.004704	0.004786	0.004800
438.000000	0.004765	0.004956	0.004809	0.004844	0.004746	0.004809	0.004799
439.000000	0.004768	0.004756	0.004799	0.004685	0.004791	0.004760	0.004738
440.000000	0.004742	0.004586	0.004724	0.004591	0.004699	0.004718	0.004678
441.000000	0.004660	0.004550	0.004620	0.004617	0.004484	0.004695	0.004633
442.000000	0.004552	0.004597	0.004533	0.004586	0.004364	0.004605	0.004555
443.000000	0.004473	0.004678	0.004505	0.004452	0.004439	0.004445	0.004463
444.000000	0.004509	0.004765	0.004566	0.004455	0.004566	0.004385	0.004515
445.000000	0.004682	0.004826	0.004708	0.004710	0.004621	0.004528	0.004768
446.000000	0.004819	0.004821	0.004819	0.004904	0.004622	0.004731	0.004961
447.000000	0.004769	0.004728	0.004806	0.004764	0.004603	0.004841	0.004872
448.000000	0.004628	0.004619	0.004731	0.004520	0.004561	0.004841	0.004684
449.000000	0.004538	0.004578	0.004681	0.004479	0.004492	0.004757	0.004640
450.000000	0.004524	0.004585	0.004653	0.004569	0.004446	0.004661	0.004691
451.000000	0.004560	0.004581	0.004610	0.004579	0.004483	0.004630	0.004678
452.000000	0.004601	0.004546	0.004549	0.004500	0.004559	0.004613	0.004604
453.000000	0.004592	0.004485	0.004490	0.004441	0.004572	0.004495	0.004563
454.000000	0.004564	0.004448	0.004461	0.004455	0.004512	0.004345	0.004582
455.000000	0.004623	0.004518	0.004495	0.004545	0.004449	0.004384	0.004633
456.000000	0.004760	0.004671	0.004595	0.004667	0.004435	0.004615	0.004672
457.000000	0.004830	0.004748	0.004725	0.004717	0.004492	0.004759	0.004643
458.000000	0.004765	0.004685	0.004837	0.004658	0.004591	0.004682	0.004544
459.000000	0.004657	0.004609	0.004857	0.004580	0.004608	0.004546	0.004474
460.000000	0.004587	0.004616	0.004754	0.004542	0.004489	0.004483	0.004503
461.000000	0.004551	0.004660	0.004607	0.004497	0.004387	0.004469	0.004578
462.000000	0.004530	0.004677	0.004495	0.004403	0.004431	0.004458	0.004633
463.000000	0.004500	0.004599	0.004420	0.004332	0.004494	0.004442	0.004636
464.000000	0.004441	0.004392	0.004370	0.004361	0.004421	0.004417	0.004570
465.000000	0.004361	0.004213	0.004358	0.004433	0.004267	0.004379	0.004472
466.000000	0.004281	0.004263	0.004398	0.004448	0.004160	0.004321	0.004397
467.000000	0.004229	0.004432	0.004431	0.004395	0.004120	0.004252	0.004364
468.000000	0.004239	0.004456	0.004359	0.004317	0.004110	0.004193	0.004369
469.000000	0.004337	0.004361	0.004239	0.004278	0.004148	0.004204	0.004408
470.000000	0.004541	0.004411	0.004249	0.004351	0.004302	0.004367	0.004468
471.000000	0.004757	0.004606	0.004393	0.004488	0.004502	0.004609	0.004519
472.000000	0.004764	0.004627	0.004465	0.004497	0.004521	0.004669	0.004505
473.000000	0.004513	0.004376	0.004386	0.004324	0.004305	0.004479	0.004420
474.000000	0.004274	0.004174	0.004324	0.004176	0.004117	0.004314	0.004345
475.000000	0.004227	0.004233	0.004383	0.004186	0.004137	0.004350	0.004331
476.000000	0.004247	0.004384	0.004437	0.004247	0.004248	0.004410	0.004328
477.000000	0.004203	0.004440	0.004373	0.004247	0.004314	0.004329	0.004287
478.000000	0.004135	0.004383	0.004250	0.004212	0.004298	0.004195	0.004218
479.000000	0.004107	0.004244	0.004161	0.004194	0.004198	0.004136	0.004142
480.000000	0.004112	0.004110	0.004153	0.004194	0.004100	0.004155	0.004077
481.000000	0.004124	0.004081	0.004244	0.004195	0.004106	0.004210	0.004038
482.000000	0.004158	0.004147	0.004350	0.004203	0.004171	0.004269	0.004043
483.000000	0.004247	0.004245	0.004338	0.004233	0.004183	0.004307	0.004103
484.000000	0.004348	0.004315	0.004227	0.004268	0.004150	0.004302	0.004208
485.000000	0.004361	0.004307	0.004154	0.004265	0.004173	0.004234	0.004326
486.000000	0.004281	0.004231	0.004161	0.004218	0.004244	0.004139	0.004389
487.000000	0.004216	0.004165	0.004187	0.004166	0.004233	0.004113	0.004299
488.000000	0.004211	0.004149	0.004197	0.004148	0.004117	0.004174	0.004074
489.000000	0.004203	0.004163	0.004212	0.004199	0.004067	0.004206	0.003934
490.000000	0.004157	0.004188	0.004247	0.004312	0.004169	0.004156	0.003997
491.000000	0.004124	0.004222	0.004294	0.004390	0.004270	0.004150	0.004102
492.000000	0.004145	0.004258	0.004343	0.004361	0.004243	0.004276	0.004111
493.000000	0.004187	0.004265	0.004379	0.004292	0.004172	0.004380	0.004114
494.000000	0.004205	0.004216	0.004386	0.004262	0.004163	0.004300	0.004215
495.000000	0.004175	0.004149	0.004344	0.004256	0.004183	0.004126	0.004302
496.000000	0.004095	0.004120	0.004235	0.004233	0.004164	0.004018	0.004219
497.000000	0.004037	0.004163	0.004117	0.004206	0.004133	0.003994	0.004057
498.000000	0.004100	0.004293	0.004076	0.004212	0.004163	0.004009	0.004020
499.000000	0.004230	0.004417	0.004119	0.004239	0.004238	0.004043	0.004109
500.000000	0.004266	0.004376	0.004195	0.004243	0.004282	0.004096	0.004184
501.000000	0.004187	0.004183	0.004248	0.004209	0.004261	0.004139	0.004191
502.000000	0.004118	0.004033	0.004218	0.004158	0.004190	0.004113	0.004167
503.000000	0.004106	0.004017	0.004111	0.004111	0.004093	0.004030	0.004137
504.000000	0.004074	0.004050	0.004037	0.004083	0.004009	0.004009	0.004099
505.000000	0.003997	0.004070	0.004058	0.004083	0.003966	0.004101	0.004060
506.000000	0.003991	0.004091	0.004113	0.004113	0.003968	0.004196	0.004049
507.000000	0.004121	0.004131	0.004148	0.004166	0.004005	0.004207	0.004081
508.000000	0.004229	0.004169	0.004169	0.004209	0.004030	0.004190	0.004110
509.000000	0.004167	0.004178	0.004187	0.004212	0.004005	0.004208	0.004093
510.000000	0.004063	0.004147	0.004168	0.004183	0.003977	0.004192	0.004047
511.000000	0.004098	0.004076	0.004074	0.004135	0.004010	0.004058	0.004006
512.000000	0.004158	0.004002	0.003957	0.004061	0.004060	0.003900	0.003977
513.000000	0.004025	0.003978	0.003907	0.003945	0.004041	0.003879	0.003951
514.000000	0.003792	0.003975	0.003908	0.003825	0.003969	0.003964	0.003921
515.000000	0.003749	0.003920	0.003880	0.003777	0.003923	0.004001	0.003877
516.000000	0.003933	0.003845	0.003844	0.003816	0.003933	0.003974	0.003861
517.000000	0.004132	0.003885	0.003910	0.003903	0.003978	0.003999	0.003958
518.000000	0.004214	0.004045	0.004073	0.003997	0.004024	0.004089	0.004131
519.000000	0.004166	0.004143	0.004157	0.004054	0.004020	0.004108	0.004178
520.000000	0.004027	0.004083	0.004084	0.004045	0.003953	0.004002	0.004014
521.000000	0.003928	0.003954	0.003997	0.003974	0.003893	0.003910	0.003831
522.000000	0.003946	0.003855	0.004003	0.003873	0.003892	0.003937	0.003785
523.000000	0.003972	0.003834	0.004023	0.003850	0.003919	0.004020	0.003833
524.000000	0.003905	0.003905	0.003973	0.003975	0.003939	0.004075	0.003901
525.000000	0.003839	0.003982	0.003897	0.004086	0.003940	0.004065	0.003950
526.000000	0.003895	0.003973	0.003870	0.004003	0.003922	0.003975	0.003956
527.000000	0.004009	0.003926	0.003893	0.003857	0.003915	0.003884	0.003950
528.000000	0.004053	0.003941	0.003936	0.003884	0.003952	0.003891	0.003977
529.000000	0.004012	0.003990	0.003966	0.004017	0.003988	0.003954	0.003998
530.000000	0.003942	0.003979	0.003947	0.004017	0.003941	0.003948	0.003926
531.000000	0.003885	0.003917	0.003903	0.003876	0.003834	0.003877	0.003788
532.000000	0.003864	0.003905	0.003912	0.003786	0.003782	0.003855	0.003712
533.000000	0.003884	0.003958	0.003974	0.003813	0.003821	0.003906	0.003739
534.000000	0.003918	0.003982	0.003995	0.003856	0.003876	0.003942	0.003807
535.000000	0.003946	0.003930	0.003938	0.003858	0.003900	0.003924	0.003863
536.000000	0.003949	0.003853	0.003870	0.003866	0.003907	0.003907	0.003895
537.000000	0.003922	0.003801	0.003848	0.003905	0.003914	0.003927	0.003898
538.000000	0.003880	0.003794	0.003851	0.003909	0.003923	0.003937	0.003880
539.000000	0.003844	0.003832	0.003852	0.003831	0.003934	0.003895	0.003850
540.000000	0.003827	0.003867	0.003832	0.003770	0.003928	0.003833	0.003817
541.000000	0.003836	0.003851	0.003783	0.003824	0.003888	0.003797	0.003788
542.000000	0.003856	0.003812	0.003749	0.003900	0.003833	0.003799	0.003777
543.000000	0.003867	0.003805	0.003784	0.003852	0.003793	0.003836	0.003792
544.000000	0.003855	0.003816	0.003859	0.003736	0.003789	0.003870	0.003807
545.000000	0.003815	0.003802	0.003899	0.003707	0.003833	0.003846	0.003777
546.000000	0.003776	0.003770	0.003887	0.003765	0.003883	0.003774	0.003729
547.000000	0.003793	0.003768	0.003850	0.003789	0.003855	0.003713	0.003737
548.000000	0.003856	0.003796	0.003815	0.003755	0.003759	0.003689	0.003797
549.000000	0.003887	0.003804	0.003809	0.003746	0.003712	0.003692	0.003816
550.000000	0.003851	0.003763	0.003825	0.003790	0.003748	0.003704	0.003759
551.000000	0.003805	0.003696	0.003802	0.003810	0.003754	0.003708	0.003684
552.000000	0.003786	0.003640	0.003713	0.003763	0.003676	0.003699	0.003651
553.000000	0.003777	0.003667	0.003636	0.003713	0.003625	0.003716	0.003692
554.000000	0.003760	0.003792	0.003632	0.003712	0.003685	0.003764	0.003786
555.000000	0.003744	0.003828	0.003676	0.003741	0.003754	0.003720	0.003738
556.000000	0.003748	0.003649	0.003728	0.003767	0.003725	0.003530	0.003448
557.000000	0.003806	0.003691	0.003774	0.003798	0.003665	0.003656	0.003519
558.000000	0.003932	0.004357	0.003807	0.003844	0.003678	0.004492	0.004495
559.000000	0.003879	0.004312	0.003800	0.003852	0.003720	0.004481	0.004579
560.000000	0.003365	0.001830	0.003725	0.003751	0.003689	0.001642	0.001428
561.000000	0.003218	0.001000	0.003688	0.003675	0.003681	0.000666	0.000307
562.000000	0.004882	0.009167	0.003872	0.003884	0.003910	0.009983	0.010752
563.000000	0.006069	0.014995	0.004019	0.004106	0.004097	0.016617	0.018201
564.000000	0.000914	-0.010832	0.003459	0.003574	0.003504	-0.013013	-0.015108
565.000000	-0.008526	-0.061051	0.003086	0.003153	0.003026	-0.070688	-0.080038
566.000000	-0.008726	-0.075313	0.006023	0.006049	0.005899	-0.087527	-0.099368
567.000000	0.004724	-0.029449	0.012283	0.012316	0.012191	-0.035748	-0.041803
568.000000	0.015645	0.017777	0.015104	0.015150	0.015076	0.018152	0.018566
569.000000	0.012295	0.020664	0.010285	0.010311	0.010287	0.022284	0.023791
570.000000	0.004108	0.004165	0.003912	0.003912	0.003902	0.004327	0.004308
571.000000	0.001762	-0.000812	0.002248	0.002243	0.002195	-0.001203	-0.001756
572.000000	0.003420	0.003043	0.003528	0.003520	0.003437	0.002960	0.002766
573.000000	0.004315	0.004939	0.004178	0.004146	0.004094	0.005060	0.005097
574.000000	0.003962	0.004009	0.003883	0.003831	0.003839	0.004096	0.004108
575.000000	0.003602	0.003347	0.003632	0.003602	0.003627	0.003363	0.003322
576.000000	0.003567	0.003559	0.003653	0.003669	0.003670	0.003547	0.003505
577.000000	0.003635	0.003762	0.003711	0.003745	0.003728	0.003766	0.003758
578.000000	0.003687	0.003687	0.003708	0.003735	0.003714	0.003726	0.003750
579.000000	0.003698	0.003622	0.003673	0.003715	0.003672	0.003668	0.003669
580.000000	0.003685	0.003685	0.003644	0.003730	0.003649	0.003700	0.003633
581.000000	0.003708	0.003759	0.003670	0.003782	0.003681	0.003742	0.003658
582.000000	0.003741	0.003726	0.003707	0.003799	0.003714	0.003701	0.003682
583.000000	0.003595	0.003495	0.003539	0.003594	0.003537	0.003489	0.003522
584.000000	0.003352	0.003233	0.003246	0.003272	0.003238	0.003256	0.003268
585.000000	0.003841	0.003769	0.003727	0.003737	0.003727	0.003779	0.003747
586.000000	0.005161	0.005172	0.005125	0.005131	0.005149	0.005103	0.005056
587.000000	0.004119	0.004165	0.004158	0.004151	0.004184	0.004045	0.004002
588.000000	-0.001900	-0.001932	-0.001880	-0.001926	-0.001909	-0.001981	-0.002020
589.000000	-0.007479	-0.007592	-0.007510	-0.007573	-0.007588	-0.007538	-0.007559
590.000000	-0.005430	-0.005471	-0.005434	-0.005441	-0.005475	-0.005418	-0.005390
591.000000	0.001334	0.001433	0.001400	0.001452	0.001427	0.001416	0.001486
592.000000	0.005024	0.005135	0.005097	0.005087	0.005108	0.005101	0.005143
593.000000	0.004463	0.004462	0.004471	0.004338	0.004407	0.004473	0.004441
594.000000	0.003433	0.003342	0.003363	0.003238	0.003291	0.003391	0.003325
595.000000	0.003510	0.003416	0.003400	0.003421	0.003403	0.003465	0.003427
596.000000	0.003772	0.003734	0.003695	0.003806	0.003755	0.003763	0.003761
597.000000	0.003687	0.003724	0.003708	0.003778	0.003754	0.003732	0.003744
598.000000	0.003519	0.003600	0.003619	0.003641	0.003624	0.003600	0.003612
599.000000	0.003479	0.003543	0.003590	0.003631	0.003561	0.003562	0.003568
600.000000	0.003523	0.003532	0.003601	0.003668	0.003561	0.003589	0.003588
601.000000	0.003581	0.003523	0.003610	0.003654	0.003586	0.003627	0.003623
602.000000	0.003606	0.003496	0.003594	0.003583	0.003592	0.003634	0.003634
603.000000	0.003567	0.003450	0.003539	0.003481	0.003550	0.003588	0.003597
604.000000	0.003502	0.003439	0.003473	0.003418	0.003497	0.003548	0.003553
605.000000	0.003460	0.003518	0.003431	0.003467	0.003489	0.003584	0.003550
606.000000	0.003455	0.003620	0.003442	0.003568	0.003545	0.003654	0.003581
607.000000	0.003481	0.003636	0.003519	0.003615	0.003663	0.003670	0.003615
608.000000	0.003510	0.003574	0.003593	0.003581	0.003752	0.003616	0.003607
609.000000	0.003507	0.003523	0.003545	0.003495	0.003675	0.003523	0.003515
610.000000	0.003486	0.003510	0.003423	0.003414	0.003492	0.003444	0.003399
611.000000	0.003513	0.003506	0.003428	0.003412	0.003438	0.003444	0.003414
612.000000	0.003587	0.003498	0.003572	0.003480	0.003553	0.003516	0.003546
613.000000	0.003613	0.003487	0.003623	0.003499	0.003614	0.003553	0.003566
614.000000	0.003560	0.003479	0.003492	0.003424	0.003525	0.003510	0.003406
615.000000	0.003514	0.003486	0.003403	0.003370	0.003470	0.003465	0.003328
616.000000	0.003533	0.003510	0.003495	0.003417	0.003560	0.003477	0.003493
617.000000	0.003554	0.003537	0.003602	0.003505	0.003635	0.003505	0.003700
618.000000	0.003514	0.003552	0.003566	0.003561	0.003555	0.003505	0.003743
619.000000	0.003437	0.003557	0.003469	0.003562	0.003448	0.003493	0.003657
620.000000	0.003364	0.003560	0.003432	0.003509	0.003471	0.003493	0.003534
621.000000	0.003331	0.003555	0.003435	0.003466	0.003545	0.003510	0.003444
622.000000	0.003362	0.003536	0.003413	0.003508	0.003517	0.003540	0.003437
623.000000	0.003410	0.003500	0.003357	0.003569	0.003398	0.003555	0.003449
624.000000	0.003393	0.003449	0.003290	0.003513	0.003284	0.003522	0.003365
625.000000	0.003313	0.003394	0.003262	0.003367	0.003223	0.003447	0.003232
626.000000	0.003238	0.003356	0.003334	0.003275	0.003228	0.003372	0.003217
627.000000	0.003208	0.003346	0.003465	0.003293	0.003281	0.003337	0.003324
628.000000	0.003237	0.003368	0.003506	0.003368	0.003341	0.003383	0.003374
629.000000	0.003306	0.003405	0.003409	0.003439	0.003371	0.003476	0.003303
630.000000	0.003349	0.003411	0.003293	0.003440	0.003355	0.003466	0.003236
631.000000	0.003335	0.003365	0.003252	0.003354	0.003302	0.003300	0.003258
632.000000	0.003317	0.003314	0.003286	0.003280	0.003284	0.003176	0.003321
633.000000	0.003338	0.003298	0.003365	0.003289	0.003346	0.003234	0.003372
634.000000	0.003372	0.003303	0.003393	0.003320	0.003422	0.003335	0.003406
635.000000	0.003385	0.003310	0.003303	0.003307	0.003440	0.003322	0.003426
636.000000	0.003382	0.003311	0.003221	0.003302	0.003420	0.003250	0.003421
637.000000	0.003376	0.003302	0.003300	0.003377	0.003402	0.003228	0.003382
638.000000	0.003372	0.003297	0.003439	0.003457	0.003383	0.003264	0.003332
639.000000	0.003371	0.003316	0.003438	0.003415	0.003340	0.003322	0.003303
640.000000	0.003368	0.003335	0.003322	0.003289	0.003290	0.003363	0.003304
641.000000	0.003360	0.003306	0.003252	0.003212	0.003272	0.003351	0.003324
642.000000	0.003354	0.003236	0.003260	0.003217	0.003270	0.003291	0.003329
643.000000	0.003364	0.003176	0.003263	0.003238	0.003220	0.003224	0.003268
644.000000	0.003383	0.003165	0.003237	0.003241	0.003133	0.003179	0.003168
645.000000	0.003375	0.003224	0.003246	0.003235	0.003120	0.003163	0.003160
646.000000	0.003329	0.003324	0.003311	0.003221	0.003222	0.003179	0.003273
647.000000	0.003279	0.003353	0.003360	0.003187	0.003332	0.003218	0.003338
648.000000	0.003247	0.003248	0.003343	0.003133	0.003365	0.003259	0.003248
649.000000	0.003210	0.003119	0.003283	0.003101	0.003319	0.003247	0.003119
650.000000	0.003153	0.003072	0.003217	0.003126	0.003222	0.003155	0.003075
651.000000	0.003111	0.003102	0.003182	0.003175	0.003134	0.003090	0.003117
652.000000	0.003125	0.003173	0.003204	0.003211	0.003114	0.003158	0.003212
653.000000	0.003178	0.003248	0.003242	0.003227	0.003147	0.003278	0.003291
654.000000	0.003237	0.003292	0.003239	0.003230	0.003193	0.003313	0.003284
655.000000	0.003289	0.003298	0.003213	0.003202	0.003223	0.003258	0.003218
656.000000	0.003334	0.003275	0.003217	0.003118	0.003219	0.003174	0.003166
657.000000	0.003359	0.003247	0.003247	0.003039	0.003196	0.003114	0.003154
658.000000	0.003342	0.003245	0.003257	0.003091	0.003197	0.003127	0.003167
659.000000	0.003294	0.003270	0.003241	0.003258	0.003227	0.003196	0.003188
660.000000	0.003258	0.003287	0.003232	0.003382	0.003259	0.003239	0.003198
661.000000	0.003242	0.003262	0.003234	0.003382	0.003267	0.003213	0.003184
662.000000	0.003199	0.003166	0.003200	0.003307	0.003242	0.003136	0.003146
663.000000	0.003111	0.003026	0.003118	0.003219	0.003180	0.003044	0.003101
664.000000	0.003036	0.002985	0.003058	0.003180	0.003093	0.003000	0.003104
665.000000	0.003024	0.003124	0.003074	0.003224	0.003008	0.003039	0.003183
666.000000	0.003072	0.003277	0.003134	0.003280	0.002991	0.003094	0.003258
667.000000	0.003152	0.003277	0.003188	0.003273	0.003079	0.003098	0.003252
668.000000	0.003188	0.003180	0.003190	0.003216	0.003159	0.003079	0.003178
669.000000	0.003106	0.003091	0.003110	0.003143	0.003107	0.003081	0.003078
670.000000	0.003002	0.003029	0.003010	0.003074	0.003018	0.003083	0.003002
671.000000	0.003022	0.002979	0.002984	0.003022	0.003061	0.003043	0.002995
672.000000	0.003117	0.002948	0.003028	0.003004	0.003179	0.002994	0.003036
673.000000	0.003127	0.002958	0.003081	0.003032	0.003184	0.003009	0.003065
674.000000	0.003043	0.002999	0.003093	0.003062	0.003052	0.003054	0.003051
675.000000	0.002988	0.003033	0.003024	0.003003	0.002895	0.003004	0.002990
676.000000	0.003006	0.003034	0.002900	0.002866	0.002807	0.002856	0.002894
677.000000	0.003042	0.002996	0.002830	0.002786	0.002844	0.002760	0.002786
678.000000	0.003050	0.002929	0.002860	0.002825	0.002980	0.002787	0.002705
679.000000	0.003010	0.002859	0.002922	0.002903	0.003040	0.002859	0.002704
680.000000	0.002931	0.002820	0.002958	0.002956	0.002945	0.002919	0.002801
681.000000	0.002881	0.002840	0.002968	0.002991	0.002882	0.002993	0.002928
682.000000	0.002910	0.002926	0.002961	0.003017	0.002997	0.003094	0.003016
683.000000	0.002960	0.003003	0.002943	0.003010	0.003132	0.003140	0.003032
684.000000	0.002964	0.002998	0.002923	0.002956	0.003111	0.003059	0.002967
685.000000	0.002930	0.002950	0.002917	0.002917	0.003006	0.002938	0.002887
686.000000	0.002890	0.002932	0.002940	0.002967	0.002954	0.002901	0.002871
687.000000	0.002864	0.002933	0.002946	0.003025	0.002953	0.002924	0.002899
688.000000	0.002867	0.002911	0.002867	0.002951	0.002932	0.002918	0.002906
689.000000	0.002881	0.002882	0.002753	0.002786	0.002864	0.002867	0.002888
690.000000	0.002869	0.002894	0.002723	0.002690	0.002749	0.002803	0.002878
691.000000	0.002810	0.002925	0.002768	0.002694	0.002622	0.002742	0.002862
692.000000	0.002704	0.002878	0.002752	0.002701	0.002547	0.002679	0.002773
693.000000	0.002608	0.002767	0.002688	0.002689	0.002565	0.002634	0.002650
694.000000	0.002656	0.002757	0.002796	0.002741	0.002688	0.002664	0.002677
695.000000	0.002870	0.002901	0.003114	0.002884	0.002879	0.002780	0.002897
696.000000	0.003042	0.003012	0.003300	0.003020	0.003017	0.002898	0.003064
697.000000	0.003031	0.002955	0.003143	0.003067	0.003022	0.002949	0.003002
698.000000	0.002958	0.002834	0.002934	0.003033	0.002958	0.002933	0.002834
699.000000	0.002948	0.002767	0.002943	0.002947	0.002898	0.002869	0.002713
700.000000	0.002947	0.002779	0.003019	0.002870	0.002846	0.002816	0.002700
701.000000	0.002876	0.002856	0.002946	0.002858	0.002797	0.002826	0.002817
702.000000	0.002791	0.002916	0.002804	0.002883	0.002792	0.002875	0.002968
703.000000	0.002788	0.002865	0.002767	0.002888	0.002878	0.002911	0.003020
704.000000	0.002846	0.002757	0.002820	0.002860	0.002974	0.002909	0.002937
705.000000	0.002886	0.002712	0.002851	0.002803	0.002943	0.002865	0.002737
706.000000	0.002879	0.002745	0.002827	0.002738	0.002818	0.002799	0.002551
707.000000	0.002837	0.002787	0.002773	0.002691	0.002759	0.002752	0.002578
708.000000	0.002767	0.002794	0.002732	0.002663	0.002802	0.002728	0.002792
709.000000	0.002671	0.002750	0.002759	0.002628	0.002844	0.002690	0.002916
710.000000	0.002575	0.002669	0.002831	0.002579	0.002828	0.002646	0.002835
711.000000	0.002550	0.002608	0.002805	0.002540	0.002780	0.002664	0.002695
712.000000	0.002625	0.002611	0.002645	0.002542	0.002747	0.002770	0.002629
713.000000	0.002734	0.002698	0.002576	0.002620	0.002814	0.002888	0.002699
714.000000	0.002813	0.002852	0.002735	0.002772	0.002997	0.002933	0.002895
715.000000	0.002835	0.002962	0.002877	0.002876	0.003095	0.002843	0.003008
716.000000	0.002792	0.002940	0.002765	0.002832	0.002934	0.002617	0.002878
717.000000	0.002710	0.002891	0.002569	0.002749	0.002680	0.002524	0.002742
718.000000	0.002633	0.002946	0.002531	0.002775	0.002567	0.002827	0.002887
719.000000	0.002642	0.003053	0.002601	0.002875	0.002629	0.003238	0.003177
720.000000	0.002806	0.003090	0.002624	0.002947	0.002811	0.003283	0.003322
721.000000	0.002938	0.003023	0.002581	0.002935	0.002961	0.003017	0.003251
722.000000	0.002719	0.002872	0.002543	0.002819	0.002891	0.002795	0.003029
723.000000	0.002304	0.002719	0.002586	0.002659	0.002674	0.002742	0.002775
724.000000	0.002230	0.002687	0.002792	0.002582	0.002599	0.002789	0.002648
725.000000	0.002539	0.002733	0.003050	0.002625	0.002716	0.002830	0.002666
726.000000	0.002673	0.002617	0.003027	0.002709	0.002785	0.002730	0.002678
727.000000	0.002425	0.002299	0.002682	0.002760	0.002697	0.002519	0.002625
728.000000	0.002220	0.002095	0.002476	0.002711	0.002592	0.002508	0.002611
729.000000	0.002308	0.002136	0.002631	0.002522	0.002563	0.002785	0.002678
730.000000	0.002376	0.002046	0.002689	0.002201	0.002535	0.002845	0.002694
731.000000	0.002138	0.001511	0.002260	0.001772	0.002439	0.002282	0.002551
732.000000	0.001699	0.000691	0.001517	0.001285	0.002298	0.001326	0.002307
