[HEADER]
Format	J&M ASCII Table
Comment	Remin PV CDOM Samples 
Date	2/12/1980 7:08:09 AM
Order	Y (evenX)
TechType	UV
NumPoints	483
FirstX	250.00
LastX	732.00
XType	NMetr
YType	Absrb
ZType	Secs
NumSubFile	7
Matrix	Z vs X
[DATA]
	0.000000	5.000064	10.000128	15.000256	20.000320	25.000448	30.000511
250.000000	1.192931	1.195912	1.193282	1.190865	1.193605	1.194043	1.194867
251.000000	1.175628	1.180339	1.175693	1.175015	1.178100	1.176633	1.177672
252.000000	1.159605	1.164278	1.160677	1.162359	1.162344	1.159510	1.159431
253.000000	1.144921	1.148168	1.147183	1.149357	1.147111	1.143785	1.142657
254.000000	1.131705	1.132750	1.134223	1.133621	1.133141	1.130289	1.129197
255.000000	1.120515	1.119578	1.121825	1.118646	1.120692	1.118489	1.117461
256.000000	1.111556	1.109790	1.110287	1.108145	1.109765	1.107701	1.105660
257.000000	1.102616	1.101281	1.100165	1.100051	1.099494	1.098041	1.094979
258.000000	1.091225	1.091330	1.091967	1.090801	1.088964	1.089833	1.087290
259.000000	1.079847	1.081464	1.085021	1.080929	1.079429	1.082875	1.081611
260.000000	1.073165	1.075136	1.078140	1.072980	1.073083	1.076698	1.075630
261.000000	1.070733	1.071682	1.071615	1.067800	1.069486	1.070914	1.069175
262.000000	1.068199	1.067316	1.066810	1.064862	1.066178	1.065195	1.063678
263.000000	1.063222	1.060531	1.062973	1.062119	1.061383	1.059050	1.058702
264.000000	1.055876	1.052504	1.056927	1.055862	1.054179	1.051810	1.051655
265.000000	1.046587	1.043998	1.047308	1.045006	1.044707	1.043127	1.041671
266.000000	1.036148	1.034834	1.036047	1.033060	1.034832	1.033216	1.030999
267.000000	1.025130	1.024636	1.024556	1.022413	1.025383	1.022243	1.021020
268.000000	1.013434	1.012766	1.012099	1.011438	1.014099	1.010110	1.010112
269.000000	1.000600	0.998716	0.997793	0.998277	0.998999	0.996564	0.996585
270.000000	0.985132	0.982656	0.981513	0.982645	0.981118	0.980896	0.980364
271.000000	0.965742	0.964899	0.963388	0.964687	0.962069	0.962498	0.961850
272.000000	0.943995	0.945627	0.943944	0.944774	0.942368	0.942117	0.941912
273.000000	0.922337	0.924964	0.923764	0.923350	0.922069	0.920948	0.921478
274.000000	0.900982	0.902983	0.902423	0.900707	0.900768	0.899455	0.900255
275.000000	0.878863	0.879728	0.878986	0.877046	0.877832	0.877636	0.877293
276.000000	0.855302	0.855199	0.853797	0.852545	0.853265	0.854723	0.852670
277.000000	0.829987	0.829381	0.828282	0.827358	0.827621	0.829338	0.827347
278.000000	0.803273	0.802785	0.802905	0.801651	0.801422	0.801680	0.801733
279.000000	0.776341	0.776590	0.776870	0.775605	0.775131	0.773975	0.775503
280.000000	0.749819	0.751183	0.749881	0.749239	0.748903	0.747599	0.748666
281.000000	0.723176	0.725371	0.722742	0.722275	0.722325	0.722068	0.721946
282.000000	0.696148	0.698390	0.696184	0.694793	0.695296	0.696697	0.695845
283.000000	0.669589	0.671221	0.670369	0.667996	0.668787	0.670805	0.669988
284.000000	0.644240	0.644915	0.645240	0.642875	0.643579	0.644029	0.643987
285.000000	0.619425	0.619451	0.620218	0.618585	0.618741	0.617405	0.618088
286.000000	0.594277	0.594536	0.594765	0.593973	0.593157	0.592182	0.592707
287.000000	0.569348	0.570033	0.569669	0.569342	0.567758	0.568356	0.568211
288.000000	0.545721	0.545924	0.546171	0.545568	0.544212	0.545414	0.544914
289.000000	0.523554	0.522716	0.524184	0.522930	0.522513	0.523160	0.522755
290.000000	0.502419	0.501212	0.502795	0.501319	0.501602	0.501610	0.501441
291.000000	0.481972	0.481284	0.481830	0.480645	0.481034	0.480875	0.480867
292.000000	0.461977	0.461926	0.461820	0.460837	0.460967	0.461153	0.461112
293.000000	0.442640	0.442877	0.443048	0.441975	0.441790	0.442539	0.442282
294.000000	0.424782	0.424959	0.425406	0.424348	0.424183	0.424987	0.424511
295.000000	0.408707	0.408622	0.408789	0.408026	0.408336	0.408427	0.407891
296.000000	0.393544	0.393363	0.393156	0.392594	0.393369	0.392775	0.392423
297.000000	0.378640	0.378716	0.378470	0.377766	0.378580	0.377970	0.378023
298.000000	0.364525	0.364703	0.364682	0.363864	0.364238	0.364041	0.364362
299.000000	0.351774	0.351452	0.351734	0.351189	0.350777	0.351011	0.351172
300.000000	0.340030	0.339107	0.339541	0.339359	0.338486	0.338822	0.338707
301.000000	0.328713	0.327783	0.328027	0.327871	0.327523	0.327395	0.327317
302.000000	0.317739	0.317288	0.317224	0.316955	0.317382	0.316700	0.316807
303.000000	0.307260	0.307304	0.307200	0.307124	0.307303	0.306720	0.306753
304.000000	0.297447	0.297713	0.297778	0.298053	0.297353	0.297262	0.297066
305.000000	0.288471	0.288540	0.288622	0.288864	0.288157	0.288023	0.287890
306.000000	0.280193	0.279803	0.279731	0.279548	0.279759	0.279080	0.279244
307.000000	0.272152	0.271505	0.271446	0.271003	0.271596	0.270894	0.271008
308.000000	0.264133	0.263621	0.263802	0.263477	0.263452	0.263484	0.263098
309.000000	0.256309	0.256075	0.256347	0.256170	0.255675	0.256165	0.255495
310.000000	0.248826	0.248778	0.248807	0.248573	0.248442	0.248548	0.248171
311.000000	0.241704	0.241603	0.241418	0.241048	0.241426	0.241051	0.241062
312.000000	0.234876	0.234486	0.234387	0.233941	0.234348	0.234019	0.234082
313.000000	0.228055	0.227581	0.227586	0.227135	0.227332	0.227156	0.227080
314.000000	0.220988	0.221014	0.220824	0.220429	0.220538	0.220118	0.219962
315.000000	0.213892	0.214473	0.213981	0.213741	0.213842	0.213070	0.213010
316.000000	0.207100	0.207569	0.206995	0.207036	0.207052	0.206310	0.206568
317.000000	0.200614	0.200526	0.200084	0.200350	0.200265	0.199810	0.200397
318.000000	0.194266	0.193843	0.193582	0.193754	0.193705	0.193384	0.193990
319.000000	0.187888	0.187508	0.187378	0.187267	0.187301	0.186969	0.187314
320.000000	0.181322	0.181123	0.181033	0.180871	0.180766	0.180593	0.180684
321.000000	0.174609	0.174563	0.174454	0.174521	0.174054	0.174240	0.174229
322.000000	0.168010	0.168009	0.167933	0.168142	0.167397	0.167840	0.167863
323.000000	0.161659	0.161574	0.161589	0.161696	0.160959	0.161396	0.161484
324.000000	0.155463	0.155237	0.155213	0.155204	0.154770	0.155038	0.154993
325.000000	0.149319	0.148980	0.148726	0.148745	0.148808	0.148861	0.148437
326.000000	0.143150	0.142843	0.142430	0.142534	0.142950	0.142845	0.142228
327.000000	0.136936	0.136852	0.136558	0.136698	0.137083	0.136932	0.136618
328.000000	0.130864	0.130964	0.130848	0.130961	0.131182	0.130986	0.131064
329.000000	0.125129	0.125142	0.125013	0.125043	0.125270	0.124908	0.125000
330.000000	0.119677	0.119498	0.119286	0.119209	0.119520	0.118939	0.118858
331.000000	0.114369	0.114165	0.114037	0.113862	0.114123	0.113405	0.113343
332.000000	0.109102	0.109036	0.109089	0.108820	0.108903	0.108257	0.108339
333.000000	0.103807	0.103878	0.103999	0.103619	0.103515	0.103254	0.103310
334.000000	0.098590	0.098673	0.098762	0.098356	0.098108	0.098312	0.098182
335.000000	0.093689	0.093574	0.093728	0.093564	0.093215	0.093473	0.093253
336.000000	0.089126	0.088709	0.089008	0.089257	0.088883	0.088777	0.088656
337.000000	0.084652	0.084169	0.084426	0.084822	0.084574	0.084259	0.084308
338.000000	0.080184	0.079923	0.079896	0.080076	0.080024	0.079926	0.080108
339.000000	0.075950	0.075729	0.075529	0.075650	0.075507	0.075745	0.075931
340.000000	0.072049	0.071467	0.071407	0.071902	0.071264	0.071692	0.071735
341.000000	0.068159	0.067401	0.067495	0.068254	0.067306	0.067780	0.067685
342.000000	0.064051	0.063755	0.063753	0.064212	0.063601	0.064029	0.063925
343.000000	0.060122	0.060360	0.060190	0.060224	0.060095	0.060463	0.060377
344.000000	0.056811	0.056977	0.056806	0.056847	0.056731	0.057078	0.056924
345.000000	0.053843	0.053594	0.053448	0.053846	0.053468	0.053713	0.053569
346.000000	0.050714	0.050280	0.049944	0.050724	0.050270	0.050184	0.050356
347.000000	0.047401	0.047113	0.046467	0.047455	0.047099	0.046699	0.047236
348.000000	0.044153	0.044161	0.043376	0.044277	0.043926	0.043663	0.044118
349.000000	0.041105	0.041339	0.040687	0.041304	0.040854	0.041002	0.041023
350.000000	0.038283	0.038436	0.038127	0.038538	0.038092	0.038241	0.038065
351.000000	0.035627	0.035436	0.035535	0.035870	0.035586	0.035247	0.035301
352.000000	0.032969	0.032575	0.032908	0.033060	0.032950	0.032336	0.032713
353.000000	0.030270	0.029972	0.030276	0.030089	0.030071	0.029710	0.030248
354.000000	0.027735	0.027516	0.027723	0.027365	0.027363	0.027316	0.027797
355.000000	0.025466	0.025115	0.025295	0.025113	0.025090	0.025058	0.025283
356.000000	0.023207	0.022793	0.022932	0.022931	0.022930	0.022794	0.022730
357.000000	0.020727	0.020566	0.020561	0.020447	0.020562	0.020408	0.020193
358.000000	0.018156	0.018321	0.018144	0.017880	0.018079	0.017947	0.017784
359.000000	0.015705	0.015948	0.015675	0.015551	0.015668	0.015506	0.015600
360.000000	0.013471	0.013587	0.013313	0.013455	0.013421	0.013224	0.013538
361.000000	0.011488	0.011452	0.011254	0.011451	0.011377	0.011231	0.011428
362.000000	0.009571	0.009480	0.009382	0.009386	0.009395	0.009357	0.009222
363.000000	0.007430	0.007449	0.007408	0.007116	0.007244	0.007267	0.006954
364.000000	0.005139	0.005298	0.005253	0.004727	0.004949	0.004987	0.004728
365.000000	0.003090	0.003108	0.003031	0.002507	0.002760	0.002856	0.002710
366.000000	0.001340	0.000960	0.000851	0.000589	0.000792	0.000978	0.000916
367.000000	-0.000508	-0.001073	-0.001200	-0.001112	-0.001020	-0.000857	-0.000832
368.000000	-0.002666	-0.003013	-0.003128	-0.002765	-0.002822	-0.002817	-0.002716
369.000000	-0.004949	-0.005062	-0.005114	-0.004679	-0.004883	-0.004941	-0.004895
370.000000	-0.007164	-0.007321	-0.007258	-0.006998	-0.007297	-0.007211	-0.007377
371.000000	-0.009236	-0.009551	-0.009363	-0.009356	-0.009616	-0.009484	-0.009742
372.000000	-0.011140	-0.011530	-0.011251	-0.011403	-0.011451	-0.011619	-0.011629
373.000000	-0.012996	-0.013386	-0.013065	-0.013261	-0.013090	-0.013583	-0.013288
374.000000	-0.014938	-0.015309	-0.015002	-0.015151	-0.014946	-0.015391	-0.015088
375.000000	-0.016948	-0.017251	-0.017055	-0.017097	-0.017031	-0.017185	-0.017067
376.000000	-0.018940	-0.019080	-0.019131	-0.019046	-0.019189	-0.019132	-0.019125
377.000000	-0.020853	-0.020822	-0.021113	-0.020990	-0.021236	-0.021144	-0.021142
378.000000	-0.022641	-0.022594	-0.022877	-0.022947	-0.022990	-0.022980	-0.022996
379.000000	-0.024339	-0.024411	-0.024492	-0.024843	-0.024509	-0.024633	-0.024693
380.000000	-0.026049	-0.026193	-0.026195	-0.026527	-0.026069	-0.026305	-0.026358
381.000000	-0.027825	-0.027912	-0.028056	-0.028044	-0.027789	-0.028069	-0.028069
382.000000	-0.029648	-0.029617	-0.029910	-0.029700	-0.029567	-0.029820	-0.029837
383.000000	-0.031475	-0.031331	-0.031658	-0.031613	-0.031332	-0.031483	-0.031645
384.000000	-0.033224	-0.033020	-0.033359	-0.033502	-0.033098	-0.033077	-0.033432
385.000000	-0.034849	-0.034664	-0.035063	-0.035135	-0.034864	-0.034646	-0.035144
386.000000	-0.036427	-0.036292	-0.036758	-0.036570	-0.036560	-0.036288	-0.036763
387.000000	-0.038026	-0.037931	-0.038407	-0.037924	-0.038130	-0.038063	-0.038290
388.000000	-0.039584	-0.039562	-0.039931	-0.039369	-0.039644	-0.039820	-0.039782
389.000000	-0.041021	-0.041148	-0.041263	-0.041044	-0.041186	-0.041374	-0.041291
390.000000	-0.042365	-0.042618	-0.042509	-0.042748	-0.042674	-0.042718	-0.042746
391.000000	-0.043691	-0.043898	-0.043833	-0.044172	-0.043978	-0.043928	-0.044041
392.000000	-0.045083	-0.045081	-0.045246	-0.045362	-0.045188	-0.045152	-0.045283
393.000000	-0.046623	-0.046352	-0.046660	-0.046574	-0.046515	-0.046569	-0.046694
394.000000	-0.048145	-0.047715	-0.047984	-0.047847	-0.047923	-0.048059	-0.048181
395.000000	-0.049266	-0.049005	-0.049130	-0.049018	-0.049151	-0.049232	-0.049362
396.000000	-0.050001	-0.050180	-0.050139	-0.050081	-0.050175	-0.050065	-0.050203
397.000000	-0.050905	-0.051366	-0.051232	-0.051254	-0.051312	-0.051038	-0.051150
398.000000	-0.052255	-0.052613	-0.052520	-0.052601	-0.052671	-0.052392	-0.052438
399.000000	-0.053705	-0.053800	-0.053884	-0.053862	-0.053917	-0.053825	-0.053823
400.000000	-0.054950	-0.054845	-0.055194	-0.054878	-0.054845	-0.055075	-0.055069
401.000000	-0.056021	-0.055843	-0.056372	-0.055897	-0.055781	-0.056195	-0.056140
402.000000	-0.057005	-0.056893	-0.057376	-0.057148	-0.057024	-0.057268	-0.057062
403.000000	-0.057974	-0.057963	-0.058281	-0.058411	-0.058299	-0.058272	-0.057975
404.000000	-0.058984	-0.058992	-0.059188	-0.059396	-0.059242	-0.059169	-0.059027
405.000000	-0.060018	-0.059979	-0.060141	-0.060167	-0.060016	-0.060047	-0.060158
406.000000	-0.061030	-0.060948	-0.061151	-0.060935	-0.060973	-0.061031	-0.061235
407.000000	-0.062015	-0.061912	-0.062175	-0.061827	-0.062085	-0.062093	-0.062258
408.000000	-0.062989	-0.062878	-0.063131	-0.062910	-0.063086	-0.063109	-0.063309
409.000000	-0.063940	-0.063867	-0.063998	-0.064091	-0.063933	-0.064046	-0.064350
410.000000	-0.064837	-0.064908	-0.064806	-0.065132	-0.064786	-0.064953	-0.065228
411.000000	-0.065674	-0.065950	-0.065591	-0.065947	-0.065690	-0.065846	-0.065915
412.000000	-0.066487	-0.066831	-0.066386	-0.066661	-0.066532	-0.066688	-0.066546
413.000000	-0.067328	-0.067528	-0.067231	-0.067400	-0.067304	-0.067488	-0.067260
414.000000	-0.068271	-0.068307	-0.068174	-0.068264	-0.068228	-0.068359	-0.068178
415.000000	-0.069314	-0.069312	-0.069210	-0.069272	-0.069393	-0.069338	-0.069305
416.000000	-0.070221	-0.070222	-0.070171	-0.070217	-0.070401	-0.070220	-0.070309
417.000000	-0.070811	-0.070759	-0.070915	-0.070925	-0.070922	-0.070834	-0.070923
418.000000	-0.071350	-0.071230	-0.071564	-0.071560	-0.071325	-0.071364	-0.071440
419.000000	-0.072160	-0.072021	-0.072281	-0.072332	-0.072084	-0.072052	-0.072232
420.000000	-0.073068	-0.072943	-0.072996	-0.073112	-0.072994	-0.072836	-0.073120
421.000000	-0.073727	-0.073607	-0.073561	-0.073653	-0.073608	-0.073538	-0.073729
422.000000	-0.074203	-0.074082	-0.074063	-0.074081	-0.074003	-0.074160	-0.074128
423.000000	-0.074806	-0.074712	-0.074720	-0.074728	-0.074567	-0.074807	-0.074650
424.000000	-0.075523	-0.075473	-0.075487	-0.075520	-0.075309	-0.075450	-0.075313
425.000000	-0.076044	-0.076006	-0.076072	-0.076014	-0.075892	-0.075937	-0.075842
426.000000	-0.076328	-0.076256	-0.076410	-0.076180	-0.076248	-0.076278	-0.076187
427.000000	-0.076695	-0.076586	-0.076740	-0.076548	-0.076673	-0.076704	-0.076599
428.000000	-0.077309	-0.077184	-0.077217	-0.077352	-0.077307	-0.077310	-0.077213
429.000000	-0.077978	-0.077850	-0.077781	-0.078177	-0.077939	-0.077903	-0.077884
430.000000	-0.078545	-0.078412	-0.078370	-0.078705	-0.078412	-0.078349	-0.078492
431.000000	-0.079072	-0.078921	-0.078978	-0.079106	-0.078861	-0.078799	-0.079070
432.000000	-0.079631	-0.079455	-0.079598	-0.079588	-0.079422	-0.079394	-0.079660
433.000000	-0.080171	-0.080034	-0.080168	-0.080111	-0.080015	-0.080014	-0.080202
434.000000	-0.080622	-0.080650	-0.080626	-0.080584	-0.080522	-0.080503	-0.080634
435.000000	-0.081038	-0.081222	-0.081007	-0.081031	-0.080976	-0.080923	-0.081036
436.000000	-0.081512	-0.081648	-0.081382	-0.081517	-0.081459	-0.081419	-0.081531
437.000000	-0.082030	-0.081973	-0.081812	-0.082019	-0.081961	-0.081981	-0.082082
438.000000	-0.082513	-0.082327	-0.082349	-0.082462	-0.082417	-0.082510	-0.082552
439.000000	-0.082921	-0.082750	-0.082919	-0.082846	-0.082817	-0.082954	-0.082921
440.000000	-0.083247	-0.083206	-0.083350	-0.083234	-0.083205	-0.083310	-0.083267
441.000000	-0.083539	-0.083658	-0.083633	-0.083654	-0.083602	-0.083612	-0.083635
442.000000	-0.083906	-0.084077	-0.083982	-0.084085	-0.084001	-0.083940	-0.084027
443.000000	-0.084396	-0.084467	-0.084489	-0.084511	-0.084416	-0.084346	-0.084442
444.000000	-0.084925	-0.084894	-0.084990	-0.084939	-0.084903	-0.084826	-0.084895
445.000000	-0.085415	-0.085395	-0.085369	-0.085371	-0.085473	-0.085354	-0.085380
446.000000	-0.085851	-0.085897	-0.085731	-0.085802	-0.085994	-0.085850	-0.085827
447.000000	-0.086236	-0.086330	-0.086176	-0.086229	-0.086346	-0.086252	-0.086181
448.000000	-0.086610	-0.086709	-0.086630	-0.086652	-0.086590	-0.086613	-0.086500
449.000000	-0.087008	-0.087061	-0.086991	-0.087064	-0.086818	-0.086999	-0.086854
450.000000	-0.087366	-0.087343	-0.087261	-0.087387	-0.087051	-0.087360	-0.087212
451.000000	-0.087591	-0.087494	-0.087488	-0.087532	-0.087280	-0.087611	-0.087502
452.000000	-0.087718	-0.087578	-0.087689	-0.087586	-0.087527	-0.087764	-0.087695
453.000000	-0.087853	-0.087730	-0.087870	-0.087732	-0.087831	-0.087889	-0.087789
454.000000	-0.088077	-0.087991	-0.088070	-0.088019	-0.088181	-0.088082	-0.087892
455.000000	-0.088441	-0.088320	-0.088359	-0.088377	-0.088528	-0.088450	-0.088202
456.000000	-0.088887	-0.088667	-0.088728	-0.088745	-0.088832	-0.088939	-0.088699
457.000000	-0.089219	-0.088972	-0.089075	-0.089071	-0.089068	-0.089286	-0.089092
458.000000	-0.089361	-0.089216	-0.089341	-0.089331	-0.089240	-0.089387	-0.089253
459.000000	-0.089463	-0.089457	-0.089568	-0.089541	-0.089399	-0.089434	-0.089376
460.000000	-0.089648	-0.089730	-0.089788	-0.089725	-0.089590	-0.089589	-0.089611
461.000000	-0.089894	-0.089986	-0.089986	-0.089917	-0.089825	-0.089825	-0.089894
462.000000	-0.090155	-0.090181	-0.090148	-0.090142	-0.090101	-0.090089	-0.090143
463.000000	-0.090376	-0.090335	-0.090290	-0.090371	-0.090368	-0.090327	-0.090352
464.000000	-0.090521	-0.090487	-0.090439	-0.090574	-0.090575	-0.090503	-0.090533
465.000000	-0.090674	-0.090673	-0.090627	-0.090783	-0.090753	-0.090689	-0.090722
466.000000	-0.090948	-0.090924	-0.090876	-0.091047	-0.090953	-0.090980	-0.090955
467.000000	-0.091277	-0.091208	-0.091126	-0.091320	-0.091168	-0.091284	-0.091205
468.000000	-0.091500	-0.091461	-0.091281	-0.091511	-0.091359	-0.091417	-0.091408
469.000000	-0.091605	-0.091658	-0.091379	-0.091629	-0.091520	-0.091435	-0.091558
470.000000	-0.091703	-0.091806	-0.091573	-0.091769	-0.091677	-0.091590	-0.091688
471.000000	-0.091856	-0.091921	-0.091868	-0.091951	-0.091838	-0.091919	-0.091830
472.000000	-0.092063	-0.092031	-0.092092	-0.092105	-0.091998	-0.092200	-0.092009
473.000000	-0.092310	-0.092169	-0.092190	-0.092211	-0.092166	-0.092329	-0.092226
474.000000	-0.092564	-0.092382	-0.092328	-0.092345	-0.092380	-0.092431	-0.092443
475.000000	-0.092785	-0.092667	-0.092603	-0.092542	-0.092642	-0.092589	-0.092626
476.000000	-0.092923	-0.092902	-0.092880	-0.092720	-0.092856	-0.092719	-0.092765
477.000000	-0.092962	-0.092995	-0.093035	-0.092815	-0.092954	-0.092763	-0.092864
478.000000	-0.093026	-0.093053	-0.093139	-0.092913	-0.093029	-0.092862	-0.092980
479.000000	-0.093236	-0.093202	-0.093290	-0.093112	-0.093189	-0.093153	-0.093164
480.000000	-0.093505	-0.093405	-0.093474	-0.093368	-0.093401	-0.093483	-0.093381
481.000000	-0.093682	-0.093575	-0.093639	-0.093592	-0.093587	-0.093617	-0.093564
482.000000	-0.093767	-0.093682	-0.093749	-0.093718	-0.093684	-0.093594	-0.093692
483.000000	-0.093831	-0.093730	-0.093778	-0.093702	-0.093650	-0.093591	-0.093767
484.000000	-0.093878	-0.093738	-0.093744	-0.093614	-0.093547	-0.093661	-0.093780
485.000000	-0.093861	-0.093736	-0.093695	-0.093611	-0.093514	-0.093763	-0.093720
486.000000	-0.093810	-0.093756	-0.093681	-0.093719	-0.093600	-0.093855	-0.093640
487.000000	-0.093844	-0.093827	-0.093751	-0.093823	-0.093746	-0.093909	-0.093663
488.000000	-0.093982	-0.093947	-0.093904	-0.093876	-0.093899	-0.093922	-0.093823
489.000000	-0.094081	-0.094073	-0.094056	-0.093951	-0.094034	-0.093938	-0.093999
490.000000	-0.094086	-0.094189	-0.094167	-0.094106	-0.094149	-0.094005	-0.094126
491.000000	-0.094199	-0.094358	-0.094317	-0.094340	-0.094297	-0.094179	-0.094298
492.000000	-0.094532	-0.094596	-0.094541	-0.094605	-0.094493	-0.094460	-0.094561
493.000000	-0.094739	-0.094719	-0.094660	-0.094737	-0.094582	-0.094635	-0.094683
494.000000	-0.094497	-0.094567	-0.094512	-0.094603	-0.094435	-0.094521	-0.094465
495.000000	-0.094155	-0.094369	-0.094314	-0.094412	-0.094253	-0.094345	-0.094187
496.000000	-0.094215	-0.094434	-0.094360	-0.094443	-0.094305	-0.094425	-0.094236
497.000000	-0.094542	-0.094656	-0.094573	-0.094634	-0.094497	-0.094656	-0.094492
498.000000	-0.094711	-0.094744	-0.094699	-0.094758	-0.094566	-0.094743	-0.094606
499.000000	-0.094653	-0.094667	-0.094677	-0.094756	-0.094493	-0.094663	-0.094543
500.000000	-0.094556	-0.094583	-0.094587	-0.094689	-0.094429	-0.094591	-0.094493
501.000000	-0.094507	-0.094554	-0.094500	-0.094608	-0.094428	-0.094583	-0.094514
502.000000	-0.094483	-0.094536	-0.094472	-0.094542	-0.094438	-0.094570	-0.094521
503.000000	-0.094463	-0.094506	-0.094505	-0.094503	-0.094432	-0.094530	-0.094488
504.000000	-0.094442	-0.094476	-0.094511	-0.094476	-0.094430	-0.094519	-0.094488
505.000000	-0.094422	-0.094457	-0.094450	-0.094452	-0.094450	-0.094559	-0.094549
506.000000	-0.094414	-0.094447	-0.094395	-0.094448	-0.094484	-0.094583	-0.094582
507.000000	-0.094425	-0.094444	-0.094402	-0.094473	-0.094519	-0.094538	-0.094521
508.000000	-0.094437	-0.094438	-0.094435	-0.094487	-0.094522	-0.094474	-0.094426
509.000000	-0.094434	-0.094426	-0.094449	-0.094463	-0.094468	-0.094443	-0.094371
510.000000	-0.094434	-0.094431	-0.094440	-0.094459	-0.094410	-0.094437	-0.094367
511.000000	-0.094458	-0.094473	-0.094420	-0.094539	-0.094409	-0.094429	-0.094403
512.000000	-0.094467	-0.094490	-0.094389	-0.094598	-0.094427	-0.094388	-0.094429
513.000000	-0.094403	-0.094390	-0.094345	-0.094478	-0.094390	-0.094287	-0.094385
514.000000	-0.094303	-0.094238	-0.094302	-0.094262	-0.094314	-0.094177	-0.094301
515.000000	-0.094268	-0.094193	-0.094282	-0.094184	-0.094278	-0.094150	-0.094262
516.000000	-0.094301	-0.094246	-0.094275	-0.094252	-0.094277	-0.094195	-0.094257
517.000000	-0.094312	-0.094233	-0.094233	-0.094249	-0.094226	-0.094201	-0.094184
518.000000	-0.094246	-0.094115	-0.094138	-0.094108	-0.094102	-0.094125	-0.094038
519.000000	-0.094109	-0.094037	-0.094013	-0.093978	-0.093971	-0.094019	-0.093945
520.000000	-0.093938	-0.094057	-0.093888	-0.093947	-0.093882	-0.093933	-0.093958
521.000000	-0.093821	-0.094035	-0.093808	-0.093941	-0.093840	-0.093882	-0.093952
522.000000	-0.093808	-0.093880	-0.093788	-0.093893	-0.093828	-0.093863	-0.093837
523.000000	-0.093816	-0.093707	-0.093761	-0.093805	-0.093790	-0.093818	-0.093693
524.000000	-0.093761	-0.093640	-0.093671	-0.093693	-0.093682	-0.093707	-0.093608
525.000000	-0.093683	-0.093643	-0.093584	-0.093581	-0.093585	-0.093611	-0.093588
526.000000	-0.093649	-0.093649	-0.093581	-0.093494	-0.093587	-0.093621	-0.093615
527.000000	-0.093651	-0.093643	-0.093613	-0.093460	-0.093642	-0.093666	-0.093649
528.000000	-0.093654	-0.093631	-0.093584	-0.093502	-0.093651	-0.093624	-0.093645
529.000000	-0.093625	-0.093604	-0.093513	-0.093569	-0.093606	-0.093505	-0.093605
530.000000	-0.093539	-0.093540	-0.093478	-0.093566	-0.093551	-0.093397	-0.093549
531.000000	-0.093434	-0.093405	-0.093419	-0.093444	-0.093435	-0.093335	-0.093435
532.000000	-0.093404	-0.093163	-0.093167	-0.093202	-0.093142	-0.093302	-0.093172
533.000000	-0.093405	-0.093024	-0.092962	-0.093070	-0.092942	-0.093266	-0.092992
534.000000	-0.093215	-0.093504	-0.093552	-0.093554	-0.093583	-0.093179	-0.093519
535.000000	-0.092946	-0.094176	-0.094441	-0.094221	-0.094526	-0.093117	-0.094293
536.000000	-0.093321	-0.092886	-0.092834	-0.092905	-0.092849	-0.093380	-0.092850
537.000000	-0.094213	-0.089988	-0.089156	-0.089961	-0.088988	-0.093802	-0.089578
538.000000	-0.093040	-0.093009	-0.093048	-0.092937	-0.092989	-0.092923	-0.093010
539.000000	-0.089194	-0.103799	-0.106879	-0.103724	-0.107349	-0.090497	-0.105240
540.000000	-0.091509	-0.096905	-0.098021	-0.096964	-0.098226	-0.091993	-0.097360
541.000000	-0.105478	-0.048505	-0.038203	-0.050833	-0.036561	-0.100748	-0.043430
542.000000	-0.102240	0.014383	0.021949	-0.005760	0.023219	-0.098678	0.018051
543.000000	-0.048110	0.048837	0.012081	-0.017317	0.006432	-0.064663	0.030961
544.000000	0.015608	0.040765	-0.046963	-0.065188	-0.059268	-0.024136	-0.000478
545.000000	0.012083	-0.006704	-0.087741	-0.090752	-0.094571	-0.024647	-0.040175
546.000000	-0.049892	-0.068191	-0.094333	-0.085602	-0.087709	-0.061673	-0.070071
547.000000	-0.095433	-0.102066	-0.091397	-0.080559	-0.079702	-0.090447	-0.086760
548.000000	-0.098592	-0.099705	-0.091499	-0.087033	-0.086380	-0.094677	-0.091843
549.000000	-0.090419	-0.090004	-0.092352	-0.093446	-0.093662	-0.091304	-0.092081
550.000000	-0.090029	-0.089639	-0.092279	-0.093540	-0.093752	-0.091114	-0.091963
551.000000	-0.092316	-0.092296	-0.091878	-0.091652	-0.091599	-0.092066	-0.091856
552.000000	-0.092497	-0.092487	-0.091689	-0.091280	-0.091218	-0.092071	-0.091761
553.000000	-0.091738	-0.091609	-0.091636	-0.091685	-0.091697	-0.091677	-0.091699
554.000000	-0.091547	-0.091429	-0.091577	-0.091814	-0.091789	-0.091564	-0.091669
555.000000	-0.091627	-0.091572	-0.091454	-0.091647	-0.091539	-0.091550	-0.091569
556.000000	-0.091439	-0.091374	-0.091259	-0.091391	-0.091257	-0.091361	-0.091331
557.000000	-0.091221	-0.091113	-0.091176	-0.091259	-0.091156	-0.091202	-0.091191
558.000000	-0.091353	-0.091254	-0.091362	-0.091387	-0.091338	-0.091341	-0.091384
559.000000	-0.091308	-0.091253	-0.091282	-0.091270	-0.091253	-0.091269	-0.091339
560.000000	-0.090293	-0.090265	-0.090239	-0.090260	-0.090211	-0.090271	-0.090281
561.000000	-0.089852	-0.089815	-0.089800	-0.089889	-0.089778	-0.089879	-0.089784
562.000000	-0.092854	-0.092789	-0.092806	-0.092911	-0.092786	-0.092888	-0.092756
563.000000	-0.095066	-0.094980	-0.095019	-0.095088	-0.094998	-0.095057	-0.094974
564.000000	-0.085567	-0.085507	-0.085538	-0.085604	-0.085522	-0.085518	-0.085499
565.000000	-0.074550	-0.074557	-0.074556	-0.074665	-0.074551	-0.074490	-0.074503
566.000000	-0.102515	-0.102552	-0.102547	-0.102648	-0.102547	-0.102460	-0.102464
567.000000	-0.173000	-0.172992	-0.173025	-0.173034	-0.173022	-0.172949	-0.172916
568.000000	-0.208594	-0.208514	-0.208558	-0.208512	-0.208581	-0.208538	-0.208483
569.000000	-0.159838	-0.159712	-0.159697	-0.159715	-0.159786	-0.159769	-0.159733
570.000000	-0.092353	-0.092236	-0.092158	-0.092262	-0.092282	-0.092290	-0.092289
571.000000	-0.074436	-0.074392	-0.074311	-0.074424	-0.074381	-0.074417	-0.074435
572.000000	-0.087720	-0.087760	-0.087687	-0.087780	-0.087697	-0.087749	-0.087767
573.000000	-0.094265	-0.094339	-0.094223	-0.094343	-0.094266	-0.094304	-0.094312
574.000000	-0.090944	-0.090994	-0.090857	-0.090986	-0.090947	-0.090951	-0.090955
575.000000	-0.088503	-0.088493	-0.088468	-0.088486	-0.088489	-0.088454	-0.088484
576.000000	-0.089121	-0.089063	-0.089192	-0.089063	-0.089095	-0.089030	-0.089093
577.000000	-0.089810	-0.089779	-0.089909	-0.089776	-0.089822	-0.089743	-0.089796
578.000000	-0.089590	-0.089645	-0.089627	-0.089635	-0.089662	-0.089600	-0.089594
579.000000	-0.089286	-0.089403	-0.089272	-0.089401	-0.089355	-0.089352	-0.089273
580.000000	-0.089177	-0.089297	-0.089165	-0.089307	-0.089166	-0.089237	-0.089114
581.000000	-0.088795	-0.088884	-0.088798	-0.088857	-0.088702	-0.088786	-0.088699
582.000000	-0.088314	-0.088363	-0.088322	-0.088250	-0.088189	-0.088198	-0.088221
583.000000	-0.089140	-0.089152	-0.089149	-0.089002	-0.089037	-0.088949	-0.089045
584.000000	-0.090933	-0.090920	-0.090944	-0.090840	-0.090891	-0.090742	-0.090805
585.000000	-0.088478	-0.088443	-0.088478	-0.088470	-0.088487	-0.088331	-0.088322
586.000000	-0.081907	-0.081849	-0.081877	-0.081942	-0.081917	-0.081811	-0.081764
587.000000	-0.095103	-0.095039	-0.095064	-0.095148	-0.095088	-0.095053	-0.095021
588.000000	-0.146660	-0.146623	-0.146670	-0.146702	-0.146627	-0.146646	-0.146674
589.000000	-0.190841	-0.190831	-0.190908	-0.190855	-0.190791	-0.190841	-0.190916
590.000000	-0.168354	-0.168326	-0.168417	-0.168300	-0.168275	-0.168341	-0.168380
591.000000	-0.106759	-0.106666	-0.106740	-0.106645	-0.106630	-0.106714	-0.106681
592.000000	-0.075235	-0.075064	-0.075087	-0.075150	-0.075046	-0.075161	-0.075118
593.000000	-0.081633	-0.081510	-0.081480	-0.081626	-0.081497	-0.081536	-0.081542
594.000000	-0.088141	-0.088390	-0.088360	-0.088137	-0.088358	-0.088020	-0.088060
595.000000	-0.084665	-0.085104	-0.085118	-0.084575	-0.085035	-0.084514	-0.084554
596.000000	-0.091735	-0.090956	-0.090982	-0.091576	-0.090854	-0.091547	-0.091594
597.000000	-0.104130	-0.101966	-0.101950	-0.103972	-0.101844	-0.103907	-0.103975
598.000000	-0.074967	-0.076308	-0.076264	-0.074847	-0.076163	-0.074732	-0.074789
599.000000	0.003761	-0.006628	-0.006613	0.003847	-0.006465	0.003972	0.003975
600.000000	0.046145	0.030977	0.030945	0.046239	0.031087	0.046308	0.046355
601.000000	-0.006386	-0.015422	-0.015481	-0.006238	-0.015459	-0.006280	-0.006253
602.000000	-0.082212	-0.082459	-0.082518	-0.082046	-0.082608	-0.082151	-0.082151
603.000000	-0.103118	-0.100923	-0.100957	-0.103043	-0.101032	-0.103079	-0.103055
604.000000	-0.087894	-0.087438	-0.087451	-0.087921	-0.087458	-0.087867	-0.087800
605.000000	-0.079606	-0.080107	-0.080133	-0.079627	-0.080138	-0.079599	-0.079524
606.000000	-0.082658	-0.082804	-0.082880	-0.082632	-0.082917	-0.082676	-0.082640
607.000000	-0.084943	-0.084791	-0.084939	-0.084964	-0.084953	-0.084979	-0.085022
608.000000	-0.083787	-0.083717	-0.083901	-0.083900	-0.083861	-0.083827	-0.083943
609.000000	-0.082545	-0.082593	-0.082702	-0.082644	-0.082664	-0.082577	-0.082692
610.000000	-0.082386	-0.082447	-0.082411	-0.082381	-0.082437	-0.082399	-0.082459
611.000000	-0.082388	-0.082409	-0.082311	-0.082359	-0.082394	-0.082380	-0.082420
612.000000	-0.082087	-0.082059	-0.082018	-0.082142	-0.082117	-0.082057	-0.082127
613.000000	-0.081729	-0.081650	-0.081674	-0.081795	-0.081764	-0.081666	-0.081718
614.000000	-0.081492	-0.081366	-0.081404	-0.081428	-0.081461	-0.081388	-0.081348
615.000000	-0.081343	-0.081176	-0.081236	-0.081175	-0.081207	-0.081222	-0.081126
616.000000	-0.081233	-0.081036	-0.081156	-0.081103	-0.080998	-0.081131	-0.081081
617.000000	-0.081123	-0.080944	-0.081068	-0.081082	-0.080876	-0.081041	-0.081041
618.000000	-0.080985	-0.080890	-0.080897	-0.080986	-0.080851	-0.080887	-0.080857
619.000000	-0.080815	-0.080818	-0.080701	-0.080828	-0.080806	-0.080680	-0.080622
620.000000	-0.080623	-0.080678	-0.080563	-0.080650	-0.080624	-0.080457	-0.080465
621.000000	-0.080461	-0.080512	-0.080477	-0.080493	-0.080412	-0.080287	-0.080379
622.000000	-0.080381	-0.080390	-0.080410	-0.080388	-0.080331	-0.080236	-0.080307
623.000000	-0.080312	-0.080284	-0.080329	-0.080301	-0.080301	-0.080227	-0.080224
624.000000	-0.080128	-0.080120	-0.080204	-0.080169	-0.080129	-0.080113	-0.080120
625.000000	-0.079864	-0.079914	-0.080035	-0.079989	-0.079850	-0.079906	-0.079983
626.000000	-0.079678	-0.079754	-0.079841	-0.079808	-0.079674	-0.079736	-0.079797
627.000000	-0.079608	-0.079654	-0.079647	-0.079651	-0.079627	-0.079633	-0.079590
628.000000	-0.079552	-0.079552	-0.079483	-0.079521	-0.079525	-0.079516	-0.079431
629.000000	-0.079448	-0.079414	-0.079353	-0.079400	-0.079307	-0.079346	-0.079341
630.000000	-0.079301	-0.079258	-0.079216	-0.079237	-0.079114	-0.079168	-0.079254
631.000000	-0.079130	-0.079105	-0.079056	-0.079022	-0.079030	-0.079020	-0.079131
632.000000	-0.078959	-0.078977	-0.078918	-0.078843	-0.078964	-0.078921	-0.079006
633.000000	-0.078813	-0.078882	-0.078833	-0.078760	-0.078843	-0.078867	-0.078908
634.000000	-0.078701	-0.078791	-0.078760	-0.078701	-0.078717	-0.078805	-0.078807
635.000000	-0.078619	-0.078672	-0.078654	-0.078586	-0.078639	-0.078679	-0.078669
636.000000	-0.078502	-0.078507	-0.078513	-0.078427	-0.078543	-0.078484	-0.078482
637.000000	-0.078286	-0.078290	-0.078351	-0.078257	-0.078345	-0.078236	-0.078245
638.000000	-0.078018	-0.078054	-0.078167	-0.078076	-0.078090	-0.077989	-0.078012
639.000000	-0.077793	-0.077846	-0.077959	-0.077871	-0.077875	-0.077809	-0.077855
640.000000	-0.077650	-0.077699	-0.077754	-0.077692	-0.077733	-0.077704	-0.077761
641.000000	-0.077593	-0.077635	-0.077601	-0.077625	-0.077654	-0.077649	-0.077666
642.000000	-0.077582	-0.077614	-0.077525	-0.077649	-0.077605	-0.077611	-0.077569
643.000000	-0.077543	-0.077541	-0.077533	-0.077648	-0.077530	-0.077555	-0.077529
644.000000	-0.077454	-0.077400	-0.077564	-0.077571	-0.077413	-0.077473	-0.077534
645.000000	-0.077359	-0.077280	-0.077480	-0.077460	-0.077289	-0.077395	-0.077481
646.000000	-0.077302	-0.077240	-0.077262	-0.077355	-0.077201	-0.077347	-0.077355
647.000000	-0.077316	-0.077270	-0.077135	-0.077287	-0.077209	-0.077342	-0.077314
648.000000	-0.077402	-0.077345	-0.077235	-0.077277	-0.077322	-0.077375	-0.077433
649.000000	-0.077471	-0.077424	-0.077409	-0.077331	-0.077424	-0.077393	-0.077517
650.000000	-0.077446	-0.077470	-0.077493	-0.077430	-0.077415	-0.077352	-0.077404
651.000000	-0.077359	-0.077459	-0.077476	-0.077473	-0.077340	-0.077278	-0.077237
652.000000	-0.077250	-0.077374	-0.077381	-0.077360	-0.077263	-0.077199	-0.077186
653.000000	-0.077095	-0.077186	-0.077187	-0.077117	-0.077128	-0.077056	-0.077129
654.000000	-0.076851	-0.076869	-0.076867	-0.076814	-0.076852	-0.076772	-0.076870
655.000000	-0.076540	-0.076487	-0.076492	-0.076501	-0.076499	-0.076408	-0.076468
656.000000	-0.076222	-0.076144	-0.076180	-0.076219	-0.076206	-0.076090	-0.076114
657.000000	-0.075966	-0.075902	-0.075977	-0.075997	-0.076012	-0.075873	-0.075886
658.000000	-0.075848	-0.075792	-0.075873	-0.075853	-0.075885	-0.075756	-0.075773
659.000000	-0.075836	-0.075783	-0.075824	-0.075781	-0.075798	-0.075708	-0.075739
660.000000	-0.075788	-0.075783	-0.075759	-0.075748	-0.075739	-0.075666	-0.075718
661.000000	-0.075657	-0.075731	-0.075646	-0.075708	-0.075683	-0.075597	-0.075667
662.000000	-0.075550	-0.075616	-0.075524	-0.075597	-0.075588	-0.075515	-0.075574
663.000000	-0.075507	-0.075440	-0.075403	-0.075396	-0.075432	-0.075418	-0.075431
664.000000	-0.075404	-0.075230	-0.075230	-0.075180	-0.075230	-0.075266	-0.075229
665.000000	-0.075136	-0.074995	-0.074961	-0.074989	-0.074989	-0.075026	-0.074956
666.000000	-0.074735	-0.074679	-0.074609	-0.074713	-0.074662	-0.074712	-0.074593
667.000000	-0.074270	-0.074250	-0.074205	-0.074268	-0.074225	-0.074350	-0.074148
668.000000	-0.073864	-0.073859	-0.073816	-0.073817	-0.073812	-0.073993	-0.073766
669.000000	-0.073626	-0.073664	-0.073507	-0.073558	-0.073568	-0.073688	-0.073588
670.000000	-0.073468	-0.073543	-0.073261	-0.073398	-0.073423	-0.073409	-0.073484
671.000000	-0.073237	-0.073275	-0.073030	-0.073147	-0.073225	-0.073103	-0.073231
672.000000	-0.072946	-0.072901	-0.072807	-0.072833	-0.072954	-0.072813	-0.072881
673.000000	-0.072704	-0.072614	-0.072613	-0.072613	-0.072672	-0.072634	-0.072646
674.000000	-0.072536	-0.072458	-0.072468	-0.072503	-0.072442	-0.072531	-0.072543
675.000000	-0.072388	-0.072351	-0.072391	-0.072405	-0.072328	-0.072366	-0.072432
676.000000	-0.072254	-0.072256	-0.072365	-0.072272	-0.072314	-0.072142	-0.072275
677.000000	-0.072178	-0.072198	-0.072321	-0.072134	-0.072287	-0.072033	-0.072173
678.000000	-0.072177	-0.072194	-0.072240	-0.072038	-0.072211	-0.072107	-0.072171
679.000000	-0.072214	-0.072235	-0.072184	-0.072052	-0.072195	-0.072222	-0.072215
680.000000	-0.072235	-0.072291	-0.072184	-0.072173	-0.072270	-0.072260	-0.072243
681.000000	-0.072173	-0.072267	-0.072176	-0.072212	-0.072247	-0.072211	-0.072212
682.000000	-0.072006	-0.072117	-0.072110	-0.072048	-0.072006	-0.072102	-0.072109
683.000000	-0.071902	-0.071983	-0.072055	-0.071904	-0.071812	-0.072019	-0.072035
684.000000	-0.072016	-0.072012	-0.072084	-0.072014	-0.071931	-0.072039	-0.072086
685.000000	-0.072208	-0.072123	-0.072164	-0.072237	-0.072180	-0.072111	-0.072185
686.000000	-0.072268	-0.072176	-0.072225	-0.072336	-0.072259	-0.072148	-0.072212
687.000000	-0.072196	-0.072155	-0.072209	-0.072269	-0.072167	-0.072123	-0.072153
688.000000	-0.072088	-0.072102	-0.072078	-0.072093	-0.072038	-0.072042	-0.072046
689.000000	-0.071984	-0.072032	-0.071898	-0.071909	-0.071933	-0.071938	-0.071919
690.000000	-0.071879	-0.071943	-0.071808	-0.071841	-0.071861	-0.071860	-0.071791
691.000000	-0.071788	-0.071860	-0.071835	-0.071892	-0.071815	-0.071830	-0.071711
692.000000	-0.071746	-0.071832	-0.071893	-0.071946	-0.071782	-0.071842	-0.071744
693.000000	-0.071765	-0.071874	-0.071932	-0.071947	-0.071772	-0.071879	-0.071868
694.000000	-0.071827	-0.071950	-0.071954	-0.071924	-0.071833	-0.071918	-0.071931
695.000000	-0.071912	-0.072015	-0.071963	-0.071899	-0.071960	-0.071938	-0.071874
696.000000	-0.072010	-0.072013	-0.071954	-0.071869	-0.072043	-0.071934	-0.071833
697.000000	-0.072108	-0.071931	-0.071943	-0.071844	-0.072020	-0.071917	-0.071909
698.000000	-0.072188	-0.071888	-0.071995	-0.071887	-0.071995	-0.071952	-0.072037
699.000000	-0.072235	-0.071979	-0.072142	-0.072039	-0.072062	-0.072079	-0.072141
700.000000	-0.072240	-0.072112	-0.072256	-0.072199	-0.072143	-0.072205	-0.072208
701.000000	-0.072205	-0.072174	-0.072205	-0.072260	-0.072140	-0.072225	-0.072242
702.000000	-0.072178	-0.072209	-0.072099	-0.072267	-0.072109	-0.072187	-0.072251
703.000000	-0.072217	-0.072305	-0.072116	-0.072313	-0.072150	-0.072184	-0.072244
704.000000	-0.072294	-0.072393	-0.072205	-0.072379	-0.072240	-0.072201	-0.072228
705.000000	-0.072336	-0.072333	-0.072201	-0.072389	-0.072295	-0.072168	-0.072209
706.000000	-0.072297	-0.072149	-0.072123	-0.072332	-0.072266	-0.072070	-0.072181
707.000000	-0.072154	-0.071989	-0.072122	-0.072242	-0.072131	-0.071934	-0.072128
708.000000	-0.071952	-0.071899	-0.072179	-0.072131	-0.071923	-0.071789	-0.072038
709.000000	-0.071809	-0.071809	-0.072091	-0.071983	-0.071729	-0.071669	-0.071904
710.000000	-0.071745	-0.071668	-0.071808	-0.071790	-0.071588	-0.071581	-0.071714
711.000000	-0.071631	-0.071469	-0.071527	-0.071552	-0.071457	-0.071497	-0.071455
712.000000	-0.071404	-0.071239	-0.071362	-0.071297	-0.071316	-0.071375	-0.071150
713.000000	-0.071165	-0.071075	-0.071199	-0.071105	-0.071209	-0.071160	-0.070902
714.000000	-0.070992	-0.071011	-0.070954	-0.071001	-0.071145	-0.070836	-0.070777
715.000000	-0.070819	-0.070860	-0.070742	-0.070823	-0.071005	-0.070525	-0.070703
716.000000	-0.070571	-0.070467	-0.070659	-0.070438	-0.070685	-0.070340	-0.070587
717.000000	-0.070262	-0.070046	-0.070542	-0.070012	-0.070244	-0.070225	-0.070380
718.000000	-0.069930	-0.069862	-0.070192	-0.069757	-0.069791	-0.070080	-0.070052
719.000000	-0.069595	-0.069785	-0.069693	-0.069600	-0.069426	-0.069839	-0.069632
720.000000	-0.069276	-0.069556	-0.069239	-0.069368	-0.069233	-0.069467	-0.069180
721.000000	-0.069092	-0.069247	-0.068936	-0.069112	-0.069172	-0.069118	-0.068855
722.000000	-0.069198	-0.069112	-0.068832	-0.069005	-0.069126	-0.069039	-0.068853
723.000000	-0.069382	-0.069079	-0.068795	-0.068956	-0.068964	-0.069134	-0.069004
724.000000	-0.069144	-0.068818	-0.068553	-0.068665	-0.068551	-0.069022	-0.068844
725.000000	-0.068473	-0.068351	-0.068144	-0.068154	-0.068016	-0.068671	-0.068319
726.000000	-0.067948	-0.068128	-0.067968	-0.067834	-0.067792	-0.068458	-0.067871
727.000000	-0.067866	-0.068285	-0.068148	-0.067872	-0.068000	-0.068484	-0.067738
728.000000	-0.068007	-0.068400	-0.068304	-0.067991	-0.068206	-0.068347	-0.067776
729.000000	-0.068185	-0.068235	-0.068236	-0.068019	-0.068154	-0.067901	-0.067904
730.000000	-0.068407	-0.068126	-0.068269	-0.068135	-0.068128	-0.067725	-0.068288
731.000000	-0.068696	-0.068366	-0.068686	-0.068494	-0.068388	-0.068288	-0.069047
732.000000	-0.069024	-0.068833	-0.069349	-0.069008	-0.068835	-0.069317	-0.070033
