[HEADER]
Format	J&M ASCII Table
Comment	Remin PV CDOM Samples 
Date	2/12/1980 6:51:00 AM
Order	Y (evenX)
TechType	UV
NumPoints	483
FirstX	250.00
LastX	732.00
XType	NMetr
YType	Absrb
ZType	Secs
NumSubFile	7
Matrix	Z vs X
[DATA]
	0.000000	5.000064	10.000192	15.000256	20.000320	25.000448	30.000511
250.000000	1.119685	1.118580	1.119711	1.119213	1.118169	1.118717	1.116251
251.000000	1.102492	1.100707	1.101126	1.101394	1.101425	1.101448	1.100899
252.000000	1.086506	1.086380	1.082639	1.084503	1.083858	1.084548	1.085990
253.000000	1.071676	1.072600	1.067073	1.068847	1.067952	1.068853	1.071693
254.000000	1.058017	1.057293	1.056165	1.054821	1.055527	1.055077	1.058128
255.000000	1.045992	1.043338	1.046823	1.043168	1.045021	1.043247	1.045247
256.000000	1.035961	1.033793	1.035803	1.034353	1.034565	1.033130	1.033138
257.000000	1.027186	1.026812	1.024783	1.026937	1.024657	1.023857	1.022813
258.000000	1.018706	1.019246	1.016708	1.019073	1.016446	1.014538	1.015381
259.000000	1.010841	1.011121	1.011038	1.011041	1.009727	1.005969	1.010038
260.000000	1.004525	1.004046	1.005553	1.004155	1.003653	0.999711	1.005071
261.000000	0.999928	0.998679	0.999933	0.998817	0.998187	0.995752	0.999948
262.000000	0.996597	0.994900	0.995288	0.994681	0.993872	0.992849	0.995025
263.000000	0.993347	0.991458	0.991319	0.990538	0.989814	0.989446	0.989770
264.000000	0.988191	0.985855	0.986087	0.984241	0.983486	0.983690	0.982628
265.000000	0.980340	0.977430	0.978644	0.975298	0.974250	0.975194	0.973527
266.000000	0.971112	0.968749	0.969881	0.966111	0.964819	0.966087	0.964993
267.000000	0.961448	0.961226	0.960494	0.958131	0.956856	0.957670	0.958115
268.000000	0.950799	0.952538	0.950224	0.949651	0.948501	0.948498	0.949648
269.000000	0.938573	0.940481	0.938669	0.938859	0.937831	0.937080	0.936825
270.000000	0.924930	0.925675	0.925453	0.925515	0.924888	0.923434	0.921479
271.000000	0.910135	0.909371	0.910296	0.909850	0.910131	0.907994	0.906156
272.000000	0.893934	0.892411	0.893519	0.892622	0.893584	0.891422	0.890705
273.000000	0.875960	0.875370	0.875631	0.874711	0.875174	0.874372	0.874019
274.000000	0.856754	0.857760	0.856793	0.856186	0.855564	0.856524	0.855774
275.000000	0.837313	0.838518	0.836950	0.836654	0.835775	0.837027	0.836093
276.000000	0.817325	0.817403	0.815962	0.815862	0.815582	0.815736	0.814925
277.000000	0.795387	0.794891	0.793626	0.793696	0.793715	0.793117	0.792080
278.000000	0.771531	0.771449	0.770269	0.770420	0.770135	0.769666	0.768079
279.000000	0.747650	0.747504	0.746889	0.746772	0.746397	0.745894	0.744338
280.000000	0.724758	0.723420	0.723927	0.723184	0.723274	0.722268	0.721596
281.000000	0.701966	0.699448	0.700691	0.699445	0.699852	0.699166	0.699199
282.000000	0.678514	0.675857	0.676841	0.675544	0.675636	0.676693	0.676517
283.000000	0.654609	0.653007	0.653408	0.652251	0.651879	0.654179	0.653427
284.000000	0.630714	0.631083	0.631261	0.630152	0.629704	0.631058	0.630032
285.000000	0.607669	0.609419	0.609473	0.608383	0.608281	0.607822	0.607010
286.000000	0.586227	0.587284	0.586886	0.585944	0.586446	0.585212	0.585088
287.000000	0.565787	0.565188	0.564288	0.563751	0.564521	0.563629	0.564179
288.000000	0.545276	0.544115	0.543184	0.543371	0.543415	0.543288	0.543874
289.000000	0.524846	0.524379	0.523726	0.524418	0.523417	0.523904	0.524067
290.000000	0.505416	0.505850	0.505213	0.505324	0.504413	0.504898	0.504849
291.000000	0.487318	0.488188	0.487269	0.486129	0.486268	0.486262	0.486373
292.000000	0.470314	0.470873	0.469854	0.468393	0.468830	0.468526	0.468844
293.000000	0.454120	0.453850	0.453099	0.452551	0.452136	0.452029	0.452324
294.000000	0.438416	0.437733	0.437365	0.437374	0.436486	0.436812	0.436671
295.000000	0.423140	0.422876	0.422786	0.422201	0.421972	0.422642	0.421809
296.000000	0.408779	0.408992	0.408990	0.407807	0.408212	0.408763	0.407822
297.000000	0.395656	0.395788	0.395664	0.394778	0.394884	0.394742	0.394720
298.000000	0.383358	0.383202	0.382876	0.382517	0.382037	0.381368	0.382192
299.000000	0.371433	0.371215	0.370756	0.370390	0.369808	0.369442	0.369985
300.000000	0.359950	0.359797	0.359333	0.358751	0.358403	0.358623	0.358430
301.000000	0.349109	0.348919	0.348597	0.348152	0.347984	0.348273	0.347949
302.000000	0.338875	0.338610	0.338452	0.338291	0.338235	0.338206	0.338227
303.000000	0.329103	0.328910	0.328761	0.328519	0.328652	0.328450	0.328644
304.000000	0.319732	0.319695	0.319416	0.318872	0.319198	0.318999	0.319129
305.000000	0.310755	0.310732	0.310331	0.309858	0.310156	0.309826	0.309990
306.000000	0.302159	0.302003	0.301527	0.301512	0.301567	0.300986	0.301333
307.000000	0.293918	0.293707	0.293134	0.293378	0.293215	0.292614	0.293042
308.000000	0.286027	0.285852	0.285189	0.285295	0.285046	0.284735	0.285049
309.000000	0.278503	0.278131	0.277577	0.277583	0.277266	0.277189	0.277370
310.000000	0.271277	0.270429	0.270215	0.270380	0.269969	0.269873	0.269992
311.000000	0.264071	0.263125	0.263126	0.263309	0.262932	0.262842	0.262832
312.000000	0.256726	0.256462	0.256284	0.256081	0.255953	0.256090	0.255804
313.000000	0.249600	0.249961	0.249428	0.248951	0.249038	0.249326	0.248855
314.000000	0.243041	0.243118	0.242345	0.242209	0.242222	0.242279	0.241951
315.000000	0.236717	0.236150	0.235358	0.235694	0.235466	0.235152	0.235101
316.000000	0.230130	0.229466	0.228894	0.229123	0.228721	0.228281	0.228339
317.000000	0.223302	0.223034	0.222759	0.222511	0.222087	0.221795	0.221764
318.000000	0.216516	0.216614	0.216464	0.216016	0.215729	0.215701	0.215492
319.000000	0.209888	0.210188	0.209925	0.209626	0.209544	0.209761	0.209397
320.000000	0.203405	0.203904	0.203362	0.203209	0.203240	0.203566	0.203176
321.000000	0.197057	0.197749	0.196911	0.196844	0.196804	0.197053	0.196764
322.000000	0.190832	0.191523	0.190604	0.190841	0.190529	0.190545	0.190368
323.000000	0.184743	0.185169	0.184440	0.185141	0.184506	0.184229	0.184106
324.000000	0.178838	0.178880	0.178376	0.179056	0.178469	0.178036	0.177931
325.000000	0.173105	0.172788	0.172387	0.172322	0.172291	0.171937	0.171835
326.000000	0.167374	0.166826	0.166501	0.165844	0.166283	0.166067	0.165958
327.000000	0.161526	0.160930	0.160750	0.160352	0.160679	0.160496	0.160374
328.000000	0.155723	0.155165	0.155147	0.155229	0.155163	0.154947	0.154832
329.000000	0.150151	0.149610	0.149695	0.149709	0.149399	0.149166	0.149090
330.000000	0.144746	0.144261	0.144376	0.144009	0.143660	0.143503	0.143418
331.000000	0.139372	0.139082	0.139161	0.138648	0.138388	0.138447	0.138214
332.000000	0.134088	0.134029	0.133996	0.133598	0.133508	0.133743	0.133385
333.000000	0.129049	0.129064	0.128822	0.128552	0.128684	0.128767	0.128579
334.000000	0.124243	0.124180	0.123793	0.123528	0.123835	0.123546	0.123727
335.000000	0.119523	0.119398	0.119213	0.118802	0.119091	0.118621	0.118984
336.000000	0.114854	0.114710	0.114974	0.114395	0.114469	0.114122	0.114369
337.000000	0.110337	0.110065	0.110474	0.110020	0.109849	0.109673	0.109732
338.000000	0.106027	0.105511	0.105582	0.105542	0.105227	0.105114	0.105061
339.000000	0.101883	0.101261	0.101035	0.101114	0.100816	0.100712	0.100602
340.000000	0.097848	0.097405	0.097245	0.096875	0.096740	0.096645	0.096513
341.000000	0.093848	0.093647	0.093546	0.092843	0.092843	0.092743	0.092642
342.000000	0.089848	0.089741	0.089378	0.089014	0.088993	0.088858	0.088840
343.000000	0.085972	0.085873	0.085291	0.085366	0.085348	0.085163	0.085172
344.000000	0.082357	0.082281	0.081950	0.081869	0.082077	0.081847	0.081728
345.000000	0.078976	0.078847	0.078950	0.078460	0.078957	0.078691	0.078428
346.000000	0.075740	0.075349	0.075564	0.075075	0.075653	0.075356	0.075135
347.000000	0.072579	0.071910	0.071968	0.071788	0.072229	0.071898	0.071842
348.000000	0.069437	0.068829	0.068818	0.068735	0.068965	0.068587	0.068613
349.000000	0.066282	0.066052	0.066112	0.065862	0.065946	0.065499	0.065503
350.000000	0.063104	0.063226	0.063292	0.062950	0.063084	0.062543	0.062561
351.000000	0.060002	0.060219	0.060182	0.059962	0.060245	0.059662	0.059767
352.000000	0.057207	0.057187	0.057114	0.057085	0.057240	0.056849	0.057016
353.000000	0.054731	0.054292	0.054296	0.054409	0.054087	0.054102	0.054248
354.000000	0.052173	0.051675	0.051659	0.051807	0.051196	0.051424	0.051487
355.000000	0.049309	0.049355	0.049113	0.049174	0.048795	0.048810	0.048772
356.000000	0.046517	0.047023	0.046588	0.046518	0.046513	0.046226	0.046153
357.000000	0.044137	0.044420	0.044035	0.043867	0.043995	0.043650	0.043654
358.000000	0.041911	0.041746	0.041464	0.041255	0.041388	0.041104	0.041175
359.000000	0.039495	0.039268	0.038907	0.038716	0.038938	0.038626	0.038622
360.000000	0.037013	0.036934	0.036456	0.036309	0.036639	0.036245	0.036124
361.000000	0.034744	0.034574	0.034204	0.034084	0.034382	0.033980	0.033875
362.000000	0.032589	0.032144	0.032041	0.031918	0.032062	0.031742	0.031758
363.000000	0.030235	0.029677	0.029748	0.029597	0.029583	0.029387	0.029484
364.000000	0.027716	0.027277	0.027341	0.027179	0.027068	0.026978	0.027023
365.000000	0.025365	0.025102	0.025044	0.024956	0.024827	0.024754	0.024578
366.000000	0.023294	0.023144	0.022956	0.023011	0.022903	0.022777	0.022323
367.000000	0.021322	0.021181	0.021010	0.021151	0.020995	0.020879	0.020380
368.000000	0.019272	0.019068	0.019085	0.019183	0.018895	0.018881	0.018667
369.000000	0.017026	0.016837	0.016972	0.016958	0.016633	0.016622	0.016712
370.000000	0.014588	0.014561	0.014589	0.014460	0.014291	0.014082	0.014268
371.000000	0.012308	0.012376	0.012245	0.012044	0.012042	0.011642	0.011842
372.000000	0.010448	0.010377	0.010210	0.010020	0.010014	0.009633	0.009901
373.000000	0.008633	0.008427	0.008289	0.008195	0.008080	0.007848	0.008134
374.000000	0.006416	0.006358	0.006204	0.006274	0.006066	0.005972	0.006094
375.000000	0.004046	0.004222	0.004026	0.004183	0.003959	0.003947	0.003851
376.000000	0.002016	0.002155	0.001949	0.001950	0.001819	0.001827	0.001677
377.000000	0.000301	0.000161	-0.000006	-0.000275	-0.000261	-0.000261	-0.000346
378.000000	-0.001437	-0.001831	-0.001930	-0.002281	-0.002172	-0.002162	-0.002254
379.000000	-0.003334	-0.003782	-0.003834	-0.004058	-0.003923	-0.003876	-0.004106
380.000000	-0.005334	-0.005557	-0.005665	-0.005774	-0.005630	-0.005550	-0.005976
381.000000	-0.007340	-0.007190	-0.007446	-0.007557	-0.007384	-0.007295	-0.007870
382.000000	-0.009207	-0.008945	-0.009312	-0.009459	-0.009234	-0.009176	-0.009695
383.000000	-0.010910	-0.010936	-0.011282	-0.011454	-0.011171	-0.011181	-0.011433
384.000000	-0.012663	-0.012957	-0.013144	-0.013362	-0.013087	-0.013163	-0.013226
385.000000	-0.014594	-0.014831	-0.014779	-0.015069	-0.014908	-0.015005	-0.015142
386.000000	-0.016496	-0.016570	-0.016427	-0.016711	-0.016705	-0.016712	-0.016989
387.000000	-0.018181	-0.018229	-0.018310	-0.018431	-0.018539	-0.018327	-0.018602
388.000000	-0.019800	-0.019873	-0.020254	-0.020202	-0.020294	-0.019943	-0.020157
389.000000	-0.021548	-0.021556	-0.022008	-0.021943	-0.021842	-0.021646	-0.021868
390.000000	-0.023250	-0.023181	-0.023507	-0.023543	-0.023270	-0.023348	-0.023577
391.000000	-0.024616	-0.024611	-0.024785	-0.024901	-0.024746	-0.024907	-0.025004
392.000000	-0.025804	-0.025953	-0.026005	-0.026172	-0.026295	-0.026351	-0.026261
393.000000	-0.027235	-0.027454	-0.027400	-0.027655	-0.027853	-0.027815	-0.027693
394.000000	-0.028874	-0.029048	-0.028946	-0.029306	-0.029340	-0.029304	-0.029258
395.000000	-0.030274	-0.030385	-0.030377	-0.030768	-0.030671	-0.030704	-0.030569
396.000000	-0.031358	-0.031437	-0.031620	-0.031945	-0.031857	-0.031986	-0.031617
397.000000	-0.032557	-0.032616	-0.032866	-0.033103	-0.033039	-0.033246	-0.032920
398.000000	-0.034077	-0.034121	-0.034221	-0.034418	-0.034310	-0.034551	-0.034673
399.000000	-0.035592	-0.035660	-0.035585	-0.035850	-0.035651	-0.035903	-0.036354
400.000000	-0.036855	-0.037007	-0.036877	-0.037310	-0.037027	-0.037285	-0.037585
401.000000	-0.038035	-0.038278	-0.038155	-0.038650	-0.038399	-0.038646	-0.038654
402.000000	-0.039310	-0.039602	-0.039471	-0.039769	-0.039725	-0.039934	-0.039872
403.000000	-0.040571	-0.040872	-0.040746	-0.040821	-0.040983	-0.041121	-0.041115
404.000000	-0.041664	-0.041950	-0.041882	-0.041999	-0.042162	-0.042195	-0.042175
405.000000	-0.042710	-0.042960	-0.042954	-0.043226	-0.043295	-0.043246	-0.043151
406.000000	-0.043921	-0.044115	-0.044096	-0.044332	-0.044433	-0.044391	-0.044252
407.000000	-0.045235	-0.045369	-0.045307	-0.045339	-0.045575	-0.045577	-0.045472
408.000000	-0.046423	-0.046522	-0.046504	-0.046387	-0.046685	-0.046649	-0.046671
409.000000	-0.047463	-0.047560	-0.047626	-0.047473	-0.047764	-0.047628	-0.047801
410.000000	-0.048517	-0.048637	-0.048637	-0.048462	-0.048843	-0.048693	-0.048903
411.000000	-0.049644	-0.049778	-0.049591	-0.049379	-0.049931	-0.049875	-0.050008
412.000000	-0.050747	-0.050828	-0.050664	-0.050469	-0.051004	-0.051007	-0.051122
413.000000	-0.051779	-0.051739	-0.051917	-0.051819	-0.052063	-0.052028	-0.052244
414.000000	-0.052803	-0.052706	-0.053165	-0.053174	-0.053159	-0.053114	-0.053354
415.000000	-0.053859	-0.053852	-0.054254	-0.054315	-0.054294	-0.054354	-0.054420
416.000000	-0.054874	-0.055010	-0.055206	-0.055255	-0.055301	-0.055485	-0.055394
417.000000	-0.055795	-0.056011	-0.056077	-0.056070	-0.056067	-0.056283	-0.056256
418.000000	-0.056742	-0.056904	-0.056944	-0.056930	-0.056847	-0.056968	-0.057148
419.000000	-0.057843	-0.057787	-0.057869	-0.057990	-0.057929	-0.057832	-0.058213
420.000000	-0.058939	-0.058672	-0.058797	-0.059093	-0.059091	-0.058790	-0.059282
421.000000	-0.059777	-0.059539	-0.059632	-0.059982	-0.059941	-0.059622	-0.060084
422.000000	-0.060420	-0.060399	-0.060419	-0.060700	-0.060564	-0.060378	-0.060697
423.000000	-0.061126	-0.061283	-0.061283	-0.061469	-0.061330	-0.061272	-0.061407
424.000000	-0.061944	-0.062162	-0.062193	-0.062304	-0.062270	-0.062278	-0.062246
425.000000	-0.062737	-0.062953	-0.062980	-0.063032	-0.063104	-0.063160	-0.063012
426.000000	-0.063461	-0.063636	-0.063622	-0.063625	-0.063748	-0.063845	-0.063655
427.000000	-0.064207	-0.064279	-0.064302	-0.064254	-0.064396	-0.064496	-0.064336
428.000000	-0.065026	-0.064949	-0.065111	-0.065023	-0.065160	-0.065221	-0.065144
429.000000	-0.065872	-0.065703	-0.065932	-0.065874	-0.065966	-0.065998	-0.066005
430.000000	-0.066695	-0.066560	-0.066675	-0.066739	-0.066751	-0.066798	-0.066847
431.000000	-0.067468	-0.067433	-0.067405	-0.067560	-0.067558	-0.067620	-0.067653
432.000000	-0.068180	-0.068240	-0.068186	-0.068304	-0.068416	-0.068454	-0.068417
433.000000	-0.068892	-0.068985	-0.068977	-0.069015	-0.069224	-0.069227	-0.069139
434.000000	-0.069666	-0.069695	-0.069718	-0.069751	-0.069872	-0.069872	-0.069824
435.000000	-0.070457	-0.070374	-0.070402	-0.070511	-0.070462	-0.070466	-0.070520
436.000000	-0.071180	-0.071016	-0.071048	-0.071268	-0.071164	-0.071139	-0.071282
437.000000	-0.071834	-0.071641	-0.071686	-0.071973	-0.071947	-0.071876	-0.072052
438.000000	-0.072465	-0.072278	-0.072350	-0.072569	-0.072659	-0.072577	-0.072708
439.000000	-0.073083	-0.072923	-0.073034	-0.073078	-0.073261	-0.073200	-0.073242
440.000000	-0.073661	-0.073548	-0.073694	-0.073597	-0.073814	-0.073758	-0.073745
441.000000	-0.074206	-0.074141	-0.074317	-0.074177	-0.074367	-0.074293	-0.074283
442.000000	-0.074768	-0.074714	-0.074931	-0.074813	-0.074954	-0.074882	-0.074882
443.000000	-0.075379	-0.075295	-0.075555	-0.075486	-0.075579	-0.075544	-0.075536
444.000000	-0.076038	-0.075940	-0.076182	-0.076161	-0.076205	-0.076177	-0.076181
445.000000	-0.076729	-0.076660	-0.076800	-0.076804	-0.076812	-0.076727	-0.076779
446.000000	-0.077395	-0.077347	-0.077397	-0.077397	-0.077444	-0.077298	-0.077371
447.000000	-0.077987	-0.077903	-0.077958	-0.077935	-0.078123	-0.077973	-0.077993
448.000000	-0.078508	-0.078388	-0.078481	-0.078471	-0.078725	-0.078637	-0.078575
449.000000	-0.078971	-0.078878	-0.078966	-0.079051	-0.079117	-0.079142	-0.079041
450.000000	-0.079377	-0.079327	-0.079395	-0.079578	-0.079382	-0.079510	-0.079438
451.000000	-0.079722	-0.079650	-0.079755	-0.079919	-0.079681	-0.079827	-0.079853
452.000000	-0.080032	-0.079913	-0.080086	-0.080159	-0.080046	-0.080143	-0.080247
453.000000	-0.080352	-0.080267	-0.080458	-0.080505	-0.080437	-0.080485	-0.080517
454.000000	-0.080723	-0.080752	-0.080902	-0.080988	-0.080861	-0.080878	-0.080744
455.000000	-0.081180	-0.081308	-0.081408	-0.081490	-0.081365	-0.081350	-0.081165
456.000000	-0.081698	-0.081857	-0.081917	-0.081944	-0.081921	-0.081864	-0.081786
457.000000	-0.082178	-0.082305	-0.082310	-0.082352	-0.082413	-0.082304	-0.082317
458.000000	-0.082566	-0.082620	-0.082562	-0.082702	-0.082776	-0.082627	-0.082632
459.000000	-0.082901	-0.082895	-0.082830	-0.082954	-0.083055	-0.082922	-0.082927
460.000000	-0.083227	-0.083211	-0.083216	-0.083123	-0.083310	-0.083266	-0.083343
461.000000	-0.083580	-0.083580	-0.083627	-0.083393	-0.083604	-0.083650	-0.083766
462.000000	-0.083972	-0.083989	-0.083963	-0.083894	-0.083972	-0.084045	-0.084082
463.000000	-0.084332	-0.084374	-0.084244	-0.084411	-0.084332	-0.084383	-0.084339
464.000000	-0.084590	-0.084670	-0.084520	-0.084701	-0.084596	-0.084616	-0.084617
465.000000	-0.084818	-0.084916	-0.084837	-0.084877	-0.084836	-0.084864	-0.084922
466.000000	-0.085130	-0.085186	-0.085231	-0.085167	-0.085169	-0.085287	-0.085234
467.000000	-0.085518	-0.085498	-0.085635	-0.085554	-0.085580	-0.085744	-0.085550
468.000000	-0.085902	-0.085836	-0.085932	-0.085888	-0.085977	-0.085948	-0.085872
469.000000	-0.086235	-0.086173	-0.086143	-0.086140	-0.086293	-0.085970	-0.086177
470.000000	-0.086497	-0.086465	-0.086401	-0.086387	-0.086481	-0.086172	-0.086416
471.000000	-0.086694	-0.086691	-0.086731	-0.086660	-0.086601	-0.086628	-0.086600
472.000000	-0.086859	-0.086854	-0.087031	-0.086941	-0.086831	-0.087059	-0.086812
473.000000	-0.087038	-0.086999	-0.087259	-0.087212	-0.087232	-0.087320	-0.087104
474.000000	-0.087292	-0.087249	-0.087494	-0.087469	-0.087652	-0.087537	-0.087467
475.000000	-0.087637	-0.087642	-0.087782	-0.087710	-0.087962	-0.087802	-0.087858
476.000000	-0.087963	-0.087986	-0.088054	-0.087940	-0.088144	-0.088054	-0.088145
477.000000	-0.088184	-0.088136	-0.088250	-0.088168	-0.088233	-0.088240	-0.088252
478.000000	-0.088382	-0.088270	-0.088413	-0.088421	-0.088380	-0.088428	-0.088345
479.000000	-0.088653	-0.088592	-0.088600	-0.088720	-0.088718	-0.088697	-0.088603
480.000000	-0.088936	-0.088994	-0.088824	-0.089031	-0.089098	-0.089021	-0.088941
481.000000	-0.089127	-0.089277	-0.089075	-0.089302	-0.089296	-0.089334	-0.089192
482.000000	-0.089232	-0.089411	-0.089313	-0.089495	-0.089340	-0.089559	-0.089334
483.000000	-0.089320	-0.089457	-0.089488	-0.089580	-0.089388	-0.089623	-0.089421
484.000000	-0.089413	-0.089486	-0.089583	-0.089595	-0.089478	-0.089570	-0.089504
485.000000	-0.089499	-0.089573	-0.089611	-0.089626	-0.089551	-0.089540	-0.089626
486.000000	-0.089595	-0.089726	-0.089630	-0.089719	-0.089620	-0.089602	-0.089782
487.000000	-0.089752	-0.089879	-0.089747	-0.089866	-0.089778	-0.089747	-0.089908
488.000000	-0.089970	-0.089998	-0.089967	-0.090035	-0.090027	-0.089942	-0.089981
489.000000	-0.090161	-0.090115	-0.090130	-0.090145	-0.090215	-0.090120	-0.090045
490.000000	-0.090284	-0.090262	-0.090173	-0.090188	-0.090278	-0.090258	-0.090160
491.000000	-0.090430	-0.090472	-0.090312	-0.090332	-0.090390	-0.090453	-0.090394
492.000000	-0.090649	-0.090731	-0.090676	-0.090668	-0.090659	-0.090743	-0.090753
493.000000	-0.090780	-0.090862	-0.090936	-0.090931	-0.090823	-0.090902	-0.090993
494.000000	-0.090680	-0.090725	-0.090776	-0.090862	-0.090644	-0.090729	-0.090901
495.000000	-0.090552	-0.090557	-0.090514	-0.090698	-0.090448	-0.090493	-0.090733
496.000000	-0.090674	-0.090675	-0.090610	-0.090790	-0.090674	-0.090570	-0.090850
497.000000	-0.090943	-0.090970	-0.090942	-0.091045	-0.091117	-0.090876	-0.091125
498.000000	-0.091086	-0.091139	-0.091116	-0.091167	-0.091284	-0.091108	-0.091215
499.000000	-0.091087	-0.091150	-0.091092	-0.091132	-0.091168	-0.091183	-0.091124
500.000000	-0.091122	-0.091163	-0.091082	-0.091112	-0.091107	-0.091176	-0.091106
501.000000	-0.091215	-0.091215	-0.091143	-0.091153	-0.091192	-0.091135	-0.091208
502.000000	-0.091231	-0.091211	-0.091169	-0.091166	-0.091247	-0.091077	-0.091263
503.000000	-0.091143	-0.091135	-0.091128	-0.091135	-0.091210	-0.091035	-0.091213
504.000000	-0.091094	-0.091093	-0.091115	-0.091161	-0.091208	-0.091077	-0.091183
505.000000	-0.091169	-0.091145	-0.091182	-0.091286	-0.091303	-0.091213	-0.091245
506.000000	-0.091286	-0.091214	-0.091266	-0.091384	-0.091384	-0.091335	-0.091316
507.000000	-0.091357	-0.091236	-0.091311	-0.091364	-0.091359	-0.091357	-0.091327
508.000000	-0.091350	-0.091244	-0.091328	-0.091299	-0.091299	-0.091331	-0.091313
509.000000	-0.091263	-0.091283	-0.091344	-0.091282	-0.091290	-0.091326	-0.091325
510.000000	-0.091201	-0.091362	-0.091396	-0.091332	-0.091359	-0.091368	-0.091370
511.000000	-0.091275	-0.091470	-0.091514	-0.091437	-0.091496	-0.091457	-0.091438
512.000000	-0.091407	-0.091545	-0.091617	-0.091533	-0.091596	-0.091529	-0.091475
513.000000	-0.091443	-0.091509	-0.091592	-0.091537	-0.091528	-0.091494	-0.091418
514.000000	-0.091384	-0.091418	-0.091476	-0.091473	-0.091373	-0.091390	-0.091330
515.000000	-0.091327	-0.091410	-0.091404	-0.091427	-0.091351	-0.091332	-0.091349
516.000000	-0.091304	-0.091471	-0.091401	-0.091419	-0.091472	-0.091332	-0.091451
517.000000	-0.091280	-0.091446	-0.091386	-0.091404	-0.091547	-0.091303	-0.091453
518.000000	-0.091239	-0.091307	-0.091323	-0.091358	-0.091490	-0.091220	-0.091316
519.000000	-0.091199	-0.091212	-0.091251	-0.091296	-0.091371	-0.091151	-0.091208
520.000000	-0.091181	-0.091241	-0.091205	-0.091233	-0.091262	-0.091139	-0.091223
521.000000	-0.091208	-0.091293	-0.091205	-0.091184	-0.091217	-0.091162	-0.091280
522.000000	-0.091274	-0.091276	-0.091246	-0.091160	-0.091251	-0.091188	-0.091299
523.000000	-0.091285	-0.091202	-0.091256	-0.091156	-0.091257	-0.091185	-0.091271
524.000000	-0.091171	-0.091102	-0.091180	-0.091164	-0.091148	-0.091135	-0.091206
525.000000	-0.091028	-0.091030	-0.091079	-0.091175	-0.091013	-0.091094	-0.091143
526.000000	-0.090985	-0.091034	-0.091038	-0.091181	-0.090974	-0.091126	-0.091124
527.000000	-0.091041	-0.091098	-0.091073	-0.091188	-0.091037	-0.091207	-0.091158
528.000000	-0.091141	-0.091180	-0.091164	-0.091203	-0.091153	-0.091274	-0.091233
529.000000	-0.091216	-0.091215	-0.091237	-0.091213	-0.091242	-0.091272	-0.091278
530.000000	-0.091194	-0.091132	-0.091189	-0.091188	-0.091212	-0.091152	-0.091195
531.000000	-0.091112	-0.090999	-0.091078	-0.091133	-0.091097	-0.090975	-0.091046
532.000000	-0.091095	-0.090996	-0.091093	-0.091080	-0.091041	-0.090895	-0.091030
533.000000	-0.091122	-0.091103	-0.091202	-0.091020	-0.091081	-0.090948	-0.091127
534.000000	-0.090986	-0.091037	-0.091095	-0.090893	-0.091116	-0.091012	-0.091043
535.000000	-0.090787	-0.090854	-0.090840	-0.090834	-0.091115	-0.091041	-0.090834
536.000000	-0.091199	-0.091243	-0.091210	-0.091335	-0.091183	-0.091137	-0.091221
537.000000	-0.092064	-0.092069	-0.092114	-0.092134	-0.091283	-0.091264	-0.092084
538.000000	-0.090855	-0.090819	-0.090951	-0.090855	-0.090966	-0.090978	-0.090891
539.000000	-0.087011	-0.086953	-0.087096	-0.087075	-0.090152	-0.090204	-0.087075
540.000000	-0.089372	-0.089330	-0.089440	-0.089530	-0.090506	-0.090587	-0.089472
541.000000	-0.103406	-0.103434	-0.103519	-0.103557	-0.093078	-0.093156	-0.103550
542.000000	-0.100119	-0.100229	-0.100301	-0.100217	-0.092583	-0.092643	-0.100305
543.000000	-0.045686	-0.045837	-0.045895	-0.045795	-0.082726	-0.082784	-0.045900
544.000000	0.018351	0.018192	0.018160	0.018194	-0.069930	-0.069992	0.018141
545.000000	0.014754	0.014578	0.014595	0.014609	-0.066807	-0.066855	0.014602
546.000000	-0.047614	-0.047810	-0.047752	-0.047690	-0.073990	-0.074021	-0.047691
547.000000	-0.093430	-0.093609	-0.093573	-0.093464	-0.082762	-0.082811	-0.093491
548.000000	-0.096620	-0.096741	-0.096773	-0.096656	-0.088362	-0.088450	-0.096721
549.000000	-0.088473	-0.088531	-0.088579	-0.088497	-0.090782	-0.090854	-0.088571
550.000000	-0.088208	-0.088226	-0.088206	-0.088190	-0.090819	-0.090810	-0.088238
551.000000	-0.090574	-0.090587	-0.090506	-0.090545	-0.090152	-0.090098	-0.090577
552.000000	-0.090703	-0.090743	-0.090666	-0.090728	-0.089956	-0.089949	-0.090775
553.000000	-0.089870	-0.089934	-0.089893	-0.089968	-0.090028	-0.090083	-0.090009
554.000000	-0.089685	-0.089738	-0.089730	-0.089827	-0.090042	-0.090103	-0.089805
555.000000	-0.089833	-0.089857	-0.089884	-0.089972	-0.089928	-0.089962	-0.089909
556.000000	-0.089731	-0.089727	-0.089803	-0.089815	-0.089710	-0.089721	-0.089807
557.000000	-0.089577	-0.089558	-0.089675	-0.089604	-0.089603	-0.089604	-0.089683
558.000000	-0.089721	-0.089707	-0.089831	-0.089746	-0.089798	-0.089797	-0.089847
559.000000	-0.089666	-0.089680	-0.089765	-0.089725	-0.089762	-0.089752	-0.089780
560.000000	-0.088676	-0.088740	-0.088745	-0.088759	-0.088785	-0.088737	-0.088743
561.000000	-0.088282	-0.088387	-0.088315	-0.088378	-0.088396	-0.088313	-0.088307
562.000000	-0.091290	-0.091385	-0.091303	-0.091419	-0.091385	-0.091333	-0.091348
563.000000	-0.093483	-0.093520	-0.093490	-0.093643	-0.093540	-0.093569	-0.093616
564.000000	-0.084032	-0.084018	-0.084024	-0.084150	-0.084066	-0.084121	-0.084158
565.000000	-0.073139	-0.073110	-0.073102	-0.073147	-0.073175	-0.073175	-0.073155
566.000000	-0.101185	-0.101172	-0.101139	-0.101136	-0.101235	-0.101181	-0.101134
567.000000	-0.171644	-0.171665	-0.171628	-0.171645	-0.171707	-0.171650	-0.171641
568.000000	-0.207170	-0.207228	-0.207202	-0.207238	-0.207244	-0.207199	-0.207227
569.000000	-0.158373	-0.158453	-0.158449	-0.158451	-0.158455	-0.158405	-0.158423
570.000000	-0.090914	-0.090978	-0.090995	-0.090976	-0.090986	-0.090933	-0.090933
571.000000	-0.073101	-0.073103	-0.073132	-0.073167	-0.073141	-0.073101	-0.073121
572.000000	-0.086487	-0.086437	-0.086471	-0.086557	-0.086503	-0.086471	-0.086533
573.000000	-0.093045	-0.093016	-0.093053	-0.093096	-0.093084	-0.093023	-0.093119
574.000000	-0.089686	-0.089716	-0.089747	-0.089719	-0.089769	-0.089663	-0.089778
575.000000	-0.087248	-0.087298	-0.087305	-0.087300	-0.087348	-0.087215	-0.087336
576.000000	-0.087908	-0.087937	-0.087917	-0.087995	-0.087986	-0.087874	-0.087980
577.000000	-0.088632	-0.088634	-0.088614	-0.088710	-0.088658	-0.088629	-0.088694
578.000000	-0.088431	-0.088408	-0.088424	-0.088461	-0.088400	-0.088475	-0.088488
579.000000	-0.088154	-0.088097	-0.088174	-0.088158	-0.088103	-0.088209	-0.088195
580.000000	-0.088066	-0.087990	-0.088119	-0.088097	-0.088057	-0.088102	-0.088090
581.000000	-0.087637	-0.087627	-0.087734	-0.087733	-0.087730	-0.087706	-0.087683
582.000000	-0.087048	-0.087177	-0.087185	-0.087210	-0.087257	-0.087210	-0.087154
583.000000	-0.087840	-0.088021	-0.087958	-0.087991	-0.088058	-0.088028	-0.087963
584.000000	-0.089747	-0.089808	-0.089772	-0.089785	-0.089815	-0.089825	-0.089805
585.000000	-0.087424	-0.087353	-0.087389	-0.087371	-0.087345	-0.087379	-0.087414
586.000000	-0.080885	-0.080816	-0.080903	-0.080866	-0.080800	-0.080821	-0.080880
587.000000	-0.094066	-0.094053	-0.094153	-0.094123	-0.094056	-0.094050	-0.094098
588.000000	-0.145634	-0.145626	-0.145697	-0.145709	-0.145686	-0.145667	-0.145684
589.000000	-0.189820	-0.189803	-0.189825	-0.189895	-0.189906	-0.189869	-0.189884
590.000000	-0.167274	-0.167315	-0.167294	-0.167409	-0.167382	-0.167295	-0.167391
591.000000	-0.105610	-0.105735	-0.105691	-0.105821	-0.105722	-0.105594	-0.105794
592.000000	-0.074116	-0.074260	-0.074212	-0.074315	-0.074202	-0.074111	-0.074327
593.000000	-0.080614	-0.080695	-0.080661	-0.080714	-0.080651	-0.080652	-0.080788
594.000000	-0.087164	-0.087145	-0.087140	-0.087157	-0.087153	-0.087208	-0.087240
595.000000	-0.083657	-0.083562	-0.083573	-0.083591	-0.083621	-0.083664	-0.083617
596.000000	-0.090724	-0.090656	-0.090620	-0.090680	-0.090704	-0.090715	-0.090640
597.000000	-0.103148	-0.103208	-0.103078	-0.103196	-0.103184	-0.103172	-0.103120
598.000000	-0.073891	-0.074053	-0.073899	-0.074020	-0.073987	-0.073965	-0.073950
599.000000	0.005083	0.004926	0.004979	0.004936	0.004953	0.004976	0.004963
600.000000	0.047584	0.047498	0.047431	0.047465	0.047447	0.047479	0.047430
601.000000	-0.005151	-0.005156	-0.005269	-0.005224	-0.005269	-0.005217	-0.005314
602.000000	-0.081246	-0.081222	-0.081317	-0.081282	-0.081341	-0.081281	-0.081399
603.000000	-0.102221	-0.102253	-0.102305	-0.102253	-0.102305	-0.102277	-0.102348
604.000000	-0.086940	-0.087050	-0.087066	-0.087011	-0.087040	-0.087049	-0.087049
605.000000	-0.078632	-0.078760	-0.078777	-0.078781	-0.078784	-0.078790	-0.078749
606.000000	-0.081741	-0.081825	-0.081888	-0.081944	-0.081937	-0.081912	-0.081862
607.000000	-0.084140	-0.084157	-0.084300	-0.084291	-0.084319	-0.084263	-0.084214
608.000000	-0.083089	-0.083045	-0.083260	-0.083134	-0.083194	-0.083139	-0.083094
609.000000	-0.081857	-0.081781	-0.082005	-0.081866	-0.081877	-0.081873	-0.081845
610.000000	-0.081632	-0.081569	-0.081721	-0.081685	-0.081601	-0.081661	-0.081658
611.000000	-0.081605	-0.081615	-0.081636	-0.081687	-0.081601	-0.081645	-0.081668
612.000000	-0.081354	-0.081451	-0.081345	-0.081409	-0.081431	-0.081381	-0.081417
613.000000	-0.081048	-0.081137	-0.081017	-0.081066	-0.081149	-0.081057	-0.081075
614.000000	-0.080825	-0.080788	-0.080786	-0.080817	-0.080848	-0.080823	-0.080797
615.000000	-0.080682	-0.080557	-0.080641	-0.080634	-0.080620	-0.080666	-0.080628
616.000000	-0.080589	-0.080516	-0.080552	-0.080485	-0.080513	-0.080560	-0.080565
617.000000	-0.080491	-0.080504	-0.080477	-0.080380	-0.080463	-0.080477	-0.080504
618.000000	-0.080344	-0.080375	-0.080378	-0.080324	-0.080399	-0.080392	-0.080362
619.000000	-0.080181	-0.080207	-0.080250	-0.080258	-0.080292	-0.080289	-0.080195
620.000000	-0.080048	-0.080110	-0.080100	-0.080130	-0.080136	-0.080157	-0.080078
621.000000	-0.079945	-0.080036	-0.079972	-0.080000	-0.079999	-0.080014	-0.080008
622.000000	-0.079859	-0.079893	-0.079916	-0.079955	-0.079961	-0.079888	-0.079946
623.000000	-0.079770	-0.079714	-0.079877	-0.079933	-0.079955	-0.079782	-0.079854
624.000000	-0.079657	-0.079599	-0.079756	-0.079803	-0.079842	-0.079683	-0.079695
625.000000	-0.079526	-0.079551	-0.079573	-0.079576	-0.079624	-0.079567	-0.079502
626.000000	-0.079403	-0.079505	-0.079433	-0.079375	-0.079407	-0.079403	-0.079360
627.000000	-0.079295	-0.079419	-0.079352	-0.079243	-0.079248	-0.079209	-0.079284
628.000000	-0.079194	-0.079274	-0.079240	-0.079132	-0.079138	-0.079055	-0.079217
629.000000	-0.079090	-0.079088	-0.079069	-0.079016	-0.079057	-0.078963	-0.079110
630.000000	-0.078972	-0.078927	-0.078913	-0.078903	-0.078960	-0.078875	-0.078944
631.000000	-0.078835	-0.078826	-0.078822	-0.078806	-0.078837	-0.078753	-0.078736
632.000000	-0.078679	-0.078743	-0.078760	-0.078730	-0.078745	-0.078623	-0.078580
633.000000	-0.078517	-0.078639	-0.078690	-0.078670	-0.078717	-0.078516	-0.078539
634.000000	-0.078390	-0.078525	-0.078598	-0.078585	-0.078659	-0.078446	-0.078534
635.000000	-0.078327	-0.078415	-0.078476	-0.078436	-0.078484	-0.078413	-0.078472
636.000000	-0.078253	-0.078299	-0.078302	-0.078251	-0.078256	-0.078344	-0.078338
637.000000	-0.078083	-0.078156	-0.078060	-0.078070	-0.078069	-0.078164	-0.078141
638.000000	-0.077863	-0.077975	-0.077808	-0.077883	-0.077913	-0.077921	-0.077916
639.000000	-0.077700	-0.077752	-0.077632	-0.077665	-0.077740	-0.077714	-0.077712
640.000000	-0.077623	-0.077556	-0.077550	-0.077490	-0.077575	-0.077585	-0.077564
641.000000	-0.077616	-0.077496	-0.077537	-0.077484	-0.077490	-0.077534	-0.077498
642.000000	-0.077628	-0.077546	-0.077553	-0.077600	-0.077495	-0.077522	-0.077502
643.000000	-0.077582	-0.077558	-0.077538	-0.077635	-0.077539	-0.077481	-0.077533
644.000000	-0.077458	-0.077473	-0.077465	-0.077518	-0.077561	-0.077391	-0.077542
645.000000	-0.077314	-0.077349	-0.077347	-0.077357	-0.077489	-0.077298	-0.077480
646.000000	-0.077211	-0.077251	-0.077228	-0.077250	-0.077328	-0.077248	-0.077356
647.000000	-0.077207	-0.077236	-0.077207	-0.077256	-0.077227	-0.077271	-0.077293
648.000000	-0.077317	-0.077320	-0.077324	-0.077382	-0.077277	-0.077370	-0.077357
649.000000	-0.077440	-0.077409	-0.077455	-0.077502	-0.077378	-0.077471	-0.077440
650.000000	-0.077483	-0.077415	-0.077483	-0.077503	-0.077419	-0.077501	-0.077437
651.000000	-0.077459	-0.077368	-0.077432	-0.077420	-0.077373	-0.077438	-0.077371
652.000000	-0.077395	-0.077308	-0.077346	-0.077311	-0.077240	-0.077277	-0.077284
653.000000	-0.077259	-0.077193	-0.077200	-0.077164	-0.077050	-0.077057	-0.077140
654.000000	-0.077002	-0.076962	-0.076948	-0.076947	-0.076841	-0.076825	-0.076887
655.000000	-0.076656	-0.076643	-0.076626	-0.076656	-0.076598	-0.076585	-0.076565
656.000000	-0.076293	-0.076315	-0.076310	-0.076312	-0.076284	-0.076318	-0.076267
657.000000	-0.076001	-0.076041	-0.076059	-0.075996	-0.075981	-0.076066	-0.076039
658.000000	-0.075879	-0.075878	-0.075913	-0.075829	-0.075852	-0.075908	-0.075897
659.000000	-0.075896	-0.075832	-0.075861	-0.075825	-0.075896	-0.075850	-0.075829
660.000000	-0.075893	-0.075863	-0.075837	-0.075881	-0.075941	-0.075820	-0.075789
661.000000	-0.075791	-0.075910	-0.075791	-0.075899	-0.075889	-0.075765	-0.075749
662.000000	-0.075648	-0.075891	-0.075704	-0.075808	-0.075759	-0.075670	-0.075699
663.000000	-0.075509	-0.075753	-0.075563	-0.075590	-0.075576	-0.075520	-0.075617
664.000000	-0.075372	-0.075514	-0.075366	-0.075349	-0.075346	-0.075294	-0.075451
665.000000	-0.075211	-0.075203	-0.075111	-0.075153	-0.075073	-0.074986	-0.075166
666.000000	-0.074941	-0.074870	-0.074800	-0.074921	-0.074748	-0.074642	-0.074802
667.000000	-0.074513	-0.074553	-0.074438	-0.074574	-0.074378	-0.074314	-0.074411
668.000000	-0.074058	-0.074243	-0.074069	-0.074181	-0.074038	-0.074032	-0.074046
669.000000	-0.073738	-0.073920	-0.073743	-0.073840	-0.073806	-0.073811	-0.073754
670.000000	-0.073525	-0.073607	-0.073489	-0.073560	-0.073622	-0.073607	-0.073526
671.000000	-0.073320	-0.073341	-0.073320	-0.073317	-0.073378	-0.073361	-0.073332
672.000000	-0.073121	-0.073120	-0.073189	-0.073091	-0.073099	-0.073087	-0.073149
673.000000	-0.072976	-0.072919	-0.073017	-0.072870	-0.072888	-0.072850	-0.072960
674.000000	-0.072865	-0.072739	-0.072811	-0.072677	-0.072763	-0.072681	-0.072764
675.000000	-0.072706	-0.072604	-0.072655	-0.072565	-0.072673	-0.072587	-0.072577
676.000000	-0.072509	-0.072532	-0.072571	-0.072539	-0.072586	-0.072549	-0.072435
677.000000	-0.072397	-0.072534	-0.072504	-0.072546	-0.072500	-0.072512	-0.072400
678.000000	-0.072420	-0.072589	-0.072434	-0.072561	-0.072437	-0.072470	-0.072477
679.000000	-0.072499	-0.072615	-0.072414	-0.072610	-0.072462	-0.072499	-0.072574
680.000000	-0.072556	-0.072562	-0.072459	-0.072685	-0.072574	-0.072608	-0.072609
681.000000	-0.072549	-0.072473	-0.072475	-0.072679	-0.072585	-0.072622	-0.072567
682.000000	-0.072466	-0.072397	-0.072398	-0.072532	-0.072383	-0.072432	-0.072462
683.000000	-0.072378	-0.072356	-0.072335	-0.072412	-0.072223	-0.072248	-0.072392
684.000000	-0.072364	-0.072362	-0.072398	-0.072491	-0.072362	-0.072293	-0.072448
685.000000	-0.072425	-0.072412	-0.072532	-0.072662	-0.072616	-0.072455	-0.072572
686.000000	-0.072533	-0.072492	-0.072630	-0.072747	-0.072692	-0.072533	-0.072664
687.000000	-0.072593	-0.072554	-0.072630	-0.072700	-0.072582	-0.072506	-0.072655
688.000000	-0.072493	-0.072538	-0.072497	-0.072546	-0.072410	-0.072437	-0.072500
689.000000	-0.072307	-0.072451	-0.072309	-0.072364	-0.072273	-0.072359	-0.072299
690.000000	-0.072223	-0.072347	-0.072213	-0.072271	-0.072247	-0.072285	-0.072241
691.000000	-0.072264	-0.072282	-0.072229	-0.072282	-0.072318	-0.072248	-0.072326
692.000000	-0.072286	-0.072316	-0.072252	-0.072321	-0.072389	-0.072302	-0.072367
693.000000	-0.072249	-0.072425	-0.072238	-0.072349	-0.072413	-0.072416	-0.072314
694.000000	-0.072270	-0.072475	-0.072237	-0.072385	-0.072415	-0.072447	-0.072303
695.000000	-0.072389	-0.072419	-0.072280	-0.072429	-0.072423	-0.072350	-0.072397
696.000000	-0.072480	-0.072397	-0.072362	-0.072430	-0.072461	-0.072289	-0.072480
697.000000	-0.072471	-0.072497	-0.072467	-0.072381	-0.072537	-0.072382	-0.072476
698.000000	-0.072488	-0.072616	-0.072573	-0.072402	-0.072616	-0.072551	-0.072467
699.000000	-0.072635	-0.072650	-0.072660	-0.072575	-0.072666	-0.072702	-0.072527
700.000000	-0.072783	-0.072656	-0.072720	-0.072739	-0.072682	-0.072806	-0.072590
701.000000	-0.072779	-0.072711	-0.072754	-0.072721	-0.072674	-0.072853	-0.072578
702.000000	-0.072703	-0.072791	-0.072777	-0.072645	-0.072666	-0.072872	-0.072564
703.000000	-0.072705	-0.072835	-0.072811	-0.072722	-0.072690	-0.072900	-0.072655
704.000000	-0.072766	-0.072813	-0.072836	-0.072887	-0.072739	-0.072915	-0.072784
705.000000	-0.072786	-0.072719	-0.072811	-0.072941	-0.072787	-0.072870	-0.072795
706.000000	-0.072719	-0.072574	-0.072742	-0.072841	-0.072810	-0.072766	-0.072687
707.000000	-0.072570	-0.072428	-0.072667	-0.072667	-0.072787	-0.072643	-0.072579
708.000000	-0.072376	-0.072304	-0.072577	-0.072481	-0.072698	-0.072499	-0.072499
709.000000	-0.072213	-0.072199	-0.072417	-0.072323	-0.072524	-0.072291	-0.072377
710.000000	-0.072099	-0.072090	-0.072183	-0.072191	-0.072267	-0.072036	-0.072182
711.000000	-0.071962	-0.071924	-0.071952	-0.072011	-0.071959	-0.071848	-0.071945
712.000000	-0.071759	-0.071682	-0.071764	-0.071755	-0.071653	-0.071775	-0.071704
713.000000	-0.071527	-0.071427	-0.071560	-0.071493	-0.071434	-0.071702	-0.071498
714.000000	-0.071296	-0.071204	-0.071298	-0.071277	-0.071332	-0.071523	-0.071339
715.000000	-0.071044	-0.070970	-0.071042	-0.071044	-0.071190	-0.071232	-0.071153
716.000000	-0.070749	-0.070687	-0.070841	-0.070738	-0.070869	-0.070855	-0.070872
717.000000	-0.070429	-0.070414	-0.070599	-0.070422	-0.070478	-0.070475	-0.070522
718.000000	-0.070115	-0.070212	-0.070204	-0.070179	-0.070167	-0.070181	-0.070153
719.000000	-0.069822	-0.069985	-0.069730	-0.069961	-0.069887	-0.069980	-0.069794
720.000000	-0.069563	-0.069593	-0.069321	-0.069685	-0.069526	-0.069844	-0.069471
721.000000	-0.069376	-0.069193	-0.069104	-0.069411	-0.069211	-0.069705	-0.069281
722.000000	-0.069307	-0.069090	-0.069178	-0.069277	-0.069192	-0.069475	-0.069339
723.000000	-0.069268	-0.069195	-0.069376	-0.069214	-0.069339	-0.069108	-0.069463
724.000000	-0.069072	-0.069093	-0.069318	-0.068983	-0.069214	-0.068599	-0.069224
725.000000	-0.068714	-0.068693	-0.068916	-0.068572	-0.068742	-0.068086	-0.068588
726.000000	-0.068413	-0.068299	-0.068430	-0.068236	-0.068283	-0.067871	-0.067992
727.000000	-0.068246	-0.068106	-0.068081	-0.068106	-0.068050	-0.068023	-0.067705
728.000000	-0.068034	-0.068093	-0.067983	-0.068082	-0.067970	-0.068210	-0.067665
729.000000	-0.067742	-0.068211	-0.068153	-0.068104	-0.067986	-0.068229	-0.067787
730.000000	-0.067729	-0.068405	-0.068406	-0.068273	-0.068135	-0.068265	-0.068000
731.000000	-0.068270	-0.068625	-0.068578	-0.068663	-0.068442	-0.068492	-0.068243
732.000000	-0.069153	-0.068855	-0.068688	-0.069185	-0.068840	-0.068844	-0.068498
