[HEADER]
Format	J&M ASCII Table
Comment	Remin PV CDOM Samples 
Date	2/12/1980 6:48:17 AM
Order	Y (evenX)
TechType	UV
NumPoints	483
FirstX	250.00
LastX	732.00
XType	NMetr
YType	Absrb
ZType	Secs
NumSubFile	7
Matrix	Z vs X
[DATA]
	0.000000	5.000128	10.000192	15.000320	20.000383	25.000448	30.000576
250.000000	0.745273	0.745301	0.745289	0.743705	0.744550	0.743246	0.743321
251.000000	0.720940	0.720971	0.720931	0.718970	0.720156	0.718563	0.718477
252.000000	0.697639	0.697942	0.697526	0.696093	0.696941	0.695501	0.694754
253.000000	0.675666	0.676033	0.675272	0.674545	0.674903	0.673792	0.672671
254.000000	0.655196	0.655136	0.654351	0.653900	0.654050	0.653194	0.652533
255.000000	0.636044	0.635681	0.634972	0.634603	0.634625	0.633910	0.633874
256.000000	0.618000	0.618028	0.617227	0.617074	0.616813	0.616114	0.616141
257.000000	0.601136	0.601520	0.600558	0.600568	0.600184	0.599294	0.599241
258.000000	0.585560	0.585282	0.584283	0.584101	0.584174	0.582829	0.583215
259.000000	0.570824	0.569512	0.568585	0.568062	0.568803	0.567199	0.567950
260.000000	0.556246	0.554918	0.554057	0.553478	0.554372	0.553356	0.553260
261.000000	0.541873	0.541444	0.540720	0.540252	0.540765	0.540755	0.539120
262.000000	0.528291	0.528443	0.528145	0.527428	0.527545	0.527738	0.525619
263.000000	0.515392	0.515465	0.515672	0.514343	0.514315	0.513795	0.512645
264.000000	0.502262	0.502297	0.502398	0.500702	0.500741	0.499759	0.499856
265.000000	0.488542	0.488859	0.488150	0.486611	0.486846	0.486200	0.486935
266.000000	0.474880	0.475264	0.474005	0.472826	0.473262	0.473113	0.473635
267.000000	0.461701	0.461608	0.460661	0.459790	0.460304	0.460294	0.459918
268.000000	0.448615	0.447887	0.447526	0.446983	0.447345	0.447163	0.446258
269.000000	0.435169	0.434095	0.433985	0.433849	0.433797	0.433304	0.432999
270.000000	0.421187	0.420289	0.420143	0.420291	0.419838	0.419180	0.419629
271.000000	0.406625	0.406494	0.406228	0.406329	0.405774	0.405334	0.405555
272.000000	0.391886	0.392442	0.392123	0.392017	0.391543	0.391469	0.390992
273.000000	0.377464	0.377802	0.377598	0.377417	0.376971	0.377021	0.376421
274.000000	0.363128	0.362741	0.362641	0.362564	0.362172	0.362035	0.361850
275.000000	0.348261	0.347693	0.347376	0.347476	0.347408	0.346891	0.347023
276.000000	0.332881	0.332662	0.332033	0.332183	0.332587	0.331745	0.331861
277.000000	0.317552	0.317290	0.316929	0.316720	0.317315	0.316551	0.316443
278.000000	0.302548	0.301651	0.302032	0.301214	0.301600	0.301337	0.300897
279.000000	0.287750	0.286386	0.286867	0.285900	0.285969	0.286228	0.285405
280.000000	0.272954	0.271719	0.271316	0.270855	0.270756	0.271260	0.270124
281.000000	0.257848	0.257022	0.255992	0.255842	0.255876	0.256283	0.255146
282.000000	0.242413	0.241946	0.241379	0.240811	0.241227	0.241255	0.240544
283.000000	0.227511	0.227221	0.227350	0.226345	0.226792	0.226509	0.226347
284.000000	0.213860	0.213520	0.213692	0.212900	0.212612	0.212387	0.212567
285.000000	0.200823	0.200400	0.200293	0.199857	0.198898	0.198975	0.199158
286.000000	0.187562	0.187231	0.187106	0.186480	0.185877	0.186265	0.186085
287.000000	0.174442	0.174277	0.174350	0.173326	0.173553	0.174095	0.173498
288.000000	0.162279	0.162136	0.162331	0.161409	0.161831	0.162254	0.161607
289.000000	0.151138	0.150855	0.151024	0.150591	0.150571	0.150756	0.150373
290.000000	0.140602	0.140131	0.140199	0.140020	0.139616	0.139757	0.139604
291.000000	0.130449	0.129861	0.129810	0.129500	0.129055	0.129344	0.129251
292.000000	0.120654	0.120136	0.119992	0.119462	0.119210	0.119535	0.119397
293.000000	0.111282	0.111032	0.110813	0.110200	0.110207	0.110332	0.110127
294.000000	0.102519	0.102586	0.102240	0.101782	0.101880	0.101711	0.101519
295.000000	0.094468	0.094734	0.094232	0.094104	0.094068	0.093662	0.093585
296.000000	0.087034	0.087197	0.086750	0.086742	0.086657	0.086198	0.086200
297.000000	0.080085	0.079800	0.079718	0.079410	0.079552	0.079271	0.079227
298.000000	0.073446	0.072791	0.072958	0.072379	0.072711	0.072620	0.072535
299.000000	0.066985	0.066428	0.066351	0.065973	0.066143	0.066046	0.066051
300.000000	0.060825	0.060610	0.060189	0.060202	0.060091	0.059836	0.059968
301.000000	0.055146	0.055136	0.054810	0.054961	0.054794	0.054357	0.054508
302.000000	0.049918	0.049897	0.049933	0.049983	0.049903	0.049400	0.049454
303.000000	0.045018	0.044833	0.045020	0.044957	0.044847	0.044513	0.044411
304.000000	0.040357	0.039980	0.040032	0.039944	0.039716	0.039647	0.039444
305.000000	0.035873	0.035436	0.035270	0.035257	0.035049	0.035031	0.034922
306.000000	0.031570	0.031216	0.030879	0.030993	0.030975	0.030763	0.030888
307.000000	0.027518	0.027251	0.026832	0.027015	0.027182	0.026795	0.027037
308.000000	0.023729	0.023489	0.023089	0.023233	0.023458	0.023084	0.023214
309.000000	0.020126	0.019915	0.019607	0.019636	0.019771	0.019606	0.019503
310.000000	0.016648	0.016509	0.016331	0.016227	0.016162	0.016300	0.015998
311.000000	0.013282	0.013232	0.013183	0.013022	0.012803	0.013012	0.012752
312.000000	0.010062	0.010068	0.010116	0.010012	0.009811	0.009680	0.009782
313.000000	0.007142	0.007102	0.007206	0.007108	0.007039	0.006611	0.006986
314.000000	0.004626	0.004394	0.004508	0.004222	0.004309	0.004071	0.004251
315.000000	0.002195	0.001773	0.001811	0.001364	0.001604	0.001688	0.001515
316.000000	-0.000549	-0.000972	-0.001125	-0.001420	-0.001042	-0.001048	-0.001249
317.000000	-0.003445	-0.003730	-0.004030	-0.004063	-0.003634	-0.003964	-0.003906
318.000000	-0.006068	-0.006246	-0.006414	-0.006496	-0.006190	-0.006570	-0.006260
319.000000	-0.008374	-0.008559	-0.008423	-0.008777	-0.008691	-0.008824	-0.008424
320.000000	-0.010607	-0.010927	-0.010672	-0.011055	-0.011084	-0.011020	-0.010734
321.000000	-0.012901	-0.013371	-0.013274	-0.013379	-0.013369	-0.013302	-0.013249
322.000000	-0.015266	-0.015645	-0.015774	-0.015680	-0.015597	-0.015635	-0.015719
323.000000	-0.017647	-0.017703	-0.017952	-0.017932	-0.017828	-0.017953	-0.018002
324.000000	-0.019898	-0.019849	-0.020021	-0.020185	-0.020132	-0.020165	-0.020163
325.000000	-0.021939	-0.022208	-0.022127	-0.022422	-0.022478	-0.022228	-0.022250
326.000000	-0.023882	-0.024373	-0.024164	-0.024442	-0.024584	-0.024235	-0.024233
327.000000	-0.025841	-0.026058	-0.026060	-0.026152	-0.026276	-0.026274	-0.026111
328.000000	-0.027836	-0.027708	-0.028038	-0.027971	-0.027931	-0.028338	-0.028050
329.000000	-0.029849	-0.029811	-0.030303	-0.030295	-0.029948	-0.030385	-0.030190
330.000000	-0.031766	-0.032064	-0.032535	-0.032667	-0.032085	-0.032296	-0.032317
331.000000	-0.033470	-0.033937	-0.034296	-0.034412	-0.033921	-0.033956	-0.034132
332.000000	-0.035126	-0.035514	-0.035762	-0.035739	-0.035550	-0.035540	-0.035767
333.000000	-0.037034	-0.037188	-0.037418	-0.037302	-0.037324	-0.037359	-0.037569
334.000000	-0.039071	-0.038988	-0.039242	-0.039133	-0.039206	-0.039321	-0.039488
335.000000	-0.040793	-0.040644	-0.040811	-0.040770	-0.040851	-0.041018	-0.041168
336.000000	-0.042119	-0.042093	-0.042079	-0.042118	-0.042232	-0.042379	-0.042581
337.000000	-0.043417	-0.043518	-0.043455	-0.043536	-0.043703	-0.043735	-0.044092
338.000000	-0.044903	-0.045025	-0.045117	-0.045173	-0.045391	-0.045253	-0.045808
339.000000	-0.046490	-0.046552	-0.046784	-0.046773	-0.046990	-0.046766	-0.047342
340.000000	-0.048061	-0.048047	-0.048246	-0.048165	-0.048322	-0.048157	-0.048480
341.000000	-0.049516	-0.049516	-0.049589	-0.049516	-0.049661	-0.049516	-0.049589
342.000000	-0.050780	-0.050935	-0.050909	-0.050961	-0.051216	-0.050918	-0.050979
343.000000	-0.051887	-0.052112	-0.052150	-0.052293	-0.052642	-0.052220	-0.052357
344.000000	-0.052901	-0.052890	-0.053244	-0.053286	-0.053561	-0.053268	-0.053368
345.000000	-0.053915	-0.053570	-0.054262	-0.054148	-0.054257	-0.054166	-0.054218
346.000000	-0.055013	-0.054584	-0.055323	-0.055213	-0.055218	-0.055103	-0.055287
347.000000	-0.056113	-0.055865	-0.056412	-0.056400	-0.056390	-0.056136	-0.056538
348.000000	-0.057048	-0.057072	-0.057445	-0.057402	-0.057422	-0.057246	-0.057698
349.000000	-0.057859	-0.058129	-0.058396	-0.058205	-0.058236	-0.058367	-0.058648
350.000000	-0.058756	-0.059183	-0.059293	-0.059038	-0.058990	-0.059402	-0.059408
351.000000	-0.059779	-0.060243	-0.060149	-0.060001	-0.059796	-0.060313	-0.060077
352.000000	-0.060749	-0.061142	-0.060957	-0.061020	-0.060697	-0.061144	-0.060855
353.000000	-0.061574	-0.061812	-0.061695	-0.061984	-0.061675	-0.061920	-0.061788
354.000000	-0.062356	-0.062386	-0.062328	-0.062742	-0.062597	-0.062632	-0.062640
355.000000	-0.063159	-0.062991	-0.062881	-0.063248	-0.063364	-0.063288	-0.063263
356.000000	-0.063888	-0.063662	-0.063547	-0.063775	-0.064002	-0.063944	-0.063832
357.000000	-0.064465	-0.064402	-0.064467	-0.064549	-0.064567	-0.064654	-0.064527
358.000000	-0.065008	-0.065152	-0.065409	-0.065371	-0.065162	-0.065415	-0.065305
359.000000	-0.065652	-0.065835	-0.066096	-0.065977	-0.065866	-0.066192	-0.066065
360.000000	-0.066290	-0.066411	-0.066552	-0.066395	-0.066550	-0.066844	-0.066686
361.000000	-0.066749	-0.066862	-0.066928	-0.066771	-0.067029	-0.067223	-0.067071
362.000000	-0.067152	-0.067305	-0.067385	-0.067259	-0.067450	-0.067536	-0.067418
363.000000	-0.067786	-0.067929	-0.068077	-0.067998	-0.068142	-0.068179	-0.068079
364.000000	-0.068596	-0.068694	-0.068906	-0.068896	-0.069016	-0.069062	-0.068978
365.000000	-0.069228	-0.069366	-0.069553	-0.069658	-0.069627	-0.069677	-0.069661
366.000000	-0.069592	-0.069841	-0.069916	-0.070147	-0.069879	-0.069904	-0.070002
367.000000	-0.069952	-0.070196	-0.070182	-0.070440	-0.070152	-0.070145	-0.070314
368.000000	-0.070479	-0.070557	-0.070536	-0.070691	-0.070675	-0.070677	-0.070830
369.000000	-0.071119	-0.071124	-0.071126	-0.071172	-0.071337	-0.071468	-0.071571
370.000000	-0.071793	-0.071974	-0.071964	-0.072007	-0.072020	-0.072391	-0.072451
371.000000	-0.072422	-0.072805	-0.072700	-0.072860	-0.072696	-0.073141	-0.073143
372.000000	-0.072953	-0.073339	-0.073052	-0.073415	-0.073343	-0.073494	-0.073415
373.000000	-0.073453	-0.073705	-0.073349	-0.073810	-0.073909	-0.073715	-0.073639
374.000000	-0.074006	-0.074119	-0.074001	-0.074270	-0.074351	-0.074148	-0.074262
375.000000	-0.074590	-0.074642	-0.074861	-0.074786	-0.074782	-0.074783	-0.075103
376.000000	-0.075149	-0.075259	-0.075571	-0.075260	-0.075354	-0.075464	-0.075754
377.000000	-0.075714	-0.075874	-0.076083	-0.075715	-0.076012	-0.076094	-0.076203
378.000000	-0.076365	-0.076352	-0.076535	-0.076239	-0.076573	-0.076614	-0.076677
379.000000	-0.077018	-0.076740	-0.077008	-0.076856	-0.077029	-0.077071	-0.077227
380.000000	-0.077444	-0.077249	-0.077526	-0.077522	-0.077524	-0.077598	-0.077743
381.000000	-0.077673	-0.077921	-0.078092	-0.078188	-0.078120	-0.078230	-0.078210
382.000000	-0.078081	-0.078567	-0.078688	-0.078803	-0.078757	-0.078872	-0.078743
383.000000	-0.078836	-0.079093	-0.079302	-0.079360	-0.079386	-0.079465	-0.079404
384.000000	-0.079644	-0.079628	-0.079935	-0.079930	-0.079989	-0.080050	-0.080124
385.000000	-0.080266	-0.080268	-0.080571	-0.080553	-0.080564	-0.080657	-0.080823
386.000000	-0.080773	-0.080947	-0.081135	-0.081134	-0.081132	-0.081253	-0.081435
387.000000	-0.081276	-0.081580	-0.081578	-0.081606	-0.081713	-0.081803	-0.081922
388.000000	-0.081827	-0.082143	-0.082022	-0.082122	-0.082308	-0.082324	-0.082385
389.000000	-0.082446	-0.082632	-0.082600	-0.082841	-0.082901	-0.082837	-0.082931
390.000000	-0.083026	-0.083089	-0.083198	-0.083551	-0.083410	-0.083329	-0.083461
391.000000	-0.083435	-0.083568	-0.083619	-0.083918	-0.083742	-0.083772	-0.083810
392.000000	-0.083774	-0.084056	-0.083928	-0.084058	-0.084025	-0.084190	-0.084089
393.000000	-0.084281	-0.084504	-0.084342	-0.084350	-0.084510	-0.084633	-0.084562
394.000000	-0.084895	-0.084858	-0.084854	-0.084840	-0.085126	-0.085092	-0.085176
395.000000	-0.085285	-0.085069	-0.085249	-0.085261	-0.085512	-0.085502	-0.085580
396.000000	-0.085397	-0.085217	-0.085496	-0.085524	-0.085611	-0.085853	-0.085713
397.000000	-0.085556	-0.085549	-0.085820	-0.085799	-0.085795	-0.086209	-0.085907
398.000000	-0.085950	-0.086156	-0.086323	-0.086194	-0.086255	-0.086581	-0.086351
399.000000	-0.086442	-0.086784	-0.086829	-0.086666	-0.086776	-0.086861	-0.086894
400.000000	-0.086902	-0.087230	-0.087208	-0.087149	-0.087167	-0.087010	-0.087389
401.000000	-0.087334	-0.087559	-0.087556	-0.087558	-0.087451	-0.087228	-0.087829
402.000000	-0.087750	-0.087859	-0.087966	-0.087833	-0.087689	-0.087684	-0.088221
403.000000	-0.088099	-0.088113	-0.088321	-0.088053	-0.087938	-0.088223	-0.088536
404.000000	-0.088328	-0.088290	-0.088480	-0.088319	-0.088246	-0.088628	-0.088744
405.000000	-0.088505	-0.088481	-0.088569	-0.088627	-0.088605	-0.088879	-0.088921
406.000000	-0.088738	-0.088814	-0.088809	-0.088932	-0.088983	-0.089046	-0.089172
407.000000	-0.089025	-0.089233	-0.089184	-0.089246	-0.089329	-0.089232	-0.089502
408.000000	-0.089292	-0.089575	-0.089538	-0.089617	-0.089586	-0.089553	-0.089851
409.000000	-0.089526	-0.089785	-0.089832	-0.090010	-0.089799	-0.089976	-0.090162
410.000000	-0.089772	-0.089913	-0.090145	-0.090317	-0.090105	-0.090337	-0.090387
411.000000	-0.090056	-0.090050	-0.090475	-0.090508	-0.090495	-0.090586	-0.090553
412.000000	-0.090374	-0.090337	-0.090717	-0.090665	-0.090762	-0.090833	-0.090791
413.000000	-0.090732	-0.090819	-0.090870	-0.090880	-0.090863	-0.091150	-0.091168
414.000000	-0.091160	-0.091344	-0.091155	-0.091251	-0.091109	-0.091513	-0.091611
415.000000	-0.091649	-0.091774	-0.091686	-0.091787	-0.091677	-0.091885	-0.092033
416.000000	-0.092058	-0.092062	-0.092185	-0.092231	-0.092227	-0.092230	-0.092362
417.000000	-0.092277	-0.092217	-0.092403	-0.092378	-0.092443	-0.092525	-0.092563
418.000000	-0.092452	-0.092402	-0.092536	-0.092489	-0.092543	-0.092808	-0.092769
419.000000	-0.092756	-0.092782	-0.092859	-0.092884	-0.092836	-0.093122	-0.093126
420.000000	-0.093078	-0.093225	-0.093270	-0.093379	-0.093233	-0.093417	-0.093515
421.000000	-0.093214	-0.093502	-0.093534	-0.093613	-0.093498	-0.093615	-0.093728
422.000000	-0.093279	-0.093684	-0.093701	-0.093669	-0.093700	-0.093777	-0.093819
423.000000	-0.093573	-0.094014	-0.093982	-0.093891	-0.094079	-0.094040	-0.093996
424.000000	-0.094048	-0.094430	-0.094337	-0.094271	-0.094549	-0.094366	-0.094268
425.000000	-0.094341	-0.094590	-0.094501	-0.094487	-0.094729	-0.094556	-0.094463
426.000000	-0.094372	-0.094444	-0.094455	-0.094478	-0.094587	-0.094578	-0.094565
427.000000	-0.094450	-0.094342	-0.094517	-0.094548	-0.094572	-0.094631	-0.094774
428.000000	-0.094744	-0.094513	-0.094837	-0.094856	-0.094902	-0.094835	-0.095155
429.000000	-0.095097	-0.094895	-0.095184	-0.095220	-0.095278	-0.095125	-0.095487
430.000000	-0.095368	-0.095373	-0.095392	-0.095494	-0.095474	-0.095429	-0.095625
431.000000	-0.095583	-0.095784	-0.095609	-0.095727	-0.095640	-0.095726	-0.095758
432.000000	-0.095786	-0.096003	-0.095973	-0.095990	-0.095938	-0.096003	-0.096060
433.000000	-0.095987	-0.096135	-0.096339	-0.096258	-0.096278	-0.096259	-0.096396
434.000000	-0.096187	-0.096328	-0.096518	-0.096491	-0.096523	-0.096496	-0.096580
435.000000	-0.096399	-0.096579	-0.096597	-0.096685	-0.096691	-0.096723	-0.096691
436.000000	-0.096638	-0.096827	-0.096759	-0.096858	-0.096858	-0.096951	-0.096898
437.000000	-0.096887	-0.097042	-0.097021	-0.097046	-0.097053	-0.097155	-0.097174
438.000000	-0.097111	-0.097210	-0.097299	-0.097298	-0.097274	-0.097298	-0.097374
439.000000	-0.097283	-0.097348	-0.097531	-0.097576	-0.097487	-0.097403	-0.097470
440.000000	-0.097392	-0.097494	-0.097682	-0.097769	-0.097626	-0.097552	-0.097534
441.000000	-0.097480	-0.097671	-0.097770	-0.097864	-0.097706	-0.097775	-0.097644
442.000000	-0.097668	-0.097879	-0.097883	-0.097984	-0.097847	-0.098037	-0.097872
443.000000	-0.097989	-0.098110	-0.098078	-0.098191	-0.098107	-0.098307	-0.098223
444.000000	-0.098313	-0.098356	-0.098336	-0.098424	-0.098409	-0.098570	-0.098578
445.000000	-0.098538	-0.098608	-0.098628	-0.098641	-0.098691	-0.098815	-0.098842
446.000000	-0.098708	-0.098869	-0.098915	-0.098892	-0.098962	-0.099033	-0.099034
447.000000	-0.098883	-0.099132	-0.099158	-0.099206	-0.099232	-0.099222	-0.099185
448.000000	-0.099089	-0.099352	-0.099318	-0.099468	-0.099464	-0.099414	-0.099314
449.000000	-0.099330	-0.099480	-0.099373	-0.099550	-0.099613	-0.099633	-0.099430
450.000000	-0.099508	-0.099513	-0.099383	-0.099531	-0.099681	-0.099776	-0.099515
451.000000	-0.099505	-0.099471	-0.099433	-0.099557	-0.099691	-0.099715	-0.099541
452.000000	-0.099390	-0.099410	-0.099520	-0.099627	-0.099654	-0.099552	-0.099533
453.000000	-0.099340	-0.099403	-0.099592	-0.099655	-0.099584	-0.099520	-0.099547
454.000000	-0.099427	-0.099485	-0.099656	-0.099683	-0.099560	-0.099671	-0.099634
455.000000	-0.099626	-0.099661	-0.099771	-0.099856	-0.099716	-0.099905	-0.099836
456.000000	-0.099869	-0.099888	-0.099940	-0.100142	-0.100012	-0.100134	-0.100114
457.000000	-0.100042	-0.100071	-0.100087	-0.100292	-0.100187	-0.100287	-0.100320
458.000000	-0.100093	-0.100166	-0.100165	-0.100219	-0.100146	-0.100342	-0.100379
459.000000	-0.100088	-0.100234	-0.100177	-0.100159	-0.100118	-0.100362	-0.100353
460.000000	-0.100103	-0.100315	-0.100156	-0.100276	-0.100256	-0.100396	-0.100317
461.000000	-0.100195	-0.100353	-0.100195	-0.100441	-0.100419	-0.100442	-0.100330
462.000000	-0.100383	-0.100310	-0.100352	-0.100520	-0.100468	-0.100492	-0.100425
463.000000	-0.100542	-0.100280	-0.100498	-0.100566	-0.100480	-0.100562	-0.100540
464.000000	-0.100544	-0.100366	-0.100500	-0.100660	-0.100561	-0.100669	-0.100605
465.000000	-0.100490	-0.100518	-0.100487	-0.100776	-0.100670	-0.100779	-0.100650
466.000000	-0.100552	-0.100635	-0.100659	-0.100854	-0.100719	-0.100848	-0.100740
467.000000	-0.100714	-0.100720	-0.100895	-0.100877	-0.100738	-0.100871	-0.100855
468.000000	-0.100855	-0.100826	-0.100912	-0.100859	-0.100818	-0.100872	-0.100932
469.000000	-0.100922	-0.100936	-0.100751	-0.100834	-0.100951	-0.100872	-0.100963
470.000000	-0.100915	-0.100977	-0.100718	-0.100851	-0.101050	-0.100895	-0.100979
471.000000	-0.100869	-0.100951	-0.100879	-0.100915	-0.101080	-0.100944	-0.100998
472.000000	-0.100854	-0.100949	-0.101009	-0.100982	-0.101075	-0.101005	-0.101014
473.000000	-0.100903	-0.101019	-0.101008	-0.101035	-0.101069	-0.101069	-0.101033
474.000000	-0.100982	-0.101120	-0.101024	-0.101121	-0.101087	-0.101137	-0.101095
475.000000	-0.101049	-0.101206	-0.101144	-0.101249	-0.101135	-0.101208	-0.101206
476.000000	-0.101061	-0.101239	-0.101240	-0.101328	-0.101173	-0.101262	-0.101284
477.000000	-0.101006	-0.101205	-0.101209	-0.101297	-0.101170	-0.101289	-0.101273
478.000000	-0.100996	-0.101178	-0.101175	-0.101281	-0.101175	-0.101325	-0.101262
479.000000	-0.101137	-0.101230	-0.101277	-0.101410	-0.101240	-0.101400	-0.101345
480.000000	-0.101327	-0.101308	-0.101424	-0.101586	-0.101351	-0.101450	-0.101440
481.000000	-0.101399	-0.101321	-0.101457	-0.101646	-0.101467	-0.101395	-0.101415
482.000000	-0.101343	-0.101299	-0.101403	-0.101567	-0.101520	-0.101288	-0.101323
483.000000	-0.101229	-0.101322	-0.101372	-0.101402	-0.101441	-0.101246	-0.101301
484.000000	-0.101112	-0.101351	-0.101358	-0.101236	-0.101277	-0.101249	-0.101340
485.000000	-0.101035	-0.101259	-0.101266	-0.101172	-0.101167	-0.101172	-0.101319
486.000000	-0.101002	-0.101052	-0.101100	-0.101200	-0.101141	-0.101024	-0.101215
487.000000	-0.100977	-0.100891	-0.100981	-0.101185	-0.101107	-0.100968	-0.101120
488.000000	-0.100937	-0.100856	-0.100968	-0.101075	-0.101026	-0.101046	-0.101076
489.000000	-0.100895	-0.100891	-0.101009	-0.100967	-0.100952	-0.101099	-0.101029
490.000000	-0.100878	-0.100951	-0.101067	-0.100945	-0.100943	-0.101055	-0.100964
491.000000	-0.100946	-0.101064	-0.101162	-0.101024	-0.101046	-0.101083	-0.100963
492.000000	-0.101102	-0.101221	-0.101279	-0.101168	-0.101242	-0.101281	-0.101066
493.000000	-0.101138	-0.101237	-0.101243	-0.101179	-0.101294	-0.101353	-0.101112
494.000000	-0.100877	-0.100963	-0.100920	-0.100901	-0.101003	-0.101025	-0.100954
495.000000	-0.100566	-0.100645	-0.100609	-0.100572	-0.100661	-0.100605	-0.100759
496.000000	-0.100545	-0.100610	-0.100683	-0.100520	-0.100666	-0.100535	-0.100763
497.000000	-0.100708	-0.100744	-0.100945	-0.100656	-0.100873	-0.100723	-0.100859
498.000000	-0.100748	-0.100731	-0.100940	-0.100699	-0.100891	-0.100827	-0.100789
499.000000	-0.100609	-0.100550	-0.100666	-0.100605	-0.100692	-0.100753	-0.100578
500.000000	-0.100417	-0.100391	-0.100443	-0.100499	-0.100505	-0.100585	-0.100454
501.000000	-0.100248	-0.100306	-0.100362	-0.100412	-0.100390	-0.100393	-0.100442
502.000000	-0.100115	-0.100199	-0.100275	-0.100276	-0.100230	-0.100228	-0.100352
503.000000	-0.100016	-0.100048	-0.100122	-0.100095	-0.100009	-0.100113	-0.100141
504.000000	-0.099925	-0.099950	-0.099993	-0.099985	-0.099882	-0.100033	-0.099999
505.000000	-0.099827	-0.099948	-0.099943	-0.099996	-0.099914	-0.099971	-0.100016
506.000000	-0.099739	-0.099943	-0.099909	-0.100011	-0.099944	-0.099908	-0.100007
507.000000	-0.099669	-0.099851	-0.099831	-0.099926	-0.099841	-0.099826	-0.099834
508.000000	-0.099582	-0.099700	-0.099700	-0.099767	-0.099682	-0.099714	-0.099619
509.000000	-0.099451	-0.099538	-0.099532	-0.099587	-0.099566	-0.099574	-0.099507
510.000000	-0.099330	-0.099401	-0.099417	-0.099467	-0.099499	-0.099457	-0.099498
511.000000	-0.099283	-0.099309	-0.099435	-0.099468	-0.099456	-0.099415	-0.099541
512.000000	-0.099253	-0.099230	-0.099460	-0.099477	-0.099374	-0.099383	-0.099540
513.000000	-0.099138	-0.099112	-0.099292	-0.099316	-0.099180	-0.099251	-0.099394
514.000000	-0.098959	-0.098977	-0.099017	-0.099053	-0.098952	-0.099060	-0.099161
515.000000	-0.098817	-0.098892	-0.098898	-0.098908	-0.098855	-0.098943	-0.098995
516.000000	-0.098724	-0.098844	-0.098927	-0.098878	-0.098877	-0.098900	-0.098908
517.000000	-0.098605	-0.098742	-0.098830	-0.098749	-0.098831	-0.098800	-0.098773
518.000000	-0.098439	-0.098562	-0.098539	-0.098474	-0.098651	-0.098613	-0.098552
519.000000	-0.098283	-0.098378	-0.098287	-0.098248	-0.098447	-0.098445	-0.098347
520.000000	-0.098165	-0.098236	-0.098193	-0.098175	-0.098292	-0.098350	-0.098219
521.000000	-0.098043	-0.098117	-0.098117	-0.098136	-0.098158	-0.098243	-0.098135
522.000000	-0.097889	-0.097994	-0.097949	-0.098033	-0.098018	-0.098066	-0.098053
523.000000	-0.097750	-0.097850	-0.097779	-0.097904	-0.097877	-0.097878	-0.097946
524.000000	-0.097666	-0.097681	-0.097698	-0.097798	-0.097742	-0.097742	-0.097800
525.000000	-0.097592	-0.097538	-0.097664	-0.097702	-0.097611	-0.097645	-0.097652
526.000000	-0.097474	-0.097471	-0.097602	-0.097590	-0.097486	-0.097555	-0.097546
527.000000	-0.097345	-0.097437	-0.097498	-0.097469	-0.097394	-0.097462	-0.097485
528.000000	-0.097265	-0.097356	-0.097367	-0.097357	-0.097368	-0.097366	-0.097449
529.000000	-0.097224	-0.097226	-0.097243	-0.097263	-0.097346	-0.097264	-0.097399
530.000000	-0.097161	-0.097088	-0.097166	-0.097186	-0.097216	-0.097152	-0.097284
531.000000	-0.097004	-0.096954	-0.097059	-0.097040	-0.097004	-0.097033	-0.097112
532.000000	-0.096677	-0.096811	-0.096753	-0.096680	-0.096848	-0.096910	-0.096948
533.000000	-0.096407	-0.096678	-0.096475	-0.096389	-0.096787	-0.096803	-0.096829
534.000000	-0.096784	-0.096616	-0.096932	-0.096973	-0.096723	-0.096752	-0.096755
535.000000	-0.097429	-0.096619	-0.097684	-0.097903	-0.096633	-0.096739	-0.096700
536.000000	-0.096166	-0.096557	-0.096152	-0.096169	-0.096633	-0.096650	-0.096590
537.000000	-0.093275	-0.096371	-0.092726	-0.092188	-0.096685	-0.096435	-0.096399
538.000000	-0.096071	-0.096213	-0.096286	-0.096194	-0.096283	-0.096248	-0.096236
539.000000	-0.106414	-0.096186	-0.109007	-0.110746	-0.095335	-0.096194	-0.096169
540.000000	-0.099830	-0.096038	-0.100795	-0.101417	-0.095681	-0.096037	-0.096010
541.000000	-0.056011	-0.095584	-0.046017	-0.038855	-0.098473	-0.095604	-0.095635
542.000000	-0.019369	-0.095573	0.005540	0.020101	-0.097770	-0.095616	-0.095698
543.000000	-0.047457	-0.096765	-0.013851	-0.001930	-0.086655	-0.096799	-0.096829
544.000000	-0.094459	-0.096790	-0.076173	-0.073240	-0.073824	-0.096797	-0.096728
545.000000	-0.065722	-0.091989	-0.105335	-0.107308	-0.075334	-0.091991	-0.091912
546.000000	0.013346	-0.085325	-0.092566	-0.093659	-0.088843	-0.085357	-0.085348
547.000000	0.025734	-0.084742	-0.081590	-0.081147	-0.097832	-0.084820	-0.084851
548.000000	-0.046391	-0.090828	-0.088460	-0.088078	-0.097030	-0.090941	-0.090949
549.000000	-0.106999	-0.095796	-0.096545	-0.096622	-0.094229	-0.095890	-0.095876
550.000000	-0.108643	-0.095843	-0.096602	-0.096757	-0.094004	-0.095873	-0.095865
551.000000	-0.092238	-0.094340	-0.094147	-0.094203	-0.094593	-0.094341	-0.094342
552.000000	-0.089926	-0.093951	-0.093692	-0.093679	-0.094488	-0.094000	-0.093992
553.000000	-0.094280	-0.094143	-0.094218	-0.094186	-0.094124	-0.094249	-0.094228
554.000000	-0.095326	-0.094142	-0.094323	-0.094308	-0.094013	-0.094252	-0.094224
555.000000	-0.094045	-0.093933	-0.094035	-0.094053	-0.093963	-0.094008	-0.093978
556.000000	-0.093314	-0.093669	-0.093681	-0.093725	-0.093718	-0.093706	-0.093671
557.000000	-0.093390	-0.093546	-0.093508	-0.093561	-0.093516	-0.093558	-0.093525
558.000000	-0.093662	-0.093688	-0.093656	-0.093692	-0.093654	-0.093703	-0.093687
559.000000	-0.093490	-0.093571	-0.093565	-0.093574	-0.093589	-0.093609	-0.093604
560.000000	-0.092380	-0.092521	-0.092518	-0.092509	-0.092549	-0.092591	-0.092560
561.000000	-0.091933	-0.092075	-0.092060	-0.092057	-0.092081	-0.092173	-0.092114
562.000000	-0.094903	-0.095009	-0.095017	-0.095046	-0.095042	-0.095123	-0.095108
563.000000	-0.097041	-0.097110	-0.097161	-0.097230	-0.097206	-0.097218	-0.097298
564.000000	-0.087508	-0.087587	-0.087633	-0.087703	-0.087676	-0.087654	-0.087767
565.000000	-0.076518	-0.076645	-0.076636	-0.076661	-0.076647	-0.076654	-0.076717
566.000000	-0.104508	-0.104627	-0.104605	-0.104589	-0.104593	-0.104621	-0.104663
567.000000	-0.174968	-0.174999	-0.175038	-0.175022	-0.175037	-0.175040	-0.175134
568.000000	-0.210490	-0.210483	-0.210544	-0.210567	-0.210585	-0.210556	-0.210661
569.000000	-0.161636	-0.161729	-0.161696	-0.161783	-0.161800	-0.161761	-0.161767
570.000000	-0.094093	-0.094294	-0.094164	-0.094279	-0.094304	-0.094261	-0.094190
571.000000	-0.076208	-0.076395	-0.076273	-0.076341	-0.076392	-0.076331	-0.076325
572.000000	-0.089545	-0.089645	-0.089597	-0.089615	-0.089666	-0.089608	-0.089696
573.000000	-0.096076	-0.096110	-0.096127	-0.096178	-0.096157	-0.096161	-0.096225
574.000000	-0.092687	-0.092701	-0.092744	-0.092860	-0.092760	-0.092839	-0.092816
575.000000	-0.090181	-0.090220	-0.090244	-0.090356	-0.090267	-0.090359	-0.090314
576.000000	-0.090747	-0.090843	-0.090828	-0.090871	-0.090859	-0.090911	-0.090908
577.000000	-0.091390	-0.091545	-0.091521	-0.091493	-0.091527	-0.091545	-0.091573
578.000000	-0.091138	-0.091318	-0.091319	-0.091260	-0.091278	-0.091293	-0.091320
579.000000	-0.090838	-0.090972	-0.090995	-0.090967	-0.090937	-0.090973	-0.090999
580.000000	-0.090752	-0.090789	-0.090818	-0.090865	-0.090784	-0.090840	-0.090879
581.000000	-0.090349	-0.090324	-0.090360	-0.090459	-0.090360	-0.090385	-0.090438
582.000000	-0.089777	-0.089772	-0.089817	-0.089915	-0.089846	-0.089788	-0.089844
583.000000	-0.090493	-0.090553	-0.090582	-0.090664	-0.090647	-0.090536	-0.090584
584.000000	-0.092208	-0.092334	-0.092313	-0.092391	-0.092421	-0.092341	-0.092374
585.000000	-0.089737	-0.089884	-0.089841	-0.089892	-0.089943	-0.089936	-0.089970
586.000000	-0.083212	-0.083317	-0.083322	-0.083297	-0.083337	-0.083389	-0.083456
587.000000	-0.096421	-0.096492	-0.096551	-0.096450	-0.096484	-0.096556	-0.096639
588.000000	-0.147883	-0.147993	-0.148046	-0.147927	-0.147992	-0.148036	-0.148068
589.000000	-0.192035	-0.192187	-0.192214	-0.192162	-0.192221	-0.192220	-0.192184
590.000000	-0.169772	-0.169865	-0.169918	-0.170016	-0.169947	-0.169929	-0.169882
591.000000	-0.108130	-0.108131	-0.108216	-0.108377	-0.108230	-0.108233	-0.108234
592.000000	-0.075555	-0.075577	-0.075603	-0.075528	-0.075616	-0.075665	-0.075738
593.000000	-0.081499	-0.081625	-0.081542	-0.081401	-0.081577	-0.081656	-0.081789
594.000000	-0.091236	-0.091389	-0.091295	-0.092157	-0.091356	-0.091394	-0.091542
595.000000	-0.090297	-0.090372	-0.090376	-0.091951	-0.090453	-0.090408	-0.090517
596.000000	-0.087144	-0.087148	-0.087222	-0.085505	-0.087304	-0.087260	-0.087293
597.000000	-0.086829	-0.086830	-0.086885	-0.078520	-0.086958	-0.087025	-0.086976
598.000000	-0.087434	-0.087476	-0.087476	-0.076626	-0.087523	-0.087683	-0.087595
599.000000	-0.087341	-0.087433	-0.087399	-0.081695	-0.087407	-0.087557	-0.087497
600.000000	-0.086921	-0.087019	-0.087013	-0.087293	-0.086976	-0.087073	-0.087065
601.000000	-0.086636	-0.086675	-0.086762	-0.088177	-0.086693	-0.086746	-0.086777
602.000000	-0.086385	-0.086364	-0.086515	-0.086602	-0.086464	-0.086468	-0.086515
603.000000	-0.086001	-0.085983	-0.086085	-0.085717	-0.086124	-0.086057	-0.086097
604.000000	-0.085533	-0.085576	-0.085589	-0.085568	-0.085697	-0.085587	-0.085630
605.000000	-0.085086	-0.085217	-0.085203	-0.085352	-0.085259	-0.085192	-0.085277
606.000000	-0.084674	-0.084860	-0.084881	-0.084946	-0.084837	-0.084867	-0.084992
607.000000	-0.084271	-0.084422	-0.084489	-0.084522	-0.084435	-0.084548	-0.084642
608.000000	-0.083884	-0.083943	-0.084035	-0.084116	-0.084053	-0.084193	-0.084209
609.000000	-0.083534	-0.083542	-0.083616	-0.083681	-0.083688	-0.083779	-0.083750
610.000000	-0.083224	-0.083245	-0.083279	-0.083246	-0.083351	-0.083351	-0.083327
611.000000	-0.082941	-0.082990	-0.083024	-0.082908	-0.083059	-0.083010	-0.083003
612.000000	-0.082663	-0.082729	-0.082813	-0.082686	-0.082807	-0.082774	-0.082777
613.000000	-0.082371	-0.082435	-0.082562	-0.082489	-0.082554	-0.082545	-0.082563
614.000000	-0.082079	-0.082130	-0.082259	-0.082271	-0.082292	-0.082282	-0.082319
615.000000	-0.081866	-0.081923	-0.082026	-0.082081	-0.082079	-0.082066	-0.082105
616.000000	-0.081768	-0.081864	-0.081932	-0.081955	-0.081948	-0.081947	-0.081964
617.000000	-0.081686	-0.081823	-0.081864	-0.081864	-0.081851	-0.081851	-0.081864
618.000000	-0.081532	-0.081680	-0.081720	-0.081770	-0.081736	-0.081708	-0.081767
619.000000	-0.081366	-0.081496	-0.081549	-0.081647	-0.081592	-0.081538	-0.081657
620.000000	-0.081266	-0.081358	-0.081428	-0.081481	-0.081425	-0.081380	-0.081527
621.000000	-0.081192	-0.081260	-0.081352	-0.081324	-0.081278	-0.081260	-0.081395
622.000000	-0.081068	-0.081167	-0.081283	-0.081237	-0.081203	-0.081190	-0.081286
623.000000	-0.080919	-0.081067	-0.081170	-0.081171	-0.081150	-0.081133	-0.081179
624.000000	-0.080820	-0.080967	-0.080959	-0.081028	-0.081026	-0.081025	-0.081035
625.000000	-0.080763	-0.080855	-0.080704	-0.080828	-0.080849	-0.080867	-0.080870
626.000000	-0.080674	-0.080706	-0.080532	-0.080684	-0.080716	-0.080712	-0.080744
627.000000	-0.080528	-0.080524	-0.080469	-0.080612	-0.080634	-0.080567	-0.080648
628.000000	-0.080359	-0.080343	-0.080427	-0.080523	-0.080507	-0.080397	-0.080501
629.000000	-0.080194	-0.080188	-0.080347	-0.080374	-0.080303	-0.080208	-0.080289
630.000000	-0.080051	-0.080072	-0.080224	-0.080204	-0.080099	-0.080073	-0.080106
631.000000	-0.079937	-0.079998	-0.080075	-0.080049	-0.079955	-0.080024	-0.080008
632.000000	-0.079829	-0.079951	-0.079947	-0.079933	-0.079877	-0.079978	-0.079950
633.000000	-0.079713	-0.079904	-0.079867	-0.079863	-0.079844	-0.079873	-0.079881
634.000000	-0.079605	-0.079802	-0.079784	-0.079797	-0.079770	-0.079754	-0.079784
635.000000	-0.079516	-0.079601	-0.079642	-0.079692	-0.079588	-0.079671	-0.079655
636.000000	-0.079397	-0.079363	-0.079450	-0.079546	-0.079381	-0.079582	-0.079511
637.000000	-0.079192	-0.079167	-0.079236	-0.079366	-0.079257	-0.079425	-0.079371
638.000000	-0.078945	-0.079027	-0.079024	-0.079148	-0.079150	-0.079214	-0.079199
639.000000	-0.078740	-0.078922	-0.078840	-0.078884	-0.078937	-0.078994	-0.078947
640.000000	-0.078608	-0.078830	-0.078704	-0.078650	-0.078689	-0.078798	-0.078700
641.000000	-0.078545	-0.078725	-0.078633	-0.078563	-0.078593	-0.078653	-0.078612
642.000000	-0.078520	-0.078615	-0.078604	-0.078590	-0.078638	-0.078574	-0.078659
643.000000	-0.078482	-0.078538	-0.078550	-0.078570	-0.078638	-0.078571	-0.078647
644.000000	-0.078412	-0.078496	-0.078460	-0.078459	-0.078523	-0.078589	-0.078518
645.000000	-0.078336	-0.078447	-0.078387	-0.078372	-0.078382	-0.078498	-0.078390
646.000000	-0.078284	-0.078380	-0.078364	-0.078371	-0.078298	-0.078291	-0.078344
647.000000	-0.078290	-0.078346	-0.078382	-0.078395	-0.078308	-0.078214	-0.078369
648.000000	-0.078361	-0.078373	-0.078421	-0.078400	-0.078415	-0.078397	-0.078431
649.000000	-0.078431	-0.078415	-0.078461	-0.078415	-0.078523	-0.078601	-0.078477
650.000000	-0.078436	-0.078421	-0.078479	-0.078458	-0.078543	-0.078602	-0.078464
651.000000	-0.078371	-0.078369	-0.078432	-0.078458	-0.078466	-0.078469	-0.078411
652.000000	-0.078239	-0.078249	-0.078288	-0.078337	-0.078306	-0.078322	-0.078341
653.000000	-0.078029	-0.078063	-0.078078	-0.078116	-0.078093	-0.078149	-0.078198
654.000000	-0.077733	-0.077820	-0.077849	-0.077846	-0.077860	-0.077901	-0.077909
655.000000	-0.077410	-0.077532	-0.077581	-0.077548	-0.077598	-0.077593	-0.077522
656.000000	-0.077154	-0.077217	-0.077227	-0.077231	-0.077283	-0.077275	-0.077148
657.000000	-0.076962	-0.076925	-0.076873	-0.076950	-0.076965	-0.077000	-0.076873
658.000000	-0.076764	-0.076728	-0.076700	-0.076793	-0.076750	-0.076818	-0.076765
659.000000	-0.076574	-0.076635	-0.076709	-0.076743	-0.076659	-0.076723	-0.076786
660.000000	-0.076488	-0.076590	-0.076711	-0.076675	-0.076623	-0.076653	-0.076785
661.000000	-0.076505	-0.076548	-0.076605	-0.076544	-0.076594	-0.076571	-0.076689
662.000000	-0.076464	-0.076486	-0.076429	-0.076437	-0.076557	-0.076483	-0.076553
663.000000	-0.076275	-0.076383	-0.076232	-0.076381	-0.076486	-0.076381	-0.076405
664.000000	-0.076027	-0.076217	-0.076050	-0.076251	-0.076316	-0.076216	-0.076196
665.000000	-0.075788	-0.075961	-0.075882	-0.075948	-0.076009	-0.075949	-0.075890
666.000000	-0.075487	-0.075579	-0.075610	-0.075510	-0.075612	-0.075577	-0.075522
667.000000	-0.075064	-0.075069	-0.075150	-0.075015	-0.075189	-0.075127	-0.075140
668.000000	-0.074643	-0.074606	-0.074682	-0.074626	-0.074817	-0.074713	-0.074797
669.000000	-0.074372	-0.074373	-0.074420	-0.074481	-0.074553	-0.074451	-0.074532
670.000000	-0.074196	-0.074270	-0.074281	-0.074411	-0.074340	-0.074284	-0.074305
671.000000	-0.073986	-0.074096	-0.074075	-0.074150	-0.074079	-0.074089	-0.074049
672.000000	-0.073722	-0.073848	-0.073803	-0.073770	-0.073805	-0.073852	-0.073780
673.000000	-0.073451	-0.073644	-0.073578	-0.073538	-0.073628	-0.073624	-0.073560
674.000000	-0.073245	-0.073497	-0.073428	-0.073471	-0.073526	-0.073431	-0.073406
675.000000	-0.073189	-0.073339	-0.073304	-0.073374	-0.073368	-0.073278	-0.073294
676.000000	-0.073251	-0.073167	-0.073192	-0.073198	-0.073156	-0.073179	-0.073206
677.000000	-0.073250	-0.073063	-0.073123	-0.073079	-0.073054	-0.073159	-0.073137
678.000000	-0.073130	-0.073070	-0.073124	-0.073094	-0.073131	-0.073207	-0.073105
679.000000	-0.073063	-0.073154	-0.073214	-0.073194	-0.073270	-0.073253	-0.073177
680.000000	-0.073135	-0.073254	-0.073356	-0.073303	-0.073351	-0.073244	-0.073345
681.000000	-0.073165	-0.073257	-0.073368	-0.073314	-0.073292	-0.073183	-0.073407
682.000000	-0.073020	-0.073112	-0.073149	-0.073169	-0.073083	-0.073094	-0.073235
683.000000	-0.072883	-0.072994	-0.072944	-0.073019	-0.072937	-0.073048	-0.073055
684.000000	-0.072954	-0.073085	-0.073006	-0.073019	-0.073056	-0.073103	-0.073111
685.000000	-0.073120	-0.073293	-0.073205	-0.073109	-0.073281	-0.073191	-0.073274
686.000000	-0.073184	-0.073443	-0.073306	-0.073170	-0.073365	-0.073217	-0.073317
687.000000	-0.073120	-0.073446	-0.073267	-0.073157	-0.073293	-0.073176	-0.073223
688.000000	-0.072982	-0.073261	-0.073142	-0.073068	-0.073161	-0.073107	-0.073072
689.000000	-0.072845	-0.072990	-0.072997	-0.072941	-0.073023	-0.073033	-0.072931
690.000000	-0.072798	-0.072821	-0.072907	-0.072839	-0.072907	-0.072971	-0.072857
691.000000	-0.072848	-0.072814	-0.072898	-0.072797	-0.072849	-0.072937	-0.072859
692.000000	-0.072932	-0.072900	-0.072942	-0.072817	-0.072892	-0.072953	-0.072898
693.000000	-0.072993	-0.073002	-0.073006	-0.072888	-0.073001	-0.073007	-0.072946
694.000000	-0.072992	-0.073040	-0.073046	-0.072985	-0.073034	-0.073046	-0.072990
695.000000	-0.072935	-0.072989	-0.073034	-0.073067	-0.072942	-0.073045	-0.073021
696.000000	-0.072913	-0.072926	-0.072987	-0.073070	-0.072866	-0.073034	-0.073036
697.000000	-0.072978	-0.072920	-0.072934	-0.072984	-0.072911	-0.073047	-0.073041
698.000000	-0.073044	-0.072980	-0.072937	-0.072959	-0.073001	-0.073108	-0.073066
699.000000	-0.073037	-0.073095	-0.073037	-0.073106	-0.073059	-0.073221	-0.073129
700.000000	-0.073015	-0.073222	-0.073158	-0.073270	-0.073115	-0.073319	-0.073206
701.000000	-0.073053	-0.073312	-0.073213	-0.073267	-0.073213	-0.073329	-0.073262
702.000000	-0.073135	-0.073345	-0.073223	-0.073174	-0.073305	-0.073285	-0.073292
703.000000	-0.073208	-0.073317	-0.073245	-0.073152	-0.073325	-0.073253	-0.073300
704.000000	-0.073234	-0.073264	-0.073259	-0.073190	-0.073289	-0.073259	-0.073274
705.000000	-0.073185	-0.073238	-0.073209	-0.073192	-0.073258	-0.073305	-0.073194
706.000000	-0.073067	-0.073202	-0.073091	-0.073114	-0.073218	-0.073330	-0.073087
707.000000	-0.072910	-0.073053	-0.072939	-0.072953	-0.073098	-0.073228	-0.073008
708.000000	-0.072738	-0.072811	-0.072778	-0.072755	-0.072890	-0.073002	-0.072945
709.000000	-0.072561	-0.072631	-0.072627	-0.072611	-0.072650	-0.072771	-0.072813
710.000000	-0.072369	-0.072525	-0.072468	-0.072520	-0.072409	-0.072568	-0.072586
711.000000	-0.072116	-0.072284	-0.072239	-0.072331	-0.072149	-0.072285	-0.072336
712.000000	-0.071788	-0.071830	-0.071925	-0.071981	-0.071878	-0.071898	-0.072099
713.000000	-0.071454	-0.071422	-0.071623	-0.071619	-0.071664	-0.071595	-0.071816
714.000000	-0.071160	-0.071234	-0.071398	-0.071359	-0.071517	-0.071476	-0.071458
715.000000	-0.070862	-0.071045	-0.071156	-0.071118	-0.071237	-0.071270	-0.071119
716.000000	-0.070509	-0.070636	-0.070798	-0.070797	-0.070670	-0.070746	-0.070880
717.000000	-0.070109	-0.070152	-0.070335	-0.070404	-0.070074	-0.070158	-0.070638
718.000000	-0.069686	-0.069806	-0.069821	-0.069981	-0.069757	-0.069834	-0.070262
719.000000	-0.069270	-0.069537	-0.069359	-0.069565	-0.069603	-0.069632	-0.069788
720.000000	-0.068900	-0.069192	-0.069064	-0.069191	-0.069340	-0.069251	-0.069322
721.000000	-0.068638	-0.068820	-0.068914	-0.068899	-0.068993	-0.068810	-0.068937
722.000000	-0.068547	-0.068579	-0.068802	-0.068723	-0.068750	-0.068650	-0.068677
723.000000	-0.068513	-0.068419	-0.068610	-0.068543	-0.068573	-0.068661	-0.068430
724.000000	-0.068274	-0.068115	-0.068215	-0.068123	-0.068243	-0.068364	-0.067970
725.000000	-0.067774	-0.067630	-0.067705	-0.067518	-0.067755	-0.067707	-0.067375
726.000000	-0.067205	-0.067157	-0.067412	-0.067132	-0.067367	-0.067161	-0.067088
727.000000	-0.066757	-0.066859	-0.067405	-0.067105	-0.067173	-0.066960	-0.067227
728.000000	-0.066588	-0.066820	-0.067291	-0.067112	-0.066971	-0.066901	-0.067332
729.000000	-0.066728	-0.067038	-0.066891	-0.066964	-0.066691	-0.066846	-0.067126
730.000000	-0.066907	-0.067322	-0.066627	-0.066905	-0.066638	-0.066910	-0.066895
731.000000	-0.066895	-0.067508	-0.066858	-0.067152	-0.067049	-0.067187	-0.066905
732.000000	-0.066752	-0.067622	-0.067404	-0.067592	-0.067748	-0.067595	-0.067079
