[HEADER]
Format	J&M ASCII Table
Comment	Remin PV CDOM Samples 
Date	2/12/1980 6:53:40 AM
Order	Y (evenX)
TechType	UV
NumPoints	483
FirstX	250.00
LastX	732.00
XType	NMetr
YType	Absrb
ZType	Secs
NumSubFile	7
Matrix	Z vs X
[DATA]
	0.000000	5.000128	10.000192	15.000256	20.000383	25.000448	30.000511
250.000000	1.120537	1.121305	1.118861	1.120373	1.118656	1.117873	1.115274
251.000000	1.102247	1.103189	1.102511	1.103371	1.102516	1.101690	1.097710
252.000000	1.084885	1.085658	1.085760	1.086459	1.085655	1.085998	1.081535
253.000000	1.068831	1.069790	1.069766	1.070718	1.069786	1.070703	1.067056
254.000000	1.054485	1.056397	1.055672	1.057018	1.056342	1.056010	1.054510
255.000000	1.042334	1.045038	1.044077	1.045102	1.045027	1.043272	1.044007
256.000000	1.032711	1.035134	1.035194	1.034548	1.035190	1.033597	1.035458
257.000000	1.025020	1.026833	1.027772	1.025362	1.026306	1.025405	1.027851
258.000000	1.018383	1.020381	1.020243	1.017653	1.017979	1.016537	1.020037
259.000000	1.012201	1.014709	1.012633	1.011219	1.010598	1.007754	1.012448
260.000000	1.006077	1.008220	1.005774	1.005705	1.004892	1.001205	1.006246
261.000000	1.000457	1.001587	1.000271	1.000989	1.000710	0.997191	1.001319
262.000000	0.996381	0.997138	0.996501	0.997097	0.997200	0.994551	0.996581
263.000000	0.993179	0.994181	0.993360	0.993151	0.993208	0.991528	0.991321
264.000000	0.988234	0.988568	0.988091	0.987253	0.987267	0.985750	0.985280
265.000000	0.980522	0.978857	0.979877	0.978882	0.979135	0.976754	0.978221
266.000000	0.971903	0.968515	0.971339	0.969945	0.970671	0.967364	0.969901
267.000000	0.963567	0.959912	0.963868	0.961606	0.962826	0.959325	0.960251
268.000000	0.954281	0.951383	0.954862	0.952539	0.953699	0.950804	0.949647
269.000000	0.942778	0.940972	0.942016	0.941366	0.941558	0.939827	0.938293
270.000000	0.929167	0.928084	0.926710	0.928077	0.927144	0.926108	0.925427
271.000000	0.913889	0.912649	0.910930	0.912963	0.911650	0.909932	0.910271
272.000000	0.897292	0.895770	0.894736	0.896072	0.895282	0.892522	0.893450
273.000000	0.879662	0.878827	0.877489	0.877411	0.877861	0.875280	0.876000
274.000000	0.860934	0.861393	0.858984	0.857542	0.859158	0.857748	0.857682
275.000000	0.840851	0.842055	0.839260	0.837304	0.838941	0.838452	0.837575
276.000000	0.819338	0.820458	0.818231	0.816763	0.817387	0.817095	0.815777
277.000000	0.796485	0.797173	0.795710	0.795320	0.795026	0.794408	0.793258
278.000000	0.772826	0.773076	0.771984	0.772738	0.772301	0.770966	0.770482
279.000000	0.749443	0.749381	0.747946	0.749266	0.749528	0.747112	0.747231
280.000000	0.726778	0.726545	0.724277	0.725309	0.726754	0.723255	0.723522
281.000000	0.703994	0.703556	0.701184	0.701505	0.703537	0.699960	0.699901
282.000000	0.680513	0.679776	0.678641	0.678273	0.679665	0.677454	0.676747
283.000000	0.656907	0.656123	0.656108	0.655341	0.655755	0.654952	0.653800
284.000000	0.633816	0.633477	0.633123	0.632404	0.632414	0.631774	0.630810
285.000000	0.611284	0.611294	0.609983	0.609564	0.609563	0.608523	0.608074
286.000000	0.589208	0.588832	0.587201	0.587064	0.587002	0.586066	0.586015
287.000000	0.567667	0.566725	0.565329	0.565327	0.565078	0.564620	0.564847
288.000000	0.546811	0.546092	0.544871	0.544806	0.544325	0.544122	0.544668
289.000000	0.526737	0.526778	0.525579	0.525346	0.524734	0.524490	0.525189
290.000000	0.507500	0.507842	0.506740	0.506424	0.505953	0.505628	0.505905
291.000000	0.489058	0.489063	0.488169	0.487886	0.487738	0.487424	0.486934
292.000000	0.471273	0.470914	0.470188	0.469933	0.469962	0.469754	0.468981
293.000000	0.454153	0.453755	0.453087	0.452826	0.452755	0.452696	0.452277
294.000000	0.437904	0.437756	0.437077	0.436878	0.436612	0.436610	0.436365
295.000000	0.422697	0.422891	0.422207	0.422156	0.421759	0.421671	0.421024
296.000000	0.408600	0.408769	0.408200	0.408195	0.407814	0.407613	0.406637
297.000000	0.395518	0.395097	0.394791	0.394639	0.394419	0.394164	0.393447
298.000000	0.382889	0.382043	0.381877	0.381695	0.381534	0.381205	0.381003
299.000000	0.370252	0.369821	0.369455	0.369599	0.369191	0.368713	0.368845
300.000000	0.358109	0.358428	0.357841	0.358181	0.357476	0.356988	0.357165
301.000000	0.347142	0.347775	0.347354	0.347175	0.346475	0.346349	0.346296
302.000000	0.337119	0.337609	0.337535	0.336551	0.336148	0.336462	0.336127
303.000000	0.327412	0.327629	0.327620	0.326394	0.326388	0.326728	0.326350
304.000000	0.317867	0.317844	0.317616	0.316765	0.317062	0.317087	0.316880
305.000000	0.308665	0.308485	0.308060	0.307710	0.308018	0.307845	0.307783
306.000000	0.299894	0.299661	0.299164	0.299158	0.299221	0.299084	0.299097
307.000000	0.291540	0.291354	0.290796	0.290921	0.290756	0.290640	0.290825
308.000000	0.283535	0.283459	0.282831	0.282905	0.282677	0.282461	0.282899
309.000000	0.275738	0.275749	0.275181	0.275169	0.274983	0.274676	0.275146
310.000000	0.268090	0.268096	0.267785	0.267738	0.267607	0.267334	0.267482
311.000000	0.260725	0.260622	0.260636	0.260537	0.260339	0.260256	0.260054
312.000000	0.253733	0.253438	0.253687	0.253492	0.253047	0.253278	0.252963
313.000000	0.246955	0.246496	0.246710	0.246589	0.245940	0.246399	0.246036
314.000000	0.240215	0.239720	0.239536	0.239813	0.239230	0.239622	0.239095
315.000000	0.233537	0.233065	0.232519	0.233097	0.232752	0.232784	0.232244
316.000000	0.227004	0.226504	0.226113	0.226372	0.226243	0.225728	0.225662
317.000000	0.220598	0.220035	0.220096	0.219757	0.219694	0.218814	0.219312
318.000000	0.214252	0.213674	0.213930	0.213442	0.213225	0.212611	0.213053
319.000000	0.207912	0.207419	0.207495	0.207322	0.206873	0.206919	0.206828
320.000000	0.201540	0.201252	0.200995	0.201070	0.200615	0.200970	0.200644
321.000000	0.195157	0.195100	0.194588	0.194622	0.194424	0.194553	0.194469
322.000000	0.188851	0.188828	0.188382	0.188203	0.188272	0.188092	0.188233
323.000000	0.182690	0.182478	0.182392	0.181973	0.182166	0.181863	0.181960
324.000000	0.176697	0.176382	0.176488	0.175954	0.176164	0.175847	0.175835
325.000000	0.170879	0.170716	0.170589	0.170150	0.170319	0.170008	0.169963
326.000000	0.165199	0.165200	0.164761	0.164549	0.164657	0.164330	0.164219
327.000000	0.159609	0.159565	0.159070	0.159101	0.159153	0.158784	0.158489
328.000000	0.154048	0.153847	0.153491	0.153611	0.153616	0.153272	0.152835
329.000000	0.148488	0.148155	0.148009	0.147930	0.147901	0.147727	0.147355
330.000000	0.143116	0.142625	0.142754	0.142372	0.142355	0.142344	0.142105
331.000000	0.138157	0.137383	0.137874	0.137366	0.137427	0.137365	0.137116
332.000000	0.133412	0.132412	0.133118	0.132810	0.132827	0.132622	0.132289
333.000000	0.128478	0.127622	0.128059	0.128323	0.127900	0.127738	0.127471
334.000000	0.123386	0.122998	0.122835	0.123708	0.122679	0.122714	0.122678
335.000000	0.118518	0.118584	0.118035	0.118921	0.117740	0.117851	0.118060
336.000000	0.113990	0.114326	0.113757	0.114046	0.113304	0.113267	0.113610
337.000000	0.109603	0.110051	0.109507	0.109315	0.109145	0.108854	0.109131
338.000000	0.105275	0.105707	0.105083	0.104903	0.105083	0.104579	0.104623
339.000000	0.101171	0.101454	0.100846	0.100874	0.101058	0.100558	0.100447
340.000000	0.097368	0.097415	0.097023	0.097187	0.097041	0.096823	0.096784
341.000000	0.093647	0.093546	0.093345	0.093546	0.093044	0.093144	0.093244
342.000000	0.089834	0.089802	0.089576	0.089737	0.089111	0.089347	0.089490
343.000000	0.086132	0.086221	0.085928	0.086031	0.085369	0.085649	0.085754
344.000000	0.082772	0.082842	0.082656	0.082732	0.081935	0.082299	0.082346
345.000000	0.079599	0.079600	0.079577	0.079607	0.078743	0.079137	0.079143
346.000000	0.076343	0.076397	0.076371	0.076264	0.075664	0.075881	0.075882
347.000000	0.073125	0.073247	0.073064	0.072817	0.072663	0.072590	0.072597
348.000000	0.070267	0.070223	0.069874	0.069655	0.069756	0.069508	0.069482
349.000000	0.067672	0.067300	0.066899	0.066837	0.066916	0.066650	0.066543
350.000000	0.064895	0.064370	0.064137	0.064142	0.064078	0.063835	0.063625
351.000000	0.061849	0.061429	0.061489	0.061431	0.061235	0.060995	0.060699
352.000000	0.058905	0.058606	0.058748	0.058683	0.058447	0.058210	0.057897
353.000000	0.056270	0.055946	0.055865	0.055940	0.055761	0.055549	0.055288
354.000000	0.053803	0.053321	0.053093	0.053340	0.053184	0.053045	0.052816
355.000000	0.051363	0.050684	0.050604	0.050942	0.050704	0.050684	0.050415
356.000000	0.048915	0.048255	0.048257	0.048551	0.048259	0.048331	0.048039
357.000000	0.046456	0.046184	0.045902	0.046000	0.045797	0.045862	0.045645
358.000000	0.044030	0.044144	0.043587	0.043418	0.043337	0.043293	0.043203
359.000000	0.041692	0.041764	0.041388	0.040988	0.040922	0.040698	0.040707
360.000000	0.039469	0.039262	0.039260	0.038727	0.038645	0.038301	0.038323
361.000000	0.037359	0.037037	0.037112	0.036578	0.036597	0.036338	0.036244
362.000000	0.035184	0.034970	0.034912	0.034405	0.034636	0.034513	0.034242
363.000000	0.032685	0.032646	0.032668	0.032044	0.032490	0.032244	0.031864
364.000000	0.030027	0.030076	0.030401	0.029603	0.030138	0.029605	0.029206
365.000000	0.027736	0.027645	0.028141	0.027429	0.027778	0.027237	0.026839
366.000000	0.025900	0.025522	0.025928	0.025575	0.025514	0.025325	0.024938
367.000000	0.024025	0.023588	0.023805	0.023707	0.023315	0.023433	0.023137
368.000000	0.021812	0.021663	0.021729	0.021600	0.021132	0.021281	0.021160
369.000000	0.019413	0.019487	0.019484	0.019283	0.018896	0.018952	0.018960
370.000000	0.017021	0.016972	0.016981	0.016848	0.016597	0.016582	0.016564
371.000000	0.014799	0.014534	0.014535	0.014468	0.014394	0.014328	0.014134
372.000000	0.012833	0.012537	0.012429	0.012291	0.012411	0.012291	0.011838
373.000000	0.010889	0.010722	0.010470	0.010261	0.010472	0.010282	0.009770
374.000000	0.008709	0.008716	0.008384	0.008273	0.008361	0.008080	0.007955
375.000000	0.006441	0.006528	0.006221	0.006225	0.006122	0.005779	0.006126
376.000000	0.004377	0.004322	0.004147	0.004043	0.003902	0.003592	0.003933
377.000000	0.002512	0.002193	0.002163	0.001881	0.001775	0.001546	0.001535
378.000000	0.000657	0.000185	0.000171	0.000017	-0.000229	-0.000441	-0.000620
379.000000	-0.001288	-0.001724	-0.001830	-0.001665	-0.002139	-0.002400	-0.002468
380.000000	-0.003340	-0.003617	-0.003748	-0.003633	-0.004037	-0.004310	-0.004304
381.000000	-0.005473	-0.005579	-0.005608	-0.005954	-0.005985	-0.006175	-0.006287
382.000000	-0.007607	-0.007695	-0.007597	-0.008149	-0.008016	-0.008037	-0.008380
383.000000	-0.009696	-0.009935	-0.009757	-0.009994	-0.010105	-0.009965	-0.010493
384.000000	-0.011774	-0.012044	-0.011831	-0.011830	-0.012109	-0.012069	-0.012452
385.000000	-0.013834	-0.013864	-0.013654	-0.013894	-0.013953	-0.014354	-0.014174
386.000000	-0.015727	-0.015586	-0.015441	-0.015931	-0.015791	-0.016491	-0.015866
387.000000	-0.017355	-0.017402	-0.017395	-0.017687	-0.017749	-0.018207	-0.017721
388.000000	-0.018958	-0.019230	-0.019354	-0.019317	-0.019650	-0.019746	-0.019630
389.000000	-0.020800	-0.020935	-0.021092	-0.021048	-0.021272	-0.021432	-0.021420
390.000000	-0.022657	-0.022539	-0.022639	-0.022794	-0.022719	-0.023114	-0.023041
391.000000	-0.024142	-0.024130	-0.024124	-0.024358	-0.024217	-0.024485	-0.024511
392.000000	-0.025389	-0.025735	-0.025601	-0.025798	-0.025835	-0.025736	-0.025961
393.000000	-0.026838	-0.027348	-0.027071	-0.027322	-0.027537	-0.027345	-0.027585
394.000000	-0.028500	-0.028883	-0.028522	-0.028923	-0.029178	-0.029202	-0.029275
395.000000	-0.029995	-0.030195	-0.029932	-0.030394	-0.030520	-0.030660	-0.030657
396.000000	-0.031209	-0.031356	-0.031326	-0.031677	-0.031598	-0.031623	-0.031723
397.000000	-0.032407	-0.032734	-0.032791	-0.032925	-0.032820	-0.032749	-0.032959
398.000000	-0.033763	-0.034439	-0.034332	-0.034263	-0.034363	-0.034367	-0.034576
399.000000	-0.035222	-0.036032	-0.035775	-0.035731	-0.035911	-0.036048	-0.036161
400.000000	-0.036707	-0.037212	-0.037016	-0.037293	-0.037215	-0.037446	-0.037415
401.000000	-0.038150	-0.038283	-0.038218	-0.038711	-0.038405	-0.038709	-0.038587
402.000000	-0.039494	-0.039562	-0.039527	-0.039805	-0.039634	-0.040014	-0.039933
403.000000	-0.040701	-0.040911	-0.040810	-0.040819	-0.040866	-0.041244	-0.041281
404.000000	-0.041762	-0.042105	-0.041896	-0.042059	-0.042028	-0.042249	-0.042389
405.000000	-0.042818	-0.043190	-0.042937	-0.043418	-0.043166	-0.043231	-0.043379
406.000000	-0.044059	-0.044317	-0.044185	-0.044634	-0.044365	-0.044503	-0.044505
407.000000	-0.045423	-0.045521	-0.045532	-0.045735	-0.045622	-0.045937	-0.045777
408.000000	-0.046702	-0.046760	-0.046653	-0.046917	-0.046873	-0.047147	-0.047051
409.000000	-0.047830	-0.047962	-0.047580	-0.048178	-0.048066	-0.048103	-0.048258
410.000000	-0.048878	-0.049034	-0.048666	-0.049336	-0.049156	-0.049105	-0.049399
411.000000	-0.049906	-0.049979	-0.050001	-0.050335	-0.050170	-0.050268	-0.050468
412.000000	-0.050952	-0.050935	-0.051303	-0.051293	-0.051217	-0.051437	-0.051438
413.000000	-0.052050	-0.051990	-0.052420	-0.052319	-0.052362	-0.052503	-0.052356
414.000000	-0.053216	-0.053110	-0.053504	-0.053464	-0.053563	-0.053488	-0.053411
415.000000	-0.054426	-0.054240	-0.054656	-0.054708	-0.054744	-0.054430	-0.054675
416.000000	-0.055531	-0.055296	-0.055721	-0.055815	-0.055770	-0.055390	-0.055815
417.000000	-0.056421	-0.056233	-0.056566	-0.056609	-0.056566	-0.056417	-0.056564
418.000000	-0.057254	-0.057184	-0.057382	-0.057348	-0.057375	-0.057487	-0.057289
419.000000	-0.058219	-0.058289	-0.058399	-0.058341	-0.058460	-0.058551	-0.058431
420.000000	-0.059209	-0.059370	-0.059475	-0.059431	-0.059601	-0.059539	-0.059698
421.000000	-0.060016	-0.060149	-0.060341	-0.060294	-0.060415	-0.060379	-0.060550
422.000000	-0.060734	-0.060787	-0.061048	-0.060978	-0.061021	-0.061139	-0.061113
423.000000	-0.061634	-0.061696	-0.061832	-0.061751	-0.061830	-0.061965	-0.061911
424.000000	-0.062652	-0.062819	-0.062686	-0.062634	-0.062830	-0.062851	-0.062940
425.000000	-0.063431	-0.063668	-0.063376	-0.063425	-0.063622	-0.063657	-0.063716
426.000000	-0.063921	-0.064150	-0.063907	-0.064093	-0.064127	-0.064346	-0.064153
427.000000	-0.064502	-0.064707	-0.064605	-0.064849	-0.064709	-0.065023	-0.064713
428.000000	-0.065357	-0.065560	-0.065594	-0.065764	-0.065558	-0.065756	-0.065620
429.000000	-0.066228	-0.066423	-0.066564	-0.066618	-0.066465	-0.066521	-0.066563
430.000000	-0.066938	-0.067087	-0.067298	-0.067264	-0.067257	-0.067296	-0.067304
431.000000	-0.067682	-0.067748	-0.067996	-0.067875	-0.067997	-0.068089	-0.067997
432.000000	-0.068633	-0.068596	-0.068851	-0.068630	-0.068766	-0.068900	-0.068808
433.000000	-0.069569	-0.069478	-0.069676	-0.069471	-0.069544	-0.069671	-0.069634
434.000000	-0.070221	-0.070188	-0.070242	-0.070287	-0.070286	-0.070342	-0.070328
435.000000	-0.070737	-0.070788	-0.070713	-0.071060	-0.070992	-0.070957	-0.070966
436.000000	-0.071412	-0.071437	-0.071390	-0.071801	-0.071680	-0.071598	-0.071696
437.000000	-0.072192	-0.072140	-0.072214	-0.072495	-0.072350	-0.072277	-0.072467
438.000000	-0.072821	-0.072809	-0.072922	-0.073105	-0.072992	-0.072965	-0.073115
439.000000	-0.073294	-0.073423	-0.073468	-0.073638	-0.073597	-0.073607	-0.073643
440.000000	-0.073829	-0.074019	-0.074002	-0.074139	-0.074159	-0.074133	-0.074203
441.000000	-0.074503	-0.074615	-0.074595	-0.074649	-0.074702	-0.074583	-0.074848
442.000000	-0.075206	-0.075205	-0.075213	-0.075203	-0.075290	-0.075142	-0.075499
443.000000	-0.075860	-0.075797	-0.075835	-0.075821	-0.075951	-0.075885	-0.076108
444.000000	-0.076479	-0.076436	-0.076486	-0.076487	-0.076636	-0.076670	-0.076701
445.000000	-0.077083	-0.077129	-0.077176	-0.077176	-0.077299	-0.077367	-0.077290
446.000000	-0.077689	-0.077764	-0.077859	-0.077835	-0.077910	-0.077959	-0.077815
447.000000	-0.078299	-0.078252	-0.078482	-0.078419	-0.078451	-0.078461	-0.078242
448.000000	-0.078865	-0.078700	-0.078999	-0.078923	-0.078944	-0.078922	-0.078693
449.000000	-0.079339	-0.079235	-0.079379	-0.079356	-0.079409	-0.079393	-0.079293
450.000000	-0.079736	-0.079777	-0.079683	-0.079752	-0.079816	-0.079844	-0.079895
451.000000	-0.080098	-0.080184	-0.080005	-0.080151	-0.080122	-0.080218	-0.080272
452.000000	-0.080447	-0.080476	-0.080364	-0.080550	-0.080401	-0.080534	-0.080491
453.000000	-0.080794	-0.080772	-0.080738	-0.080924	-0.080785	-0.080854	-0.080786
454.000000	-0.081164	-0.081150	-0.081141	-0.081308	-0.081286	-0.081233	-0.081252
455.000000	-0.081591	-0.081655	-0.081609	-0.081783	-0.081808	-0.081713	-0.081861
456.000000	-0.082068	-0.082226	-0.082119	-0.082324	-0.082287	-0.082259	-0.082504
457.000000	-0.082530	-0.082673	-0.082566	-0.082772	-0.082704	-0.082737	-0.082982
458.000000	-0.082929	-0.082927	-0.082905	-0.083055	-0.083050	-0.083075	-0.083223
459.000000	-0.083245	-0.083148	-0.083201	-0.083287	-0.083337	-0.083334	-0.083398
460.000000	-0.083493	-0.083463	-0.083515	-0.083565	-0.083596	-0.083583	-0.083646
461.000000	-0.083767	-0.083836	-0.083859	-0.083906	-0.083906	-0.083883	-0.083953
462.000000	-0.084132	-0.084208	-0.084229	-0.084295	-0.084310	-0.084263	-0.084284
463.000000	-0.084495	-0.084525	-0.084567	-0.084657	-0.084683	-0.084633	-0.084628
464.000000	-0.084752	-0.084755	-0.084824	-0.084923	-0.084900	-0.084902	-0.084977
465.000000	-0.084993	-0.085020	-0.085068	-0.085163	-0.085092	-0.085154	-0.085315
466.000000	-0.085358	-0.085471	-0.085400	-0.085485	-0.085459	-0.085520	-0.085622
467.000000	-0.085786	-0.085973	-0.085799	-0.085862	-0.085920	-0.085946	-0.085900
468.000000	-0.086105	-0.086248	-0.086175	-0.086193	-0.086239	-0.086279	-0.086162
469.000000	-0.086299	-0.086326	-0.086485	-0.086460	-0.086419	-0.086489	-0.086415
470.000000	-0.086473	-0.086493	-0.086720	-0.086717	-0.086652	-0.086648	-0.086666
471.000000	-0.086681	-0.086840	-0.086914	-0.086975	-0.086977	-0.086821	-0.086916
472.000000	-0.086900	-0.087223	-0.087146	-0.087200	-0.087254	-0.087052	-0.087166
473.000000	-0.087140	-0.087545	-0.087445	-0.087391	-0.087440	-0.087361	-0.087418
474.000000	-0.087466	-0.087818	-0.087755	-0.087608	-0.087688	-0.087719	-0.087681
475.000000	-0.087889	-0.088057	-0.088027	-0.087884	-0.088066	-0.088079	-0.087959
476.000000	-0.088261	-0.088260	-0.088260	-0.088169	-0.088374	-0.088351	-0.088238
477.000000	-0.088463	-0.088431	-0.088464	-0.088420	-0.088467	-0.088489	-0.088506
478.000000	-0.088577	-0.088611	-0.088675	-0.088670	-0.088563	-0.088631	-0.088762
479.000000	-0.088719	-0.088839	-0.088925	-0.088960	-0.088906	-0.088919	-0.089008
480.000000	-0.088930	-0.089102	-0.089193	-0.089256	-0.089343	-0.089255	-0.089245
481.000000	-0.089211	-0.089366	-0.089438	-0.089501	-0.089608	-0.089469	-0.089470
482.000000	-0.089483	-0.089564	-0.089632	-0.089669	-0.089685	-0.089562	-0.089647
483.000000	-0.089635	-0.089623	-0.089757	-0.089752	-0.089696	-0.089621	-0.089723
484.000000	-0.089667	-0.089606	-0.089817	-0.089770	-0.089718	-0.089702	-0.089726
485.000000	-0.089670	-0.089678	-0.089836	-0.089770	-0.089790	-0.089840	-0.089742
486.000000	-0.089716	-0.089861	-0.089853	-0.089803	-0.089917	-0.090015	-0.089822
487.000000	-0.089847	-0.090012	-0.089929	-0.089928	-0.090062	-0.090152	-0.089970
488.000000	-0.090052	-0.090075	-0.090083	-0.090138	-0.090197	-0.090225	-0.090169
489.000000	-0.090242	-0.090153	-0.090266	-0.090319	-0.090313	-0.090288	-0.090368
490.000000	-0.090384	-0.090328	-0.090450	-0.090424	-0.090430	-0.090401	-0.090541
491.000000	-0.090594	-0.090595	-0.090674	-0.090593	-0.090634	-0.090614	-0.090733
492.000000	-0.090930	-0.090897	-0.090938	-0.090906	-0.090952	-0.090922	-0.090959
493.000000	-0.091153	-0.091025	-0.091079	-0.091132	-0.091155	-0.091115	-0.091095
494.000000	-0.091046	-0.090825	-0.090962	-0.091054	-0.091043	-0.091016	-0.091037
495.000000	-0.090844	-0.090612	-0.090822	-0.090906	-0.090870	-0.090866	-0.090943
496.000000	-0.090893	-0.090792	-0.090966	-0.091021	-0.090986	-0.090992	-0.091027
497.000000	-0.091140	-0.091184	-0.091255	-0.091291	-0.091260	-0.091272	-0.091227
498.000000	-0.091343	-0.091344	-0.091352	-0.091408	-0.091345	-0.091381	-0.091347
499.000000	-0.091422	-0.091245	-0.091260	-0.091350	-0.091252	-0.091310	-0.091359
500.000000	-0.091412	-0.091163	-0.091226	-0.091304	-0.091240	-0.091280	-0.091350
501.000000	-0.091355	-0.091203	-0.091302	-0.091335	-0.091354	-0.091341	-0.091365
502.000000	-0.091297	-0.091290	-0.091325	-0.091382	-0.091402	-0.091364	-0.091400
503.000000	-0.091271	-0.091366	-0.091263	-0.091413	-0.091337	-0.091324	-0.091442
504.000000	-0.091296	-0.091417	-0.091290	-0.091455	-0.091335	-0.091359	-0.091462
505.000000	-0.091361	-0.091437	-0.091473	-0.091515	-0.091481	-0.091523	-0.091453
506.000000	-0.091399	-0.091432	-0.091606	-0.091553	-0.091607	-0.091640	-0.091451
507.000000	-0.091366	-0.091408	-0.091540	-0.091540	-0.091581	-0.091587	-0.091481
508.000000	-0.091329	-0.091381	-0.091433	-0.091514	-0.091485	-0.091499	-0.091512
509.000000	-0.091363	-0.091370	-0.091460	-0.091520	-0.091435	-0.091523	-0.091514
510.000000	-0.091457	-0.091412	-0.091572	-0.091576	-0.091475	-0.091611	-0.091556
511.000000	-0.091571	-0.091535	-0.091659	-0.091680	-0.091611	-0.091662	-0.091706
512.000000	-0.091633	-0.091640	-0.091682	-0.091755	-0.091722	-0.091656	-0.091835
513.000000	-0.091569	-0.091587	-0.091641	-0.091704	-0.091649	-0.091609	-0.091746
514.000000	-0.091446	-0.091454	-0.091575	-0.091579	-0.091462	-0.091555	-0.091534
515.000000	-0.091417	-0.091457	-0.091546	-0.091528	-0.091378	-0.091531	-0.091482
516.000000	-0.091478	-0.091579	-0.091550	-0.091565	-0.091433	-0.091535	-0.091597
517.000000	-0.091469	-0.091588	-0.091512	-0.091575	-0.091485	-0.091530	-0.091630
518.000000	-0.091349	-0.091431	-0.091420	-0.091511	-0.091466	-0.091501	-0.091502
519.000000	-0.091254	-0.091314	-0.091343	-0.091427	-0.091420	-0.091469	-0.091383
520.000000	-0.091255	-0.091339	-0.091324	-0.091367	-0.091385	-0.091445	-0.091379
521.000000	-0.091276	-0.091359	-0.091335	-0.091331	-0.091361	-0.091417	-0.091425
522.000000	-0.091248	-0.091268	-0.091342	-0.091316	-0.091344	-0.091376	-0.091455
523.000000	-0.091187	-0.091172	-0.091314	-0.091312	-0.091327	-0.091341	-0.091454
524.000000	-0.091121	-0.091184	-0.091234	-0.091307	-0.091305	-0.091329	-0.091422
525.000000	-0.091082	-0.091260	-0.091157	-0.091282	-0.091288	-0.091329	-0.091368
526.000000	-0.091095	-0.091321	-0.091146	-0.091224	-0.091292	-0.091327	-0.091307
527.000000	-0.091154	-0.091350	-0.091196	-0.091187	-0.091316	-0.091333	-0.091280
528.000000	-0.091235	-0.091353	-0.091271	-0.091236	-0.091351	-0.091363	-0.091328
529.000000	-0.091289	-0.091320	-0.091312	-0.091315	-0.091366	-0.091379	-0.091397
530.000000	-0.091253	-0.091230	-0.091252	-0.091300	-0.091314	-0.091322	-0.091380
531.000000	-0.091160	-0.091132	-0.091132	-0.091190	-0.091210	-0.091213	-0.091283
532.000000	-0.091124	-0.091127	-0.091083	-0.091094	-0.091120	-0.091148	-0.091204
533.000000	-0.091130	-0.091173	-0.091093	-0.091066	-0.091089	-0.091153	-0.091182
534.000000	-0.091006	-0.091051	-0.090967	-0.091083	-0.091132	-0.091162	-0.091171
535.000000	-0.090842	-0.090859	-0.090806	-0.091142	-0.091219	-0.091172	-0.091169
536.000000	-0.091224	-0.091288	-0.091266	-0.091274	-0.091247	-0.091305	-0.091260
537.000000	-0.092011	-0.092184	-0.092174	-0.091394	-0.091164	-0.091475	-0.091390
538.000000	-0.090987	-0.090975	-0.090999	-0.091086	-0.091087	-0.091014	-0.091110
539.000000	-0.087652	-0.087073	-0.087179	-0.090301	-0.091091	-0.089822	-0.090339
540.000000	-0.089689	-0.089394	-0.089548	-0.090663	-0.090975	-0.090461	-0.090717
541.000000	-0.101854	-0.103486	-0.103575	-0.093178	-0.090610	-0.094507	-0.093269
542.000000	-0.098944	-0.100310	-0.100294	-0.092614	-0.090707	-0.093615	-0.092731
543.000000	-0.051544	-0.045956	-0.045912	-0.082758	-0.091960	-0.077956	-0.082846
544.000000	0.004367	0.018061	0.018079	-0.070010	-0.092007	-0.058518	-0.070040
545.000000	0.001815	0.014500	0.014532	-0.066910	-0.087233	-0.056288	-0.066910
546.000000	-0.051825	-0.047804	-0.047724	-0.074090	-0.080632	-0.070652	-0.074090
547.000000	-0.091774	-0.093571	-0.093491	-0.082876	-0.080163	-0.084226	-0.082869
548.000000	-0.095330	-0.096726	-0.096707	-0.088510	-0.086389	-0.089491	-0.088479
549.000000	-0.088822	-0.088510	-0.088543	-0.090945	-0.091445	-0.090549	-0.090900
550.000000	-0.088563	-0.088151	-0.088189	-0.090958	-0.091508	-0.090593	-0.090923
551.000000	-0.090440	-0.090509	-0.090526	-0.090253	-0.090008	-0.090342	-0.090249
552.000000	-0.090561	-0.090756	-0.090754	-0.090029	-0.089659	-0.090157	-0.090058
553.000000	-0.089942	-0.090031	-0.090032	-0.090091	-0.089931	-0.090088	-0.090122
554.000000	-0.089847	-0.089831	-0.089864	-0.090113	-0.090036	-0.090105	-0.090100
555.000000	-0.089965	-0.089920	-0.089973	-0.090011	-0.089928	-0.090060	-0.089960
556.000000	-0.089784	-0.089812	-0.089835	-0.089794	-0.089736	-0.089843	-0.089762
557.000000	-0.089571	-0.089692	-0.089675	-0.089685	-0.089675	-0.089700	-0.089697
558.000000	-0.089729	-0.089864	-0.089853	-0.089883	-0.089901	-0.089890	-0.089914
559.000000	-0.089724	-0.089812	-0.089829	-0.089848	-0.089858	-0.089855	-0.089877
560.000000	-0.088750	-0.088801	-0.088810	-0.088849	-0.088823	-0.088820	-0.088888
561.000000	-0.088345	-0.088387	-0.088367	-0.088440	-0.088372	-0.088360	-0.088488
562.000000	-0.091380	-0.091416	-0.091414	-0.091456	-0.091377	-0.091379	-0.091473
563.000000	-0.093627	-0.093656	-0.093709	-0.093667	-0.093609	-0.093649	-0.093627
564.000000	-0.084175	-0.084207	-0.084268	-0.084188	-0.084158	-0.084221	-0.084134
565.000000	-0.073207	-0.073251	-0.073255	-0.073216	-0.073203	-0.073265	-0.073210
566.000000	-0.101184	-0.101229	-0.101199	-0.101206	-0.101197	-0.101267	-0.101254
567.000000	-0.171633	-0.171662	-0.171663	-0.171677	-0.171663	-0.171758	-0.171743
568.000000	-0.207192	-0.207211	-0.207249	-0.207258	-0.207251	-0.207328	-0.207311
569.000000	-0.158441	-0.158471	-0.158511	-0.158525	-0.158546	-0.158533	-0.158543
570.000000	-0.090978	-0.091031	-0.091074	-0.091084	-0.091136	-0.091048	-0.091075
571.000000	-0.073080	-0.073148	-0.073231	-0.073210	-0.073279	-0.073210	-0.073206
572.000000	-0.086399	-0.086463	-0.086570	-0.086527	-0.086597	-0.086588	-0.086547
573.000000	-0.093022	-0.093056	-0.093110	-0.093090	-0.093152	-0.093166	-0.093138
574.000000	-0.089782	-0.089780	-0.089764	-0.089788	-0.089830	-0.089829	-0.089843
575.000000	-0.087370	-0.087358	-0.087348	-0.087389	-0.087400	-0.087377	-0.087415
576.000000	-0.087974	-0.087971	-0.088024	-0.088062	-0.088028	-0.088002	-0.088035
577.000000	-0.088657	-0.088657	-0.088739	-0.088794	-0.088704	-0.088711	-0.088723
578.000000	-0.088450	-0.088445	-0.088510	-0.088587	-0.088464	-0.088513	-0.088508
579.000000	-0.088164	-0.088155	-0.088216	-0.088257	-0.088182	-0.088214	-0.088228
580.000000	-0.088063	-0.088053	-0.088142	-0.088095	-0.088126	-0.088094	-0.088152
581.000000	-0.087673	-0.087638	-0.087763	-0.087667	-0.087740	-0.087700	-0.087772
582.000000	-0.087172	-0.087097	-0.087232	-0.087175	-0.087172	-0.087216	-0.087246
583.000000	-0.087987	-0.087928	-0.087996	-0.088027	-0.087921	-0.088036	-0.088012
584.000000	-0.089789	-0.089824	-0.089754	-0.089874	-0.089716	-0.089820	-0.089764
585.000000	-0.087345	-0.087440	-0.087302	-0.087457	-0.087319	-0.087380	-0.087310
586.000000	-0.080771	-0.080804	-0.080768	-0.080876	-0.080822	-0.080865	-0.080793
587.000000	-0.093966	-0.093909	-0.094015	-0.094056	-0.094057	-0.094123	-0.094058
588.000000	-0.145539	-0.145481	-0.145609	-0.145634	-0.145586	-0.145702	-0.145655
589.000000	-0.189724	-0.189744	-0.189785	-0.189828	-0.189751	-0.189860	-0.189835
590.000000	-0.167198	-0.167316	-0.167236	-0.167283	-0.167356	-0.167321	-0.167318
591.000000	-0.105564	-0.105705	-0.105579	-0.105618	-0.105786	-0.105684	-0.105698
592.000000	-0.074080	-0.074080	-0.074087	-0.074130	-0.073969	-0.074181	-0.074205
593.000000	-0.080553	-0.080460	-0.080566	-0.080618	-0.080254	-0.080631	-0.080660
594.000000	-0.087039	-0.087315	-0.087067	-0.087106	-0.087808	-0.087134	-0.087165
595.000000	-0.083449	-0.084057	-0.083500	-0.083497	-0.085094	-0.083594	-0.083629
596.000000	-0.090466	-0.089927	-0.090552	-0.090490	-0.088703	-0.090632	-0.090677
597.000000	-0.102900	-0.100890	-0.103006	-0.102912	-0.096858	-0.103042	-0.103086
598.000000	-0.073702	-0.075075	-0.073743	-0.073714	-0.077584	-0.073832	-0.073827
599.000000	0.005204	-0.005172	0.005310	0.005172	-0.024977	0.005039	0.005143
600.000000	0.047710	0.032494	0.047874	0.047629	0.003447	0.047494	0.047662
601.000000	-0.004905	-0.014136	-0.004878	-0.005058	-0.031595	-0.005155	-0.005018
602.000000	-0.080888	-0.081426	-0.081022	-0.081086	-0.082205	-0.081125	-0.081083
603.000000	-0.101877	-0.099893	-0.102016	-0.102048	-0.096063	-0.102041	-0.102097
604.000000	-0.086673	-0.086285	-0.086734	-0.086781	-0.085749	-0.086774	-0.086865
605.000000	-0.078399	-0.078924	-0.078433	-0.078464	-0.080087	-0.078519	-0.078532
606.000000	-0.081476	-0.081698	-0.081545	-0.081534	-0.082026	-0.081654	-0.081566
607.000000	-0.083800	-0.083788	-0.083922	-0.083880	-0.083468	-0.083977	-0.083906
608.000000	-0.082685	-0.082770	-0.082828	-0.082800	-0.082605	-0.082810	-0.082839
609.000000	-0.081470	-0.081587	-0.081557	-0.081607	-0.081658	-0.081559	-0.081632
610.000000	-0.081324	-0.081325	-0.081319	-0.081460	-0.081430	-0.081420	-0.081457
611.000000	-0.081335	-0.081280	-0.081323	-0.081460	-0.081368	-0.081471	-0.081478
612.000000	-0.081054	-0.081060	-0.081125	-0.081162	-0.081166	-0.081234	-0.081238
613.000000	-0.080729	-0.080765	-0.080830	-0.080816	-0.080909	-0.080908	-0.080880
614.000000	-0.080533	-0.080506	-0.080554	-0.080594	-0.080679	-0.080658	-0.080557
615.000000	-0.080411	-0.080345	-0.080369	-0.080433	-0.080501	-0.080489	-0.080373
616.000000	-0.080302	-0.080299	-0.080299	-0.080278	-0.080382	-0.080379	-0.080359
617.000000	-0.080202	-0.080270	-0.080257	-0.080160	-0.080298	-0.080270	-0.080367
618.000000	-0.080110	-0.080166	-0.080158	-0.080105	-0.080218	-0.080118	-0.080260
619.000000	-0.080009	-0.080004	-0.080014	-0.080048	-0.080099	-0.079946	-0.080076
620.000000	-0.079883	-0.079828	-0.079861	-0.079923	-0.079914	-0.079797	-0.079892
621.000000	-0.079754	-0.079708	-0.079734	-0.079781	-0.079748	-0.079705	-0.079768
622.000000	-0.079651	-0.079701	-0.079661	-0.079701	-0.079707	-0.079693	-0.079743
623.000000	-0.079558	-0.079707	-0.079604	-0.079663	-0.079725	-0.079687	-0.079740
624.000000	-0.079435	-0.079554	-0.079499	-0.079593	-0.079654	-0.079567	-0.079630
625.000000	-0.079299	-0.079298	-0.079360	-0.079480	-0.079489	-0.079376	-0.079445
626.000000	-0.079209	-0.079163	-0.079265	-0.079360	-0.079338	-0.079269	-0.079342
627.000000	-0.079160	-0.079180	-0.079220	-0.079239	-0.079240	-0.079253	-0.079336
628.000000	-0.079076	-0.079164	-0.079157	-0.079084	-0.079155	-0.079168	-0.079284
629.000000	-0.078937	-0.079030	-0.079044	-0.078906	-0.079053	-0.078968	-0.079127
630.000000	-0.078818	-0.078865	-0.078913	-0.078774	-0.078926	-0.078798	-0.078951
631.000000	-0.078759	-0.078739	-0.078789	-0.078719	-0.078782	-0.078738	-0.078819
632.000000	-0.078699	-0.078656	-0.078667	-0.078671	-0.078670	-0.078684	-0.078729
633.000000	-0.078594	-0.078603	-0.078550	-0.078569	-0.078616	-0.078560	-0.078669
634.000000	-0.078479	-0.078551	-0.078462	-0.078450	-0.078567	-0.078447	-0.078624
635.000000	-0.078391	-0.078471	-0.078419	-0.078359	-0.078465	-0.078425	-0.078571
636.000000	-0.078266	-0.078338	-0.078356	-0.078298	-0.078320	-0.078376	-0.078437
637.000000	-0.078033	-0.078137	-0.078198	-0.078248	-0.078155	-0.078158	-0.078156
638.000000	-0.077766	-0.077904	-0.077978	-0.078146	-0.077972	-0.077864	-0.077828
639.000000	-0.077593	-0.077694	-0.077771	-0.077918	-0.077763	-0.077678	-0.077616
640.000000	-0.077530	-0.077547	-0.077630	-0.077645	-0.077591	-0.077621	-0.077543
641.000000	-0.077520	-0.077486	-0.077590	-0.077498	-0.077552	-0.077606	-0.077541
642.000000	-0.077517	-0.077503	-0.077607	-0.077493	-0.077617	-0.077580	-0.077559
643.000000	-0.077489	-0.077560	-0.077569	-0.077502	-0.077637	-0.077523	-0.077565
644.000000	-0.077429	-0.077591	-0.077459	-0.077458	-0.077554	-0.077444	-0.077525
645.000000	-0.077367	-0.077493	-0.077389	-0.077372	-0.077424	-0.077387	-0.077401
646.000000	-0.077327	-0.077281	-0.077408	-0.077284	-0.077318	-0.077376	-0.077232
647.000000	-0.077327	-0.077188	-0.077433	-0.077267	-0.077318	-0.077388	-0.077194
648.000000	-0.077369	-0.077343	-0.077412	-0.077355	-0.077446	-0.077412	-0.077376
649.000000	-0.077424	-0.077533	-0.077409	-0.077471	-0.077564	-0.077471	-0.077595
650.000000	-0.077457	-0.077556	-0.077471	-0.077534	-0.077549	-0.077570	-0.077669
651.000000	-0.077444	-0.077466	-0.077516	-0.077522	-0.077452	-0.077624	-0.077606
652.000000	-0.077360	-0.077361	-0.077442	-0.077424	-0.077343	-0.077541	-0.077455
653.000000	-0.077171	-0.077204	-0.077243	-0.077229	-0.077197	-0.077323	-0.077240
654.000000	-0.076854	-0.076926	-0.076953	-0.076930	-0.076958	-0.077007	-0.076974
655.000000	-0.076486	-0.076568	-0.076645	-0.076598	-0.076651	-0.076642	-0.076676
656.000000	-0.076194	-0.076227	-0.076407	-0.076338	-0.076340	-0.076283	-0.076363
657.000000	-0.076008	-0.075976	-0.076219	-0.076154	-0.076086	-0.076001	-0.076081
658.000000	-0.075888	-0.075862	-0.075986	-0.075980	-0.075945	-0.075874	-0.075892
659.000000	-0.075813	-0.075867	-0.075745	-0.075823	-0.075908	-0.075879	-0.075812
660.000000	-0.075781	-0.075901	-0.075672	-0.075771	-0.075904	-0.075886	-0.075806
661.000000	-0.075767	-0.075884	-0.075770	-0.075818	-0.075868	-0.075825	-0.075824
662.000000	-0.075707	-0.075750	-0.075769	-0.075809	-0.075761	-0.075718	-0.075794
663.000000	-0.075565	-0.075495	-0.075532	-0.075649	-0.075573	-0.075581	-0.075661
664.000000	-0.075366	-0.075248	-0.075245	-0.075395	-0.075368	-0.075401	-0.075409
665.000000	-0.075123	-0.075084	-0.075048	-0.075107	-0.075175	-0.075156	-0.075052
666.000000	-0.074786	-0.074852	-0.074800	-0.074783	-0.074890	-0.074820	-0.074677
667.000000	-0.074331	-0.074426	-0.074367	-0.074420	-0.074436	-0.074392	-0.074365
668.000000	-0.073916	-0.073979	-0.073909	-0.074078	-0.073993	-0.074004	-0.074091
669.000000	-0.073708	-0.073725	-0.073637	-0.073814	-0.073767	-0.073789	-0.073810
670.000000	-0.073591	-0.073577	-0.073492	-0.073592	-0.073646	-0.073629	-0.073539
671.000000	-0.073354	-0.073337	-0.073314	-0.073339	-0.073409	-0.073326	-0.073317
672.000000	-0.073027	-0.073015	-0.073089	-0.073075	-0.073091	-0.072944	-0.073139
673.000000	-0.072784	-0.072745	-0.072886	-0.072871	-0.072874	-0.072699	-0.072975
674.000000	-0.072663	-0.072586	-0.072723	-0.072737	-0.072764	-0.072634	-0.072822
675.000000	-0.072585	-0.072534	-0.072572	-0.072628	-0.072617	-0.072642	-0.072701
676.000000	-0.072510	-0.072550	-0.072442	-0.072532	-0.072429	-0.072638	-0.072621
677.000000	-0.072457	-0.072561	-0.072392	-0.072478	-0.072360	-0.072570	-0.072567
678.000000	-0.072443	-0.072540	-0.072438	-0.072486	-0.072462	-0.072462	-0.072541
679.000000	-0.072477	-0.072549	-0.072518	-0.072558	-0.072572	-0.072464	-0.072571
680.000000	-0.072549	-0.072612	-0.072570	-0.072655	-0.072573	-0.072621	-0.072647
681.000000	-0.072588	-0.072643	-0.072548	-0.072640	-0.072511	-0.072679	-0.072661
682.000000	-0.072548	-0.072579	-0.072445	-0.072440	-0.072452	-0.072469	-0.072546
683.000000	-0.072489	-0.072507	-0.072389	-0.072266	-0.072444	-0.072297	-0.072433
684.000000	-0.072483	-0.072526	-0.072494	-0.072332	-0.072517	-0.072473	-0.072465
685.000000	-0.072515	-0.072601	-0.072638	-0.072536	-0.072605	-0.072754	-0.072576
686.000000	-0.072545	-0.072658	-0.072645	-0.072682	-0.072625	-0.072766	-0.072646
687.000000	-0.072539	-0.072645	-0.072542	-0.072700	-0.072561	-0.072571	-0.072648
688.000000	-0.072466	-0.072532	-0.072447	-0.072588	-0.072437	-0.072423	-0.072600
689.000000	-0.072353	-0.072359	-0.072387	-0.072413	-0.072323	-0.072374	-0.072512
690.000000	-0.072260	-0.072222	-0.072328	-0.072290	-0.072316	-0.072339	-0.072394
691.000000	-0.072215	-0.072172	-0.072276	-0.072265	-0.072402	-0.072304	-0.072291
692.000000	-0.072214	-0.072219	-0.072279	-0.072314	-0.072456	-0.072327	-0.072279
693.000000	-0.072261	-0.072334	-0.072343	-0.072406	-0.072437	-0.072418	-0.072370
694.000000	-0.072367	-0.072434	-0.072408	-0.072495	-0.072412	-0.072518	-0.072480
695.000000	-0.072507	-0.072470	-0.072435	-0.072544	-0.072426	-0.072576	-0.072545
696.000000	-0.072581	-0.072476	-0.072432	-0.072532	-0.072458	-0.072575	-0.072557
697.000000	-0.072543	-0.072489	-0.072422	-0.072476	-0.072489	-0.072532	-0.072532
698.000000	-0.072531	-0.072552	-0.072445	-0.072488	-0.072531	-0.072552	-0.072552
699.000000	-0.072655	-0.072674	-0.072528	-0.072643	-0.072594	-0.072703	-0.072666
700.000000	-0.072803	-0.072750	-0.072626	-0.072803	-0.072671	-0.072850	-0.072767
701.000000	-0.072831	-0.072678	-0.072685	-0.072811	-0.072748	-0.072843	-0.072735
702.000000	-0.072777	-0.072580	-0.072711	-0.072718	-0.072801	-0.072770	-0.072655
703.000000	-0.072734	-0.072633	-0.072728	-0.072645	-0.072808	-0.072785	-0.072670
704.000000	-0.072705	-0.072736	-0.072725	-0.072618	-0.072764	-0.072826	-0.072768
705.000000	-0.072645	-0.072656	-0.072672	-0.072606	-0.072681	-0.072725	-0.072853
706.000000	-0.072551	-0.072421	-0.072566	-0.072579	-0.072565	-0.072512	-0.072835
707.000000	-0.072443	-0.072256	-0.072424	-0.072502	-0.072426	-0.072364	-0.072630
708.000000	-0.072317	-0.072220	-0.072271	-0.072369	-0.072275	-0.072310	-0.072284
709.000000	-0.072135	-0.072186	-0.072133	-0.072200	-0.072129	-0.072216	-0.071977
710.000000	-0.071894	-0.072054	-0.071984	-0.072003	-0.071985	-0.072018	-0.071795
711.000000	-0.071646	-0.071773	-0.071714	-0.071761	-0.071803	-0.071760	-0.071671
712.000000	-0.071427	-0.071358	-0.071302	-0.071464	-0.071570	-0.071488	-0.071532
713.000000	-0.071233	-0.070955	-0.070926	-0.071119	-0.071329	-0.071228	-0.071327
714.000000	-0.071033	-0.070669	-0.070710	-0.070745	-0.071096	-0.070984	-0.071029
715.000000	-0.070718	-0.070416	-0.070525	-0.070382	-0.070790	-0.070713	-0.070678
716.000000	-0.070218	-0.070105	-0.070230	-0.070062	-0.070349	-0.070370	-0.070322
717.000000	-0.069692	-0.069789	-0.069852	-0.069755	-0.069893	-0.069949	-0.069970
718.000000	-0.069326	-0.069537	-0.069466	-0.069418	-0.069568	-0.069470	-0.069624
719.000000	-0.069020	-0.069234	-0.069134	-0.069062	-0.069297	-0.069048	-0.069265
720.000000	-0.068584	-0.068724	-0.068906	-0.068720	-0.068931	-0.068818	-0.068880
721.000000	-0.068127	-0.068247	-0.068727	-0.068436	-0.068535	-0.068701	-0.068523
722.000000	-0.067917	-0.068235	-0.068483	-0.068253	-0.068286	-0.068501	-0.068285
723.000000	-0.067850	-0.068416	-0.068118	-0.068061	-0.068107	-0.068133	-0.068093
724.000000	-0.067519	-0.067951	-0.067632	-0.067627	-0.067718	-0.067617	-0.067749
725.000000	-0.066921	-0.066853	-0.067120	-0.066985	-0.067124	-0.067064	-0.067277
726.000000	-0.066537	-0.066145	-0.066791	-0.066486	-0.066671	-0.066692	-0.066974
727.000000	-0.066522	-0.066253	-0.066661	-0.066299	-0.066494	-0.066560	-0.066909
728.000000	-0.066445	-0.066506	-0.066417	-0.066268	-0.066339	-0.066458	-0.066755
729.000000	-0.066101	-0.066445	-0.065969	-0.066273	-0.066099	-0.066279	-0.066384
730.000000	-0.065955	-0.066358	-0.065821	-0.066365	-0.066096	-0.066225	-0.066226
731.000000	-0.066394	-0.066534	-0.066375	-0.066589	-0.066588	-0.066463	-0.066630
732.000000	-0.067204	-0.066887	-0.067367	-0.066892	-0.067384	-0.066882	-0.067387
