[HEADER]
Format	J&M ASCII Table
Comment	Remin PV CDOM Samples 
Date	2/12/1980 7:31:59 AM
Order	Y (evenX)
TechType	UV
NumPoints	483
FirstX	250.00
LastX	732.00
XType	NMetr
YType	Absrb
ZType	Secs
NumSubFile	7
Matrix	Z vs X
[DATA]
	0.000000	5.000128	10.000192	15.000320	20.000383	25.000448	30.000576
250.000000	1.318989	1.315001	1.316793	1.312852	1.316704	1.316417	1.315598
251.000000	1.306113	1.301813	1.305140	1.298379	1.304692	1.301049	1.301492
252.000000	1.292176	1.290301	1.295267	1.284208	1.290771	1.284369	1.287934
253.000000	1.278893	1.278915	1.285021	1.273070	1.277393	1.269950	1.275956
254.000000	1.267911	1.266875	1.273020	1.266732	1.266686	1.260632	1.266474
255.000000	1.259820	1.256943	1.261669	1.262610	1.258414	1.255132	1.259705
256.000000	1.254801	1.251996	1.253717	1.257901	1.252103	1.251507	1.255599
257.000000	1.252077	1.251337	1.249301	1.253766	1.248819	1.249099	1.253452
258.000000	1.250681	1.253060	1.247732	1.252429	1.249798	1.247754	1.252438
259.000000	1.250840	1.255298	1.248848	1.253619	1.253191	1.247942	1.252542
260.000000	1.253367	1.256400	1.252717	1.255854	1.255811	1.250399	1.254155
261.000000	1.258556	1.257641	1.258718	1.258861	1.258364	1.255033	1.257328
262.000000	1.266224	1.262428	1.265679	1.263260	1.264396	1.261081	1.261827
263.000000	1.273809	1.270261	1.271983	1.268239	1.272291	1.266884	1.266697
264.000000	1.276115	1.276148	1.275545	1.271347	1.274534	1.269813	1.270180
265.000000	1.272393	1.277430	1.275781	1.271919	1.269456	1.269310	1.271363
266.000000	1.269673	1.275803	1.274697	1.272473	1.265826	1.268414	1.270838
267.000000	1.271896	1.272780	1.273504	1.274055	1.268657	1.268704	1.269271
268.000000	1.273159	1.268324	1.270733	1.273154	1.270740	1.267130	1.267134
269.000000	1.267827	1.262132	1.264902	1.266712	1.265210	1.260964	1.264166
270.000000	1.257497	1.253831	1.256144	1.256332	1.254219	1.251668	1.257321
271.000000	1.245128	1.243071	1.244900	1.244321	1.241602	1.241320	1.243768
272.000000	1.230993	1.229751	1.231024	1.230156	1.227728	1.229383	1.226337
273.000000	1.214406	1.213900	1.214243	1.212478	1.211734	1.214434	1.209568
274.000000	1.195442	1.195904	1.195231	1.192432	1.193796	1.196305	1.193268
275.000000	1.174609	1.176317	1.175146	1.172469	1.174633	1.175550	1.174595
276.000000	1.152212	1.154940	1.153846	1.152310	1.153822	1.152656	1.152588
277.000000	1.128384	1.130955	1.130103	1.129369	1.129992	1.128051	1.127948
278.000000	1.103611	1.104794	1.104030	1.103520	1.103427	1.102432	1.101831
279.000000	1.078836	1.078490	1.077488	1.077841	1.076549	1.076831	1.075898
280.000000	1.054241	1.053123	1.051629	1.053654	1.050746	1.051641	1.050782
281.000000	1.028521	1.027767	1.026058	1.028561	1.025185	1.026000	1.025120
282.000000	1.001192	1.001814	1.000480	1.001119	0.999270	0.999550	0.998360
283.000000	0.974602	0.976209	0.975387	0.973829	0.973786	0.973781	0.972938
284.000000	0.950835	0.951831	0.951192	0.949161	0.949407	0.949924	0.950731
285.000000	0.928521	0.928039	0.927319	0.926296	0.925205	0.926563	0.928752
286.000000	0.905614	0.903958	0.903110	0.903685	0.900161	0.901969	0.903478
287.000000	0.882129	0.880052	0.879271	0.881109	0.875800	0.877379	0.877147
288.000000	0.858940	0.857310	0.856984	0.858903	0.854471	0.855105	0.854098
289.000000	0.836664	0.836088	0.836165	0.837228	0.835485	0.835094	0.834351
290.000000	0.815738	0.816325	0.815944	0.816141	0.816289	0.815809	0.815215
291.000000	0.796229	0.797638	0.796113	0.795801	0.796341	0.796569	0.795695
292.000000	0.777854	0.779357	0.777103	0.776470	0.777025	0.777529	0.776443
293.000000	0.760409	0.761223	0.759200	0.758236	0.759008	0.758978	0.758077
294.000000	0.743813	0.743566	0.742446	0.740939	0.741852	0.741345	0.741072
295.000000	0.727882	0.726744	0.726698	0.724517	0.725345	0.724894	0.725515
296.000000	0.712206	0.711081	0.711463	0.709144	0.709929	0.709528	0.710716
297.000000	0.696597	0.696682	0.696424	0.694915	0.695783	0.695076	0.696085
298.000000	0.681670	0.682973	0.681982	0.681578	0.681990	0.681281	0.681668
299.000000	0.668000	0.669389	0.668530	0.668785	0.667735	0.667902	0.667652
300.000000	0.655146	0.656083	0.655725	0.656068	0.653793	0.654879	0.654298
301.000000	0.642456	0.643374	0.643069	0.643020	0.641252	0.642204	0.641812
302.000000	0.630061	0.631141	0.630635	0.630031	0.629805	0.629872	0.629829
303.000000	0.618420	0.619085	0.618735	0.617820	0.618526	0.617873	0.617759
304.000000	0.607412	0.607261	0.607250	0.606498	0.607077	0.606168	0.605649
305.000000	0.596521	0.595967	0.595784	0.595748	0.595534	0.594696	0.593978
306.000000	0.585624	0.585243	0.584383	0.585204	0.584153	0.583497	0.582931
307.000000	0.575011	0.574858	0.573551	0.574468	0.573353	0.572714	0.572376
308.000000	0.564778	0.564637	0.563438	0.563528	0.563196	0.562361	0.562193
309.000000	0.554701	0.554504	0.553617	0.552966	0.553190	0.552251	0.552303
310.000000	0.544660	0.544462	0.543799	0.543137	0.543074	0.542301	0.542620
311.000000	0.534831	0.534652	0.534119	0.533775	0.533224	0.532698	0.533047
312.000000	0.525348	0.525151	0.524692	0.524568	0.523921	0.523541	0.523502
313.000000	0.516046	0.515720	0.515357	0.515348	0.514816	0.514470	0.513980
314.000000	0.506726	0.506121	0.505937	0.506012	0.505500	0.505121	0.504496
315.000000	0.497350	0.496508	0.496487	0.496640	0.496001	0.495632	0.495091
316.000000	0.487944	0.487136	0.487131	0.487365	0.486489	0.486287	0.485810
317.000000	0.478635	0.478038	0.477920	0.478237	0.477103	0.477172	0.476676
318.000000	0.469577	0.469122	0.468866	0.469256	0.467952	0.468253	0.467684
319.000000	0.460623	0.460221	0.459876	0.460278	0.458963	0.459286	0.458694
320.000000	0.451407	0.451119	0.450785	0.451059	0.449934	0.449885	0.449464
321.000000	0.442003	0.441796	0.441556	0.441571	0.440786	0.440193	0.440018
322.000000	0.432979	0.432460	0.432294	0.432033	0.431590	0.430945	0.430676
323.000000	0.424456	0.423318	0.423114	0.422689	0.422427	0.422405	0.421640
324.000000	0.415782	0.414556	0.414140	0.413814	0.413390	0.414019	0.412897
325.000000	0.406586	0.406177	0.405419	0.405467	0.404543	0.405348	0.404342
326.000000	0.397356	0.397735	0.396809	0.397183	0.395884	0.396431	0.395695
327.000000	0.388551	0.388901	0.388207	0.388553	0.387398	0.387408	0.386806
328.000000	0.380006	0.380027	0.379783	0.379684	0.379049	0.378541	0.378128
329.000000	0.371493	0.371555	0.371701	0.370818	0.370797	0.370073	0.370111
330.000000	0.363266	0.363472	0.363711	0.362260	0.362614	0.361990	0.362364
331.000000	0.355669	0.355597	0.355466	0.354282	0.354477	0.354173	0.354266
332.000000	0.348269	0.347687	0.347061	0.346630	0.346394	0.346371	0.345929
333.000000	0.340272	0.339501	0.338825	0.338795	0.338393	0.338295	0.337846
334.000000	0.331896	0.331346	0.330949	0.330780	0.330521	0.330171	0.330174
335.000000	0.324158	0.323951	0.323495	0.323000	0.322844	0.322627	0.322800
336.000000	0.317225	0.317287	0.316353	0.315640	0.315453	0.315699	0.315577
337.000000	0.310238	0.310428	0.309207	0.308603	0.308470	0.308718	0.308337
338.000000	0.302848	0.302995	0.301954	0.301813	0.301846	0.301402	0.301075
339.000000	0.295698	0.295665	0.294872	0.295267	0.295228	0.294210	0.294075
340.000000	0.289218	0.288935	0.288194	0.288890	0.288407	0.287522	0.287529
341.000000	0.283019	0.282553	0.281931	0.282398	0.281622	0.281311	0.281311
342.000000	0.276708	0.276223	0.276015	0.275635	0.275138	0.275414	0.275253
343.000000	0.270405	0.269961	0.270208	0.269078	0.269034	0.269391	0.269212
344.000000	0.264333	0.263870	0.264282	0.263243	0.263314	0.262877	0.263096
345.000000	0.258527	0.258076	0.258318	0.257879	0.257795	0.256414	0.257064
346.000000	0.252944	0.252690	0.252511	0.252481	0.252241	0.250795	0.251349
347.000000	0.247471	0.247506	0.246925	0.246963	0.246619	0.245815	0.245943
348.000000	0.241966	0.242156	0.241554	0.241475	0.241015	0.240726	0.240701
349.000000	0.236496	0.236621	0.236372	0.236110	0.235576	0.235389	0.235541
350.000000	0.231302	0.231181	0.231335	0.230901	0.230496	0.230184	0.230439
351.000000	0.226441	0.226010	0.226382	0.225868	0.225744	0.225252	0.225384
352.000000	0.221735	0.221136	0.221427	0.221012	0.221014	0.220423	0.220382
353.000000	0.216993	0.216471	0.216419	0.216255	0.216127	0.215580	0.215432
354.000000	0.212027	0.211731	0.211377	0.211386	0.211170	0.210751	0.210521
355.000000	0.206845	0.206771	0.206369	0.206321	0.206269	0.205988	0.205665
356.000000	0.201993	0.201894	0.201581	0.201377	0.201580	0.201372	0.200959
357.000000	0.197855	0.197361	0.197139	0.196841	0.197196	0.196934	0.196465
358.000000	0.193742	0.192947	0.192827	0.192596	0.192920	0.192468	0.192048
359.000000	0.188887	0.188363	0.188396	0.188425	0.188521	0.187773	0.187558
360.000000	0.183831	0.183766	0.183990	0.184146	0.184051	0.183101	0.183081
361.000000	0.179536	0.179453	0.179865	0.179620	0.179653	0.178830	0.178776
362.000000	0.175760	0.175316	0.175769	0.174989	0.175217	0.174767	0.174539
363.000000	0.171578	0.171019	0.171184	0.170555	0.170510	0.170401	0.170129
364.000000	0.166973	0.166607	0.166316	0.166360	0.165728	0.165796	0.165639
365.000000	0.162718	0.162453	0.161993	0.162223	0.161448	0.161518	0.161450
366.000000	0.158967	0.158615	0.158362	0.158074	0.157747	0.157688	0.157614
367.000000	0.155047	0.154724	0.154658	0.153997	0.154051	0.153835	0.153745
368.000000	0.150635	0.150550	0.150456	0.150002	0.150004	0.149661	0.149587
369.000000	0.146188	0.146175	0.146099	0.145940	0.145743	0.145283	0.145187
370.000000	0.142071	0.141738	0.141895	0.141719	0.141437	0.140872	0.140684
371.000000	0.138154	0.137445	0.137801	0.137448	0.137179	0.136638	0.136371
372.000000	0.134243	0.133453	0.133735	0.133255	0.133032	0.132723	0.132462
373.000000	0.130252	0.129659	0.129703	0.129169	0.128986	0.128951	0.128692
374.000000	0.126149	0.125902	0.125731	0.125192	0.125023	0.125089	0.124733
375.000000	0.122021	0.122067	0.121797	0.121314	0.121188	0.121110	0.120711
376.000000	0.118003	0.118078	0.117866	0.117515	0.117540	0.117080	0.116918
377.000000	0.114134	0.114037	0.113974	0.113763	0.113935	0.113143	0.113326
378.000000	0.110390	0.110150	0.110197	0.110014	0.110124	0.109473	0.109722
379.000000	0.106737	0.106523	0.106545	0.106299	0.106164	0.106019	0.106021
380.000000	0.103131	0.103169	0.102965	0.102707	0.102390	0.102529	0.102260
381.000000	0.099563	0.099914	0.099391	0.099220	0.098918	0.098894	0.098511
382.000000	0.096066	0.096346	0.095741	0.095675	0.095555	0.095211	0.094884
383.000000	0.092628	0.092382	0.092026	0.092018	0.092156	0.091580	0.091433
384.000000	0.089137	0.088610	0.088434	0.088433	0.088700	0.088087	0.088098
385.000000	0.085542	0.085410	0.085093	0.085044	0.085187	0.084758	0.084802
386.000000	0.081987	0.082330	0.081889	0.081719	0.081639	0.081456	0.081458
387.000000	0.078615	0.078912	0.078683	0.078329	0.078102	0.078059	0.078018
388.000000	0.075390	0.075357	0.075416	0.074974	0.074710	0.074647	0.074630
389.000000	0.072236	0.072011	0.072074	0.071801	0.071600	0.071349	0.071463
390.000000	0.069156	0.068950	0.068831	0.068842	0.068736	0.068271	0.068465
391.000000	0.066179	0.066119	0.065906	0.066068	0.066004	0.065486	0.065497
392.000000	0.063235	0.063346	0.063160	0.063294	0.063219	0.062813	0.062503
393.000000	0.060207	0.060397	0.060243	0.060253	0.060169	0.059927	0.059487
394.000000	0.057175	0.057349	0.057166	0.057020	0.056969	0.056854	0.056523
395.000000	0.054400	0.054561	0.054270	0.053978	0.054025	0.053943	0.053747
396.000000	0.051873	0.052068	0.051642	0.051257	0.051436	0.051266	0.051177
397.000000	0.049221	0.049465	0.049009	0.048638	0.048870	0.048503	0.048664
398.000000	0.046292	0.046544	0.046222	0.045969	0.046131	0.045534	0.046078
399.000000	0.043431	0.043561	0.043428	0.043284	0.043352	0.042678	0.043345
400.000000	0.040867	0.040737	0.040753	0.040610	0.040646	0.040155	0.040470
401.000000	0.038322	0.038028	0.038170	0.037886	0.037956	0.037727	0.037662
402.000000	0.035537	0.035373	0.035624	0.035080	0.035245	0.035157	0.035101
403.000000	0.032791	0.032839	0.033079	0.032367	0.032687	0.032570	0.032641
404.000000	0.030427	0.030497	0.030512	0.029936	0.030452	0.030155	0.030086
405.000000	0.028223	0.028184	0.027985	0.027663	0.028252	0.027825	0.027515
406.000000	0.025755	0.025665	0.025581	0.025310	0.025657	0.025390	0.025104
407.000000	0.023078	0.023007	0.023210	0.022894	0.022836	0.022849	0.022780
408.000000	0.020542	0.020467	0.020683	0.020578	0.020313	0.020324	0.020328
409.000000	0.018237	0.018144	0.018091	0.018344	0.018139	0.017881	0.017786
410.000000	0.016011	0.015995	0.015777	0.016009	0.015925	0.015537	0.015433
411.000000	0.013801	0.013936	0.013777	0.013558	0.013554	0.013306	0.013330
412.000000	0.011673	0.011839	0.011709	0.011210	0.011296	0.011200	0.011239
413.000000	0.009624	0.009636	0.009370	0.009086	0.009265	0.009171	0.009029
414.000000	0.007503	0.007384	0.006977	0.007068	0.007227	0.007046	0.006825
415.000000	0.005243	0.005163	0.004747	0.005055	0.005020	0.004752	0.004739
416.000000	0.003079	0.003077	0.002751	0.003076	0.002815	0.002543	0.002754
417.000000	0.001207	0.001194	0.000993	0.001166	0.000796	0.000645	0.000831
418.000000	-0.000606	-0.000620	-0.000692	-0.000715	-0.001077	-0.001128	-0.001065
419.000000	-0.002641	-0.002518	-0.002483	-0.002609	-0.002895	-0.003021	-0.002960
420.000000	-0.004646	-0.004401	-0.004310	-0.004453	-0.004631	-0.004894	-0.004790
421.000000	-0.006197	-0.006089	-0.006016	-0.006153	-0.006224	-0.006478	-0.006466
422.000000	-0.007459	-0.007655	-0.007656	-0.007789	-0.007794	-0.007927	-0.008052
423.000000	-0.008947	-0.009319	-0.009409	-0.009540	-0.009558	-0.009631	-0.009695
424.000000	-0.010729	-0.011076	-0.011231	-0.011345	-0.011404	-0.011509	-0.011378
425.000000	-0.012463	-0.012717	-0.012875	-0.012927	-0.012926	-0.013049	-0.012933
426.000000	-0.014013	-0.014185	-0.014294	-0.014255	-0.014116	-0.014188	-0.014344
427.000000	-0.015537	-0.015636	-0.015711	-0.015632	-0.015506	-0.015477	-0.015801
428.000000	-0.017120	-0.017164	-0.017245	-0.017206	-0.017314	-0.017183	-0.017390
429.000000	-0.018666	-0.018706	-0.018775	-0.018776	-0.019080	-0.018940	-0.018961
430.000000	-0.020112	-0.020211	-0.020207	-0.020199	-0.020466	-0.020460	-0.020407
431.000000	-0.021547	-0.021718	-0.021618	-0.021616	-0.021725	-0.021894	-0.021825
432.000000	-0.023053	-0.023254	-0.023089	-0.023161	-0.023140	-0.023409	-0.023314
433.000000	-0.024554	-0.024729	-0.024607	-0.024714	-0.024645	-0.024919	-0.024839
434.000000	-0.025949	-0.026054	-0.026121	-0.026117	-0.026103	-0.026286	-0.026328
435.000000	-0.027268	-0.027326	-0.027549	-0.027424	-0.027499	-0.027544	-0.027716
436.000000	-0.028586	-0.028702	-0.028807	-0.028764	-0.028872	-0.028790	-0.028956
437.000000	-0.029905	-0.030139	-0.029960	-0.030130	-0.030210	-0.030059	-0.030125
438.000000	-0.031178	-0.031469	-0.031159	-0.031434	-0.031473	-0.031348	-0.031369
439.000000	-0.032408	-0.032651	-0.032444	-0.032658	-0.032658	-0.032619	-0.032688
440.000000	-0.033633	-0.033751	-0.033749	-0.033850	-0.033797	-0.033807	-0.033954
441.000000	-0.034859	-0.034841	-0.035010	-0.035027	-0.034930	-0.034924	-0.035128
442.000000	-0.036038	-0.035991	-0.036167	-0.036172	-0.036108	-0.036075	-0.036301
443.000000	-0.037165	-0.037215	-0.037234	-0.037292	-0.037342	-0.037310	-0.037522
444.000000	-0.038311	-0.038418	-0.038370	-0.038449	-0.038556	-0.038563	-0.038750
445.000000	-0.039515	-0.039530	-0.039650	-0.039668	-0.039694	-0.039768	-0.039937
446.000000	-0.040694	-0.040590	-0.040881	-0.040854	-0.040776	-0.040908	-0.041042
447.000000	-0.041773	-0.041644	-0.041887	-0.041922	-0.041828	-0.041968	-0.042043
448.000000	-0.042784	-0.042697	-0.042794	-0.042917	-0.042859	-0.042931	-0.042999
449.000000	-0.043779	-0.043733	-0.043770	-0.043904	-0.043864	-0.043788	-0.043970
450.000000	-0.044730	-0.044688	-0.044752	-0.044843	-0.044795	-0.044612	-0.044899
451.000000	-0.045583	-0.045492	-0.045598	-0.045659	-0.045598	-0.045493	-0.045696
452.000000	-0.046357	-0.046209	-0.046337	-0.046404	-0.046331	-0.046382	-0.046402
453.000000	-0.047116	-0.046977	-0.047098	-0.047195	-0.047113	-0.047153	-0.047134
454.000000	-0.047917	-0.047849	-0.047924	-0.048060	-0.047986	-0.047876	-0.047952
455.000000	-0.048806	-0.048801	-0.048782	-0.048942	-0.048917	-0.048785	-0.048867
456.000000	-0.049749	-0.049753	-0.049639	-0.049792	-0.049840	-0.049865	-0.049831
457.000000	-0.050611	-0.050566	-0.050457	-0.050568	-0.050643	-0.050784	-0.050722
458.000000	-0.051331	-0.051211	-0.051215	-0.051262	-0.051302	-0.051413	-0.051476
459.000000	-0.051995	-0.051878	-0.051923	-0.051918	-0.051946	-0.052023	-0.052143
460.000000	-0.052673	-0.052680	-0.052608	-0.052590	-0.052675	-0.052801	-0.052784
461.000000	-0.053363	-0.053463	-0.053337	-0.053337	-0.053462	-0.053588	-0.053463
462.000000	-0.054051	-0.054097	-0.054148	-0.054180	-0.054256	-0.054224	-0.054213
463.000000	-0.054727	-0.054721	-0.054923	-0.054973	-0.054979	-0.054809	-0.054949
464.000000	-0.055390	-0.055502	-0.055543	-0.055569	-0.055574	-0.055476	-0.055582
465.000000	-0.056077	-0.056322	-0.056107	-0.056076	-0.056149	-0.056202	-0.056177
466.000000	-0.056825	-0.056982	-0.056780	-0.056686	-0.056853	-0.056905	-0.056849
467.000000	-0.057567	-0.057518	-0.057523	-0.057394	-0.057621	-0.057571	-0.057574
468.000000	-0.058179	-0.058089	-0.058190	-0.058094	-0.058281	-0.058220	-0.058252
469.000000	-0.058697	-0.058735	-0.058765	-0.058750	-0.058817	-0.058848	-0.058850
470.000000	-0.059283	-0.059394	-0.059341	-0.059385	-0.059347	-0.059433	-0.059390
471.000000	-0.059961	-0.060007	-0.059939	-0.060002	-0.059923	-0.059986	-0.059915
472.000000	-0.060579	-0.060530	-0.060492	-0.060574	-0.060509	-0.060562	-0.060491
473.000000	-0.061077	-0.060983	-0.060995	-0.061105	-0.061094	-0.061182	-0.061136
474.000000	-0.061567	-0.061503	-0.061557	-0.061647	-0.061707	-0.061801	-0.061779
475.000000	-0.062131	-0.062155	-0.062222	-0.062229	-0.062355	-0.062379	-0.062362
476.000000	-0.062729	-0.062801	-0.062849	-0.062801	-0.062971	-0.062897	-0.062873
477.000000	-0.063309	-0.063323	-0.063329	-0.063324	-0.063504	-0.063362	-0.063332
478.000000	-0.063866	-0.063800	-0.063795	-0.063861	-0.064011	-0.063863	-0.063856
479.000000	-0.064399	-0.064337	-0.064400	-0.064473	-0.064558	-0.064481	-0.064543
480.000000	-0.064914	-0.064917	-0.065052	-0.065086	-0.065115	-0.065124	-0.065239
481.000000	-0.065408	-0.065479	-0.065584	-0.065586	-0.065618	-0.065649	-0.065730
482.000000	-0.065857	-0.065976	-0.065975	-0.065959	-0.066045	-0.066041	-0.066040
483.000000	-0.066223	-0.066377	-0.066284	-0.066250	-0.066397	-0.066353	-0.066324
484.000000	-0.066529	-0.066692	-0.066578	-0.066531	-0.066703	-0.066630	-0.066642
485.000000	-0.066840	-0.066971	-0.066929	-0.066899	-0.067010	-0.066912	-0.066979
486.000000	-0.067189	-0.067259	-0.067325	-0.067353	-0.067333	-0.067245	-0.067327
487.000000	-0.067564	-0.067603	-0.067668	-0.067783	-0.067647	-0.067680	-0.067685
488.000000	-0.067952	-0.068004	-0.067946	-0.068143	-0.067966	-0.068197	-0.068059
489.000000	-0.068336	-0.068399	-0.068301	-0.068507	-0.068372	-0.068658	-0.068473
490.000000	-0.068726	-0.068772	-0.068807	-0.068931	-0.068896	-0.069004	-0.068937
491.000000	-0.069202	-0.069245	-0.069349	-0.069412	-0.069433	-0.069390	-0.069433
492.000000	-0.069785	-0.069862	-0.069803	-0.069906	-0.069878	-0.069907	-0.069918
493.000000	-0.070251	-0.070321	-0.070096	-0.070260	-0.070194	-0.070320	-0.070277
494.000000	-0.070406	-0.070355	-0.070212	-0.070361	-0.070386	-0.070407	-0.070430
495.000000	-0.070489	-0.070316	-0.070365	-0.070444	-0.070591	-0.070448	-0.070563
496.000000	-0.070836	-0.070688	-0.070796	-0.070810	-0.070966	-0.070829	-0.070915
497.000000	-0.071342	-0.071318	-0.071345	-0.071336	-0.071399	-0.071415	-0.071400
498.000000	-0.071702	-0.071765	-0.071672	-0.071709	-0.071667	-0.071829	-0.071784
499.000000	-0.071895	-0.071968	-0.071805	-0.071903	-0.071811	-0.072027	-0.072025
500.000000	-0.072104	-0.072143	-0.072029	-0.072092	-0.072057	-0.072197	-0.072223
501.000000	-0.072366	-0.072368	-0.072385	-0.072335	-0.072414	-0.072404	-0.072428
502.000000	-0.072560	-0.072570	-0.072652	-0.072561	-0.072662	-0.072579	-0.072636
503.000000	-0.072673	-0.072732	-0.072774	-0.072756	-0.072753	-0.072718	-0.072849
504.000000	-0.072868	-0.072936	-0.072958	-0.072999	-0.072921	-0.072920	-0.073083
505.000000	-0.073220	-0.073221	-0.073310	-0.073323	-0.073292	-0.073227	-0.073347
506.000000	-0.073570	-0.073516	-0.073659	-0.073641	-0.073699	-0.073533	-0.073622
507.000000	-0.073793	-0.073758	-0.073867	-0.073876	-0.073989	-0.073757	-0.073889
508.000000	-0.073960	-0.073960	-0.074014	-0.074049	-0.074171	-0.073957	-0.074116
509.000000	-0.074167	-0.074152	-0.074204	-0.074205	-0.074302	-0.074208	-0.074287
510.000000	-0.074424	-0.074388	-0.074433	-0.074421	-0.074479	-0.074502	-0.074480
511.000000	-0.074709	-0.074710	-0.074665	-0.074761	-0.074790	-0.074809	-0.074776
512.000000	-0.074969	-0.075036	-0.074886	-0.075106	-0.075123	-0.075072	-0.075090
513.000000	-0.075145	-0.075238	-0.075090	-0.075274	-0.075295	-0.075235	-0.075276
514.000000	-0.075275	-0.075352	-0.075301	-0.075323	-0.075354	-0.075360	-0.075379
515.000000	-0.075460	-0.075513	-0.075557	-0.075465	-0.075494	-0.075583	-0.075562
516.000000	-0.075692	-0.075726	-0.075831	-0.075725	-0.075732	-0.075877	-0.075824
517.000000	-0.075863	-0.075864	-0.076031	-0.075942	-0.075910	-0.076065	-0.076002
518.000000	-0.075956	-0.075914	-0.076135	-0.076059	-0.075984	-0.076110	-0.076058
519.000000	-0.076085	-0.076022	-0.076223	-0.076168	-0.076075	-0.076182	-0.076134
520.000000	-0.076294	-0.076254	-0.076342	-0.076328	-0.076251	-0.076371	-0.076317
521.000000	-0.076466	-0.076489	-0.076466	-0.076501	-0.076460	-0.076578	-0.076554
522.000000	-0.076529	-0.076635	-0.076579	-0.076655	-0.076645	-0.076717	-0.076784
523.000000	-0.076607	-0.076754	-0.076737	-0.076798	-0.076798	-0.076828	-0.076959
524.000000	-0.076818	-0.076919	-0.076979	-0.076943	-0.076927	-0.076961	-0.077060
525.000000	-0.077079	-0.077114	-0.077227	-0.077093	-0.077075	-0.077130	-0.077165
526.000000	-0.077277	-0.077309	-0.077390	-0.077251	-0.077282	-0.077334	-0.077363
527.000000	-0.077442	-0.077515	-0.077520	-0.077427	-0.077525	-0.077550	-0.077611
528.000000	-0.077661	-0.077755	-0.077719	-0.077635	-0.077755	-0.077743	-0.077818
529.000000	-0.077895	-0.077983	-0.077943	-0.077843	-0.077934	-0.077902	-0.077965
530.000000	-0.078040	-0.078114	-0.078069	-0.077999	-0.078036	-0.078029	-0.078074
531.000000	-0.078098	-0.078154	-0.078114	-0.078109	-0.078091	-0.078136	-0.078169
532.000000	-0.078171	-0.078196	-0.078218	-0.078225	-0.078177	-0.078247	-0.078269
533.000000	-0.078311	-0.078309	-0.078425	-0.078398	-0.078341	-0.078391	-0.078402
534.000000	-0.078509	-0.078540	-0.078651	-0.078662	-0.078592	-0.078609	-0.078605
535.000000	-0.078738	-0.078834	-0.078836	-0.078951	-0.078866	-0.078870	-0.078829
536.000000	-0.078945	-0.078955	-0.078973	-0.079004	-0.078966	-0.079014	-0.078868
537.000000	-0.079061	-0.078851	-0.079057	-0.078809	-0.078888	-0.079000	-0.078740
538.000000	-0.078992	-0.079017	-0.079066	-0.079067	-0.079165	-0.079128	-0.079104
539.000000	-0.078784	-0.079668	-0.079027	-0.080013	-0.079961	-0.079533	-0.080137
540.000000	-0.079090	-0.079567	-0.079177	-0.079565	-0.079611	-0.079460	-0.079695
541.000000	-0.080292	-0.077879	-0.079657	-0.076411	-0.077076	-0.078415	-0.076436
542.000000	-0.080246	-0.078399	-0.079754	-0.077377	-0.077848	-0.078846	-0.077387
543.000000	-0.076788	-0.084978	-0.078732	-0.089315	-0.087434	-0.083208	-0.089600
544.000000	-0.076382	-0.085774	-0.078685	-0.090822	-0.088612	-0.083768	-0.091067
545.000000	-0.088403	-0.062379	-0.082154	-0.048837	-0.054362	-0.068626	-0.047861
546.000000	-0.094133	-0.027740	-0.074707	0.010671	0.001466	-0.047773	0.012148
547.000000	-0.054592	-0.018486	-0.030065	0.017351	0.034014	-0.047593	0.014716
548.000000	0.014065	-0.039933	0.033481	-0.034490	0.035709	-0.068576	-0.044075
549.000000	0.033737	-0.061593	0.047778	-0.076844	0.041538	-0.081775	-0.088070
550.000000	-0.019335	-0.067702	-0.006370	-0.077423	0.058155	-0.075490	-0.082677
551.000000	-0.075765	-0.069376	-0.064762	-0.068048	0.042817	-0.068419	-0.067377
552.000000	-0.088023	-0.074938	-0.082834	-0.072289	-0.021710	-0.073008	-0.070867
553.000000	-0.079961	-0.080367	-0.080092	-0.080585	-0.082058	-0.080482	-0.080595
554.000000	-0.077807	-0.081590	-0.079025	-0.082415	-0.094094	-0.082197	-0.082862
555.000000	-0.080231	-0.080560	-0.080356	-0.080551	-0.081453	-0.080635	-0.080688
556.000000	-0.081080	-0.080062	-0.080734	-0.079790	-0.076511	-0.079957	-0.079726
557.000000	-0.080523	-0.080341	-0.080399	-0.080328	-0.079677	-0.080378	-0.080264
558.000000	-0.080519	-0.080807	-0.080560	-0.080913	-0.081792	-0.080867	-0.080905
559.000000	-0.080746	-0.080822	-0.080772	-0.080852	-0.081152	-0.080779	-0.080898
560.000000	-0.079983	-0.079891	-0.079983	-0.079871	-0.079684	-0.079809	-0.079954
561.000000	-0.079648	-0.079611	-0.079672	-0.079619	-0.079578	-0.079585	-0.079710
562.000000	-0.082702	-0.082742	-0.082784	-0.082789	-0.082906	-0.082782	-0.082849
563.000000	-0.084993	-0.085043	-0.085123	-0.085109	-0.085164	-0.085123	-0.085118
564.000000	-0.075661	-0.075692	-0.075770	-0.075761	-0.075708	-0.075801	-0.075751
565.000000	-0.064889	-0.064896	-0.064906	-0.064963	-0.064868	-0.065021	-0.064976
566.000000	-0.093069	-0.093041	-0.093010	-0.093124	-0.093046	-0.093148	-0.093153
567.000000	-0.163673	-0.163611	-0.163611	-0.163725	-0.163700	-0.163666	-0.163739
568.000000	-0.199331	-0.199279	-0.199318	-0.199398	-0.199409	-0.199296	-0.199398
569.000000	-0.150639	-0.150658	-0.150689	-0.150729	-0.150729	-0.150683	-0.150742
570.000000	-0.083262	-0.083342	-0.083343	-0.083353	-0.083335	-0.083379	-0.083389
571.000000	-0.065522	-0.065591	-0.065574	-0.065570	-0.065570	-0.065601	-0.065618
572.000000	-0.079006	-0.079030	-0.079005	-0.078997	-0.079028	-0.079013	-0.079049
573.000000	-0.085719	-0.085722	-0.085690	-0.085676	-0.085719	-0.085724	-0.085730
574.000000	-0.082516	-0.082528	-0.082497	-0.082474	-0.082517	-0.082570	-0.082523
575.000000	-0.080153	-0.080183	-0.080175	-0.080145	-0.080192	-0.080240	-0.080169
576.000000	-0.080856	-0.080882	-0.080898	-0.080884	-0.080925	-0.080932	-0.080877
577.000000	-0.081705	-0.081673	-0.081679	-0.081730	-0.081723	-0.081733	-0.081708
578.000000	-0.081696	-0.081581	-0.081554	-0.081686	-0.081615	-0.081655	-0.081670
579.000000	-0.081549	-0.081407	-0.081380	-0.081522	-0.081449	-0.081455	-0.081519
580.000000	-0.081510	-0.081413	-0.081426	-0.081505	-0.081489	-0.081403	-0.081507
581.000000	-0.081165	-0.081116	-0.081166	-0.081204	-0.081209	-0.081099	-0.081187
582.000000	-0.080729	-0.080700	-0.080753	-0.080811	-0.080767	-0.080746	-0.080760
583.000000	-0.081612	-0.081621	-0.081639	-0.081693	-0.081638	-0.081695	-0.081669
584.000000	-0.083481	-0.083564	-0.083527	-0.083508	-0.083537	-0.083575	-0.083593
585.000000	-0.081153	-0.081258	-0.081215	-0.081126	-0.081250	-0.081232	-0.081294
586.000000	-0.074768	-0.074783	-0.074821	-0.074742	-0.074882	-0.074838	-0.074869
587.000000	-0.088120	-0.088043	-0.088143	-0.088140	-0.088223	-0.088185	-0.088155
588.000000	-0.139722	-0.139680	-0.139714	-0.139803	-0.139799	-0.139779	-0.139728
589.000000	-0.183933	-0.184061	-0.183983	-0.184030	-0.184026	-0.183994	-0.184018
590.000000	-0.161596	-0.161957	-0.161862	-0.161611	-0.161792	-0.161691	-0.161894
591.000000	-0.100121	-0.100443	-0.100394	-0.100065	-0.100292	-0.100283	-0.100394
592.000000	-0.068448	-0.068075	-0.068031	-0.068501	-0.068177	-0.068692	-0.067979
593.000000	-0.074889	-0.074179	-0.074181	-0.075051	-0.074418	-0.075082	-0.074090
594.000000	-0.082542	-0.083753	-0.084049	-0.082405	-0.083377	-0.082335	-0.083976
595.000000	-0.079910	-0.082711	-0.083169	-0.079508	-0.081797	-0.079450	-0.083167
596.000000	-0.083740	-0.080579	-0.080088	-0.084427	-0.081544	-0.084404	-0.080145
597.000000	-0.092177	-0.081512	-0.079898	-0.094206	-0.084896	-0.094185	-0.079977
598.000000	-0.072805	-0.079644	-0.080645	-0.071550	-0.077550	-0.071514	-0.080734
599.000000	-0.019630	-0.072793	-0.080692	-0.009789	-0.056087	-0.009741	-0.080789
600.000000	0.009074	-0.068814	-0.080423	0.023485	-0.044297	0.023527	-0.080499
601.000000	-0.026496	-0.073261	-0.080308	-0.017858	-0.058564	-0.017845	-0.080317
602.000000	-0.077829	-0.079780	-0.080211	-0.077488	-0.079232	-0.077510	-0.080144
603.000000	-0.091934	-0.081382	-0.079932	-0.093888	-0.084785	-0.093935	-0.079825
604.000000	-0.081577	-0.079785	-0.079561	-0.081880	-0.080410	-0.081939	-0.079457
605.000000	-0.075972	-0.078875	-0.079252	-0.075383	-0.077971	-0.075447	-0.079195
606.000000	-0.078065	-0.078976	-0.079000	-0.077848	-0.078652	-0.077911	-0.079013
607.000000	-0.079591	-0.078902	-0.078730	-0.079713	-0.079085	-0.079776	-0.078812
608.000000	-0.078740	-0.078441	-0.078426	-0.078840	-0.078549	-0.078910	-0.078549
609.000000	-0.077832	-0.078004	-0.078104	-0.077845	-0.078022	-0.077934	-0.078227
610.000000	-0.077692	-0.077756	-0.077799	-0.077674	-0.077819	-0.077781	-0.077891
611.000000	-0.077706	-0.077624	-0.077554	-0.077672	-0.077626	-0.077768	-0.077631
612.000000	-0.077533	-0.077517	-0.077371	-0.077479	-0.077325	-0.077542	-0.077453
613.000000	-0.077247	-0.077334	-0.077200	-0.077199	-0.077075	-0.077257	-0.077254
614.000000	-0.076957	-0.077062	-0.077018	-0.076945	-0.076968	-0.077042	-0.077004
615.000000	-0.076784	-0.076844	-0.076860	-0.076799	-0.076927	-0.076922	-0.076821
616.000000	-0.076780	-0.076775	-0.076753	-0.076788	-0.076881	-0.076883	-0.076777
617.000000	-0.076815	-0.076760	-0.076690	-0.076801	-0.076829	-0.076843	-0.076773
618.000000	-0.076765	-0.076696	-0.076652	-0.076738	-0.076773	-0.076738	-0.076712
619.000000	-0.076665	-0.076596	-0.076605	-0.076626	-0.076683	-0.076611	-0.076599
620.000000	-0.076579	-0.076497	-0.076519	-0.076516	-0.076536	-0.076519	-0.076471
621.000000	-0.076503	-0.076440	-0.076428	-0.076429	-0.076410	-0.076446	-0.076379
622.000000	-0.076410	-0.076456	-0.076379	-0.076365	-0.076405	-0.076353	-0.076365
623.000000	-0.076299	-0.076461	-0.076363	-0.076309	-0.076448	-0.076256	-0.076386
624.000000	-0.076190	-0.076323	-0.076335	-0.076237	-0.076384	-0.076196	-0.076356
625.000000	-0.076097	-0.076100	-0.076272	-0.076150	-0.076212	-0.076173	-0.076264
626.000000	-0.076037	-0.075991	-0.076163	-0.076067	-0.076053	-0.076148	-0.076156
627.000000	-0.076000	-0.076019	-0.076034	-0.075991	-0.075955	-0.076101	-0.076054
628.000000	-0.075944	-0.076006	-0.075947	-0.075910	-0.075887	-0.076027	-0.075944
629.000000	-0.075854	-0.075873	-0.075916	-0.075818	-0.075824	-0.075930	-0.075834
630.000000	-0.075752	-0.075714	-0.075878	-0.075724	-0.075758	-0.075825	-0.075763
631.000000	-0.075663	-0.075604	-0.075791	-0.075642	-0.075690	-0.075730	-0.075739
632.000000	-0.075600	-0.075557	-0.075685	-0.075585	-0.075629	-0.075675	-0.075702
633.000000	-0.075563	-0.075561	-0.075593	-0.075560	-0.075583	-0.075664	-0.075609
634.000000	-0.075515	-0.075557	-0.075528	-0.075529	-0.075543	-0.075621	-0.075515
635.000000	-0.075421	-0.075490	-0.075489	-0.075454	-0.075496	-0.075481	-0.075470
636.000000	-0.075287	-0.075352	-0.075418	-0.075332	-0.075426	-0.075314	-0.075414
637.000000	-0.075134	-0.075162	-0.075252	-0.075172	-0.075318	-0.075215	-0.075266
638.000000	-0.074992	-0.074981	-0.075035	-0.075004	-0.075166	-0.075142	-0.075063
639.000000	-0.074893	-0.074885	-0.074856	-0.074864	-0.074971	-0.075000	-0.074890
640.000000	-0.074844	-0.074865	-0.074764	-0.074776	-0.074800	-0.074849	-0.074789
641.000000	-0.074830	-0.074860	-0.074778	-0.074753	-0.074750	-0.074834	-0.074777
642.000000	-0.074830	-0.074836	-0.074844	-0.074777	-0.074805	-0.074930	-0.074819
643.000000	-0.074816	-0.074787	-0.074838	-0.074801	-0.074849	-0.074955	-0.074843
644.000000	-0.074775	-0.074732	-0.074738	-0.074798	-0.074820	-0.074853	-0.074816
645.000000	-0.074712	-0.074718	-0.074654	-0.074766	-0.074735	-0.074736	-0.074762
646.000000	-0.074651	-0.074768	-0.074664	-0.074727	-0.074646	-0.074684	-0.074719
647.000000	-0.074655	-0.074847	-0.074760	-0.074752	-0.074660	-0.074701	-0.074754
648.000000	-0.074755	-0.074924	-0.074907	-0.074874	-0.074824	-0.074776	-0.074892
649.000000	-0.074891	-0.074984	-0.075015	-0.075015	-0.075000	-0.074891	-0.075046
650.000000	-0.074996	-0.075014	-0.075014	-0.075094	-0.075062	-0.075014	-0.075130
651.000000	-0.075049	-0.074997	-0.074964	-0.075077	-0.075054	-0.075069	-0.075121
652.000000	-0.075035	-0.074911	-0.074932	-0.074952	-0.075034	-0.074988	-0.075019
653.000000	-0.074921	-0.074748	-0.074853	-0.074750	-0.074928	-0.074815	-0.074829
654.000000	-0.074679	-0.074503	-0.074631	-0.074517	-0.074631	-0.074628	-0.074562
655.000000	-0.074364	-0.074227	-0.074318	-0.074278	-0.074252	-0.074422	-0.074273
656.000000	-0.074071	-0.073996	-0.074039	-0.074047	-0.073996	-0.074157	-0.074037
657.000000	-0.073871	-0.073830	-0.073846	-0.073869	-0.073897	-0.073889	-0.073894
658.000000	-0.073810	-0.073713	-0.073734	-0.073809	-0.073863	-0.073746	-0.073859
659.000000	-0.073848	-0.073656	-0.073699	-0.073845	-0.073844	-0.073741	-0.073888
660.000000	-0.073858	-0.073700	-0.073736	-0.073863	-0.073832	-0.073766	-0.073885
661.000000	-0.073785	-0.073811	-0.073796	-0.073816	-0.073807	-0.073752	-0.073810
662.000000	-0.073680	-0.073840	-0.073763	-0.073756	-0.073727	-0.073706	-0.073715
663.000000	-0.073575	-0.073705	-0.073588	-0.073696	-0.073573	-0.073626	-0.073620
664.000000	-0.073425	-0.073490	-0.073373	-0.073541	-0.073391	-0.073476	-0.073456
665.000000	-0.073190	-0.073261	-0.073186	-0.073227	-0.073202	-0.073232	-0.073172
666.000000	-0.072863	-0.072952	-0.072932	-0.072845	-0.072932	-0.072915	-0.072794
667.000000	-0.072464	-0.072512	-0.072528	-0.072501	-0.072529	-0.072557	-0.072380
668.000000	-0.072107	-0.072083	-0.072117	-0.072239	-0.072132	-0.072220	-0.072059
669.000000	-0.071906	-0.071829	-0.071874	-0.072074	-0.071905	-0.071959	-0.071942
670.000000	-0.071787	-0.071693	-0.071746	-0.071930	-0.071784	-0.071740	-0.071882
671.000000	-0.071610	-0.071534	-0.071593	-0.071704	-0.071621	-0.071501	-0.071649
672.000000	-0.071368	-0.071323	-0.071391	-0.071409	-0.071398	-0.071267	-0.071308
673.000000	-0.071133	-0.071096	-0.071180	-0.071126	-0.071175	-0.071111	-0.071090
674.000000	-0.070951	-0.070900	-0.070997	-0.070922	-0.070986	-0.071028	-0.071020
675.000000	-0.070839	-0.070785	-0.070867	-0.070842	-0.070839	-0.070953	-0.070949
676.000000	-0.070798	-0.070761	-0.070803	-0.070860	-0.070746	-0.070854	-0.070828
677.000000	-0.070801	-0.070790	-0.070804	-0.070865	-0.070724	-0.070748	-0.070744
678.000000	-0.070830	-0.070841	-0.070853	-0.070822	-0.070776	-0.070672	-0.070750
679.000000	-0.070872	-0.070890	-0.070910	-0.070839	-0.070886	-0.070690	-0.070824
680.000000	-0.070901	-0.070905	-0.070934	-0.070947	-0.071005	-0.070812	-0.070923
681.000000	-0.070843	-0.070823	-0.070881	-0.070956	-0.071013	-0.070904	-0.070959
682.000000	-0.070678	-0.070633	-0.070748	-0.070742	-0.070846	-0.070866	-0.070882
683.000000	-0.070597	-0.070524	-0.070675	-0.070551	-0.070700	-0.070794	-0.070811
684.000000	-0.070772	-0.070670	-0.070788	-0.070635	-0.070772	-0.070805	-0.070868
685.000000	-0.071037	-0.070908	-0.070947	-0.070851	-0.070951	-0.070874	-0.071009
686.000000	-0.071137	-0.070996	-0.070953	-0.070950	-0.071046	-0.070933	-0.071132
687.000000	-0.071058	-0.070939	-0.070847	-0.070926	-0.071019	-0.070942	-0.071143
688.000000	-0.070899	-0.070863	-0.070781	-0.070885	-0.070908	-0.070880	-0.070964
689.000000	-0.070759	-0.070808	-0.070779	-0.070858	-0.070775	-0.070782	-0.070724
690.000000	-0.070728	-0.070759	-0.070785	-0.070824	-0.070696	-0.070725	-0.070684
691.000000	-0.070797	-0.070724	-0.070781	-0.070803	-0.070695	-0.070735	-0.070833
692.000000	-0.070859	-0.070735	-0.070788	-0.070853	-0.070749	-0.070786	-0.070905
693.000000	-0.070878	-0.070803	-0.070835	-0.070957	-0.070826	-0.070858	-0.070828
694.000000	-0.070910	-0.070904	-0.070957	-0.070995	-0.070890	-0.070937	-0.070808
695.000000	-0.070978	-0.071008	-0.071125	-0.070930	-0.070914	-0.071005	-0.070936
696.000000	-0.071022	-0.071065	-0.071183	-0.070899	-0.070890	-0.071044	-0.071048
697.000000	-0.071012	-0.071057	-0.071060	-0.070998	-0.070846	-0.071050	-0.071031
698.000000	-0.071029	-0.071051	-0.070965	-0.071136	-0.070900	-0.071072	-0.071008
699.000000	-0.071142	-0.071108	-0.071080	-0.071217	-0.071129	-0.071150	-0.071104
700.000000	-0.071268	-0.071200	-0.071261	-0.071236	-0.071369	-0.071246	-0.071276
701.000000	-0.071312	-0.071281	-0.071327	-0.071220	-0.071437	-0.071313	-0.071446
702.000000	-0.071343	-0.071348	-0.071346	-0.071246	-0.071426	-0.071369	-0.071559
703.000000	-0.071466	-0.071411	-0.071462	-0.071390	-0.071509	-0.071449	-0.071581
704.000000	-0.071596	-0.071455	-0.071607	-0.071567	-0.071622	-0.071498	-0.071535
705.000000	-0.071560	-0.071455	-0.071612	-0.071614	-0.071587	-0.071423	-0.071476
706.000000	-0.071395	-0.071422	-0.071481	-0.071533	-0.071427	-0.071285	-0.071426
707.000000	-0.071299	-0.071390	-0.071349	-0.071447	-0.071313	-0.071255	-0.071384
708.000000	-0.071295	-0.071350	-0.071279	-0.071376	-0.071284	-0.071330	-0.071327
709.000000	-0.071215	-0.071239	-0.071256	-0.071220	-0.071235	-0.071319	-0.071212
710.000000	-0.071017	-0.071048	-0.071225	-0.070976	-0.071109	-0.071140	-0.071027
711.000000	-0.070864	-0.070843	-0.071079	-0.070800	-0.070935	-0.070892	-0.070806
712.000000	-0.070831	-0.070683	-0.070795	-0.070767	-0.070760	-0.070673	-0.070595
713.000000	-0.070776	-0.070581	-0.070538	-0.070748	-0.070648	-0.070549	-0.070446
714.000000	-0.070584	-0.070522	-0.070428	-0.070621	-0.070608	-0.070527	-0.070378
715.000000	-0.070305	-0.070411	-0.070369	-0.070380	-0.070453	-0.070448	-0.070298
716.000000	-0.070019	-0.070170	-0.070244	-0.070047	-0.070043	-0.070174	-0.070114
717.000000	-0.069776	-0.069874	-0.070038	-0.069709	-0.069621	-0.069834	-0.069869
718.000000	-0.069608	-0.069622	-0.069761	-0.069451	-0.069475	-0.069598	-0.069633
719.000000	-0.069483	-0.069382	-0.069416	-0.069256	-0.069439	-0.069414	-0.069441
720.000000	-0.069348	-0.069082	-0.069016	-0.069073	-0.069198	-0.069157	-0.069313
721.000000	-0.069208	-0.068812	-0.068723	-0.068968	-0.068876	-0.068914	-0.069238
722.000000	-0.069101	-0.068742	-0.068764	-0.069064	-0.068834	-0.068883	-0.069186
723.000000	-0.068971	-0.068767	-0.068947	-0.069163	-0.068983	-0.068983	-0.069090
724.000000	-0.068691	-0.068563	-0.068743	-0.068821	-0.068872	-0.068904	-0.068851
725.000000	-0.068340	-0.068126	-0.068189	-0.068096	-0.068457	-0.068601	-0.068508
726.000000	-0.068248	-0.067839	-0.067993	-0.067647	-0.068191	-0.068343	-0.068262
727.000000	-0.068475	-0.067871	-0.068365	-0.067754	-0.068295	-0.068251	-0.068195
728.000000	-0.068615	-0.067995	-0.068619	-0.068015	-0.068557	-0.068168	-0.068187
729.000000	-0.068465	-0.068075	-0.068389	-0.068163	-0.068786	-0.068068	-0.068219
730.000000	-0.068401	-0.068275	-0.068267	-0.068414	-0.068942	-0.068284	-0.068559
731.000000	-0.068745	-0.068734	-0.068771	-0.068962	-0.069018	-0.069067	-0.069402
732.000000	-0.069353	-0.069354	-0.069682	-0.069699	-0.069049	-0.070196	-0.070549
