[HEADER]
Format	J&M ASCII Table
Comment	Remin PV CDOM Samples 
Date	2/12/1980 7:29:03 AM
Order	Y (evenX)
TechType	UV
NumPoints	483
FirstX	250.00
LastX	732.00
XType	NMetr
YType	Absrb
ZType	Secs
NumSubFile	7
Matrix	Z vs X
[DATA]
	0.000000	5.000064	10.000192	15.000256	20.000320	25.000448	30.000511
250.000000	1.447729	1.449354	1.458042	1.456693	1.460936	1.458846	1.465422
251.000000	1.435855	1.438120	1.443410	1.446428	1.450362	1.446412	1.451880
252.000000	1.423445	1.426768	1.427269	1.434313	1.436333	1.436723	1.435500
253.000000	1.412041	1.413926	1.414104	1.420086	1.422294	1.426571	1.422458
254.000000	1.403171	1.399672	1.406973	1.404789	1.411419	1.414142	1.416832
255.000000	1.397636	1.389645	1.402017	1.393816	1.404067	1.404147	1.412614
256.000000	1.395648	1.388846	1.395007	1.391826	1.399821	1.401163	1.403566
257.000000	1.395061	1.392217	1.387911	1.394339	1.397380	1.401306	1.394179
258.000000	1.393332	1.392243	1.384480	1.394528	1.395392	1.398718	1.391675
259.000000	1.391454	1.389794	1.385647	1.392203	1.394751	1.395453	1.395294
260.000000	1.392160	1.389892	1.390825	1.390574	1.397371	1.397283	1.400362
261.000000	1.396747	1.394584	1.398491	1.392166	1.403094	1.404342	1.405553
262.000000	1.405279	1.403522	1.406427	1.398816	1.410148	1.412452	1.412074
263.000000	1.414523	1.414064	1.412855	1.408009	1.416593	1.419357	1.418797
264.000000	1.417595	1.421061	1.416529	1.412351	1.420366	1.425120	1.421899
265.000000	1.413655	1.422287	1.417017	1.409961	1.421054	1.429223	1.420927
266.000000	1.412439	1.420701	1.415211	1.408732	1.421044	1.429954	1.421381
267.000000	1.419021	1.418618	1.412123	1.413235	1.421874	1.426736	1.425755
268.000000	1.423926	1.415416	1.408737	1.417115	1.422211	1.422202	1.427366
269.000000	1.418457	1.410140	1.405464	1.414013	1.420187	1.418253	1.420335
270.000000	1.406133	1.402366	1.400458	1.404395	1.413600	1.411896	1.407726
271.000000	1.392675	1.391843	1.391615	1.390450	1.400779	1.399751	1.394245
272.000000	1.378637	1.378590	1.378696	1.374522	1.383852	1.383587	1.381014
273.000000	1.362719	1.362772	1.362215	1.358725	1.366177	1.366867	1.367670
274.000000	1.344951	1.344986	1.343022	1.342177	1.348695	1.350081	1.352769
275.000000	1.326056	1.326023	1.322143	1.322404	1.330893	1.331997	1.334338
276.000000	1.305194	1.305611	1.300276	1.299607	1.311238	1.311477	1.312147
277.000000	1.280248	1.282593	1.277823	1.276264	1.287425	1.287526	1.287476
278.000000	1.252028	1.256857	1.254712	1.252859	1.260216	1.260746	1.261479
279.000000	1.225091	1.229661	1.230283	1.227271	1.234284	1.233756	1.235088
280.000000	1.201581	1.202300	1.204464	1.199486	1.211320	1.208160	1.209214
281.000000	1.178611	1.175979	1.178367	1.173800	1.186900	1.183402	1.184746
282.000000	1.153926	1.151507	1.152992	1.152533	1.158497	1.158864	1.161758
283.000000	1.128688	1.128592	1.128646	1.130953	1.130990	1.134451	1.137986
284.000000	1.104200	1.106441	1.105262	1.104710	1.108828	1.110149	1.111654
285.000000	1.079664	1.082906	1.081647	1.076789	1.088619	1.085898	1.085026
286.000000	1.054104	1.056144	1.056659	1.051600	1.065593	1.061757	1.061040
287.000000	1.029431	1.029161	1.031718	1.029148	1.040673	1.038736	1.039462
288.000000	1.008465	1.006616	1.009152	1.007672	1.017053	1.018088	1.018791
289.000000	0.990255	0.988197	0.989013	0.986842	0.995935	0.999161	0.998647
290.000000	0.971544	0.970489	0.969923	0.967226	0.977186	0.980132	0.979355
291.000000	0.951765	0.952096	0.951223	0.948764	0.959806	0.960438	0.960888
292.000000	0.932923	0.933597	0.932970	0.930795	0.942011	0.940732	0.942874
293.000000	0.915879	0.915528	0.915441	0.913166	0.923361	0.921891	0.925033
294.000000	0.899756	0.898256	0.899182	0.896467	0.905335	0.905028	0.907236
295.000000	0.883864	0.881973	0.884099	0.880942	0.888840	0.890360	0.889792
296.000000	0.868184	0.866537	0.868712	0.865994	0.873286	0.876203	0.873897
297.000000	0.852858	0.851807	0.852139	0.851233	0.858203	0.861310	0.860236
298.000000	0.838290	0.837781	0.835964	0.837269	0.844086	0.846599	0.847497
299.000000	0.824776	0.824461	0.821857	0.824643	0.831379	0.833103	0.834296
300.000000	0.811847	0.811743	0.809499	0.812558	0.819309	0.820301	0.820833
301.000000	0.798924	0.799468	0.797987	0.799965	0.806879	0.807326	0.807754
302.000000	0.786406	0.787320	0.786664	0.787086	0.794315	0.794409	0.795327
303.000000	0.775064	0.774961	0.775038	0.774696	0.782367	0.782240	0.783621
304.000000	0.764457	0.762798	0.763220	0.763022	0.771093	0.770823	0.772427
305.000000	0.753340	0.751717	0.751737	0.751903	0.760069	0.759690	0.761357
306.000000	0.741737	0.741653	0.740820	0.741249	0.749082	0.748772	0.750379
307.000000	0.730986	0.731554	0.730378	0.731048	0.738149	0.738420	0.739830
308.000000	0.721439	0.721028	0.720253	0.721108	0.727507	0.728661	0.729764
309.000000	0.711852	0.710756	0.710194	0.710957	0.717711	0.719009	0.719775
310.000000	0.701534	0.701167	0.700166	0.700467	0.708862	0.709129	0.709689
311.000000	0.691372	0.691909	0.690629	0.690347	0.699962	0.699144	0.699957
312.000000	0.682091	0.682573	0.681837	0.681101	0.690211	0.689251	0.690850
313.000000	0.673107	0.672930	0.673097	0.672109	0.680021	0.679679	0.681731
314.000000	0.663711	0.662909	0.663671	0.662683	0.669977	0.670586	0.671975
315.000000	0.654107	0.653078	0.653740	0.653094	0.660157	0.661719	0.662115
316.000000	0.644740	0.644086	0.643774	0.643858	0.650495	0.652709	0.652965
317.000000	0.635524	0.635422	0.634066	0.634771	0.641167	0.643421	0.644352
318.000000	0.626129	0.626058	0.624797	0.625315	0.632430	0.633859	0.635620
319.000000	0.616638	0.616114	0.615780	0.615756	0.623987	0.624294	0.626479
320.000000	0.607439	0.606560	0.606566	0.606918	0.615132	0.615181	0.616924
321.000000	0.598597	0.597627	0.597132	0.598703	0.605695	0.606396	0.607197
322.000000	0.589807	0.588711	0.587935	0.589980	0.596111	0.597178	0.597806
323.000000	0.580832	0.579571	0.579132	0.580309	0.586744	0.587398	0.588930
324.000000	0.571580	0.570637	0.570349	0.570481	0.577786	0.578020	0.580188
325.000000	0.562135	0.562158	0.561363	0.561166	0.569252	0.569576	0.571344
326.000000	0.552979	0.553783	0.552449	0.552456	0.560750	0.561293	0.562648
327.000000	0.544471	0.545170	0.543861	0.544249	0.551959	0.552462	0.554266
328.000000	0.536277	0.536360	0.535493	0.536041	0.543061	0.543358	0.545766
329.000000	0.527968	0.527510	0.527182	0.527380	0.534325	0.534456	0.536761
330.000000	0.519525	0.518932	0.518925	0.518698	0.525859	0.526049	0.527968
331.000000	0.511087	0.510926	0.510764	0.510641	0.517702	0.518314	0.520335
332.000000	0.502848	0.503138	0.502655	0.502880	0.509811	0.510971	0.513206
333.000000	0.495020	0.494915	0.494519	0.494619	0.502103	0.503507	0.505149
334.000000	0.487583	0.486571	0.486527	0.486148	0.494551	0.495790	0.496456
335.000000	0.480333	0.479165	0.479039	0.478607	0.487165	0.487998	0.488772
336.000000	0.473079	0.472655	0.472038	0.472062	0.479891	0.480299	0.482262
337.000000	0.465653	0.465686	0.465046	0.465282	0.472597	0.472840	0.475298
338.000000	0.458145	0.457870	0.457866	0.457750	0.465269	0.465703	0.467266
339.000000	0.451086	0.450643	0.450830	0.450329	0.458101	0.458859	0.459496
340.000000	0.444759	0.444856	0.444146	0.443679	0.451288	0.452263	0.452966
341.000000	0.438677	0.439345	0.437566	0.437565	0.444955	0.445860	0.447218
342.000000	0.432366	0.433008	0.430909	0.431636	0.439102	0.439580	0.441629
343.000000	0.425896	0.426324	0.424558	0.425635	0.433272	0.433311	0.435846
344.000000	0.419496	0.420039	0.418919	0.419394	0.427019	0.426977	0.429661
345.000000	0.413534	0.414073	0.413677	0.413127	0.420692	0.420831	0.423350
346.000000	0.408353	0.408075	0.408276	0.407171	0.414882	0.415206	0.417329
347.000000	0.403472	0.402159	0.402601	0.401627	0.409528	0.410011	0.411598
348.000000	0.397995	0.396688	0.396796	0.396448	0.404214	0.404920	0.405929
349.000000	0.392004	0.391662	0.391093	0.391437	0.398896	0.399793	0.400384
350.000000	0.386404	0.386772	0.385789	0.386275	0.393840	0.394651	0.395269
351.000000	0.381499	0.381806	0.380905	0.380973	0.389028	0.389470	0.390562
352.000000	0.376814	0.376684	0.376124	0.375953	0.384068	0.384163	0.385828
353.000000	0.372014	0.371474	0.371245	0.371306	0.378805	0.378804	0.380842
354.000000	0.367107	0.366502	0.366328	0.366460	0.373555	0.373758	0.375808
355.000000	0.362158	0.361932	0.361451	0.361143	0.368579	0.369230	0.370930
356.000000	0.357273	0.357418	0.356677	0.356084	0.363847	0.364898	0.366263
357.000000	0.352542	0.352648	0.352048	0.351886	0.359266	0.360429	0.361775
358.000000	0.347953	0.347838	0.347523	0.347909	0.354683	0.355832	0.357166
359.000000	0.343456	0.343289	0.343040	0.343343	0.349977	0.351211	0.352156
360.000000	0.338938	0.338967	0.338522	0.338444	0.345336	0.346698	0.347101
361.000000	0.334274	0.334698	0.333901	0.333843	0.341036	0.342405	0.342553
362.000000	0.329539	0.330239	0.329242	0.329525	0.336979	0.338120	0.338445
363.000000	0.324920	0.325340	0.324690	0.325108	0.332847	0.333466	0.334352
364.000000	0.320511	0.320316	0.320337	0.320590	0.328539	0.328625	0.330145
365.000000	0.316319	0.315970	0.316229	0.316300	0.324152	0.324256	0.325955
366.000000	0.312320	0.312382	0.312316	0.312292	0.319829	0.320475	0.321821
367.000000	0.308452	0.308682	0.308432	0.308248	0.315769	0.316674	0.317648
368.000000	0.304575	0.304390	0.304394	0.303989	0.311915	0.312489	0.313352
369.000000	0.300406	0.299888	0.299998	0.299648	0.307716	0.308121	0.308878
370.000000	0.295800	0.295525	0.295216	0.295343	0.302895	0.303761	0.304264
371.000000	0.291049	0.291289	0.290531	0.291038	0.298112	0.299407	0.299795
372.000000	0.286490	0.287121	0.286385	0.286704	0.293979	0.295053	0.295707
373.000000	0.282292	0.283064	0.282627	0.282455	0.290140	0.290819	0.291824
374.000000	0.278528	0.279155	0.278956	0.278417	0.286068	0.286818	0.287888
375.000000	0.274897	0.275238	0.275117	0.274535	0.281841	0.282858	0.283877
376.000000	0.270983	0.271100	0.270921	0.270685	0.277763	0.278661	0.279861
377.000000	0.266830	0.266844	0.266642	0.266771	0.273872	0.274380	0.275874
378.000000	0.262757	0.262758	0.262812	0.262728	0.270041	0.270416	0.271928
379.000000	0.258930	0.258946	0.259380	0.258684	0.266260	0.266855	0.268081
380.000000	0.255369	0.255339	0.255773	0.254935	0.262617	0.263487	0.264432
381.000000	0.251980	0.251826	0.251830	0.251462	0.259063	0.260077	0.260962
382.000000	0.248522	0.248241	0.247964	0.247824	0.255350	0.256371	0.257496
383.000000	0.244849	0.244514	0.244375	0.243862	0.251427	0.252362	0.253908
384.000000	0.241005	0.240773	0.240774	0.240026	0.247638	0.248537	0.250188
385.000000	0.237112	0.237110	0.236983	0.236637	0.244205	0.245186	0.246379
386.000000	0.233438	0.233447	0.233313	0.233429	0.240848	0.241865	0.242634
387.000000	0.230168	0.229743	0.230040	0.230101	0.237304	0.238167	0.239093
388.000000	0.226987	0.226239	0.226863	0.226649	0.233782	0.234433	0.235755
389.000000	0.223531	0.223186	0.223409	0.223175	0.230580	0.231137	0.232587
390.000000	0.220076	0.220352	0.219887	0.219901	0.227672	0.228189	0.229623
391.000000	0.217103	0.217327	0.216718	0.217053	0.224889	0.225273	0.226900
392.000000	0.214362	0.214109	0.213840	0.214347	0.221974	0.222268	0.224153
393.000000	0.211179	0.210944	0.210906	0.211206	0.218639	0.219177	0.220959
394.000000	0.207699	0.207970	0.207860	0.207751	0.215128	0.216077	0.217438
395.000000	0.204807	0.205222	0.204920	0.204734	0.212154	0.213112	0.214207
396.000000	0.202605	0.202584	0.202166	0.202284	0.209781	0.210279	0.211455
397.000000	0.200109	0.199741	0.199489	0.199666	0.207180	0.207380	0.208775
398.000000	0.196847	0.196579	0.196758	0.196533	0.203961	0.204367	0.205897
399.000000	0.193505	0.193405	0.193835	0.193421	0.200722	0.201519	0.202900
400.000000	0.190631	0.190462	0.190694	0.190734	0.197924	0.198987	0.199895
401.000000	0.187960	0.187653	0.187655	0.188166	0.195276	0.196436	0.196971
402.000000	0.185176	0.184866	0.184993	0.185383	0.192462	0.193566	0.194198
403.000000	0.182397	0.182178	0.182481	0.182520	0.189673	0.190625	0.191593
404.000000	0.179827	0.179691	0.179814	0.179808	0.187186	0.187961	0.189146
405.000000	0.177382	0.177284	0.177120	0.177222	0.184865	0.185491	0.186756
406.000000	0.174870	0.174761	0.174674	0.174639	0.182418	0.182967	0.184294
407.000000	0.172243	0.172127	0.172339	0.172026	0.179773	0.180320	0.181717
408.000000	0.169550	0.169514	0.169739	0.169413	0.176999	0.177601	0.179039
409.000000	0.166882	0.166990	0.166904	0.166844	0.174241	0.174921	0.176338
410.000000	0.164364	0.164564	0.164237	0.164371	0.171706	0.172447	0.173747
411.000000	0.162032	0.162252	0.161925	0.162028	0.169469	0.170215	0.171363
412.000000	0.159801	0.160077	0.159848	0.159812	0.167429	0.168083	0.169223
413.000000	0.157597	0.157971	0.157841	0.157671	0.165440	0.165930	0.167256
414.000000	0.155386	0.155683	0.155703	0.155459	0.163293	0.163701	0.165177
415.000000	0.153174	0.153115	0.153330	0.153123	0.160896	0.161404	0.162823
416.000000	0.151060	0.150688	0.150921	0.150909	0.158534	0.159220	0.160461
417.000000	0.149121	0.148773	0.148693	0.149026	0.156476	0.157285	0.158358
418.000000	0.147251	0.147085	0.146684	0.147246	0.154600	0.155411	0.156416
419.000000	0.145321	0.145224	0.144872	0.145289	0.152715	0.153370	0.154470
420.000000	0.143373	0.143286	0.143172	0.143331	0.150869	0.151321	0.152572
421.000000	0.141516	0.141544	0.141476	0.141700	0.149192	0.149552	0.150852
422.000000	0.139722	0.139921	0.139777	0.140216	0.147562	0.147960	0.149256
423.000000	0.137888	0.138140	0.138128	0.138403	0.145715	0.146214	0.147621
424.000000	0.136064	0.136215	0.136510	0.136320	0.143703	0.144329	0.145908
425.000000	0.134435	0.134434	0.134841	0.134512	0.141871	0.142637	0.144194
426.000000	0.132992	0.132883	0.133107	0.133117	0.140334	0.141212	0.142530
427.000000	0.131463	0.131375	0.131391	0.131710	0.138896	0.139770	0.140925
428.000000	0.129724	0.129782	0.129743	0.130040	0.137399	0.138152	0.139365
429.000000	0.127969	0.128126	0.128134	0.128271	0.135807	0.136488	0.137808
430.000000	0.126357	0.126453	0.126534	0.126571	0.134130	0.134890	0.136218
431.000000	0.124832	0.124834	0.124932	0.124978	0.132474	0.133314	0.134604
432.000000	0.123313	0.123319	0.123321	0.123488	0.130933	0.131714	0.132986
433.000000	0.121786	0.121864	0.121708	0.122014	0.129465	0.130137	0.131410
434.000000	0.120263	0.120404	0.120113	0.120468	0.128000	0.128644	0.129914
435.000000	0.118801	0.118899	0.118620	0.118920	0.126523	0.127220	0.128461
436.000000	0.117466	0.117330	0.117321	0.117496	0.125043	0.125821	0.126987
437.000000	0.116181	0.115810	0.116129	0.116190	0.123594	0.124421	0.125535
438.000000	0.114795	0.114519	0.114857	0.114919	0.122219	0.123012	0.124206
439.000000	0.113358	0.113412	0.113479	0.113636	0.120924	0.121628	0.122999
440.000000	0.112096	0.112240	0.112109	0.112324	0.119679	0.120335	0.121820
441.000000	0.111025	0.110929	0.110820	0.110988	0.118457	0.119138	0.120607
442.000000	0.109879	0.109640	0.109621	0.109660	0.117239	0.117970	0.119341
443.000000	0.108526	0.108441	0.108471	0.108371	0.116002	0.116751	0.118033
444.000000	0.107119	0.107206	0.107243	0.107141	0.114719	0.115401	0.116739
445.000000	0.105800	0.105859	0.105875	0.105972	0.113393	0.113925	0.115504
446.000000	0.104579	0.104543	0.104508	0.104802	0.112117	0.112570	0.114315
447.000000	0.103441	0.103393	0.103285	0.103592	0.110965	0.111534	0.113159
448.000000	0.102344	0.102337	0.102217	0.102419	0.109878	0.110608	0.112043
449.000000	0.101248	0.101273	0.101265	0.101372	0.108775	0.109527	0.110975
450.000000	0.100178	0.100235	0.100319	0.100389	0.107704	0.108386	0.109913
451.000000	0.099184	0.099306	0.099260	0.099360	0.106753	0.107405	0.108809
452.000000	0.098276	0.098472	0.098197	0.098342	0.105896	0.106575	0.107758
453.000000	0.097437	0.097657	0.097360	0.097474	0.105039	0.105755	0.106929
454.000000	0.096603	0.096772	0.096678	0.096695	0.104127	0.104860	0.106238
455.000000	0.095672	0.095723	0.095825	0.095766	0.103137	0.103851	0.105389
456.000000	0.094650	0.094583	0.094740	0.094673	0.102099	0.102789	0.104316
457.000000	0.093676	0.093634	0.093701	0.093685	0.101104	0.101850	0.103247
458.000000	0.092812	0.092965	0.092865	0.092926	0.100220	0.101099	0.102336
459.000000	0.091962	0.092292	0.092120	0.092227	0.099463	0.100383	0.101564
460.000000	0.091064	0.091419	0.091367	0.091457	0.098801	0.099587	0.100878
461.000000	0.090192	0.090505	0.090608	0.090678	0.098082	0.098756	0.100175
462.000000	0.089416	0.089714	0.089854	0.089949	0.097204	0.097947	0.099378
463.000000	0.088703	0.089012	0.089067	0.089202	0.096327	0.097170	0.098527
464.000000	0.087991	0.088314	0.088218	0.088356	0.095635	0.096417	0.097689
465.000000	0.087252	0.087570	0.087387	0.087458	0.095006	0.095638	0.096869
466.000000	0.086469	0.086751	0.086681	0.086596	0.094224	0.094784	0.096058
467.000000	0.085680	0.085908	0.086035	0.085791	0.093334	0.093931	0.095286
468.000000	0.084945	0.085133	0.085297	0.085028	0.092520	0.093217	0.094600
469.000000	0.084259	0.084432	0.084481	0.084314	0.091813	0.092619	0.093962
470.000000	0.083567	0.083745	0.083742	0.083672	0.091119	0.091980	0.093267
471.000000	0.082863	0.083067	0.083110	0.083104	0.090416	0.091269	0.092517
472.000000	0.082201	0.082464	0.082467	0.082583	0.089765	0.090610	0.091842
473.000000	0.081598	0.081921	0.081758	0.082049	0.089187	0.090042	0.091273
474.000000	0.080990	0.081284	0.081049	0.081381	0.088617	0.089444	0.090661
475.000000	0.080353	0.080493	0.080406	0.080561	0.088021	0.088751	0.089942
476.000000	0.079781	0.079780	0.079848	0.079848	0.087462	0.088078	0.089317
477.000000	0.079331	0.079323	0.079366	0.079428	0.086976	0.087521	0.088934
478.000000	0.078856	0.078941	0.078857	0.079047	0.086435	0.086997	0.088572
479.000000	0.078211	0.078407	0.078234	0.078419	0.085722	0.086407	0.087986
480.000000	0.077530	0.077768	0.077612	0.077701	0.085004	0.085812	0.087267
481.000000	0.077030	0.077166	0.077156	0.077179	0.084524	0.085318	0.086624
482.000000	0.076710	0.076687	0.076828	0.076847	0.084244	0.084939	0.086152
483.000000	0.076453	0.076385	0.076489	0.076548	0.083981	0.084637	0.085878
484.000000	0.076162	0.076182	0.076129	0.076227	0.083668	0.084357	0.085701
485.000000	0.075759	0.075906	0.075844	0.075905	0.083331	0.084036	0.085422
486.000000	0.075249	0.075489	0.075589	0.075561	0.082952	0.083622	0.084960
487.000000	0.074729	0.074993	0.075171	0.075118	0.082465	0.083079	0.084364
488.000000	0.074240	0.074473	0.074540	0.074557	0.081875	0.082446	0.083723
489.000000	0.073727	0.073973	0.073894	0.073952	0.081306	0.081881	0.083178
490.000000	0.073151	0.073488	0.073348	0.073363	0.080815	0.081451	0.082773
491.000000	0.072532	0.072912	0.072765	0.072798	0.080275	0.080963	0.082309
492.000000	0.071920	0.072199	0.072062	0.072265	0.079610	0.080299	0.081661
493.000000	0.071455	0.071583	0.071489	0.071808	0.079033	0.079733	0.081091
494.000000	0.071229	0.071281	0.071280	0.071464	0.078748	0.079530	0.080856
495.000000	0.070994	0.071100	0.071178	0.071168	0.078549	0.079408	0.080726
496.000000	0.070449	0.070745	0.070814	0.070833	0.078139	0.078968	0.080353
497.000000	0.069803	0.070252	0.070279	0.070446	0.077596	0.078329	0.079788
498.000000	0.069492	0.069814	0.069876	0.070034	0.077173	0.077848	0.079271
499.000000	0.069465	0.069477	0.069621	0.069627	0.076903	0.077577	0.078872
500.000000	0.069326	0.069179	0.069323	0.069256	0.076659	0.077346	0.078535
501.000000	0.068962	0.068885	0.068947	0.068949	0.076394	0.077067	0.078243
502.000000	0.068561	0.068589	0.068616	0.068731	0.076145	0.076751	0.078015
503.000000	0.068219	0.068292	0.068373	0.068552	0.075903	0.076422	0.077822
504.000000	0.067881	0.067994	0.068125	0.068254	0.075581	0.076113	0.077551
505.000000	0.067520	0.067697	0.067816	0.067785	0.075161	0.075834	0.077162
506.000000	0.067203	0.067398	0.067497	0.067345	0.074777	0.075529	0.076787
507.000000	0.066975	0.067098	0.067209	0.067090	0.074529	0.075166	0.076529
508.000000	0.066768	0.066818	0.066918	0.066910	0.074322	0.074817	0.076328
509.000000	0.066507	0.066569	0.066583	0.066669	0.074048	0.074550	0.076098
510.000000	0.066210	0.066304	0.066222	0.066358	0.073712	0.074328	0.075808
511.000000	0.065914	0.065971	0.065872	0.066015	0.073356	0.074087	0.075460
512.000000	0.065635	0.065636	0.065589	0.065712	0.073053	0.073805	0.075136
513.000000	0.065373	0.065410	0.065430	0.065530	0.072874	0.073484	0.074946
514.000000	0.065117	0.065258	0.065311	0.065389	0.072739	0.073161	0.074794
515.000000	0.064855	0.065050	0.065063	0.065118	0.072479	0.072900	0.074465
516.000000	0.064608	0.064769	0.064694	0.064742	0.072100	0.072706	0.074009
517.000000	0.064429	0.064500	0.064389	0.064476	0.071783	0.072526	0.073733
518.000000	0.064314	0.064292	0.064230	0.064379	0.071594	0.072334	0.073708
519.000000	0.064168	0.064133	0.064152	0.064286	0.071432	0.072146	0.073662
520.000000	0.063939	0.063991	0.064078	0.064094	0.071232	0.071967	0.073431
521.000000	0.063672	0.063801	0.063928	0.063864	0.071036	0.071774	0.073121
522.000000	0.063416	0.063535	0.063669	0.063653	0.070871	0.071561	0.072843
523.000000	0.063198	0.063280	0.063402	0.063461	0.070693	0.071371	0.072632
524.000000	0.063030	0.063117	0.063219	0.063279	0.070460	0.071234	0.072487
525.000000	0.062859	0.062987	0.063055	0.063093	0.070204	0.071080	0.072329
526.000000	0.062625	0.062807	0.062820	0.062894	0.069972	0.070827	0.072073
527.000000	0.062351	0.062563	0.062542	0.062669	0.069766	0.070508	0.071770
528.000000	0.062092	0.062278	0.062292	0.062414	0.069571	0.070203	0.071517
529.000000	0.061889	0.062010	0.062090	0.062171	0.069389	0.069963	0.071339
530.000000	0.061767	0.061838	0.061921	0.062009	0.069229	0.069819	0.071215
531.000000	0.061684	0.061751	0.061764	0.061892	0.069094	0.069741	0.071107
532.000000	0.061543	0.061663	0.061597	0.061702	0.068978	0.069646	0.070967
533.000000	0.061323	0.061510	0.061416	0.061428	0.068854	0.069486	0.070770
534.000000	0.061104	0.061256	0.061236	0.061197	0.068664	0.069251	0.070519
535.000000	0.060930	0.060940	0.061060	0.061065	0.068407	0.068979	0.070258
536.000000	0.060764	0.060717	0.060863	0.060942	0.068187	0.068774	0.070091
537.000000	0.060588	0.060668	0.060646	0.060766	0.068069	0.068691	0.070059
538.000000	0.060444	0.060631	0.060495	0.060597	0.067988	0.068627	0.070012
539.000000	0.060363	0.060460	0.060461	0.060486	0.067874	0.068489	0.069823
540.000000	0.060287	0.060233	0.060407	0.060375	0.067712	0.068317	0.069577
541.000000	0.060148	0.060066	0.060190	0.060198	0.067508	0.068172	0.069394
542.000000	0.059976	0.059958	0.059922	0.060007	0.067307	0.068043	0.069276
543.000000	0.059830	0.059865	0.059789	0.059887	0.067162	0.067895	0.069183
544.000000	0.059699	0.059764	0.059755	0.059815	0.067057	0.067730	0.069088
545.000000	0.059536	0.059643	0.059672	0.059716	0.066945	0.067571	0.068974
546.000000	0.059355	0.059505	0.059515	0.059579	0.066823	0.067427	0.068845
547.000000	0.059216	0.059364	0.059363	0.059450	0.066725	0.067297	0.068719
548.000000	0.059129	0.059229	0.059249	0.059350	0.066652	0.067182	0.068600
549.000000	0.059053	0.059099	0.059159	0.059270	0.066572	0.067091	0.068470
550.000000	0.058972	0.058992	0.059084	0.059209	0.066471	0.067020	0.068341
551.000000	0.058916	0.058954	0.059039	0.059177	0.066365	0.066957	0.068276
552.000000	0.058879	0.058979	0.059010	0.059156	0.066266	0.066883	0.068282
553.000000	0.058756	0.058922	0.058922	0.059055	0.066158	0.066779	0.068220
554.000000	0.058501	0.058703	0.058737	0.058838	0.066044	0.066648	0.068011
555.000000	0.058323	0.058529	0.058576	0.058688	0.066008	0.066578	0.067838
556.000000	0.058398	0.058584	0.058545	0.058755	0.066092	0.066623	0.067867
557.000000	0.058454	0.058616	0.058480	0.058769	0.066051	0.066563	0.067857
558.000000	0.058171	0.058327	0.058209	0.058426	0.065645	0.066183	0.067534
559.000000	0.058062	0.058242	0.058200	0.058276	0.065451	0.066055	0.067439
560.000000	0.058872	0.059112	0.059069	0.059103	0.066262	0.066948	0.068325
561.000000	0.059102	0.059387	0.059287	0.059369	0.066539	0.067278	0.068635
562.000000	0.055985	0.056224	0.056131	0.056220	0.063421	0.064124	0.065504
563.000000	0.053732	0.053863	0.053849	0.053890	0.061113	0.061719	0.063155
564.000000	0.063112	0.063213	0.063249	0.063285	0.070469	0.071034	0.072485
565.000000	0.073911	0.074090	0.074108	0.074195	0.081302	0.081920	0.083314
566.000000	0.045802	0.046027	0.046027	0.046106	0.053215	0.053902	0.055205
567.000000	-0.024674	-0.024501	-0.024481	-0.024511	-0.017284	-0.016567	-0.015345
568.000000	-0.060250	-0.060122	-0.060068	-0.060188	-0.052875	-0.052156	-0.050961
569.000000	-0.011578	-0.011416	-0.011343	-0.011441	-0.004176	-0.003468	-0.002228
570.000000	0.055807	0.055995	0.056047	0.056019	0.063215	0.063900	0.065206
571.000000	0.073695	0.073819	0.073802	0.073819	0.081039	0.081691	0.083026
572.000000	0.060390	0.060442	0.060363	0.060406	0.067684	0.068296	0.069639
573.000000	0.053746	0.053824	0.053746	0.053821	0.061102	0.061668	0.063026
574.000000	0.056945	0.057090	0.057053	0.057149	0.064396	0.064923	0.066290
575.000000	0.059338	0.059475	0.059468	0.059545	0.066784	0.067289	0.068632
576.000000	0.058721	0.058797	0.058791	0.058833	0.066077	0.066581	0.067890
577.000000	0.057979	0.058038	0.058015	0.058057	0.065267	0.065787	0.067106
578.000000	0.058073	0.058176	0.058125	0.058210	0.065362	0.065893	0.067264
579.000000	0.058225	0.058386	0.058304	0.058439	0.065583	0.066078	0.067499
580.000000	0.058195	0.058384	0.058294	0.058444	0.065640	0.066076	0.067517
581.000000	0.058477	0.058636	0.058602	0.058692	0.065918	0.066374	0.067798
582.000000	0.058887	0.058976	0.059052	0.059018	0.066222	0.066797	0.068168
583.000000	0.057956	0.058032	0.058162	0.058053	0.065236	0.065903	0.067203
584.000000	0.055983	0.056150	0.056223	0.056146	0.063349	0.064002	0.065229
585.000000	0.058225	0.058480	0.058480	0.058456	0.065676	0.066305	0.067478
586.000000	0.064600	0.064847	0.064846	0.064814	0.072015	0.072688	0.073849
587.000000	0.051259	0.051453	0.051477	0.051426	0.058598	0.059291	0.060515
588.000000	-0.000388	-0.000221	-0.000211	-0.000223	0.006944	0.007537	0.008910
589.000000	-0.044762	-0.044602	-0.044616	-0.044555	-0.037386	-0.036903	-0.035421
590.000000	-0.022714	-0.022578	-0.022567	-0.022453	-0.015301	-0.014780	-0.013383
591.000000	0.038730	0.038834	0.038898	0.039026	0.046151	0.046799	0.048012
592.000000	0.071118	0.071205	0.071294	0.071393	0.078519	0.079215	0.080357
593.000000	0.064999	0.065106	0.065152	0.065213	0.072373	0.073017	0.074209
594.000000	0.055102	0.055282	0.055193	0.055259	0.062478	0.063058	0.064276
595.000000	0.055897	0.056159	0.055919	0.056026	0.063291	0.063843	0.065039
596.000000	0.058911	0.059165	0.058941	0.059046	0.066285	0.066849	0.068069
597.000000	0.059076	0.059227	0.059196	0.059249	0.066397	0.067003	0.068301
598.000000	0.058281	0.058390	0.058467	0.058521	0.065623	0.066268	0.067566
599.000000	0.058148	0.058348	0.058317	0.058462	0.065622	0.066271	0.067446
600.000000	0.058393	0.058675	0.058532	0.058735	0.065963	0.066559	0.067673
601.000000	0.058611	0.058856	0.058762	0.058898	0.066130	0.066623	0.067864
602.000000	0.058829	0.059009	0.058977	0.059028	0.066222	0.066665	0.068063
603.000000	0.059130	0.059316	0.059210	0.059268	0.066422	0.066951	0.068367
604.000000	0.059446	0.059640	0.059477	0.059563	0.066709	0.067336	0.068697
605.000000	0.059681	0.059789	0.059781	0.059815	0.067003	0.067591	0.068944
606.000000	0.059870	0.059879	0.060079	0.060046	0.067288	0.067768	0.069164
607.000000	0.060105	0.060143	0.060311	0.060323	0.067569	0.068031	0.069472
608.000000	0.060401	0.060539	0.060503	0.060637	0.067844	0.068374	0.069832
609.000000	0.060719	0.060860	0.060734	0.060932	0.068104	0.068682	0.070111
610.000000	0.060986	0.061054	0.061001	0.061183	0.068328	0.068912	0.070292
611.000000	0.061097	0.061215	0.061232	0.061390	0.068483	0.069086	0.070463
612.000000	0.061098	0.061392	0.061398	0.061555	0.068590	0.069229	0.070650
613.000000	0.061231	0.061564	0.061539	0.061678	0.068743	0.069371	0.070795
614.000000	0.061556	0.061706	0.061669	0.061763	0.068954	0.069511	0.070864
615.000000	0.061774	0.061789	0.061751	0.061827	0.069082	0.069598	0.070874
616.000000	0.061698	0.061809	0.061764	0.061883	0.069043	0.069603	0.070856
617.000000	0.061562	0.061829	0.061734	0.061925	0.068953	0.069574	0.070859
618.000000	0.061591	0.061900	0.061704	0.061952	0.068932	0.069567	0.070918
619.000000	0.061692	0.061983	0.061729	0.061986	0.068981	0.069596	0.070997
620.000000	0.061720	0.062029	0.061853	0.062044	0.069068	0.069662	0.071047
621.000000	0.061689	0.062023	0.061990	0.062077	0.069147	0.069728	0.071061
622.000000	0.061668	0.061973	0.062029	0.062025	0.069174	0.069749	0.071051
623.000000	0.061707	0.061937	0.061995	0.061952	0.069192	0.069752	0.071046
624.000000	0.061837	0.061994	0.061990	0.061977	0.069282	0.069792	0.071082
625.000000	0.062001	0.062120	0.062031	0.062086	0.069398	0.069853	0.071152
626.000000	0.062072	0.062207	0.062077	0.062162	0.069402	0.069862	0.071218
627.000000	0.062029	0.062212	0.062108	0.062181	0.069312	0.069832	0.071267
628.000000	0.061966	0.062165	0.062131	0.062227	0.069312	0.069868	0.071311
629.000000	0.061945	0.062116	0.062166	0.062328	0.069447	0.069998	0.071354
630.000000	0.061975	0.062141	0.062249	0.062425	0.069530	0.070122	0.071387
631.000000	0.062044	0.062261	0.062366	0.062471	0.069466	0.070168	0.071412
632.000000	0.062104	0.062371	0.062382	0.062467	0.069409	0.070152	0.071469
633.000000	0.062122	0.062388	0.062232	0.062428	0.069480	0.070106	0.071570
634.000000	0.062129	0.062358	0.062129	0.062397	0.069573	0.070077	0.071626
635.000000	0.062169	0.062347	0.062272	0.062415	0.069580	0.070111	0.071566
636.000000	0.062267	0.062398	0.062508	0.062483	0.069593	0.070213	0.071504
637.000000	0.062433	0.062538	0.062615	0.062593	0.069744	0.070375	0.071587
638.000000	0.062599	0.062723	0.062651	0.062732	0.069959	0.070532	0.071778
639.000000	0.062673	0.062884	0.062780	0.062885	0.070086	0.070604	0.071959
640.000000	0.062669	0.062972	0.062955	0.063000	0.070100	0.070604	0.072055
641.000000	0.062665	0.062958	0.062999	0.063012	0.070062	0.070602	0.072024
642.000000	0.062686	0.062882	0.062913	0.062960	0.070022	0.070623	0.071917
643.000000	0.062708	0.062844	0.062865	0.062978	0.070019	0.070650	0.071866
644.000000	0.062741	0.062886	0.062922	0.063084	0.070067	0.070684	0.071922
645.000000	0.062834	0.062977	0.063019	0.063148	0.070142	0.070752	0.072018
646.000000	0.062976	0.063065	0.063090	0.063102	0.070214	0.070841	0.072097
647.000000	0.063030	0.063068	0.063091	0.063023	0.070250	0.070852	0.072126
648.000000	0.062928	0.062959	0.063015	0.062976	0.070234	0.070743	0.072094
649.000000	0.062816	0.062859	0.062945	0.062967	0.070201	0.070636	0.072034
650.000000	0.062839	0.062888	0.062964	0.062998	0.070199	0.070653	0.071996
651.000000	0.062993	0.063053	0.063083	0.063105	0.070292	0.070805	0.072066
652.000000	0.063248	0.063339	0.063298	0.063326	0.070539	0.071075	0.072320
653.000000	0.063623	0.063742	0.063633	0.063686	0.070927	0.071453	0.072737
654.000000	0.064137	0.064258	0.064111	0.064195	0.071414	0.071923	0.073255
655.000000	0.064690	0.064793	0.064657	0.064747	0.071913	0.072410	0.073785
656.000000	0.065120	0.065214	0.065143	0.065184	0.072317	0.072814	0.074224
657.000000	0.065367	0.065463	0.065467	0.065449	0.072572	0.073086	0.074498
658.000000	0.065442	0.065537	0.065545	0.065555	0.072661	0.073218	0.074553
659.000000	0.065355	0.065448	0.065402	0.065504	0.072597	0.073200	0.074403
660.000000	0.065112	0.065226	0.065174	0.065280	0.072423	0.073019	0.074129
661.000000	0.064785	0.064940	0.064962	0.064954	0.072197	0.072725	0.073840
662.000000	0.064545	0.064726	0.064796	0.064730	0.071997	0.072465	0.073677
663.000000	0.064489	0.064659	0.064695	0.064715	0.071887	0.072345	0.073705
664.000000	0.064530	0.064668	0.064667	0.064789	0.071894	0.072375	0.073812
665.000000	0.064602	0.064700	0.064725	0.064856	0.072024	0.072539	0.073909
666.000000	0.064787	0.064816	0.064909	0.064985	0.072225	0.072790	0.074055
667.000000	0.065139	0.065063	0.065231	0.065244	0.072442	0.073068	0.074303
668.000000	0.065484	0.065337	0.065556	0.065533	0.072647	0.073304	0.074564
669.000000	0.065620	0.065516	0.065733	0.065726	0.072821	0.073443	0.074725
670.000000	0.065640	0.065653	0.065809	0.065862	0.072973	0.073543	0.074829
671.000000	0.065747	0.065865	0.065913	0.066038	0.073122	0.073700	0.074975
672.000000	0.065957	0.066130	0.066098	0.066261	0.073287	0.073904	0.075181
673.000000	0.066179	0.066344	0.066375	0.066485	0.073488	0.074084	0.075413
674.000000	0.066370	0.066482	0.066663	0.066670	0.073693	0.074216	0.075611
675.000000	0.066530	0.066585	0.066808	0.066786	0.073830	0.074315	0.075697
676.000000	0.066630	0.066661	0.066783	0.066815	0.073874	0.074380	0.075672
677.000000	0.066605	0.066676	0.066714	0.066756	0.073863	0.074383	0.075633
678.000000	0.066460	0.066619	0.066670	0.066628	0.073818	0.074320	0.075627
679.000000	0.066318	0.066524	0.066602	0.066495	0.073732	0.074230	0.075594
680.000000	0.066272	0.066435	0.066499	0.066422	0.073632	0.074166	0.075515
681.000000	0.066313	0.066415	0.066466	0.066469	0.073629	0.074206	0.075489
682.000000	0.066404	0.066493	0.066569	0.066641	0.073783	0.074370	0.075581
683.000000	0.066465	0.066589	0.066648	0.066752	0.073927	0.074463	0.075671
684.000000	0.066430	0.066613	0.066545	0.066629	0.073885	0.074303	0.075631
685.000000	0.066358	0.066570	0.066356	0.066428	0.073744	0.074049	0.075519
686.000000	0.066334	0.066497	0.066249	0.066382	0.073653	0.073947	0.075448
687.000000	0.066356	0.066433	0.066274	0.066494	0.073614	0.074011	0.075442
688.000000	0.066379	0.066414	0.066418	0.066653	0.073563	0.074144	0.075487
689.000000	0.066395	0.066450	0.066592	0.066777	0.073528	0.074269	0.075568
690.000000	0.066417	0.066529	0.066658	0.066803	0.073602	0.074325	0.075670
691.000000	0.066438	0.066610	0.066600	0.066738	0.073753	0.074301	0.075752
692.000000	0.066428	0.066619	0.066519	0.066652	0.073834	0.074236	0.075745
693.000000	0.066383	0.066546	0.066471	0.066591	0.073797	0.074162	0.075639
694.000000	0.066330	0.066465	0.066450	0.066561	0.073732	0.074100	0.075495
695.000000	0.066286	0.066421	0.066440	0.066558	0.073692	0.074069	0.075367
696.000000	0.066248	0.066392	0.066421	0.066568	0.073645	0.074096	0.075273
697.000000	0.066198	0.066341	0.066371	0.066558	0.073554	0.074165	0.075217
698.000000	0.066089	0.066207	0.066266	0.066443	0.073398	0.074146	0.075167
699.000000	0.065896	0.065967	0.066095	0.066187	0.073181	0.073949	0.075100
700.000000	0.065707	0.065763	0.065921	0.065975	0.073007	0.073728	0.075027
701.000000	0.065619	0.065746	0.065816	0.065994	0.072976	0.073665	0.074969
702.000000	0.065618	0.065831	0.065783	0.066097	0.073048	0.073691	0.074915
703.000000	0.065648	0.065863	0.065803	0.066045	0.073133	0.073659	0.074849
704.000000	0.065676	0.065848	0.065840	0.065891	0.073180	0.073581	0.074815
705.000000	0.065680	0.065871	0.065852	0.065837	0.073168	0.073550	0.074886
706.000000	0.065693	0.065926	0.065854	0.065916	0.073134	0.073595	0.075001
707.000000	0.065783	0.065938	0.065901	0.066029	0.073160	0.073699	0.075010
708.000000	0.065938	0.065922	0.065996	0.066124	0.073258	0.073820	0.074943
709.000000	0.066054	0.065986	0.066093	0.066203	0.073372	0.073896	0.075025
710.000000	0.066114	0.066162	0.066192	0.066290	0.073464	0.073918	0.075313
711.000000	0.066233	0.066360	0.066369	0.066445	0.073540	0.073960	0.075592
712.000000	0.066454	0.066514	0.066632	0.066674	0.073627	0.074074	0.075730
713.000000	0.066639	0.066638	0.066819	0.066868	0.073788	0.074248	0.075814
714.000000	0.066704	0.066759	0.066836	0.066954	0.074055	0.074462	0.075936
715.000000	0.066814	0.066916	0.066868	0.067022	0.074339	0.074701	0.076102
716.000000	0.067109	0.067139	0.067088	0.067172	0.074552	0.074947	0.076303
717.000000	0.067416	0.067403	0.067357	0.067404	0.074717	0.075179	0.076531
718.000000	0.067523	0.067675	0.067500	0.067690	0.074892	0.075379	0.076780
719.000000	0.067599	0.067970	0.067687	0.068024	0.075149	0.075590	0.077072
720.000000	0.067929	0.068304	0.068176	0.068397	0.075543	0.075859	0.077419
721.000000	0.068353	0.068532	0.068656	0.068666	0.075882	0.076071	0.077646
722.000000	0.068465	0.068434	0.068524	0.068636	0.075861	0.076029	0.077488
723.000000	0.068293	0.068167	0.068056	0.068475	0.075684	0.075895	0.077157
724.000000	0.068221	0.068196	0.068239	0.068646	0.075970	0.076114	0.077244
725.000000	0.068376	0.068557	0.069087	0.069165	0.076657	0.076693	0.077787
726.000000	0.068566	0.068773	0.069444	0.069510	0.076874	0.077105	0.078164
727.000000	0.068659	0.068647	0.068951	0.069434	0.076334	0.077086	0.078057
728.000000	0.068640	0.068492	0.068669	0.069194	0.075799	0.076849	0.077727
729.000000	0.068500	0.068489	0.069166	0.068988	0.075740	0.076574	0.077418
730.000000	0.068198	0.068391	0.069515	0.068761	0.075694	0.076255	0.077212
731.000000	0.067717	0.067983	0.068908	0.068451	0.075231	0.075871	0.077140
732.000000	0.067133	0.067378	0.067677	0.068086	0.074488	0.075448	0.077147
