[HEADER]
Format	J&M ASCII Table
Comment	Remin PV CDOM Samples 
Date	2/12/1980 6:55:55 AM
Order	Y (evenX)
TechType	UV
NumPoints	483
FirstX	250.00
LastX	732.00
XType	NMetr
YType	Absrb
ZType	Secs
NumSubFile	7
Matrix	Z vs X
[DATA]
	0.000000	5.000128	10.000192	15.000256	20.000383	25.000448	30.000511
250.000000	1.256478	1.259982	1.257715	1.252938	1.255739	1.253264	1.255714
251.000000	1.242812	1.246409	1.245604	1.238995	1.241344	1.238677	1.241503
252.000000	1.229360	1.229464	1.232006	1.226559	1.227083	1.224095	1.228622
253.000000	1.217202	1.214554	1.218426	1.214546	1.214599	1.212058	1.217227
254.000000	1.207291	1.205733	1.206468	1.202716	1.205197	1.204251	1.207487
255.000000	1.199761	1.199764	1.197268	1.194422	1.198403	1.198427	1.199780
256.000000	1.194427	1.192918	1.191574	1.192569	1.193347	1.192143	1.194335
257.000000	1.190348	1.187455	1.188576	1.193361	1.189128	1.186548	1.190309
258.000000	1.186614	1.187080	1.187088	1.191440	1.185084	1.183757	1.186706
259.000000	1.184881	1.190329	1.187232	1.187728	1.182763	1.183697	1.184359
260.000000	1.187863	1.193275	1.189722	1.186241	1.184663	1.185215	1.184940
261.000000	1.194248	1.195169	1.193933	1.188619	1.190280	1.188035	1.188581
262.000000	1.199683	1.197677	1.198215	1.194577	1.196793	1.192521	1.194173
263.000000	1.202132	1.200839	1.201334	1.201688	1.201514	1.197614	1.199511
264.000000	1.202294	1.202779	1.202573	1.205184	1.202018	1.200635	1.201207
265.000000	1.201187	1.202801	1.202047	1.203562	1.198757	1.200483	1.198805
266.000000	1.200117	1.202380	1.201236	1.201067	1.197033	1.198880	1.196916
267.000000	1.199533	1.202091	1.200751	1.200363	1.199480	1.197102	1.198138
268.000000	1.197628	1.199669	1.198648	1.198648	1.200702	1.194581	1.198653
269.000000	1.192702	1.193213	1.193172	1.193088	1.195605	1.190452	1.194617
270.000000	1.184909	1.184054	1.184931	1.184134	1.185338	1.183843	1.186081
271.000000	1.174821	1.173979	1.174917	1.172963	1.172446	1.174034	1.174138
272.000000	1.162745	1.162609	1.162878	1.160181	1.158516	1.161280	1.160335
273.000000	1.148842	1.148819	1.148181	1.146098	1.144581	1.146212	1.146173
274.000000	1.132862	1.132291	1.131240	1.130253	1.129778	1.129423	1.130919
275.000000	1.114359	1.113214	1.113037	1.111805	1.112248	1.111454	1.112672
276.000000	1.093774	1.092275	1.093860	1.091205	1.092022	1.092323	1.091906
277.000000	1.072302	1.070574	1.073407	1.069996	1.070742	1.071613	1.071097
278.000000	1.050575	1.048785	1.051693	1.048772	1.049145	1.049469	1.050617
279.000000	1.028491	1.027024	1.029170	1.026883	1.026746	1.026770	1.028091
280.000000	1.005986	1.005260	1.006240	1.004199	1.003452	1.003997	1.003128
281.000000	0.983179	0.983260	0.983159	0.981723	0.980055	0.980789	0.979418
282.000000	0.960445	0.960969	0.960364	0.960147	0.957254	0.957263	0.959151
283.000000	0.938864	0.938907	0.938860	0.938894	0.935208	0.935171	0.938909
284.000000	0.919083	0.917523	0.919183	0.917364	0.913965	0.915791	0.915574
285.000000	0.899271	0.896500	0.899315	0.895848	0.893527	0.896973	0.891850
286.000000	0.877451	0.875464	0.877142	0.874889	0.873874	0.876137	0.871452
287.000000	0.855473	0.855133	0.854844	0.855013	0.854909	0.854412	0.853786
288.000000	0.836538	0.836584	0.836088	0.836661	0.836502	0.834340	0.836540
289.000000	0.820381	0.819612	0.820332	0.819372	0.818517	0.816387	0.819000
290.000000	0.804575	0.803211	0.804424	0.802144	0.800833	0.799691	0.801488
291.000000	0.788184	0.786923	0.787445	0.784833	0.783772	0.783632	0.784445
292.000000	0.771717	0.770828	0.770629	0.768112	0.768061	0.767855	0.768394
293.000000	0.755690	0.755116	0.754827	0.752458	0.753613	0.752435	0.753379
294.000000	0.740542	0.740099	0.740227	0.738015	0.739195	0.738038	0.738765
295.000000	0.726546	0.725999	0.726703	0.724710	0.724353	0.724858	0.724339
296.000000	0.713631	0.712822	0.713577	0.712056	0.710454	0.712020	0.710861
297.000000	0.701514	0.700388	0.700352	0.699575	0.698360	0.698837	0.698709
298.000000	0.689369	0.688008	0.687331	0.686989	0.686614	0.685644	0.686638
299.000000	0.676530	0.675131	0.674884	0.674167	0.673766	0.672917	0.673518
300.000000	0.663647	0.662402	0.662912	0.661528	0.660690	0.660812	0.660373
301.000000	0.651644	0.650678	0.651179	0.649586	0.648784	0.649338	0.648652
302.000000	0.640361	0.639587	0.639516	0.638259	0.637867	0.638102	0.637898
303.000000	0.629169	0.628253	0.627807	0.627196	0.627060	0.626585	0.626841
304.000000	0.617902	0.616831	0.616256	0.616189	0.616123	0.615044	0.615391
305.000000	0.606732	0.606164	0.605270	0.605136	0.605257	0.604253	0.604270
306.000000	0.595850	0.596209	0.594853	0.594133	0.594522	0.594234	0.593688
307.000000	0.585459	0.585999	0.584592	0.583478	0.583822	0.584221	0.583308
308.000000	0.575570	0.575261	0.574279	0.573322	0.573199	0.573899	0.572994
309.000000	0.565890	0.564845	0.564056	0.563582	0.562908	0.563687	0.562948
310.000000	0.556194	0.555211	0.554107	0.554105	0.553177	0.553868	0.553261
311.000000	0.546457	0.545725	0.544646	0.544628	0.544117	0.544260	0.543712
312.000000	0.536722	0.535876	0.535723	0.535004	0.535613	0.534689	0.534130
313.000000	0.527177	0.526116	0.526802	0.525554	0.526818	0.525216	0.524674
314.000000	0.517957	0.516955	0.517352	0.516570	0.516984	0.515912	0.515504
315.000000	0.508743	0.508091	0.507582	0.507628	0.506750	0.506613	0.506394
316.000000	0.499151	0.499011	0.497927	0.498163	0.497121	0.497130	0.497043
317.000000	0.489575	0.489769	0.488624	0.488459	0.488163	0.487747	0.487639
318.000000	0.480735	0.480685	0.479786	0.479193	0.479471	0.478943	0.478588
319.000000	0.472386	0.471795	0.471184	0.470348	0.470736	0.470464	0.469804
320.000000	0.463577	0.462916	0.462339	0.461398	0.461735	0.461530	0.460847
321.000000	0.454128	0.453918	0.453119	0.452221	0.452436	0.452055	0.451603
322.000000	0.444742	0.444732	0.443787	0.443160	0.443013	0.442735	0.442340
323.000000	0.435781	0.435448	0.434581	0.434374	0.433728	0.433879	0.433286
324.000000	0.426978	0.426407	0.425670	0.425676	0.424969	0.425083	0.424578
325.000000	0.418170	0.417802	0.417132	0.416969	0.416857	0.416145	0.416245
326.000000	0.409599	0.409408	0.408839	0.408456	0.408840	0.407506	0.408079
327.000000	0.401435	0.401000	0.400619	0.400260	0.400443	0.399491	0.399862
328.000000	0.393354	0.392606	0.392249	0.392041	0.391866	0.391615	0.391481
329.000000	0.385025	0.384327	0.383595	0.383485	0.383433	0.383355	0.382913
330.000000	0.376775	0.376336	0.375104	0.375072	0.375268	0.375075	0.374526
331.000000	0.369079	0.368781	0.367357	0.367463	0.367406	0.367373	0.366753
332.000000	0.361577	0.361336	0.360166	0.360281	0.359775	0.359983	0.359365
333.000000	0.353516	0.353463	0.352949	0.352645	0.352246	0.352213	0.351799
334.000000	0.345202	0.345440	0.345487	0.344641	0.344797	0.344219	0.344042
335.000000	0.337766	0.338178	0.337869	0.337120	0.337492	0.336821	0.336523
336.000000	0.331368	0.331720	0.330299	0.330274	0.330336	0.330105	0.329435
337.000000	0.324988	0.325063	0.323107	0.323489	0.323265	0.323270	0.322674
338.000000	0.318136	0.317796	0.316428	0.316488	0.316278	0.316010	0.316093
339.000000	0.311364	0.310641	0.310047	0.309666	0.309492	0.308975	0.309492
340.000000	0.305052	0.304139	0.303773	0.303310	0.302995	0.302617	0.302825
341.000000	0.298859	0.298053	0.297570	0.297249	0.296767	0.296606	0.296446
342.000000	0.292472	0.292089	0.291450	0.291276	0.290774	0.290571	0.290610
343.000000	0.286146	0.286243	0.285491	0.285349	0.285006	0.284468	0.284891
344.000000	0.280221	0.280566	0.279765	0.279478	0.279436	0.278370	0.278834
345.000000	0.274680	0.275011	0.274170	0.273741	0.273895	0.272554	0.272863
346.000000	0.269368	0.269499	0.268565	0.268237	0.268199	0.267325	0.267645
347.000000	0.264142	0.263991	0.263067	0.262987	0.262559	0.262482	0.262839
348.000000	0.258883	0.258480	0.257929	0.257967	0.257392	0.257552	0.257571
349.000000	0.253705	0.253130	0.253111	0.253119	0.252621	0.252431	0.251922
350.000000	0.248910	0.248240	0.248329	0.248351	0.247758	0.247332	0.246764
351.000000	0.244452	0.243741	0.243465	0.243544	0.242692	0.242404	0.242295
352.000000	0.239839	0.239108	0.238618	0.238540	0.237789	0.237715	0.237832
353.000000	0.234880	0.234146	0.233861	0.233341	0.233200	0.233185	0.232989
354.000000	0.229986	0.229314	0.229202	0.228247	0.228626	0.228486	0.228022
355.000000	0.225451	0.224919	0.224630	0.223489	0.223886	0.223490	0.223193
356.000000	0.221085	0.220651	0.220112	0.219029	0.219247	0.218707	0.218599
357.000000	0.216653	0.216174	0.215610	0.214772	0.214942	0.214562	0.214261
358.000000	0.212116	0.211514	0.211077	0.210599	0.210726	0.210672	0.210002
359.000000	0.207504	0.206806	0.206497	0.206407	0.206298	0.206517	0.205637
360.000000	0.203009	0.202295	0.202076	0.202248	0.201825	0.202084	0.201292
361.000000	0.198853	0.198229	0.198060	0.198208	0.197624	0.197561	0.197184
362.000000	0.194893	0.194386	0.194172	0.194090	0.193586	0.193101	0.193145
363.000000	0.190782	0.190286	0.189857	0.189556	0.189369	0.188829	0.188807
364.000000	0.186469	0.185908	0.185279	0.184819	0.184967	0.184753	0.184282
365.000000	0.182167	0.181628	0.181223	0.180571	0.180673	0.180776	0.180098
366.000000	0.178026	0.177610	0.177770	0.176982	0.176612	0.176822	0.176359
367.000000	0.174102	0.173716	0.174062	0.173526	0.172679	0.172844	0.172594
368.000000	0.170311	0.169822	0.169684	0.169788	0.168775	0.168795	0.168552
369.000000	0.166317	0.165871	0.165171	0.165643	0.164848	0.164630	0.164467
370.000000	0.161950	0.161826	0.160979	0.161133	0.160866	0.160366	0.160505
371.000000	0.157603	0.157696	0.157031	0.156669	0.156849	0.156194	0.156478
372.000000	0.153647	0.153530	0.153183	0.152624	0.152828	0.152281	0.152232
373.000000	0.149944	0.149505	0.149395	0.148903	0.148859	0.148541	0.148032
374.000000	0.146232	0.145786	0.145643	0.145285	0.144987	0.144826	0.144197
375.000000	0.142390	0.142200	0.141821	0.141593	0.141144	0.141044	0.140591
376.000000	0.138375	0.138461	0.137807	0.137692	0.137231	0.137139	0.136913
377.000000	0.134380	0.134593	0.133764	0.133693	0.133340	0.133241	0.133104
378.000000	0.130726	0.130809	0.130014	0.129854	0.129664	0.129585	0.129259
379.000000	0.127335	0.127181	0.126555	0.126237	0.126191	0.126128	0.125542
380.000000	0.123779	0.123656	0.123094	0.122721	0.122723	0.122587	0.122172
381.000000	0.119953	0.120132	0.119492	0.119236	0.119138	0.118899	0.119050
382.000000	0.116204	0.116452	0.115821	0.115789	0.115429	0.115304	0.115649
383.000000	0.112704	0.112601	0.112162	0.112340	0.111680	0.111903	0.111771
384.000000	0.109227	0.108846	0.108577	0.108745	0.108128	0.108489	0.107911
385.000000	0.105602	0.105375	0.105098	0.104965	0.104900	0.104916	0.104437
386.000000	0.101953	0.102035	0.101670	0.101304	0.101754	0.101308	0.101117
387.000000	0.098442	0.098653	0.098243	0.098024	0.098439	0.097809	0.097692
388.000000	0.095171	0.095231	0.094854	0.094912	0.094975	0.094408	0.094299
389.000000	0.092188	0.091826	0.091564	0.091680	0.091471	0.091064	0.091139
390.000000	0.089291	0.088542	0.088418	0.088441	0.088108	0.087828	0.088090
391.000000	0.086200	0.085484	0.085442	0.085442	0.085065	0.084777	0.084916
392.000000	0.082946	0.082557	0.082508	0.082569	0.082165	0.081813	0.081648
393.000000	0.079749	0.079558	0.079405	0.079498	0.079024	0.078746	0.078477
394.000000	0.076742	0.076525	0.076208	0.076259	0.075697	0.075641	0.075497
395.000000	0.073970	0.073719	0.073248	0.073209	0.072636	0.072790	0.072703
396.000000	0.071331	0.071129	0.070589	0.070416	0.069951	0.070182	0.070015
397.000000	0.068530	0.068373	0.067930	0.067546	0.067276	0.067388	0.067262
398.000000	0.065456	0.065278	0.065069	0.064474	0.064379	0.064238	0.064365
399.000000	0.062388	0.062143	0.062065	0.061543	0.061357	0.061129	0.061452
400.000000	0.059535	0.059220	0.059020	0.058974	0.058355	0.058363	0.058625
401.000000	0.056774	0.056465	0.056087	0.056462	0.055545	0.055772	0.055855
402.000000	0.053973	0.053798	0.053386	0.053701	0.053035	0.053149	0.053114
403.000000	0.051246	0.051227	0.050853	0.050838	0.050628	0.050508	0.050487
404.000000	0.048738	0.048760	0.048377	0.048111	0.048081	0.047911	0.048051
405.000000	0.046337	0.046256	0.045914	0.045517	0.045453	0.045363	0.045605
406.000000	0.043832	0.043532	0.043440	0.042955	0.042914	0.042836	0.042868
407.000000	0.041203	0.040724	0.040908	0.040426	0.040444	0.040285	0.039963
408.000000	0.038551	0.038157	0.038259	0.037990	0.037910	0.037658	0.037264
409.000000	0.035958	0.035819	0.035585	0.035623	0.035344	0.035034	0.034878
410.000000	0.033492	0.033396	0.033115	0.033231	0.032934	0.032603	0.032665
411.000000	0.031174	0.030835	0.030875	0.030799	0.030698	0.030393	0.030477
412.000000	0.028963	0.028446	0.028616	0.028429	0.028427	0.028203	0.028163
413.000000	0.026771	0.026334	0.026207	0.026151	0.025993	0.025892	0.025677
414.000000	0.024423	0.024139	0.023781	0.023842	0.023470	0.023479	0.023184
415.000000	0.021860	0.021641	0.021467	0.021433	0.020990	0.021040	0.020843
416.000000	0.019403	0.019181	0.019285	0.019069	0.018778	0.018782	0.018723
417.000000	0.017323	0.017091	0.017211	0.016891	0.016971	0.016844	0.016828
418.000000	0.015370	0.015191	0.015128	0.014843	0.015199	0.014950	0.014943
419.000000	0.013220	0.013204	0.012927	0.012827	0.013048	0.012786	0.012842
420.000000	0.011056	0.011190	0.010770	0.010876	0.010760	0.010579	0.010658
421.000000	0.009235	0.009327	0.008900	0.009062	0.008812	0.008738	0.008653
422.000000	0.007631	0.007534	0.007225	0.007292	0.007136	0.007133	0.006839
423.000000	0.005836	0.005584	0.005458	0.005380	0.005348	0.005321	0.005072
424.000000	0.003860	0.003555	0.003579	0.003374	0.003419	0.003283	0.003310
425.000000	0.002088	0.001801	0.001813	0.001537	0.001651	0.001392	0.001607
426.000000	0.000582	0.000357	0.000187	-0.000069	0.000091	-0.000241	-0.000052
427.000000	-0.001044	-0.001182	-0.001544	-0.001656	-0.001570	-0.001872	-0.001770
428.000000	-0.002956	-0.003020	-0.003458	-0.003363	-0.003469	-0.003637	-0.003579
429.000000	-0.004833	-0.004919	-0.005280	-0.005140	-0.005370	-0.005395	-0.005360
430.000000	-0.006462	-0.006680	-0.006833	-0.006924	-0.007089	-0.007046	-0.007036
431.000000	-0.008095	-0.008382	-0.008350	-0.008668	-0.008707	-0.008703	-0.008703
432.000000	-0.009963	-0.010113	-0.010060	-0.010338	-0.010331	-0.010467	-0.010450
433.000000	-0.011825	-0.011805	-0.011850	-0.011947	-0.011971	-0.012208	-0.012199
434.000000	-0.013373	-0.013368	-0.013540	-0.013521	-0.013606	-0.013767	-0.013841
435.000000	-0.014741	-0.014868	-0.015140	-0.015083	-0.015211	-0.015233	-0.015372
436.000000	-0.016221	-0.016420	-0.016734	-0.016651	-0.016762	-0.016780	-0.016828
437.000000	-0.017827	-0.018006	-0.018291	-0.018207	-0.018289	-0.018381	-0.018265
438.000000	-0.019399	-0.019526	-0.019720	-0.019707	-0.019847	-0.019890	-0.019744
439.000000	-0.020872	-0.020952	-0.021041	-0.021133	-0.021380	-0.021275	-0.021251
440.000000	-0.022263	-0.022316	-0.022379	-0.022489	-0.022738	-0.022603	-0.022704
441.000000	-0.023601	-0.023659	-0.023776	-0.023818	-0.023931	-0.023920	-0.024070
442.000000	-0.024927	-0.025027	-0.025168	-0.025214	-0.025183	-0.025241	-0.025377
443.000000	-0.026274	-0.026426	-0.026522	-0.026694	-0.026591	-0.026576	-0.026665
444.000000	-0.027658	-0.027788	-0.027877	-0.028128	-0.027984	-0.027932	-0.027986
445.000000	-0.029065	-0.029079	-0.029254	-0.029417	-0.029239	-0.029309	-0.029358
446.000000	-0.030407	-0.030378	-0.030597	-0.030601	-0.030462	-0.030678	-0.030706
447.000000	-0.031615	-0.031741	-0.031854	-0.031738	-0.031754	-0.032002	-0.031955
448.000000	-0.032741	-0.033028	-0.033032	-0.032871	-0.033043	-0.033221	-0.033116
449.000000	-0.033855	-0.034090	-0.034150	-0.034022	-0.034222	-0.034287	-0.034216
450.000000	-0.034910	-0.035023	-0.035181	-0.035146	-0.035277	-0.035273	-0.035266
451.000000	-0.035828	-0.036003	-0.036091	-0.036173	-0.036231	-0.036290	-0.036271
452.000000	-0.036686	-0.037000	-0.036965	-0.037124	-0.037136	-0.037305	-0.037245
453.000000	-0.037646	-0.037873	-0.037951	-0.038070	-0.038060	-0.038212	-0.038207
454.000000	-0.038720	-0.038683	-0.039031	-0.039058	-0.039048	-0.039084	-0.039173
455.000000	-0.039792	-0.039665	-0.040046	-0.040116	-0.040127	-0.040140	-0.040157
456.000000	-0.040798	-0.040841	-0.040959	-0.041200	-0.041242	-0.041361	-0.041149
457.000000	-0.041748	-0.041960	-0.041883	-0.042184	-0.042234	-0.042419	-0.042114
458.000000	-0.042650	-0.042883	-0.042868	-0.043008	-0.043044	-0.043164	-0.043037
459.000000	-0.043498	-0.043700	-0.043816	-0.043740	-0.043798	-0.043811	-0.043945
460.000000	-0.044308	-0.044498	-0.044664	-0.044460	-0.044602	-0.044554	-0.044840
461.000000	-0.045143	-0.045297	-0.045475	-0.045245	-0.045449	-0.045423	-0.045653
462.000000	-0.046045	-0.046100	-0.046310	-0.046140	-0.046312	-0.046396	-0.046338
463.000000	-0.046903	-0.046900	-0.047130	-0.047063	-0.047151	-0.047345	-0.047011
464.000000	-0.047608	-0.047693	-0.047885	-0.047917	-0.047934	-0.048143	-0.047801
465.000000	-0.048278	-0.048504	-0.048625	-0.048703	-0.048682	-0.048846	-0.048672
466.000000	-0.049095	-0.049364	-0.049424	-0.049462	-0.049438	-0.049572	-0.049529
467.000000	-0.050001	-0.050212	-0.050241	-0.050218	-0.050199	-0.050327	-0.050351
468.000000	-0.050812	-0.050948	-0.050978	-0.050988	-0.050942	-0.051062	-0.051156
469.000000	-0.051508	-0.051585	-0.051632	-0.051764	-0.051675	-0.051771	-0.051924
470.000000	-0.052200	-0.052234	-0.052280	-0.052523	-0.052427	-0.052483	-0.052609
471.000000	-0.052909	-0.052939	-0.052958	-0.053244	-0.053195	-0.053195	-0.053226
472.000000	-0.053544	-0.053655	-0.053650	-0.053916	-0.053936	-0.053863	-0.053872
473.000000	-0.054098	-0.054359	-0.054351	-0.054556	-0.054622	-0.054494	-0.054584
474.000000	-0.054720	-0.055075	-0.055078	-0.055219	-0.055258	-0.055175	-0.055294
475.000000	-0.055488	-0.055796	-0.055821	-0.055920	-0.055858	-0.055944	-0.055945
476.000000	-0.056252	-0.056422	-0.056497	-0.056546	-0.056448	-0.056670	-0.056546
477.000000	-0.056882	-0.056897	-0.057050	-0.057029	-0.057049	-0.057251	-0.057120
478.000000	-0.057457	-0.057386	-0.057581	-0.057549	-0.057651	-0.057777	-0.057718
479.000000	-0.058084	-0.058061	-0.058203	-0.058292	-0.058241	-0.058369	-0.058379
480.000000	-0.058719	-0.058810	-0.058884	-0.059136	-0.058848	-0.059041	-0.059042
481.000000	-0.059275	-0.059438	-0.059544	-0.059861	-0.059504	-0.059759	-0.059621
482.000000	-0.059756	-0.059937	-0.060114	-0.060371	-0.060134	-0.060390	-0.060117
483.000000	-0.060212	-0.060395	-0.060540	-0.060648	-0.060614	-0.060764	-0.060577
484.000000	-0.060658	-0.060830	-0.060859	-0.060821	-0.060959	-0.060961	-0.061007
485.000000	-0.061084	-0.061213	-0.061174	-0.061129	-0.061291	-0.061247	-0.061389
486.000000	-0.061503	-0.061565	-0.061550	-0.061624	-0.061679	-0.061718	-0.061757
487.000000	-0.061963	-0.061972	-0.062009	-0.062138	-0.062135	-0.062266	-0.062203
488.000000	-0.062466	-0.062457	-0.062529	-0.062581	-0.062642	-0.062798	-0.062741
489.000000	-0.062941	-0.062946	-0.063033	-0.063003	-0.063141	-0.063260	-0.063244
490.000000	-0.063366	-0.063402	-0.063488	-0.063471	-0.063615	-0.063659	-0.063659
491.000000	-0.063844	-0.063908	-0.063994	-0.064062	-0.064145	-0.064144	-0.064144
492.000000	-0.064427	-0.064498	-0.064596	-0.064770	-0.064763	-0.064784	-0.064790
493.000000	-0.064906	-0.064970	-0.065075	-0.065290	-0.065262	-0.065288	-0.065325
494.000000	-0.065093	-0.065148	-0.065239	-0.065361	-0.065457	-0.065395	-0.065494
495.000000	-0.065237	-0.065281	-0.065334	-0.065345	-0.065566	-0.065435	-0.065552
496.000000	-0.065674	-0.065707	-0.065708	-0.065734	-0.065897	-0.065867	-0.065877
497.000000	-0.066271	-0.066316	-0.066289	-0.066385	-0.066389	-0.066520	-0.066397
498.000000	-0.066686	-0.066789	-0.066806	-0.066864	-0.066802	-0.066943	-0.066835
499.000000	-0.066918	-0.067078	-0.067182	-0.067121	-0.067108	-0.067124	-0.067139
500.000000	-0.067208	-0.067329	-0.067478	-0.067383	-0.067421	-0.067363	-0.067423
501.000000	-0.067596	-0.067610	-0.067736	-0.067720	-0.067759	-0.067736	-0.067726
502.000000	-0.067907	-0.067899	-0.067977	-0.068030	-0.068034	-0.068072	-0.068005
503.000000	-0.068097	-0.068182	-0.068233	-0.068285	-0.068245	-0.068312	-0.068266
504.000000	-0.068334	-0.068459	-0.068548	-0.068583	-0.068529	-0.068576	-0.068588
505.000000	-0.068704	-0.068734	-0.068922	-0.068963	-0.068946	-0.068928	-0.068994
506.000000	-0.069079	-0.069023	-0.069256	-0.069311	-0.069350	-0.069276	-0.069366
507.000000	-0.069352	-0.069333	-0.069483	-0.069538	-0.069626	-0.069544	-0.069617
508.000000	-0.069577	-0.069643	-0.069698	-0.069720	-0.069841	-0.069770	-0.069823
509.000000	-0.069830	-0.069932	-0.070001	-0.069951	-0.070085	-0.070014	-0.070079
510.000000	-0.070112	-0.070227	-0.070344	-0.070266	-0.070367	-0.070296	-0.070393
511.000000	-0.070405	-0.070556	-0.070645	-0.070665	-0.070670	-0.070623	-0.070740
512.000000	-0.070689	-0.070864	-0.070881	-0.071029	-0.070950	-0.070939	-0.071050
513.000000	-0.070946	-0.071067	-0.071062	-0.071207	-0.071161	-0.071174	-0.071244
514.000000	-0.071187	-0.071220	-0.071250	-0.071289	-0.071343	-0.071347	-0.071387
515.000000	-0.071434	-0.071466	-0.071530	-0.071518	-0.071595	-0.071544	-0.071629
516.000000	-0.071678	-0.071800	-0.071866	-0.071894	-0.071906	-0.071789	-0.071963
517.000000	-0.071877	-0.072072	-0.072102	-0.072181	-0.072167	-0.072053	-0.072226
518.000000	-0.072027	-0.072229	-0.072212	-0.072309	-0.072334	-0.072307	-0.072363
519.000000	-0.072177	-0.072360	-0.072357	-0.072447	-0.072466	-0.072531	-0.072484
520.000000	-0.072365	-0.072525	-0.072613	-0.072691	-0.072615	-0.072724	-0.072663
521.000000	-0.072595	-0.072710	-0.072864	-0.072959	-0.072804	-0.072926	-0.072881
522.000000	-0.072858	-0.072902	-0.073022	-0.073179	-0.073034	-0.073160	-0.073110
523.000000	-0.073112	-0.073126	-0.073159	-0.073366	-0.073261	-0.073394	-0.073321
524.000000	-0.073322	-0.073401	-0.073358	-0.073548	-0.073449	-0.073594	-0.073500
525.000000	-0.073513	-0.073678	-0.073604	-0.073753	-0.073650	-0.073786	-0.073684
526.000000	-0.073726	-0.073898	-0.073861	-0.073997	-0.073925	-0.074007	-0.073921
527.000000	-0.073969	-0.074063	-0.074122	-0.074247	-0.074222	-0.074253	-0.074207
528.000000	-0.074234	-0.074200	-0.074390	-0.074451	-0.074448	-0.074502	-0.074516
529.000000	-0.074476	-0.074358	-0.074635	-0.074614	-0.074599	-0.074725	-0.074774
530.000000	-0.074634	-0.074589	-0.074809	-0.074770	-0.074726	-0.074886	-0.074890
531.000000	-0.074727	-0.074855	-0.074920	-0.074928	-0.074876	-0.075001	-0.074917
532.000000	-0.074850	-0.075033	-0.075021	-0.075076	-0.075086	-0.075126	-0.075032
533.000000	-0.075052	-0.075144	-0.075171	-0.075247	-0.075347	-0.075300	-0.075295
534.000000	-0.075322	-0.075383	-0.075431	-0.075530	-0.075587	-0.075533	-0.075616
535.000000	-0.075612	-0.075756	-0.075751	-0.075875	-0.075777	-0.075792	-0.075889
536.000000	-0.075820	-0.075908	-0.075888	-0.075978	-0.075969	-0.075967	-0.076006
537.000000	-0.075900	-0.075744	-0.075814	-0.075804	-0.076163	-0.076028	-0.075983
538.000000	-0.075967	-0.075968	-0.076129	-0.076105	-0.076203	-0.076178	-0.076166
539.000000	-0.076117	-0.076876	-0.077030	-0.077139	-0.076068	-0.076514	-0.076693
540.000000	-0.076238	-0.076601	-0.076684	-0.076675	-0.076398	-0.076532	-0.076640
541.000000	-0.076243	-0.073924	-0.073940	-0.073317	-0.077581	-0.075908	-0.075407
542.000000	-0.076482	-0.074777	-0.074786	-0.074438	-0.077507	-0.076290	-0.075963
543.000000	-0.077307	-0.085146	-0.085239	-0.087414	-0.074049	-0.079329	-0.081277
544.000000	-0.077514	-0.086465	-0.086557	-0.088943	-0.073685	-0.079826	-0.081880
545.000000	-0.074614	-0.049410	-0.049174	-0.042944	-0.085784	-0.069781	-0.062556
546.000000	-0.059340	0.013855	0.014229	0.024415	-0.091509	-0.055964	-0.024484
547.000000	-0.018192	0.059080	0.058368	0.039976	-0.051692	-0.056186	0.017982
548.000000	0.030739	0.062511	0.060845	-0.006332	0.017381	-0.070350	0.044731
549.000000	0.034232	0.024718	0.026230	-0.052472	0.037109	-0.078032	0.029977
550.000000	-0.019584	-0.037382	-0.028983	-0.065654	-0.016396	-0.071653	-0.024552
551.000000	-0.072760	-0.082608	-0.071399	-0.066595	-0.073250	-0.066154	-0.072203
552.000000	-0.085719	-0.087788	-0.081731	-0.072048	-0.085600	-0.071027	-0.083288
553.000000	-0.077077	-0.077324	-0.077522	-0.077980	-0.077513	-0.078127	-0.077665
554.000000	-0.068981	-0.074896	-0.076424	-0.079381	-0.075426	-0.079697	-0.076146
555.000000	-0.066683	-0.077764	-0.077971	-0.078260	-0.077926	-0.078187	-0.077987
556.000000	-0.070794	-0.078797	-0.078474	-0.077646	-0.078747	-0.077565	-0.078629
557.000000	-0.076897	-0.078163	-0.078135	-0.077882	-0.078127	-0.078028	-0.078241
558.000000	-0.079591	-0.078108	-0.078226	-0.078408	-0.078136	-0.078577	-0.078315
559.000000	-0.078837	-0.078355	-0.078370	-0.078527	-0.078440	-0.078555	-0.078488
560.000000	-0.077183	-0.077615	-0.077581	-0.077643	-0.077745	-0.077625	-0.077699
561.000000	-0.077048	-0.077310	-0.077320	-0.077348	-0.077463	-0.077403	-0.077417
562.000000	-0.080462	-0.080447	-0.080451	-0.080460	-0.080588	-0.080568	-0.080573
563.000000	-0.082851	-0.082841	-0.082785	-0.082778	-0.082956	-0.082869	-0.082960
564.000000	-0.073485	-0.073522	-0.073487	-0.073500	-0.073656	-0.073540	-0.073646
565.000000	-0.062656	-0.062658	-0.062744	-0.062809	-0.062856	-0.062802	-0.062808
566.000000	-0.090798	-0.090766	-0.090925	-0.091011	-0.090984	-0.090994	-0.090931
567.000000	-0.161402	-0.161392	-0.161504	-0.161552	-0.161549	-0.161577	-0.161546
568.000000	-0.197078	-0.197121	-0.197175	-0.197182	-0.197210	-0.197261	-0.197261
569.000000	-0.148405	-0.148493	-0.148564	-0.148571	-0.148574	-0.148685	-0.148636
570.000000	-0.081059	-0.081159	-0.081259	-0.081294	-0.081267	-0.081412	-0.081305
571.000000	-0.063372	-0.063437	-0.063511	-0.063577	-0.063573	-0.063668	-0.063569
572.000000	-0.076906	-0.076922	-0.076959	-0.077039	-0.077065	-0.077070	-0.077044
573.000000	-0.083636	-0.083628	-0.083684	-0.083743	-0.083747	-0.083694	-0.083772
574.000000	-0.080438	-0.080429	-0.080541	-0.080561	-0.080524	-0.080464	-0.080600
575.000000	-0.078107	-0.078097	-0.078255	-0.078247	-0.078213	-0.078193	-0.078259
576.000000	-0.078839	-0.078839	-0.079000	-0.079000	-0.078999	-0.079026	-0.078968
577.000000	-0.079650	-0.079700	-0.079807	-0.079858	-0.079864	-0.079888	-0.079816
578.000000	-0.079555	-0.079671	-0.079692	-0.079813	-0.079799	-0.079777	-0.079805
579.000000	-0.079366	-0.079497	-0.079468	-0.079610	-0.079602	-0.079557	-0.079663
580.000000	-0.079362	-0.079449	-0.079430	-0.079531	-0.079562	-0.079537	-0.079647
581.000000	-0.079085	-0.079140	-0.079162	-0.079206	-0.079258	-0.079267	-0.079353
582.000000	-0.078718	-0.078789	-0.078849	-0.078852	-0.078883	-0.078924	-0.078991
583.000000	-0.079667	-0.079764	-0.079831	-0.079800	-0.079807	-0.079892	-0.079929
584.000000	-0.081594	-0.081700	-0.081728	-0.081671	-0.081678	-0.081815	-0.081813
585.000000	-0.079305	-0.079392	-0.079383	-0.079340	-0.079349	-0.079480	-0.079481
586.000000	-0.072928	-0.072978	-0.072970	-0.072997	-0.072991	-0.073025	-0.073098
587.000000	-0.086267	-0.086279	-0.086295	-0.086398	-0.086387	-0.086335	-0.086477
588.000000	-0.137853	-0.137854	-0.137887	-0.138013	-0.138020	-0.138006	-0.138135
589.000000	-0.182115	-0.182141	-0.182179	-0.182283	-0.182221	-0.182311	-0.182368
590.000000	-0.159944	-0.160028	-0.160061	-0.160125	-0.159815	-0.159963	-0.159954
591.000000	-0.098426	-0.098560	-0.098577	-0.098611	-0.098345	-0.098447	-0.098408
592.000000	-0.066080	-0.066197	-0.066193	-0.066228	-0.066922	-0.066862	-0.066836
593.000000	-0.072293	-0.072361	-0.072327	-0.072387	-0.073479	-0.073357	-0.073363
594.000000	-0.082185	-0.082263	-0.082196	-0.082271	-0.080380	-0.080658	-0.080658
595.000000	-0.081285	-0.081434	-0.081341	-0.081408	-0.077131	-0.077749	-0.077700
596.000000	-0.078222	-0.078398	-0.078310	-0.078354	-0.083264	-0.082736	-0.082640
597.000000	-0.078113	-0.078234	-0.078178	-0.078206	-0.094619	-0.092611	-0.092508
598.000000	-0.078938	-0.078977	-0.078948	-0.079001	-0.068554	-0.069896	-0.069848
599.000000	-0.079009	-0.078989	-0.078965	-0.079084	0.002410	-0.007881	-0.007934
600.000000	-0.078722	-0.078663	-0.078666	-0.078813	0.040648	0.025529	0.025428
601.000000	-0.078567	-0.078489	-0.078565	-0.078651	-0.006810	-0.016007	-0.016045
602.000000	-0.078433	-0.078381	-0.078521	-0.078525	-0.075336	-0.075898	-0.075875
603.000000	-0.078140	-0.078175	-0.078315	-0.078292	-0.094332	-0.092346	-0.092374
604.000000	-0.077774	-0.077898	-0.078011	-0.078005	-0.080735	-0.080256	-0.080370
605.000000	-0.077481	-0.077625	-0.077735	-0.077760	-0.073387	-0.073726	-0.073840
606.000000	-0.077258	-0.077372	-0.077446	-0.077515	-0.076245	-0.076235	-0.076276
607.000000	-0.077041	-0.077122	-0.077045	-0.077178	-0.078372	-0.078181	-0.078145
608.000000	-0.076809	-0.076852	-0.076617	-0.076799	-0.077368	-0.077368	-0.077301
609.000000	-0.076573	-0.076539	-0.076359	-0.076514	-0.076294	-0.076338	-0.076329
610.000000	-0.076326	-0.076221	-0.076277	-0.076342	-0.076207	-0.076071	-0.076166
611.000000	-0.076047	-0.075999	-0.076205	-0.076194	-0.076245	-0.076037	-0.076170
612.000000	-0.075760	-0.075877	-0.076046	-0.076019	-0.075997	-0.075917	-0.075997
613.000000	-0.075549	-0.075736	-0.075805	-0.075822	-0.075724	-0.075749	-0.075762
614.000000	-0.075452	-0.075529	-0.075527	-0.075630	-0.075588	-0.075589	-0.075571
615.000000	-0.075409	-0.075357	-0.075328	-0.075499	-0.075479	-0.075488	-0.075442
616.000000	-0.075365	-0.075289	-0.075273	-0.075457	-0.075321	-0.075467	-0.075378
617.000000	-0.075300	-0.075272	-0.075272	-0.075439	-0.075216	-0.075453	-0.075356
618.000000	-0.075210	-0.075243	-0.075236	-0.075382	-0.075245	-0.075383	-0.075343
619.000000	-0.075134	-0.075203	-0.075177	-0.075295	-0.075286	-0.075271	-0.075284
620.000000	-0.075111	-0.075166	-0.075132	-0.075206	-0.075202	-0.075152	-0.075137
621.000000	-0.075111	-0.075132	-0.075119	-0.075136	-0.075073	-0.075064	-0.074997
622.000000	-0.075085	-0.075096	-0.075143	-0.075100	-0.075038	-0.075039	-0.074990
623.000000	-0.075019	-0.075044	-0.075143	-0.075075	-0.075060	-0.075046	-0.075051
624.000000	-0.074925	-0.074957	-0.075030	-0.075014	-0.075019	-0.075021	-0.075022
625.000000	-0.074820	-0.074861	-0.074856	-0.074914	-0.074915	-0.074961	-0.074918
626.000000	-0.074725	-0.074809	-0.074781	-0.074802	-0.074845	-0.074901	-0.074882
627.000000	-0.074645	-0.074799	-0.074816	-0.074707	-0.074823	-0.074861	-0.074920
628.000000	-0.074564	-0.074763	-0.074810	-0.074653	-0.074773	-0.074831	-0.074886
629.000000	-0.074485	-0.074675	-0.074699	-0.074642	-0.074667	-0.074782	-0.074740
630.000000	-0.074441	-0.074574	-0.074571	-0.074634	-0.074560	-0.074644	-0.074624
631.000000	-0.074441	-0.074499	-0.074490	-0.074598	-0.074489	-0.074423	-0.074616
632.000000	-0.074428	-0.074459	-0.074443	-0.074529	-0.074442	-0.074295	-0.074622
633.000000	-0.074362	-0.074448	-0.074406	-0.074437	-0.074408	-0.074376	-0.074558
634.000000	-0.074287	-0.074409	-0.074362	-0.074362	-0.074389	-0.074503	-0.074455
635.000000	-0.074246	-0.074292	-0.074295	-0.074334	-0.074383	-0.074497	-0.074359
636.000000	-0.074180	-0.074140	-0.074196	-0.074294	-0.074330	-0.074371	-0.074256
637.000000	-0.074019	-0.074012	-0.074063	-0.074172	-0.074171	-0.074196	-0.074123
638.000000	-0.073812	-0.073908	-0.073918	-0.073993	-0.073972	-0.074010	-0.073978
639.000000	-0.073660	-0.073802	-0.073795	-0.073829	-0.073849	-0.073838	-0.073861
640.000000	-0.073602	-0.073731	-0.073716	-0.073722	-0.073810	-0.073727	-0.073804
641.000000	-0.073632	-0.073761	-0.073695	-0.073696	-0.073803	-0.073734	-0.073834
642.000000	-0.073691	-0.073854	-0.073714	-0.073731	-0.073796	-0.073823	-0.073907
643.000000	-0.073673	-0.073872	-0.073730	-0.073769	-0.073781	-0.073876	-0.073920
644.000000	-0.073572	-0.073782	-0.073722	-0.073777	-0.073757	-0.073850	-0.073841
645.000000	-0.073511	-0.073681	-0.073694	-0.073758	-0.073725	-0.073800	-0.073741
646.000000	-0.073561	-0.073653	-0.073670	-0.073740	-0.073710	-0.073777	-0.073691
647.000000	-0.073683	-0.073728	-0.073706	-0.073786	-0.073774	-0.073815	-0.073761
648.000000	-0.073825	-0.073900	-0.073821	-0.073921	-0.073937	-0.073921	-0.073954
649.000000	-0.073938	-0.074063	-0.073938	-0.074048	-0.074095	-0.074048	-0.074110
650.000000	-0.073986	-0.074125	-0.073986	-0.074081	-0.074152	-0.074139	-0.074102
651.000000	-0.073975	-0.074088	-0.073974	-0.074052	-0.074130	-0.074159	-0.074048
652.000000	-0.073915	-0.073979	-0.073925	-0.074009	-0.074071	-0.074085	-0.074081
653.000000	-0.073794	-0.073825	-0.073821	-0.073912	-0.073967	-0.073933	-0.074062
654.000000	-0.073598	-0.073650	-0.073632	-0.073707	-0.073797	-0.073735	-0.073790
655.000000	-0.073351	-0.073444	-0.073382	-0.073444	-0.073566	-0.073504	-0.073369
656.000000	-0.073101	-0.073187	-0.073124	-0.073230	-0.073297	-0.073249	-0.073056
657.000000	-0.072906	-0.072943	-0.072927	-0.073094	-0.073050	-0.073018	-0.072929
658.000000	-0.072830	-0.072833	-0.072871	-0.073012	-0.072914	-0.072887	-0.072932
659.000000	-0.072856	-0.072856	-0.072926	-0.072971	-0.072895	-0.072860	-0.072990
660.000000	-0.072881	-0.072878	-0.072949	-0.072974	-0.072915	-0.072864	-0.073011
661.000000	-0.072848	-0.072831	-0.072876	-0.072992	-0.072912	-0.072855	-0.072950
662.000000	-0.072773	-0.072761	-0.072770	-0.072954	-0.072855	-0.072836	-0.072826
663.000000	-0.072674	-0.072690	-0.072674	-0.072826	-0.072730	-0.072793	-0.072667
664.000000	-0.072558	-0.072572	-0.072556	-0.072657	-0.072552	-0.072673	-0.072504
665.000000	-0.072409	-0.072369	-0.072378	-0.072477	-0.072332	-0.072441	-0.072339
666.000000	-0.072138	-0.072099	-0.072118	-0.072224	-0.072064	-0.072136	-0.072084
667.000000	-0.071693	-0.071792	-0.071771	-0.071849	-0.071747	-0.071810	-0.071681
668.000000	-0.071250	-0.071480	-0.071425	-0.071452	-0.071438	-0.071496	-0.071308
669.000000	-0.071017	-0.071190	-0.071171	-0.071156	-0.071198	-0.071220	-0.071159
670.000000	-0.070926	-0.070933	-0.070978	-0.070952	-0.071009	-0.070994	-0.071093
671.000000	-0.070806	-0.070715	-0.070767	-0.070781	-0.070826	-0.070822	-0.070855
672.000000	-0.070615	-0.070534	-0.070539	-0.070613	-0.070637	-0.070678	-0.070501
673.000000	-0.070395	-0.070384	-0.070340	-0.070442	-0.070458	-0.070520	-0.070267
674.000000	-0.070189	-0.070271	-0.070194	-0.070289	-0.070308	-0.070338	-0.070199
675.000000	-0.070046	-0.070206	-0.070102	-0.070199	-0.070213	-0.070146	-0.070181
676.000000	-0.069978	-0.070174	-0.070059	-0.070184	-0.070162	-0.069999	-0.070149
677.000000	-0.069954	-0.070126	-0.070052	-0.070211	-0.070106	-0.069997	-0.070118
678.000000	-0.069960	-0.070063	-0.070077	-0.070255	-0.070045	-0.070145	-0.070113
679.000000	-0.070019	-0.070071	-0.070152	-0.070315	-0.070077	-0.070281	-0.070169
680.000000	-0.070117	-0.070173	-0.070261	-0.070367	-0.070224	-0.070291	-0.070276
681.000000	-0.070151	-0.070207	-0.070302	-0.070337	-0.070302	-0.070225	-0.070301
682.000000	-0.070062	-0.070067	-0.070215	-0.070190	-0.070182	-0.070149	-0.070164
683.000000	-0.069996	-0.069943	-0.070131	-0.070076	-0.070057	-0.070111	-0.070054
684.000000	-0.070103	-0.070033	-0.070193	-0.070139	-0.070134	-0.070145	-0.070165
685.000000	-0.070299	-0.070226	-0.070355	-0.070290	-0.070307	-0.070236	-0.070388
686.000000	-0.070426	-0.070328	-0.070512	-0.070374	-0.070387	-0.070349	-0.070531
687.000000	-0.070425	-0.070315	-0.070567	-0.070367	-0.070367	-0.070424	-0.070536
688.000000	-0.070286	-0.070246	-0.070440	-0.070313	-0.070325	-0.070397	-0.070416
689.000000	-0.070109	-0.070177	-0.070221	-0.070255	-0.070283	-0.070309	-0.070271
690.000000	-0.070064	-0.070160	-0.070103	-0.070234	-0.070225	-0.070267	-0.070249
691.000000	-0.070160	-0.070184	-0.070136	-0.070252	-0.070172	-0.070291	-0.070342
692.000000	-0.070254	-0.070177	-0.070219	-0.070273	-0.070182	-0.070308	-0.070389
693.000000	-0.070281	-0.070148	-0.070301	-0.070293	-0.070273	-0.070310	-0.070358
694.000000	-0.070294	-0.070222	-0.070396	-0.070349	-0.070404	-0.070377	-0.070393
695.000000	-0.070334	-0.070430	-0.070506	-0.070452	-0.070521	-0.070520	-0.070546
696.000000	-0.070406	-0.070595	-0.070591	-0.070552	-0.070561	-0.070607	-0.070650
697.000000	-0.070505	-0.070610	-0.070631	-0.070610	-0.070516	-0.070563	-0.070608
698.000000	-0.070599	-0.070621	-0.070664	-0.070643	-0.070534	-0.070535	-0.070578
699.000000	-0.070668	-0.070761	-0.070726	-0.070675	-0.070730	-0.070648	-0.070704
700.000000	-0.070751	-0.070928	-0.070784	-0.070732	-0.070948	-0.070797	-0.070898
701.000000	-0.070887	-0.070990	-0.070801	-0.070836	-0.071008	-0.070848	-0.071031
702.000000	-0.071031	-0.070988	-0.070831	-0.070975	-0.070988	-0.070875	-0.071082
703.000000	-0.071115	-0.071023	-0.070944	-0.071121	-0.071045	-0.071008	-0.071076
704.000000	-0.071139	-0.071068	-0.071083	-0.071200	-0.071157	-0.071165	-0.071038
705.000000	-0.071144	-0.071038	-0.071127	-0.071125	-0.071212	-0.071164	-0.070992
706.000000	-0.071114	-0.070949	-0.071064	-0.070974	-0.071181	-0.071017	-0.070962
707.000000	-0.070997	-0.070890	-0.070969	-0.070949	-0.071102	-0.070881	-0.070971
708.000000	-0.070813	-0.070880	-0.070886	-0.071038	-0.071000	-0.070815	-0.070994
709.000000	-0.070662	-0.070858	-0.070825	-0.070994	-0.070887	-0.070772	-0.070960
710.000000	-0.070572	-0.070774	-0.070757	-0.070741	-0.070762	-0.070706	-0.070829
711.000000	-0.070464	-0.070597	-0.070597	-0.070476	-0.070607	-0.070580	-0.070625
712.000000	-0.070291	-0.070341	-0.070332	-0.070320	-0.070426	-0.070398	-0.070398
713.000000	-0.070110	-0.070108	-0.070111	-0.070175	-0.070280	-0.070247	-0.070249
714.000000	-0.069962	-0.069971	-0.070026	-0.069968	-0.070192	-0.070163	-0.070211
715.000000	-0.069818	-0.069888	-0.069929	-0.069779	-0.070043	-0.070007	-0.070082
716.000000	-0.069631	-0.069782	-0.069678	-0.069683	-0.069725	-0.069663	-0.069693
717.000000	-0.069373	-0.069550	-0.069367	-0.069565	-0.069308	-0.069286	-0.069251
718.000000	-0.069031	-0.069118	-0.069134	-0.069289	-0.068909	-0.069070	-0.069019
719.000000	-0.068693	-0.068691	-0.068931	-0.068917	-0.068588	-0.068921	-0.068905
720.000000	-0.068482	-0.068555	-0.068654	-0.068589	-0.068384	-0.068651	-0.068692
721.000000	-0.068435	-0.068622	-0.068424	-0.068384	-0.068295	-0.068355	-0.068453
722.000000	-0.068524	-0.068590	-0.068469	-0.068336	-0.068293	-0.068283	-0.068409
723.000000	-0.068580	-0.068400	-0.068619	-0.068313	-0.068280	-0.068416	-0.068445
724.000000	-0.068324	-0.068196	-0.068378	-0.068052	-0.068102	-0.068509	-0.068170
725.000000	-0.067836	-0.068050	-0.067741	-0.067620	-0.067766	-0.068391	-0.067624
726.000000	-0.067625	-0.067944	-0.067292	-0.067471	-0.067472	-0.067987	-0.067353
727.000000	-0.067812	-0.067828	-0.067327	-0.067718	-0.067341	-0.067417	-0.067529
728.000000	-0.067836	-0.067606	-0.067606	-0.067866	-0.067347	-0.067109	-0.067651
729.000000	-0.067455	-0.067318	-0.067901	-0.067667	-0.067470	-0.067306	-0.067468
730.000000	-0.067320	-0.067323	-0.068133	-0.067589	-0.067734	-0.067739	-0.067458
731.000000	-0.067974	-0.067888	-0.068264	-0.068030	-0.068150	-0.068138	-0.068029
732.000000	-0.069130	-0.068797	-0.068336	-0.068807	-0.068655	-0.068491	-0.068971
