[HEADER]
Format	J&M ASCII Table
Comment	Remin PV CDOM Samples 
Date	2/12/1980 7:10:30 AM
Order	Y (evenX)
TechType	UV
NumPoints	483
FirstX	250.00
LastX	732.00
XType	NMetr
YType	Absrb
ZType	Secs
NumSubFile	7
Matrix	Z vs X
[DATA]
	0.000000	5.000064	10.000128	15.000256	20.000320	25.000383	30.000511
250.000000	1.180403	1.174566	1.182540	1.176185	1.176819	1.173790	1.176276
251.000000	1.163254	1.156999	1.163908	1.158961	1.160042	1.155641	1.159155
252.000000	1.144894	1.141650	1.142881	1.141178	1.141774	1.138241	1.143145
253.000000	1.127443	1.127555	1.124286	1.124275	1.124257	1.123354	1.127465
254.000000	1.112605	1.113958	1.111737	1.109577	1.109471	1.111930	1.111748
255.000000	1.099601	1.101556	1.102379	1.097365	1.097364	1.101526	1.097548
256.000000	1.087577	1.091090	1.092582	1.087641	1.087386	1.089707	1.086485
257.000000	1.078181	1.081815	1.082138	1.080114	1.078649	1.078080	1.078261
258.000000	1.073382	1.072655	1.072005	1.074270	1.070338	1.069300	1.071909
259.000000	1.070478	1.064090	1.063147	1.068558	1.063245	1.063184	1.066276
260.000000	1.064695	1.057336	1.056466	1.061080	1.058817	1.058113	1.060204
261.000000	1.056478	1.052653	1.051866	1.052792	1.055758	1.052992	1.053898
262.000000	1.050187	1.049516	1.048456	1.046758	1.050739	1.047163	1.048562
263.000000	1.046240	1.046349	1.044805	1.042871	1.042956	1.040447	1.043743
264.000000	1.040479	1.040418	1.038906	1.037374	1.034545	1.033201	1.037088
265.000000	1.031276	1.030841	1.030101	1.028587	1.026736	1.025596	1.027821
266.000000	1.021712	1.019978	1.020081	1.018690	1.018955	1.017447	1.018014
267.000000	1.013478	1.009476	1.009990	1.009105	1.010228	1.008393	1.008823
268.000000	1.003541	0.998356	0.999001	0.998356	0.998998	0.997712	0.998356
269.000000	0.989099	0.985421	0.986114	0.984951	0.984189	0.984732	0.984752
270.000000	0.971205	0.970258	0.970867	0.969155	0.966995	0.969185	0.968169
271.000000	0.951774	0.952751	0.953077	0.951621	0.948970	0.951060	0.949323
272.000000	0.932091	0.933394	0.933435	0.932715	0.930420	0.931296	0.929248
273.000000	0.913005	0.912868	0.912896	0.912662	0.911160	0.911084	0.908991
274.000000	0.893377	0.891348	0.891653	0.891368	0.890877	0.890437	0.888437
275.000000	0.871027	0.868714	0.869452	0.868577	0.869186	0.868694	0.866818
276.000000	0.845830	0.844901	0.845919	0.844462	0.845669	0.845377	0.843724
277.000000	0.819433	0.819908	0.820610	0.819560	0.819911	0.820197	0.819071
278.000000	0.793189	0.794185	0.793990	0.794351	0.792607	0.793640	0.793130
279.000000	0.767992	0.768748	0.767675	0.769211	0.765854	0.767163	0.766608
280.000000	0.743838	0.743751	0.742374	0.744087	0.740652	0.741456	0.740111
281.000000	0.719081	0.717642	0.716935	0.718117	0.715753	0.715645	0.714006
282.000000	0.692703	0.689805	0.690615	0.691016	0.690176	0.689220	0.688471
283.000000	0.666022	0.662836	0.664420	0.664420	0.664418	0.663226	0.663223
284.000000	0.640417	0.639000	0.639348	0.639749	0.639103	0.638632	0.638015
285.000000	0.615684	0.616497	0.614937	0.615959	0.614256	0.614827	0.613141
286.000000	0.591298	0.592826	0.590502	0.591617	0.589787	0.590913	0.588997
287.000000	0.567598	0.568541	0.566629	0.567410	0.566018	0.567109	0.565638
288.000000	0.545242	0.545391	0.544354	0.544805	0.543414	0.544084	0.542998
289.000000	0.524218	0.523811	0.523575	0.523748	0.522033	0.522198	0.521272
290.000000	0.504095	0.503389	0.503481	0.503244	0.501673	0.501596	0.500801
291.000000	0.484619	0.483831	0.483765	0.483100	0.482198	0.482160	0.481457
292.000000	0.465710	0.464975	0.464617	0.463900	0.463537	0.463532	0.462672
293.000000	0.447497	0.446897	0.446331	0.445943	0.445715	0.445659	0.444454
294.000000	0.430385	0.429997	0.429318	0.429089	0.428880	0.428929	0.427636
295.000000	0.414549	0.414407	0.413721	0.413220	0.413078	0.413453	0.412514
296.000000	0.399647	0.399651	0.399094	0.398323	0.398118	0.398691	0.398140
297.000000	0.385389	0.385334	0.385042	0.384344	0.383857	0.384266	0.383824
298.000000	0.371873	0.371567	0.371551	0.371047	0.370385	0.370558	0.370213
299.000000	0.359250	0.358567	0.358708	0.358253	0.357814	0.357987	0.357986
300.000000	0.347541	0.346563	0.346720	0.346273	0.346113	0.346390	0.346671
301.000000	0.336694	0.335723	0.335778	0.335468	0.335196	0.335450	0.335544
302.000000	0.326372	0.325703	0.325616	0.325470	0.324895	0.325045	0.324680
303.000000	0.316147	0.315949	0.315788	0.315610	0.315014	0.315141	0.314505
304.000000	0.306189	0.306371	0.306271	0.305858	0.305511	0.305658	0.305078
305.000000	0.297061	0.297194	0.297333	0.296624	0.296458	0.296490	0.296201
306.000000	0.288783	0.288503	0.288935	0.288018	0.287883	0.287684	0.287747
307.000000	0.280802	0.280224	0.280723	0.279835	0.279771	0.279441	0.279668
308.000000	0.272860	0.272321	0.272580	0.271957	0.272061	0.271783	0.271869
309.000000	0.265178	0.264827	0.264773	0.264429	0.264627	0.264449	0.264174
310.000000	0.257890	0.257704	0.257443	0.257249	0.257338	0.257229	0.256558
311.000000	0.250833	0.250742	0.250366	0.250278	0.250075	0.250083	0.249349
312.000000	0.243849	0.243782	0.243358	0.243402	0.242808	0.243018	0.242740
313.000000	0.236943	0.236931	0.236553	0.236649	0.235827	0.236112	0.236278
314.000000	0.230150	0.230305	0.230084	0.230053	0.229383	0.229423	0.229491
315.000000	0.223471	0.223751	0.223715	0.223480	0.223137	0.222829	0.222590
316.000000	0.216905	0.217068	0.217136	0.216782	0.216618	0.216180	0.215973
317.000000	0.210521	0.210422	0.210515	0.210136	0.209972	0.209626	0.209714
318.000000	0.204409	0.204137	0.204233	0.203862	0.203631	0.203450	0.203710
319.000000	0.198425	0.198122	0.198220	0.197885	0.197598	0.197594	0.197752
320.000000	0.192260	0.191981	0.192076	0.191838	0.191562	0.191746	0.191565
321.000000	0.185923	0.185652	0.185744	0.185622	0.185434	0.185720	0.185146
322.000000	0.179781	0.179452	0.179560	0.179442	0.179383	0.179486	0.178795
323.000000	0.173969	0.173547	0.173653	0.173435	0.173450	0.173177	0.172733
324.000000	0.168218	0.167822	0.167782	0.167601	0.167444	0.167189	0.167011
325.000000	0.162362	0.162173	0.161811	0.161908	0.161316	0.161695	0.161563
326.000000	0.156589	0.156591	0.155949	0.156270	0.155419	0.156272	0.156057
327.000000	0.151070	0.151054	0.150387	0.150633	0.150008	0.150556	0.150246
328.000000	0.145705	0.145430	0.145046	0.145072	0.144737	0.144773	0.144357
329.000000	0.140355	0.139643	0.139804	0.139686	0.139230	0.139252	0.138697
330.000000	0.135013	0.134089	0.134632	0.134503	0.133773	0.134122	0.133406
331.000000	0.129728	0.129253	0.129538	0.129520	0.128826	0.129405	0.128532
332.000000	0.124631	0.124828	0.124542	0.124641	0.124219	0.124758	0.123892
333.000000	0.119881	0.120118	0.119671	0.119733	0.119466	0.119681	0.119187
334.000000	0.115396	0.115103	0.114941	0.114828	0.114535	0.114342	0.114422
335.000000	0.110901	0.110303	0.110360	0.110087	0.109757	0.109430	0.109839
336.000000	0.106322	0.105903	0.105876	0.105573	0.105258	0.105145	0.105438
337.000000	0.101822	0.101675	0.101374	0.101232	0.100906	0.101089	0.100934
338.000000	0.097519	0.097466	0.096886	0.097014	0.096630	0.096998	0.096320
339.000000	0.093416	0.093295	0.092708	0.092895	0.092489	0.092893	0.092104
340.000000	0.089475	0.089209	0.088981	0.088841	0.088537	0.088818	0.088524
341.000000	0.085576	0.085279	0.085378	0.084787	0.084786	0.084787	0.084983
342.000000	0.081661	0.081559	0.081607	0.080741	0.081216	0.080851	0.080985
343.000000	0.077990	0.078004	0.077839	0.077036	0.077722	0.077226	0.076995
344.000000	0.074812	0.074552	0.074318	0.073976	0.074212	0.074084	0.073591
345.000000	0.071828	0.071172	0.071036	0.071160	0.070792	0.071054	0.070551
346.000000	0.068575	0.067851	0.067886	0.067986	0.067614	0.067627	0.067389
347.000000	0.065128	0.064609	0.064813	0.064573	0.064536	0.064016	0.064069
348.000000	0.061853	0.061487	0.061786	0.061425	0.061267	0.060820	0.060816
349.000000	0.058846	0.058506	0.058800	0.058551	0.057915	0.058076	0.057764
350.000000	0.055974	0.055672	0.055864	0.055543	0.054918	0.055348	0.054966
351.000000	0.053140	0.052931	0.052984	0.052349	0.052330	0.052467	0.052334
352.000000	0.050303	0.050155	0.050157	0.049378	0.049712	0.049611	0.049610
353.000000	0.047488	0.047320	0.047397	0.046802	0.046878	0.046899	0.046716
354.000000	0.044823	0.044590	0.044744	0.044300	0.044150	0.044301	0.043914
355.000000	0.042369	0.042085	0.042203	0.041660	0.041749	0.041767	0.041403
356.000000	0.039962	0.039744	0.039678	0.039104	0.039459	0.039249	0.039101
357.000000	0.037446	0.037459	0.037091	0.036830	0.037048	0.036709	0.036858
358.000000	0.034866	0.035065	0.034513	0.034617	0.034520	0.034169	0.034455
359.000000	0.032316	0.032438	0.032043	0.032191	0.031949	0.031672	0.031729
360.000000	0.029898	0.029812	0.029696	0.029676	0.029458	0.029330	0.029012
361.000000	0.027696	0.027524	0.027451	0.027333	0.027166	0.027249	0.026775
362.000000	0.025596	0.025456	0.025269	0.025145	0.025008	0.025226	0.024834
363.000000	0.023378	0.023233	0.023103	0.022941	0.022812	0.022891	0.022636
364.000000	0.021041	0.020846	0.020944	0.020684	0.020551	0.020307	0.020192
365.000000	0.018775	0.018607	0.018814	0.018454	0.018329	0.017905	0.018001
366.000000	0.016666	0.016610	0.016716	0.016324	0.016194	0.015839	0.016165
367.000000	0.014653	0.014654	0.014627	0.014351	0.014115	0.013881	0.014252
368.000000	0.012647	0.012589	0.012501	0.012469	0.012038	0.011859	0.012021
369.000000	0.010527	0.010390	0.010251	0.010391	0.009871	0.009750	0.009662
370.000000	0.008236	0.008090	0.007870	0.007966	0.007581	0.007576	0.007375
371.000000	0.005918	0.005848	0.005583	0.005522	0.005320	0.005448	0.005249
372.000000	0.003721	0.003797	0.003576	0.003380	0.003230	0.003452	0.003306
373.000000	0.001678	0.001870	0.001677	0.001462	0.001271	0.001487	0.001361
374.000000	-0.000231	-0.000058	-0.000347	-0.000409	-0.000650	-0.000571	-0.000781
375.000000	-0.002140	-0.002130	-0.002491	-0.002340	-0.002646	-0.002665	-0.002984
376.000000	-0.004208	-0.004465	-0.004651	-0.004396	-0.004815	-0.004672	-0.005001
377.000000	-0.006363	-0.006829	-0.006713	-0.006510	-0.007005	-0.006589	-0.006866
378.000000	-0.008397	-0.008789	-0.008569	-0.008536	-0.008927	-0.008486	-0.008784
379.000000	-0.010243	-0.010382	-0.010289	-0.010418	-0.010606	-0.010375	-0.010760
380.000000	-0.011965	-0.012067	-0.012105	-0.012188	-0.012353	-0.012224	-0.012623
381.000000	-0.013646	-0.013992	-0.014061	-0.013906	-0.014249	-0.014059	-0.014341
382.000000	-0.015390	-0.015876	-0.015946	-0.015668	-0.016065	-0.015992	-0.016076
383.000000	-0.017259	-0.017577	-0.017671	-0.017524	-0.017727	-0.018030	-0.017914
384.000000	-0.019234	-0.019276	-0.019421	-0.019431	-0.019499	-0.019976	-0.019768
385.000000	-0.021243	-0.021119	-0.021332	-0.021343	-0.021531	-0.021695	-0.021561
386.000000	-0.023105	-0.023028	-0.023302	-0.023236	-0.023514	-0.023315	-0.023311
387.000000	-0.024697	-0.024885	-0.025189	-0.025085	-0.025163	-0.024978	-0.025041
388.000000	-0.026272	-0.026577	-0.026861	-0.026831	-0.026650	-0.026683	-0.026754
389.000000	-0.028111	-0.028021	-0.028238	-0.028416	-0.028236	-0.028388	-0.028441
390.000000	-0.029943	-0.029342	-0.029565	-0.029866	-0.029873	-0.030020	-0.030074
391.000000	-0.031320	-0.030742	-0.031181	-0.031243	-0.031400	-0.031505	-0.031625
392.000000	-0.032428	-0.032329	-0.032937	-0.032617	-0.032879	-0.032894	-0.033117
393.000000	-0.033821	-0.034140	-0.034397	-0.034064	-0.034500	-0.034306	-0.034600
394.000000	-0.035492	-0.035977	-0.035536	-0.035572	-0.036170	-0.035731	-0.036025
395.000000	-0.036915	-0.037439	-0.036709	-0.037053	-0.037548	-0.037037	-0.037259
396.000000	-0.037985	-0.038475	-0.038094	-0.038445	-0.038584	-0.038245	-0.038343
397.000000	-0.039185	-0.039508	-0.039609	-0.039722	-0.039638	-0.039584	-0.039556
398.000000	-0.040762	-0.040809	-0.041148	-0.040935	-0.040939	-0.041145	-0.041035
399.000000	-0.042415	-0.042284	-0.042577	-0.042279	-0.042408	-0.042717	-0.042596
400.000000	-0.043870	-0.043799	-0.043841	-0.043845	-0.043924	-0.044119	-0.044077
401.000000	-0.045124	-0.045237	-0.045116	-0.045358	-0.045358	-0.045365	-0.045478
402.000000	-0.046241	-0.046511	-0.046541	-0.046572	-0.046613	-0.046514	-0.046815
403.000000	-0.047362	-0.047670	-0.047897	-0.047665	-0.047736	-0.047658	-0.048028
404.000000	-0.048616	-0.048785	-0.048925	-0.048892	-0.048813	-0.048881	-0.049060
405.000000	-0.049913	-0.049861	-0.049816	-0.050192	-0.049895	-0.050108	-0.050033
406.000000	-0.051079	-0.050878	-0.050921	-0.051385	-0.051019	-0.051211	-0.051129
407.000000	-0.052142	-0.051929	-0.052239	-0.052448	-0.052193	-0.052222	-0.052370
408.000000	-0.053243	-0.053164	-0.053551	-0.053458	-0.053403	-0.053269	-0.053672
409.000000	-0.054420	-0.054523	-0.054727	-0.054484	-0.054607	-0.054408	-0.054913
410.000000	-0.055604	-0.055757	-0.055727	-0.055589	-0.055730	-0.055630	-0.055940
411.000000	-0.056726	-0.056763	-0.056602	-0.056738	-0.056753	-0.056846	-0.056776
412.000000	-0.057715	-0.057651	-0.057523	-0.057775	-0.057725	-0.057862	-0.057679
413.000000	-0.058590	-0.058549	-0.058580	-0.058656	-0.058712	-0.058663	-0.058782
414.000000	-0.059535	-0.059596	-0.059688	-0.059581	-0.059790	-0.059590	-0.059934
415.000000	-0.060659	-0.060821	-0.060751	-0.060678	-0.060958	-0.060827	-0.060998
416.000000	-0.061776	-0.061920	-0.061690	-0.061776	-0.061969	-0.061966	-0.061965
417.000000	-0.062705	-0.062641	-0.062475	-0.062713	-0.062643	-0.062647	-0.062853
418.000000	-0.063509	-0.063258	-0.063271	-0.063609	-0.063286	-0.063214	-0.063681
419.000000	-0.064306	-0.064118	-0.064251	-0.064619	-0.064258	-0.064118	-0.064469
420.000000	-0.065081	-0.065081	-0.065247	-0.065567	-0.065321	-0.065178	-0.065211
421.000000	-0.065777	-0.065831	-0.065980	-0.066173	-0.066035	-0.065985	-0.065900
422.000000	-0.066445	-0.066412	-0.066534	-0.066581	-0.066528	-0.066589	-0.066605
423.000000	-0.067196	-0.067087	-0.067205	-0.067182	-0.067261	-0.067311	-0.067434
424.000000	-0.068001	-0.067868	-0.068005	-0.068005	-0.068213	-0.068151	-0.068278
425.000000	-0.068699	-0.068539	-0.068685	-0.068746	-0.068928	-0.068816	-0.068832
426.000000	-0.069263	-0.069054	-0.069181	-0.069298	-0.069319	-0.069259	-0.069123
427.000000	-0.069843	-0.069596	-0.069690	-0.069829	-0.069809	-0.069770	-0.069615
428.000000	-0.070514	-0.070277	-0.070341	-0.070450	-0.070602	-0.070489	-0.070509
429.000000	-0.071176	-0.071028	-0.071096	-0.071116	-0.071415	-0.071212	-0.071422
430.000000	-0.071767	-0.071781	-0.071888	-0.071782	-0.072028	-0.071789	-0.072057
431.000000	-0.072398	-0.072520	-0.072615	-0.072460	-0.072586	-0.072340	-0.072559
432.000000	-0.073156	-0.073233	-0.073206	-0.073157	-0.073241	-0.072995	-0.073116
433.000000	-0.073889	-0.073870	-0.073729	-0.073808	-0.073896	-0.073701	-0.073760
434.000000	-0.074423	-0.074392	-0.074281	-0.074347	-0.074421	-0.074369	-0.074469
435.000000	-0.074887	-0.074887	-0.074855	-0.074855	-0.074911	-0.075003	-0.075169
436.000000	-0.075514	-0.075483	-0.075405	-0.075461	-0.075537	-0.075640	-0.075772
437.000000	-0.076233	-0.076137	-0.075942	-0.076128	-0.076248	-0.076248	-0.076280
438.000000	-0.076803	-0.076706	-0.076508	-0.076719	-0.076866	-0.076758	-0.076749
439.000000	-0.077209	-0.077186	-0.077111	-0.077208	-0.077368	-0.077200	-0.077218
440.000000	-0.077640	-0.077693	-0.077726	-0.077661	-0.077874	-0.077687	-0.077704
441.000000	-0.078176	-0.078261	-0.078321	-0.078127	-0.078426	-0.078252	-0.078213
442.000000	-0.078743	-0.078809	-0.078855	-0.078632	-0.078958	-0.078815	-0.078733
443.000000	-0.079289	-0.079305	-0.079327	-0.079187	-0.079439	-0.079337	-0.079263
444.000000	-0.079816	-0.079819	-0.079816	-0.079776	-0.079911	-0.079870	-0.079823
445.000000	-0.080335	-0.080392	-0.080370	-0.080374	-0.080418	-0.080442	-0.080414
446.000000	-0.080856	-0.080953	-0.080928	-0.080929	-0.080976	-0.081001	-0.080977
447.000000	-0.081378	-0.081427	-0.081426	-0.081400	-0.081573	-0.081492	-0.081458
448.000000	-0.081860	-0.081824	-0.081864	-0.081799	-0.082100	-0.081915	-0.081869
449.000000	-0.082255	-0.082173	-0.082255	-0.082153	-0.082448	-0.082286	-0.082235
450.000000	-0.082563	-0.082498	-0.082584	-0.082491	-0.082674	-0.082605	-0.082570
451.000000	-0.082811	-0.082817	-0.082829	-0.082842	-0.082900	-0.082869	-0.082881
452.000000	-0.083071	-0.083109	-0.083051	-0.083202	-0.083163	-0.083107	-0.083169
453.000000	-0.083440	-0.083334	-0.083352	-0.083553	-0.083453	-0.083368	-0.083434
454.000000	-0.083901	-0.083573	-0.083757	-0.083904	-0.083782	-0.083704	-0.083738
455.000000	-0.084343	-0.084003	-0.084228	-0.084286	-0.084179	-0.084167	-0.084194
456.000000	-0.084697	-0.084602	-0.084691	-0.084683	-0.084620	-0.084691	-0.084760
457.000000	-0.084955	-0.085097	-0.085043	-0.085024	-0.085016	-0.085061	-0.085198
458.000000	-0.085145	-0.085356	-0.085261	-0.085278	-0.085324	-0.085215	-0.085407
459.000000	-0.085362	-0.085541	-0.085478	-0.085497	-0.085597	-0.085384	-0.085562
460.000000	-0.085670	-0.085781	-0.085785	-0.085733	-0.085875	-0.085730	-0.085801
461.000000	-0.086042	-0.086043	-0.086112	-0.086019	-0.086136	-0.086135	-0.086089
462.000000	-0.086423	-0.086284	-0.086387	-0.086369	-0.086360	-0.086466	-0.086373
463.000000	-0.086713	-0.086520	-0.086635	-0.086718	-0.086571	-0.086712	-0.086654
464.000000	-0.086841	-0.086784	-0.086899	-0.087001	-0.086800	-0.086899	-0.086942
465.000000	-0.086961	-0.087092	-0.087165	-0.087239	-0.087062	-0.087111	-0.087228
466.000000	-0.087289	-0.087451	-0.087404	-0.087481	-0.087365	-0.087436	-0.087495
467.000000	-0.087725	-0.087789	-0.087631	-0.087717	-0.087702	-0.087798	-0.087747
468.000000	-0.088006	-0.088001	-0.087890	-0.087911	-0.088056	-0.088037	-0.087994
469.000000	-0.088132	-0.088126	-0.088176	-0.088107	-0.088379	-0.088162	-0.088232
470.000000	-0.088314	-0.088314	-0.088444	-0.088416	-0.088597	-0.088322	-0.088444
471.000000	-0.088612	-0.088585	-0.088675	-0.088795	-0.088723	-0.088567	-0.088627
472.000000	-0.088891	-0.088797	-0.088876	-0.089019	-0.088872	-0.088819	-0.088800
473.000000	-0.089086	-0.088908	-0.089064	-0.089045	-0.089100	-0.089041	-0.089005
474.000000	-0.089266	-0.089060	-0.089270	-0.089155	-0.089340	-0.089274	-0.089317
475.000000	-0.089485	-0.089346	-0.089505	-0.089505	-0.089545	-0.089540	-0.089738
476.000000	-0.089722	-0.089677	-0.089721	-0.089836	-0.089745	-0.089790	-0.090064
477.000000	-0.089952	-0.089962	-0.089891	-0.089936	-0.089965	-0.089991	-0.090146
478.000000	-0.090179	-0.090202	-0.090086	-0.090024	-0.090182	-0.090199	-0.090172
479.000000	-0.090404	-0.090417	-0.090378	-0.090351	-0.090370	-0.090472	-0.090363
480.000000	-0.090601	-0.090615	-0.090671	-0.090758	-0.090562	-0.090741	-0.090657
481.000000	-0.090732	-0.090795	-0.090833	-0.090966	-0.090801	-0.090899	-0.090895
482.000000	-0.090800	-0.090941	-0.090885	-0.090979	-0.091017	-0.090955	-0.091016
483.000000	-0.090832	-0.091030	-0.090933	-0.090948	-0.091095	-0.090975	-0.091011
484.000000	-0.090871	-0.091069	-0.091004	-0.090953	-0.091067	-0.091007	-0.090973
485.000000	-0.090977	-0.091092	-0.091066	-0.091016	-0.091082	-0.091081	-0.091068
486.000000	-0.091141	-0.091120	-0.091117	-0.091133	-0.091190	-0.091198	-0.091295
487.000000	-0.091286	-0.091161	-0.091197	-0.091270	-0.091332	-0.091327	-0.091465
488.000000	-0.091381	-0.091233	-0.091321	-0.091404	-0.091455	-0.091439	-0.091504
489.000000	-0.091486	-0.091375	-0.091471	-0.091524	-0.091534	-0.091514	-0.091535
490.000000	-0.091646	-0.091599	-0.091645	-0.091643	-0.091591	-0.091574	-0.091660
491.000000	-0.091858	-0.091859	-0.091880	-0.091817	-0.091759	-0.091739	-0.091879
492.000000	-0.092086	-0.092087	-0.092173	-0.092058	-0.092092	-0.092057	-0.092140
493.000000	-0.092208	-0.092173	-0.092345	-0.092190	-0.092306	-0.092266	-0.092253
494.000000	-0.092131	-0.092045	-0.092240	-0.092067	-0.092148	-0.092126	-0.092077
495.000000	-0.092030	-0.091900	-0.092053	-0.091916	-0.091936	-0.091896	-0.091880
496.000000	-0.092129	-0.091987	-0.092061	-0.092038	-0.092110	-0.091952	-0.092015
497.000000	-0.092346	-0.092211	-0.092230	-0.092315	-0.092487	-0.092210	-0.092338
498.000000	-0.092458	-0.092325	-0.092377	-0.092434	-0.092605	-0.092375	-0.092482
499.000000	-0.092427	-0.092307	-0.092438	-0.092380	-0.092451	-0.092393	-0.092407
500.000000	-0.092349	-0.092300	-0.092433	-0.092348	-0.092334	-0.092389	-0.092314
501.000000	-0.092282	-0.092334	-0.092390	-0.092385	-0.092352	-0.092401	-0.092287
502.000000	-0.092237	-0.092327	-0.092343	-0.092380	-0.092376	-0.092378	-0.092285
503.000000	-0.092238	-0.092270	-0.092321	-0.092310	-0.092348	-0.092324	-0.092291
504.000000	-0.092330	-0.092280	-0.092346	-0.092290	-0.092340	-0.092330	-0.092331
505.000000	-0.092499	-0.092400	-0.092409	-0.092381	-0.092388	-0.092430	-0.092411
506.000000	-0.092594	-0.092493	-0.092439	-0.092497	-0.092423	-0.092510	-0.092477
507.000000	-0.092513	-0.092457	-0.092390	-0.092556	-0.092397	-0.092482	-0.092488
508.000000	-0.092385	-0.092382	-0.092331	-0.092563	-0.092363	-0.092415	-0.092479
509.000000	-0.092356	-0.092378	-0.092338	-0.092538	-0.092383	-0.092399	-0.092489
510.000000	-0.092432	-0.092451	-0.092406	-0.092510	-0.092454	-0.092442	-0.092527
511.000000	-0.092566	-0.092566	-0.092500	-0.092501	-0.092551	-0.092526	-0.092586
512.000000	-0.092652	-0.092627	-0.092547	-0.092486	-0.092614	-0.092593	-0.092611
513.000000	-0.092571	-0.092528	-0.092465	-0.092425	-0.092578	-0.092574	-0.092537
514.000000	-0.092401	-0.092338	-0.092330	-0.092350	-0.092493	-0.092499	-0.092423
515.000000	-0.092339	-0.092239	-0.092318	-0.092336	-0.092480	-0.092462	-0.092400
516.000000	-0.092403	-0.092261	-0.092416	-0.092375	-0.092528	-0.092476	-0.092462
517.000000	-0.092430	-0.092283	-0.092437	-0.092382	-0.092495	-0.092472	-0.092466
518.000000	-0.092352	-0.092248	-0.092325	-0.092319	-0.092352	-0.092418	-0.092369
519.000000	-0.092237	-0.092191	-0.092216	-0.092227	-0.092229	-0.092330	-0.092278
520.000000	-0.092143	-0.092141	-0.092181	-0.092139	-0.092200	-0.092228	-0.092254
521.000000	-0.092085	-0.092100	-0.092140	-0.092068	-0.092205	-0.092139	-0.092247
522.000000	-0.092062	-0.092066	-0.092038	-0.092021	-0.092183	-0.092077	-0.092206
523.000000	-0.092049	-0.092036	-0.091964	-0.091993	-0.092136	-0.092023	-0.092110
524.000000	-0.092025	-0.092007	-0.092000	-0.091979	-0.092073	-0.091961	-0.091969
525.000000	-0.092006	-0.091992	-0.092069	-0.091977	-0.092004	-0.091924	-0.091892
526.000000	-0.092019	-0.092004	-0.092066	-0.091988	-0.091943	-0.091949	-0.091987
527.000000	-0.092054	-0.092024	-0.092015	-0.092015	-0.091932	-0.092017	-0.092153
528.000000	-0.092093	-0.092023	-0.091981	-0.092058	-0.092009	-0.092085	-0.092212
529.000000	-0.092097	-0.091980	-0.091954	-0.092078	-0.092092	-0.092101	-0.092143
530.000000	-0.092024	-0.091884	-0.091884	-0.092013	-0.092030	-0.092010	-0.092014
531.000000	-0.091911	-0.091785	-0.091798	-0.091898	-0.091874	-0.091868	-0.091899
532.000000	-0.091861	-0.091782	-0.091790	-0.091853	-0.091847	-0.091814	-0.091871
533.000000	-0.091858	-0.091833	-0.091832	-0.091881	-0.091941	-0.091835	-0.091889
534.000000	-0.091733	-0.091714	-0.091740	-0.091835	-0.091856	-0.091718	-0.091770
535.000000	-0.091587	-0.091519	-0.091612	-0.091726	-0.091644	-0.091550	-0.091617
536.000000	-0.092014	-0.091933	-0.092069	-0.091857	-0.092027	-0.091982	-0.092055
537.000000	-0.092824	-0.092809	-0.092918	-0.092189	-0.092889	-0.092847	-0.092898
538.000000	-0.091585	-0.091633	-0.091656	-0.091671	-0.091704	-0.091645	-0.091656
539.000000	-0.087813	-0.087845	-0.087761	-0.090052	-0.087903	-0.087836	-0.087809
540.000000	-0.090239	-0.090230	-0.090098	-0.090917	-0.090286	-0.090217	-0.090189
541.000000	-0.104214	-0.104210	-0.104157	-0.096515	-0.104293	-0.104213	-0.104249
542.000000	-0.100852	-0.100873	-0.100950	-0.095303	-0.100985	-0.100909	-0.101015
543.000000	-0.046495	-0.046505	-0.046640	-0.073700	-0.046610	-0.046579	-0.046681
544.000000	0.017393	0.017415	0.017311	-0.047375	0.017351	0.017321	0.017274
545.000000	0.013772	0.013799	0.013778	-0.045971	0.013782	0.013733	0.013712
546.000000	-0.048478	-0.048474	-0.048424	-0.067649	-0.048468	-0.048494	-0.048526
547.000000	-0.094158	-0.094178	-0.094142	-0.086190	-0.094197	-0.094200	-0.094228
548.000000	-0.097259	-0.097275	-0.097341	-0.091199	-0.097368	-0.097355	-0.097357
549.000000	-0.089058	-0.089026	-0.089195	-0.090833	-0.089204	-0.089158	-0.089146
550.000000	-0.088768	-0.088669	-0.088871	-0.090723	-0.088897	-0.088797	-0.088802
551.000000	-0.091148	-0.091050	-0.091177	-0.090810	-0.091238	-0.091107	-0.091131
552.000000	-0.091324	-0.091329	-0.091292	-0.090732	-0.091387	-0.091268	-0.091296
553.000000	-0.090525	-0.090622	-0.090484	-0.090624	-0.090601	-0.090495	-0.090527
554.000000	-0.090328	-0.090411	-0.090341	-0.090615	-0.090457	-0.090337	-0.090382
555.000000	-0.090449	-0.090465	-0.090510	-0.090560	-0.090606	-0.090462	-0.090532
556.000000	-0.090340	-0.090311	-0.090377	-0.090326	-0.090441	-0.090289	-0.090391
557.000000	-0.090191	-0.090163	-0.090177	-0.090164	-0.090212	-0.090066	-0.090196
558.000000	-0.090331	-0.090351	-0.090313	-0.090347	-0.090337	-0.090204	-0.090341
559.000000	-0.090264	-0.090326	-0.090264	-0.090315	-0.090292	-0.090180	-0.090307
560.000000	-0.089265	-0.089293	-0.089247	-0.089288	-0.089279	-0.089204	-0.089310
561.000000	-0.088866	-0.088822	-0.088811	-0.088833	-0.088841	-0.088804	-0.088877
562.000000	-0.091871	-0.091825	-0.091827	-0.091853	-0.091856	-0.091821	-0.091844
563.000000	-0.094052	-0.094077	-0.094063	-0.094119	-0.094088	-0.094031	-0.094012
564.000000	-0.084569	-0.084630	-0.084593	-0.084680	-0.084607	-0.084559	-0.084554
565.000000	-0.073628	-0.073655	-0.073614	-0.073709	-0.073599	-0.073604	-0.073666
566.000000	-0.101644	-0.101641	-0.101635	-0.101699	-0.101562	-0.101618	-0.101726
567.000000	-0.172106	-0.172118	-0.172186	-0.172184	-0.172036	-0.172106	-0.172196
568.000000	-0.207647	-0.207675	-0.207807	-0.207749	-0.207624	-0.207666	-0.207718
569.000000	-0.158858	-0.158868	-0.159012	-0.158948	-0.158882	-0.158863	-0.158892
570.000000	-0.091377	-0.091369	-0.091477	-0.091457	-0.091438	-0.091360	-0.091378
571.000000	-0.073511	-0.073512	-0.073553	-0.073613	-0.073590	-0.073487	-0.073497
572.000000	-0.086877	-0.086893	-0.086855	-0.086986	-0.086924	-0.086845	-0.086847
573.000000	-0.093513	-0.093519	-0.093414	-0.093558	-0.093460	-0.093455	-0.093448
574.000000	-0.090245	-0.090230	-0.090099	-0.090218	-0.090100	-0.090166	-0.090156
575.000000	-0.087774	-0.087763	-0.087669	-0.087765	-0.087658	-0.087722	-0.087723
576.000000	-0.088332	-0.088334	-0.088305	-0.088392	-0.088328	-0.088324	-0.088339
577.000000	-0.089037	-0.089024	-0.089023	-0.089100	-0.089112	-0.089027	-0.089040
578.000000	-0.088895	-0.088851	-0.088837	-0.088898	-0.088980	-0.088847	-0.088848
579.000000	-0.088616	-0.088576	-0.088566	-0.088606	-0.088681	-0.088566	-0.088572
580.000000	-0.088456	-0.088457	-0.088482	-0.088496	-0.088496	-0.088446	-0.088481
581.000000	-0.088040	-0.088053	-0.088108	-0.088091	-0.088060	-0.088032	-0.088097
582.000000	-0.087586	-0.087566	-0.087617	-0.087571	-0.087598	-0.087522	-0.087597
583.000000	-0.088433	-0.088413	-0.088421	-0.088373	-0.088463	-0.088353	-0.088406
584.000000	-0.090203	-0.090248	-0.090196	-0.090174	-0.090274	-0.090195	-0.090200
585.000000	-0.087734	-0.087812	-0.087752	-0.087743	-0.087838	-0.087786	-0.087760
586.000000	-0.081207	-0.081210	-0.081235	-0.081194	-0.081307	-0.081225	-0.081218
587.000000	-0.094470	-0.094400	-0.094490	-0.094426	-0.094538	-0.094436	-0.094461
588.000000	-0.146067	-0.146047	-0.146067	-0.146045	-0.146094	-0.146057	-0.146083
589.000000	-0.190240	-0.190323	-0.190246	-0.190272	-0.190241	-0.190281	-0.190309
590.000000	-0.167696	-0.167813	-0.167772	-0.167771	-0.167708	-0.167727	-0.167810
591.000000	-0.106044	-0.106137	-0.106197	-0.106132	-0.106109	-0.106035	-0.106182
592.000000	-0.074536	-0.074626	-0.074677	-0.074613	-0.074687	-0.074551	-0.074684
593.000000	-0.081010	-0.081104	-0.081055	-0.081066	-0.081221	-0.081083	-0.081138
594.000000	-0.087577	-0.087600	-0.087527	-0.087626	-0.087728	-0.087633	-0.087638
595.000000	-0.084113	-0.084024	-0.084016	-0.084176	-0.084113	-0.084084	-0.084089
596.000000	-0.091177	-0.091082	-0.091079	-0.091252	-0.091094	-0.091120	-0.091129
597.000000	-0.103562	-0.103581	-0.103496	-0.103640	-0.103517	-0.103571	-0.103562
598.000000	-0.074385	-0.074425	-0.074346	-0.074459	-0.074375	-0.074425	-0.074387
599.000000	0.004358	0.004479	0.004391	0.004293	0.004407	0.004385	0.004441
600.000000	0.046735	0.046979	0.046747	0.046691	0.046827	0.046828	0.046854
601.000000	-0.005839	-0.005681	-0.005884	-0.005853	-0.005764	-0.005765	-0.005830
602.000000	-0.081710	-0.081713	-0.081802	-0.081720	-0.081694	-0.081694	-0.081843
603.000000	-0.102635	-0.102715	-0.102716	-0.102692	-0.102685	-0.102659	-0.102815
604.000000	-0.087429	-0.087498	-0.087463	-0.087534	-0.087522	-0.087465	-0.087574
605.000000	-0.079192	-0.079209	-0.079184	-0.079284	-0.079282	-0.079221	-0.079274
606.000000	-0.082321	-0.082297	-0.082295	-0.082368	-0.082380	-0.082329	-0.082352
607.000000	-0.084679	-0.084676	-0.084667	-0.084714	-0.084718	-0.084664	-0.084708
608.000000	-0.083566	-0.083616	-0.083572	-0.083605	-0.083598	-0.083533	-0.083611
609.000000	-0.082316	-0.082377	-0.082293	-0.082307	-0.082330	-0.082276	-0.082328
610.000000	-0.082120	-0.082139	-0.082038	-0.082026	-0.082103	-0.082082	-0.082061
611.000000	-0.082122	-0.082092	-0.082017	-0.081985	-0.082069	-0.082081	-0.082023
612.000000	-0.081864	-0.081805	-0.081790	-0.081763	-0.081789	-0.081820	-0.081783
613.000000	-0.081509	-0.081443	-0.081480	-0.081496	-0.081454	-0.081495	-0.081466
614.000000	-0.081203	-0.081149	-0.081210	-0.081286	-0.081216	-0.081249	-0.081192
615.000000	-0.080985	-0.080946	-0.081049	-0.081106	-0.081076	-0.081051	-0.081002
616.000000	-0.080857	-0.080829	-0.081005	-0.080934	-0.081001	-0.080869	-0.080901
617.000000	-0.080752	-0.080752	-0.080944	-0.080793	-0.080917	-0.080724	-0.080821
618.000000	-0.080610	-0.080667	-0.080755	-0.080700	-0.080760	-0.080627	-0.080696
619.000000	-0.080448	-0.080545	-0.080513	-0.080610	-0.080554	-0.080517	-0.080523
620.000000	-0.080300	-0.080375	-0.080325	-0.080472	-0.080346	-0.080337	-0.080321
621.000000	-0.080185	-0.080218	-0.080211	-0.080305	-0.080197	-0.080155	-0.080159
622.000000	-0.080113	-0.080151	-0.080148	-0.080147	-0.080160	-0.080067	-0.080106
623.000000	-0.080043	-0.080110	-0.080077	-0.080001	-0.080148	-0.080043	-0.080081
624.000000	-0.079910	-0.079969	-0.079923	-0.079854	-0.080011	-0.079985	-0.079932
625.000000	-0.079731	-0.079743	-0.079719	-0.079729	-0.079774	-0.079861	-0.079687
626.000000	-0.079586	-0.079556	-0.079581	-0.079672	-0.079588	-0.079692	-0.079507
627.000000	-0.079484	-0.079446	-0.079521	-0.079649	-0.079488	-0.079509	-0.079430
628.000000	-0.079350	-0.079356	-0.079437	-0.079535	-0.079368	-0.079357	-0.079357
629.000000	-0.079172	-0.079246	-0.079283	-0.079298	-0.079187	-0.079247	-0.079232
630.000000	-0.079036	-0.079116	-0.079110	-0.079058	-0.079010	-0.079133	-0.079085
631.000000	-0.078976	-0.078971	-0.078962	-0.078897	-0.078889	-0.078990	-0.078950
632.000000	-0.078887	-0.078828	-0.078845	-0.078786	-0.078819	-0.078843	-0.078846
633.000000	-0.078701	-0.078703	-0.078753	-0.078694	-0.078775	-0.078712	-0.078780
634.000000	-0.078525	-0.078598	-0.078658	-0.078625	-0.078690	-0.078585	-0.078702
635.000000	-0.078465	-0.078507	-0.078532	-0.078577	-0.078509	-0.078450	-0.078569
636.000000	-0.078426	-0.078382	-0.078380	-0.078474	-0.078296	-0.078314	-0.078398
637.000000	-0.078277	-0.078176	-0.078214	-0.078237	-0.078135	-0.078189	-0.078223
638.000000	-0.078044	-0.077933	-0.078022	-0.077952	-0.078000	-0.078050	-0.078035
639.000000	-0.077821	-0.077735	-0.077790	-0.077766	-0.077830	-0.077866	-0.077813
640.000000	-0.077646	-0.077614	-0.077574	-0.077684	-0.077661	-0.077670	-0.077611
641.000000	-0.077523	-0.077565	-0.077469	-0.077626	-0.077594	-0.077540	-0.077524
642.000000	-0.077450	-0.077547	-0.077474	-0.077559	-0.077612	-0.077482	-0.077529
643.000000	-0.077421	-0.077487	-0.077493	-0.077497	-0.077592	-0.077441	-0.077494
644.000000	-0.077415	-0.077372	-0.077468	-0.077434	-0.077486	-0.077390	-0.077384
645.000000	-0.077385	-0.077266	-0.077385	-0.077335	-0.077344	-0.077338	-0.077285
646.000000	-0.077322	-0.077214	-0.077275	-0.077219	-0.077228	-0.077303	-0.077256
647.000000	-0.077274	-0.077220	-0.077233	-0.077210	-0.077205	-0.077314	-0.077284
648.000000	-0.077281	-0.077273	-0.077313	-0.077356	-0.077297	-0.077376	-0.077343
649.000000	-0.077331	-0.077331	-0.077424	-0.077486	-0.077409	-0.077424	-0.077393
650.000000	-0.077397	-0.077360	-0.077470	-0.077447	-0.077447	-0.077402	-0.077396
651.000000	-0.077425	-0.077362	-0.077421	-0.077316	-0.077415	-0.077326	-0.077342
652.000000	-0.077357	-0.077338	-0.077272	-0.077202	-0.077331	-0.077225	-0.077225
653.000000	-0.077170	-0.077209	-0.077057	-0.077073	-0.077154	-0.077068	-0.077050
654.000000	-0.076860	-0.076890	-0.076820	-0.076854	-0.076838	-0.076815	-0.076828
655.000000	-0.076494	-0.076475	-0.076557	-0.076548	-0.076461	-0.076505	-0.076566
656.000000	-0.076169	-0.076148	-0.076247	-0.076200	-0.076163	-0.076215	-0.076277
657.000000	-0.075936	-0.075953	-0.075962	-0.075921	-0.075978	-0.075993	-0.076013
658.000000	-0.075807	-0.075832	-0.075836	-0.075862	-0.075863	-0.075861	-0.075851
659.000000	-0.075762	-0.075764	-0.075860	-0.075972	-0.075809	-0.075806	-0.075798
660.000000	-0.075757	-0.075767	-0.075868	-0.075991	-0.075837	-0.075777	-0.075780
661.000000	-0.075743	-0.075807	-0.075783	-0.075809	-0.075901	-0.075736	-0.075745
662.000000	-0.075672	-0.075772	-0.075672	-0.075564	-0.075841	-0.075658	-0.075676
663.000000	-0.075524	-0.075613	-0.075567	-0.075368	-0.075590	-0.075526	-0.075567
664.000000	-0.075334	-0.075421	-0.075400	-0.075240	-0.075294	-0.075331	-0.075422
665.000000	-0.075117	-0.075250	-0.075118	-0.075144	-0.075063	-0.075068	-0.075227
666.000000	-0.074819	-0.074978	-0.074750	-0.074924	-0.074799	-0.074747	-0.074893
667.000000	-0.074403	-0.074505	-0.074343	-0.074464	-0.074410	-0.074388	-0.074373
668.000000	-0.074006	-0.074007	-0.073972	-0.073968	-0.074011	-0.074030	-0.073874
669.000000	-0.073780	-0.073698	-0.073703	-0.073685	-0.073750	-0.073715	-0.073623
670.000000	-0.073612	-0.073520	-0.073494	-0.073546	-0.073565	-0.073437	-0.073500
671.000000	-0.073304	-0.073312	-0.073267	-0.073363	-0.073323	-0.073176	-0.073260
672.000000	-0.072923	-0.073052	-0.073048	-0.073118	-0.073035	-0.072947	-0.072932
673.000000	-0.072685	-0.072804	-0.072912	-0.072892	-0.072799	-0.072780	-0.072702
674.000000	-0.072603	-0.072608	-0.072819	-0.072724	-0.072637	-0.072663	-0.072616
675.000000	-0.072514	-0.072480	-0.072628	-0.072615	-0.072510	-0.072548	-0.072591
676.000000	-0.072369	-0.072411	-0.072360	-0.072538	-0.072410	-0.072415	-0.072548
677.000000	-0.072263	-0.072362	-0.072240	-0.072433	-0.072376	-0.072285	-0.072419
678.000000	-0.072257	-0.072324	-0.072348	-0.072309	-0.072411	-0.072193	-0.072236
679.000000	-0.072337	-0.072348	-0.072507	-0.072291	-0.072454	-0.072199	-0.072202
680.000000	-0.072447	-0.072438	-0.072557	-0.072419	-0.072457	-0.072300	-0.072396
681.000000	-0.072454	-0.072475	-0.072451	-0.072494	-0.072418	-0.072344	-0.072532
682.000000	-0.072282	-0.072370	-0.072209	-0.072366	-0.072351	-0.072227	-0.072394
683.000000	-0.072116	-0.072216	-0.072038	-0.072195	-0.072300	-0.072128	-0.072196
684.000000	-0.072145	-0.072131	-0.072125	-0.072168	-0.072304	-0.072229	-0.072191
685.000000	-0.072260	-0.072158	-0.072332	-0.072252	-0.072343	-0.072403	-0.072308
686.000000	-0.072276	-0.072298	-0.072440	-0.072349	-0.072377	-0.072442	-0.072381
687.000000	-0.072193	-0.072411	-0.072405	-0.072382	-0.072359	-0.072343	-0.072360
688.000000	-0.072099	-0.072313	-0.072278	-0.072301	-0.072245	-0.072195	-0.072251
689.000000	-0.072040	-0.072078	-0.072118	-0.072142	-0.072087	-0.072060	-0.072108
690.000000	-0.072034	-0.071955	-0.071994	-0.072010	-0.071999	-0.071975	-0.072007
691.000000	-0.072068	-0.071993	-0.071936	-0.071959	-0.072000	-0.071955	-0.071973
692.000000	-0.072100	-0.072042	-0.071941	-0.071997	-0.072014	-0.071992	-0.071975
693.000000	-0.072117	-0.072047	-0.071996	-0.072093	-0.072021	-0.072067	-0.072001
694.000000	-0.072140	-0.072091	-0.072070	-0.072162	-0.072070	-0.072153	-0.072075
695.000000	-0.072183	-0.072200	-0.072140	-0.072170	-0.072169	-0.072216	-0.072188
696.000000	-0.072232	-0.072270	-0.072189	-0.072191	-0.072228	-0.072223	-0.072274
697.000000	-0.072276	-0.072244	-0.072222	-0.072265	-0.072199	-0.072176	-0.072293
698.000000	-0.072317	-0.072231	-0.072294	-0.072317	-0.072167	-0.072188	-0.072295
699.000000	-0.072360	-0.072329	-0.072434	-0.072290	-0.072221	-0.072340	-0.072329
700.000000	-0.072425	-0.072466	-0.072526	-0.072293	-0.072349	-0.072511	-0.072350
701.000000	-0.072527	-0.072543	-0.072458	-0.072440	-0.072511	-0.072557	-0.072316
702.000000	-0.072641	-0.072556	-0.072366	-0.072618	-0.072646	-0.072532	-0.072318
703.000000	-0.072731	-0.072538	-0.072450	-0.072651	-0.072693	-0.072548	-0.072476
704.000000	-0.072754	-0.072518	-0.072635	-0.072583	-0.072661	-0.072575	-0.072687
705.000000	-0.072673	-0.072518	-0.072706	-0.072566	-0.072599	-0.072511	-0.072738
706.000000	-0.072531	-0.072515	-0.072632	-0.072579	-0.072531	-0.072376	-0.072622
707.000000	-0.072432	-0.072457	-0.072521	-0.072475	-0.072461	-0.072276	-0.072490
708.000000	-0.072378	-0.072332	-0.072411	-0.072270	-0.072383	-0.072235	-0.072383
709.000000	-0.072264	-0.072180	-0.072255	-0.072163	-0.072275	-0.072181	-0.072224
710.000000	-0.072055	-0.072026	-0.072046	-0.072187	-0.072122	-0.072061	-0.071994
711.000000	-0.071833	-0.071875	-0.071834	-0.072110	-0.071919	-0.071855	-0.071776
712.000000	-0.071662	-0.071731	-0.071649	-0.071813	-0.071674	-0.071586	-0.071627
713.000000	-0.071537	-0.071602	-0.071464	-0.071453	-0.071427	-0.071368	-0.071541
714.000000	-0.071431	-0.071478	-0.071257	-0.071180	-0.071214	-0.071260	-0.071479
715.000000	-0.071264	-0.071301	-0.071041	-0.071001	-0.071039	-0.071116	-0.071338
716.000000	-0.070980	-0.071028	-0.070832	-0.070883	-0.070890	-0.070809	-0.071033
717.000000	-0.070672	-0.070750	-0.070622	-0.070744	-0.070709	-0.070495	-0.070649
718.000000	-0.070452	-0.070569	-0.070399	-0.070499	-0.070434	-0.070366	-0.070305
719.000000	-0.070255	-0.070428	-0.070158	-0.070152	-0.070091	-0.070284	-0.070016
720.000000	-0.069961	-0.070217	-0.069901	-0.069753	-0.069749	-0.070012	-0.069760
721.000000	-0.069651	-0.069957	-0.069655	-0.069445	-0.069527	-0.069660	-0.069588
722.000000	-0.069515	-0.069739	-0.069461	-0.069407	-0.069555	-0.069529	-0.069581
723.000000	-0.069507	-0.069569	-0.069296	-0.069529	-0.069665	-0.069595	-0.069613
724.000000	-0.069386	-0.069375	-0.069086	-0.069467	-0.069451	-0.069561	-0.069395
725.000000	-0.069104	-0.069146	-0.068851	-0.069174	-0.068953	-0.069317	-0.068958
726.000000	-0.068849	-0.068942	-0.068721	-0.068960	-0.068740	-0.068977	-0.068711
727.000000	-0.068757	-0.068800	-0.068749	-0.068972	-0.068984	-0.068665	-0.068809
728.000000	-0.068862	-0.068709	-0.068847	-0.069051	-0.069143	-0.068494	-0.068947
729.000000	-0.069146	-0.068707	-0.068973	-0.069096	-0.068929	-0.068544	-0.068955
730.000000	-0.069494	-0.068958	-0.069224	-0.069217	-0.068806	-0.068820	-0.069086
731.000000	-0.069808	-0.069570	-0.069674	-0.069507	-0.069180	-0.069298	-0.069553
732.000000	-0.070091	-0.070399	-0.070244	-0.069904	-0.069877	-0.069888	-0.070234
