[HEADER]
Format	J&M ASCII Table
Comment	Remin PV CDOM Samples 
Date	2/12/1980 7:27:00 AM
Order	Y (evenX)
TechType	UV
NumPoints	483
FirstX	250.00
LastX	732.00
XType	NMetr
YType	Absrb
ZType	Secs
NumSubFile	7
Matrix	Z vs X
[DATA]
	0.000000	5.000064	10.000128	15.000256	20.000320	25.000383	30.000511
250.000000	1.293817	1.295725	1.292964	1.290512	1.295249	1.294193	1.293759
251.000000	1.281404	1.282577	1.279827	1.277252	1.282363	1.279797	1.281279
252.000000	1.269790	1.269243	1.267690	1.267695	1.266685	1.268314	1.268623
253.000000	1.258311	1.256883	1.256955	1.258366	1.252590	1.256835	1.256912
254.000000	1.246735	1.246495	1.247620	1.246892	1.243386	1.243602	1.246969
255.000000	1.236705	1.238035	1.238291	1.236643	1.236560	1.232437	1.238147
256.000000	1.229926	1.231308	1.228112	1.231253	1.229246	1.227256	1.229875
257.000000	1.226200	1.226509	1.220827	1.228966	1.223570	1.225888	1.223769
258.000000	1.224743	1.223963	1.220917	1.226618	1.222784	1.224537	1.221874
259.000000	1.225283	1.223937	1.225668	1.224750	1.225173	1.223305	1.223510
260.000000	1.227771	1.226596	1.228988	1.225675	1.226710	1.224220	1.226675
261.000000	1.231446	1.230994	1.230045	1.229463	1.227262	1.227865	1.230734
262.000000	1.235009	1.235341	1.232003	1.234443	1.229618	1.233629	1.236042
263.000000	1.237347	1.238281	1.235182	1.238765	1.233554	1.239084	1.240827
264.000000	1.237591	1.238993	1.236563	1.240447	1.235352	1.239803	1.240907
265.000000	1.235863	1.237713	1.234980	1.238679	1.233943	1.234987	1.235794
266.000000	1.233943	1.236417	1.232710	1.234649	1.233057	1.230162	1.231478
267.000000	1.232560	1.235770	1.231264	1.229684	1.234469	1.228572	1.231337
268.000000	1.229338	1.232639	1.229344	1.224975	1.233751	1.226061	1.230440
269.000000	1.222141	1.224298	1.225062	1.220764	1.226743	1.218653	1.223887
270.000000	1.211720	1.212007	1.215962	1.213596	1.214213	1.207723	1.212078
271.000000	1.199310	1.197766	1.200225	1.200028	1.198145	1.195545	1.196780
272.000000	1.184717	1.182030	1.180893	1.182395	1.180466	1.181699	1.180088
273.000000	1.167295	1.164683	1.162424	1.164838	1.162866	1.164883	1.163924
274.000000	1.147385	1.145862	1.144647	1.147301	1.144837	1.145406	1.147206
275.000000	1.125882	1.125818	1.124809	1.127390	1.124670	1.124459	1.127253
276.000000	1.103273	1.104184	1.102128	1.104614	1.102005	1.102369	1.103944
277.000000	1.079682	1.080086	1.077549	1.080147	1.077663	1.078717	1.079354
278.000000	1.055237	1.053883	1.052138	1.054863	1.052614	1.053532	1.054334
279.000000	1.030090	1.027514	1.027041	1.029193	1.027962	1.027444	1.028095
280.000000	1.004522	1.002201	1.002722	1.003542	1.003921	1.001114	1.000775
281.000000	0.979054	0.977617	0.978355	0.978327	0.978998	0.975196	0.974473
282.000000	0.954169	0.953378	0.953426	0.953758	0.952498	0.950242	0.950596
283.000000	0.930153	0.929438	0.928728	0.929458	0.926575	0.926514	0.927944
284.000000	0.907047	0.905747	0.905018	0.905058	0.903172	0.904006	0.905055
285.000000	0.883947	0.881993	0.881850	0.880697	0.881022	0.881749	0.881378
286.000000	0.860009	0.857974	0.858585	0.856732	0.858296	0.858740	0.856855
287.000000	0.836638	0.834803	0.835613	0.834041	0.835511	0.835644	0.833090
288.000000	0.815973	0.813996	0.813735	0.813591	0.814091	0.813763	0.812179
289.000000	0.797449	0.795207	0.793409	0.794801	0.794354	0.793491	0.793580
290.000000	0.778835	0.776934	0.774843	0.776146	0.775892	0.774626	0.775136
291.000000	0.759676	0.758681	0.757592	0.757389	0.758114	0.756833	0.756407
292.000000	0.741212	0.740923	0.740618	0.739514	0.740280	0.739655	0.738599
293.000000	0.724123	0.723940	0.723606	0.722978	0.722401	0.722827	0.722187
294.000000	0.708209	0.707686	0.707296	0.707431	0.705552	0.706357	0.706539
295.000000	0.693185	0.692185	0.692110	0.692517	0.690338	0.690481	0.691248
296.000000	0.678729	0.677664	0.677641	0.677994	0.676233	0.675870	0.676553
297.000000	0.664625	0.664196	0.663553	0.663753	0.662710	0.662830	0.662659
298.000000	0.651007	0.651289	0.650050	0.650064	0.649711	0.650336	0.649417
299.000000	0.638055	0.638493	0.637386	0.637195	0.637251	0.637405	0.636656
300.000000	0.625835	0.626128	0.625501	0.625033	0.625279	0.624587	0.624471
301.000000	0.614343	0.614655	0.614214	0.613362	0.613709	0.612767	0.612980
302.000000	0.603270	0.603723	0.603113	0.602078	0.602391	0.601759	0.601870
303.000000	0.592203	0.592657	0.591731	0.591132	0.591160	0.590904	0.590662
304.000000	0.581195	0.581495	0.580292	0.580455	0.580122	0.579997	0.579419
305.000000	0.570615	0.570764	0.569480	0.569968	0.569560	0.569154	0.568571
306.000000	0.560493	0.560550	0.559411	0.559647	0.559415	0.558547	0.558235
307.000000	0.550507	0.550472	0.549606	0.549522	0.549278	0.548396	0.548200
308.000000	0.540555	0.540377	0.539771	0.539628	0.539079	0.538692	0.538352
309.000000	0.530898	0.530487	0.529936	0.529993	0.529281	0.529071	0.528753
310.000000	0.521614	0.520943	0.520205	0.520566	0.520080	0.519370	0.519399
311.000000	0.512304	0.511633	0.510786	0.511110	0.510952	0.509940	0.510102
312.000000	0.502686	0.502410	0.501768	0.501485	0.501479	0.501008	0.500715
313.000000	0.493128	0.493132	0.492780	0.491970	0.491974	0.492115	0.491316
314.000000	0.484027	0.483691	0.483450	0.482845	0.482799	0.482774	0.482008
315.000000	0.475155	0.474156	0.473962	0.473875	0.473740	0.473179	0.472770
316.000000	0.466115	0.464657	0.464649	0.464713	0.464440	0.463713	0.463540
317.000000	0.456820	0.455354	0.455523	0.455502	0.454985	0.454426	0.454284
318.000000	0.447351	0.446396	0.446434	0.446595	0.445664	0.445204	0.444986
319.000000	0.437837	0.437590	0.437260	0.437745	0.436439	0.436008	0.435699
320.000000	0.428437	0.428493	0.427904	0.428265	0.427032	0.426855	0.426522
321.000000	0.419137	0.418989	0.418391	0.418181	0.417465	0.417643	0.417383
322.000000	0.409728	0.409332	0.408871	0.408312	0.408099	0.408142	0.408018
323.000000	0.400128	0.399744	0.399459	0.399058	0.399057	0.398411	0.398375
324.000000	0.390471	0.390359	0.390199	0.390056	0.390042	0.388995	0.388759
325.000000	0.380968	0.381242	0.381075	0.381011	0.380850	0.380168	0.379448
326.000000	0.371964	0.372309	0.371954	0.371956	0.371603	0.371435	0.370566
327.000000	0.363596	0.363463	0.362745	0.362950	0.362443	0.362367	0.362098
328.000000	0.355152	0.354627	0.353599	0.353948	0.353414	0.353244	0.353569
329.000000	0.345963	0.345772	0.344723	0.344929	0.344545	0.344450	0.344562
330.000000	0.336806	0.337117	0.336320	0.336117	0.335916	0.336032	0.335596
331.000000	0.328806	0.328919	0.328531	0.327788	0.327611	0.327904	0.327421
332.000000	0.321473	0.320962	0.320911	0.319847	0.319558	0.319915	0.319707
333.000000	0.313506	0.312806	0.312750	0.312010	0.311619	0.311889	0.311602
334.000000	0.304981	0.304670	0.304269	0.304275	0.303881	0.303912	0.303285
335.000000	0.297060	0.297282	0.296419	0.296858	0.296610	0.296269	0.295744
336.000000	0.290089	0.290624	0.289453	0.289744	0.289748	0.289044	0.289049
337.000000	0.283413	0.283787	0.282775	0.282644	0.282848	0.282073	0.282161
338.000000	0.276599	0.276454	0.276046	0.275532	0.275778	0.275268	0.274706
339.000000	0.269709	0.269438	0.269465	0.268866	0.268993	0.268698	0.267588
340.000000	0.262924	0.263255	0.263179	0.262877	0.262768	0.262383	0.261399
341.000000	0.256616	0.257349	0.257056	0.257056	0.256763	0.256178	0.255593
342.000000	0.251044	0.251203	0.250986	0.250958	0.250673	0.250000	0.249645
343.000000	0.245894	0.245157	0.245137	0.244892	0.244732	0.244148	0.243865
344.000000	0.240754	0.239671	0.239687	0.239270	0.239237	0.238912	0.238648
345.000000	0.235496	0.234603	0.234433	0.234003	0.234016	0.233964	0.233625
346.000000	0.230114	0.229598	0.229065	0.228832	0.228752	0.228791	0.228216
347.000000	0.224730	0.224532	0.223694	0.223734	0.223516	0.223462	0.222697
348.000000	0.219532	0.219420	0.218657	0.218817	0.218583	0.218365	0.217793
349.000000	0.214602	0.214356	0.214042	0.214042	0.213939	0.213555	0.213458
350.000000	0.209923	0.209506	0.209714	0.209254	0.209325	0.208809	0.208992
351.000000	0.205451	0.204868	0.205443	0.204482	0.204652	0.204074	0.204192
352.000000	0.201106	0.200237	0.200883	0.200000	0.200048	0.199526	0.199492
353.000000	0.196792	0.195594	0.195981	0.195857	0.195593	0.195236	0.195138
354.000000	0.192381	0.191284	0.191222	0.191669	0.191253	0.191061	0.190957
355.000000	0.187828	0.187468	0.186943	0.187195	0.186979	0.186852	0.186770
356.000000	0.183306	0.183695	0.182901	0.182709	0.182708	0.182512	0.182509
357.000000	0.178999	0.179541	0.178817	0.178487	0.178403	0.178016	0.178155
358.000000	0.174974	0.175158	0.174651	0.174434	0.174166	0.173610	0.173810
359.000000	0.171226	0.170820	0.170446	0.170383	0.170105	0.169561	0.169600
360.000000	0.167506	0.166643	0.166339	0.166348	0.166153	0.165797	0.165583
361.000000	0.163502	0.162662	0.162476	0.162401	0.162187	0.162113	0.161771
362.000000	0.159266	0.158813	0.158688	0.158502	0.158183	0.158332	0.158021
363.000000	0.155070	0.154972	0.154641	0.154549	0.154182	0.154309	0.154108
364.000000	0.151095	0.151098	0.150478	0.150576	0.150289	0.150179	0.150078
365.000000	0.147436	0.147222	0.146752	0.146734	0.146659	0.146320	0.146213
366.000000	0.143997	0.143411	0.143506	0.143074	0.143227	0.142790	0.142605
367.000000	0.140433	0.139774	0.140110	0.139517	0.139646	0.139228	0.139090
368.000000	0.136572	0.136260	0.136210	0.135925	0.135728	0.135419	0.135493
369.000000	0.132595	0.132509	0.132051	0.132068	0.131625	0.131471	0.131638
370.000000	0.128670	0.128345	0.127911	0.127888	0.127524	0.127522	0.127495
371.000000	0.124818	0.124213	0.123949	0.123860	0.123601	0.123686	0.123430
372.000000	0.121028	0.120524	0.120258	0.120368	0.119973	0.120027	0.119772
373.000000	0.117275	0.117058	0.116715	0.116987	0.116522	0.116396	0.116347
374.000000	0.113536	0.113473	0.113153	0.113176	0.113066	0.112633	0.112873
375.000000	0.109841	0.109773	0.109512	0.109144	0.109452	0.108875	0.109256
376.000000	0.106234	0.106098	0.105783	0.105371	0.105571	0.105356	0.105491
377.000000	0.102702	0.102520	0.102059	0.101961	0.101651	0.101979	0.101718
378.000000	0.099195	0.099060	0.098489	0.098775	0.098109	0.098459	0.098158
379.000000	0.095705	0.095643	0.095066	0.095615	0.094927	0.094808	0.094849
380.000000	0.092256	0.092104	0.091642	0.092240	0.091696	0.091307	0.091663
381.000000	0.088817	0.088442	0.088188	0.088603	0.088234	0.088024	0.088449
382.000000	0.085282	0.084874	0.084837	0.084919	0.084684	0.084735	0.085040
383.000000	0.081661	0.081505	0.081606	0.081337	0.081157	0.081290	0.081380
384.000000	0.078197	0.078196	0.078269	0.077834	0.077660	0.077736	0.077634
385.000000	0.075027	0.074836	0.074699	0.074379	0.074207	0.074160	0.073976
386.000000	0.071901	0.071477	0.071138	0.070965	0.070873	0.070706	0.070533
387.000000	0.068573	0.068179	0.067828	0.067597	0.067703	0.067473	0.067367
388.000000	0.065113	0.064910	0.064705	0.064310	0.064560	0.064309	0.064293
389.000000	0.061681	0.061634	0.061632	0.061137	0.061298	0.061040	0.061103
390.000000	0.058419	0.058471	0.058572	0.058068	0.058077	0.057824	0.057915
391.000000	0.055435	0.055578	0.055527	0.055070	0.055152	0.054921	0.054956
392.000000	0.052576	0.052761	0.052438	0.052102	0.052383	0.052160	0.052104
393.000000	0.049542	0.049630	0.049223	0.049121	0.049399	0.049120	0.049038
394.000000	0.046412	0.046296	0.046033	0.046186	0.046214	0.045902	0.045840
395.000000	0.043613	0.043326	0.043220	0.043450	0.043195	0.043072	0.042959
396.000000	0.041153	0.040832	0.040778	0.040881	0.040474	0.040691	0.040447
397.000000	0.038473	0.038302	0.038210	0.038194	0.037857	0.038120	0.037818
398.000000	0.035337	0.035435	0.035275	0.035249	0.035193	0.035064	0.034841
399.000000	0.032228	0.032446	0.032309	0.032221	0.032468	0.032013	0.031869
400.000000	0.029530	0.029551	0.029579	0.029287	0.029699	0.029339	0.029186
401.000000	0.027077	0.026801	0.026944	0.026516	0.026947	0.026799	0.026653
402.000000	0.024642	0.024214	0.024257	0.023948	0.024272	0.024120	0.024094
403.000000	0.022176	0.021797	0.021677	0.021580	0.021696	0.021433	0.021503
404.000000	0.019682	0.019537	0.019391	0.019370	0.019221	0.018944	0.018922
405.000000	0.017170	0.017265	0.017183	0.017129	0.016802	0.016623	0.016408
406.000000	0.014657	0.014776	0.014706	0.014631	0.014377	0.014341	0.014017
407.000000	0.012209	0.012167	0.012053	0.011988	0.011936	0.011998	0.011724
408.000000	0.009919	0.009716	0.009586	0.009513	0.009501	0.009523	0.009459
409.000000	0.007749	0.007485	0.007349	0.007285	0.007148	0.007029	0.007211
410.000000	0.005547	0.005334	0.005091	0.005165	0.004992	0.004793	0.005020
411.000000	0.003287	0.003202	0.002795	0.003088	0.003016	0.002851	0.002904
412.000000	0.001124	0.001141	0.000773	0.001103	0.001016	0.000911	0.000842
413.000000	-0.000893	-0.000859	-0.000909	-0.000823	-0.001116	-0.001205	-0.001201
414.000000	-0.002950	-0.002955	-0.002714	-0.002902	-0.003285	-0.003400	-0.003281
415.000000	-0.005134	-0.005200	-0.004918	-0.005213	-0.005376	-0.005552	-0.005399
416.000000	-0.007176	-0.007280	-0.007068	-0.007382	-0.007283	-0.007542	-0.007386
417.000000	-0.008842	-0.008939	-0.008748	-0.009094	-0.008960	-0.009301	-0.009108
418.000000	-0.010376	-0.010469	-0.010307	-0.010659	-0.010601	-0.010956	-0.010752
419.000000	-0.012095	-0.012245	-0.012207	-0.012475	-0.012421	-0.012662	-0.012544
420.000000	-0.013913	-0.014133	-0.014217	-0.014324	-0.014284	-0.014341	-0.014353
421.000000	-0.015594	-0.015816	-0.015856	-0.015778	-0.015933	-0.015836	-0.015927
422.000000	-0.017124	-0.017305	-0.017209	-0.017042	-0.017419	-0.017209	-0.017347
423.000000	-0.018626	-0.018811	-0.018695	-0.018686	-0.018970	-0.018656	-0.018886
424.000000	-0.020122	-0.020354	-0.020329	-0.020609	-0.020550	-0.020210	-0.020525
425.000000	-0.021545	-0.021779	-0.021760	-0.022102	-0.021884	-0.021765	-0.021977
426.000000	-0.022882	-0.023061	-0.022926	-0.023043	-0.022975	-0.023244	-0.023199
427.000000	-0.024202	-0.024356	-0.024168	-0.024110	-0.024214	-0.024624	-0.024478
428.000000	-0.025560	-0.025755	-0.025669	-0.025660	-0.025779	-0.025921	-0.025963
429.000000	-0.026978	-0.027192	-0.027239	-0.027315	-0.027382	-0.027216	-0.027485
430.000000	-0.028456	-0.028599	-0.028712	-0.028758	-0.028789	-0.028574	-0.028897
431.000000	-0.029954	-0.029960	-0.030095	-0.030095	-0.030064	-0.029990	-0.030232
432.000000	-0.031421	-0.031270	-0.031425	-0.031461	-0.031314	-0.031434	-0.031538
433.000000	-0.032786	-0.032557	-0.032721	-0.032790	-0.032587	-0.032838	-0.032797
434.000000	-0.033998	-0.033851	-0.033992	-0.033987	-0.033908	-0.034135	-0.033984
435.000000	-0.035150	-0.035149	-0.035253	-0.035143	-0.035238	-0.035342	-0.035185
436.000000	-0.036381	-0.036435	-0.036510	-0.036405	-0.036521	-0.036508	-0.036512
437.000000	-0.037656	-0.037675	-0.037737	-0.037713	-0.037752	-0.037660	-0.037875
438.000000	-0.038836	-0.038826	-0.038885	-0.038885	-0.038953	-0.038807	-0.039073
439.000000	-0.039907	-0.039881	-0.039961	-0.039919	-0.040102	-0.039947	-0.040091
440.000000	-0.040965	-0.040870	-0.041020	-0.040969	-0.041133	-0.041069	-0.041085
441.000000	-0.042038	-0.041846	-0.042098	-0.042095	-0.042080	-0.042167	-0.042144
442.000000	-0.043056	-0.042890	-0.043200	-0.043230	-0.043115	-0.043245	-0.043261
443.000000	-0.044015	-0.044035	-0.044318	-0.044320	-0.044300	-0.044314	-0.044402
444.000000	-0.045047	-0.045216	-0.045419	-0.045358	-0.045477	-0.045393	-0.045496
445.000000	-0.046223	-0.046367	-0.046485	-0.046354	-0.046528	-0.046483	-0.046502
446.000000	-0.047400	-0.047454	-0.047533	-0.047350	-0.047508	-0.047534	-0.047481
447.000000	-0.048431	-0.048455	-0.048569	-0.048378	-0.048483	-0.048500	-0.048488
448.000000	-0.049317	-0.049363	-0.049518	-0.049394	-0.049431	-0.049409	-0.049457
449.000000	-0.050103	-0.050182	-0.050302	-0.050338	-0.050315	-0.050293	-0.050312
450.000000	-0.050840	-0.050956	-0.051000	-0.051169	-0.051132	-0.051131	-0.051072
451.000000	-0.051580	-0.051736	-0.051739	-0.051866	-0.051896	-0.051884	-0.051792
452.000000	-0.052343	-0.052511	-0.052510	-0.052497	-0.052613	-0.052582	-0.052501
453.000000	-0.053124	-0.053235	-0.053232	-0.053184	-0.053287	-0.053289	-0.053210
454.000000	-0.053930	-0.053952	-0.053954	-0.053979	-0.053982	-0.054046	-0.053969
455.000000	-0.054771	-0.054780	-0.054836	-0.054876	-0.054805	-0.054866	-0.054853
456.000000	-0.055606	-0.055688	-0.055832	-0.055785	-0.055721	-0.055702	-0.055815
457.000000	-0.056328	-0.056457	-0.056628	-0.056522	-0.056516	-0.056429	-0.056652
458.000000	-0.056915	-0.057011	-0.057117	-0.057043	-0.057097	-0.057015	-0.057269
459.000000	-0.057502	-0.057547	-0.057592	-0.057573	-0.057614	-0.057601	-0.057783
460.000000	-0.058179	-0.058210	-0.058262	-0.058270	-0.058202	-0.058288	-0.058320
461.000000	-0.058872	-0.058921	-0.058995	-0.059044	-0.058896	-0.059019	-0.058970
462.000000	-0.059505	-0.059586	-0.059651	-0.059780	-0.059684	-0.059721	-0.059761
463.000000	-0.060122	-0.060202	-0.060289	-0.060426	-0.060437	-0.060352	-0.060497
464.000000	-0.060780	-0.060790	-0.060993	-0.060960	-0.061030	-0.060898	-0.060979
465.000000	-0.061438	-0.061372	-0.061684	-0.061446	-0.061538	-0.061443	-0.061376
466.000000	-0.062027	-0.061971	-0.062241	-0.061977	-0.062098	-0.062091	-0.061964
467.000000	-0.062578	-0.062585	-0.062712	-0.062575	-0.062700	-0.062790	-0.062696
468.000000	-0.063174	-0.063200	-0.063233	-0.063226	-0.063256	-0.063406	-0.063352
469.000000	-0.063797	-0.063807	-0.063819	-0.063879	-0.063769	-0.063920	-0.063876
470.000000	-0.064340	-0.064399	-0.064379	-0.064454	-0.064316	-0.064407	-0.064348
471.000000	-0.064793	-0.064964	-0.064877	-0.064929	-0.064920	-0.064912	-0.064833
472.000000	-0.065251	-0.065474	-0.065345	-0.065356	-0.065534	-0.065439	-0.065375
473.000000	-0.065780	-0.065941	-0.065815	-0.065802	-0.066121	-0.065985	-0.065981
474.000000	-0.066382	-0.066440	-0.066317	-0.066356	-0.066655	-0.066541	-0.066597
475.000000	-0.067015	-0.067002	-0.066859	-0.067030	-0.067123	-0.067086	-0.067170
476.000000	-0.067553	-0.067529	-0.067410	-0.067625	-0.067528	-0.067577	-0.067648
477.000000	-0.067924	-0.067954	-0.067938	-0.067995	-0.067895	-0.067999	-0.068024
478.000000	-0.068321	-0.068392	-0.068441	-0.068313	-0.068322	-0.068459	-0.068439
479.000000	-0.068938	-0.068964	-0.068928	-0.068789	-0.068891	-0.069057	-0.069027
480.000000	-0.069607	-0.069553	-0.069402	-0.069386	-0.069511	-0.069680	-0.069657
481.000000	-0.070061	-0.069983	-0.069866	-0.069984	-0.070036	-0.070156	-0.070122
482.000000	-0.070300	-0.070289	-0.070287	-0.070492	-0.070424	-0.070492	-0.070423
483.000000	-0.070466	-0.070615	-0.070622	-0.070847	-0.070693	-0.070787	-0.070668
484.000000	-0.070673	-0.070968	-0.070895	-0.071082	-0.070920	-0.071074	-0.070928
485.000000	-0.071003	-0.071246	-0.071188	-0.071304	-0.071223	-0.071333	-0.071242
486.000000	-0.071441	-0.071466	-0.071524	-0.071560	-0.071605	-0.071584	-0.071595
487.000000	-0.071867	-0.071771	-0.071870	-0.071824	-0.071940	-0.071889	-0.071922
488.000000	-0.072220	-0.072204	-0.072203	-0.072097	-0.072190	-0.072268	-0.072209
489.000000	-0.072556	-0.072625	-0.072532	-0.072436	-0.072468	-0.072670	-0.072540
490.000000	-0.072928	-0.072958	-0.072883	-0.072875	-0.072859	-0.073069	-0.072967
491.000000	-0.073365	-0.073321	-0.073324	-0.073388	-0.073345	-0.073511	-0.073449
492.000000	-0.073847	-0.073787	-0.073862	-0.073907	-0.073864	-0.074002	-0.073915
493.000000	-0.074199	-0.074174	-0.074277	-0.074262	-0.074239	-0.074364	-0.074241
494.000000	-0.074281	-0.074309	-0.074379	-0.074327	-0.074336	-0.074449	-0.074345
495.000000	-0.074331	-0.074392	-0.074403	-0.074356	-0.074379	-0.074508	-0.074430
496.000000	-0.074666	-0.074706	-0.074685	-0.074677	-0.074668	-0.074871	-0.074753
497.000000	-0.075167	-0.075171	-0.075148	-0.075161	-0.075108	-0.075391	-0.075216
498.000000	-0.075521	-0.075537	-0.075524	-0.075471	-0.075423	-0.075707	-0.075562
499.000000	-0.075677	-0.075764	-0.075761	-0.075616	-0.075606	-0.075803	-0.075766
500.000000	-0.075783	-0.075962	-0.075963	-0.075845	-0.075838	-0.075912	-0.075971
501.000000	-0.075924	-0.076163	-0.076162	-0.076179	-0.076136	-0.076118	-0.076211
502.000000	-0.076124	-0.076315	-0.076318	-0.076393	-0.076341	-0.076348	-0.076401
503.000000	-0.076380	-0.076428	-0.076441	-0.076447	-0.076429	-0.076556	-0.076524
504.000000	-0.076657	-0.076614	-0.076631	-0.076598	-0.076597	-0.076747	-0.076674
505.000000	-0.076925	-0.076912	-0.076924	-0.076961	-0.076938	-0.076933	-0.076909
506.000000	-0.077166	-0.077183	-0.077202	-0.077290	-0.077275	-0.077130	-0.077188
507.000000	-0.077369	-0.077324	-0.077373	-0.077399	-0.077465	-0.077344	-0.077458
508.000000	-0.077526	-0.077438	-0.077492	-0.077457	-0.077578	-0.077555	-0.077662
509.000000	-0.077644	-0.077639	-0.077636	-0.077659	-0.077716	-0.077747	-0.077770
510.000000	-0.077808	-0.077914	-0.077851	-0.077961	-0.077898	-0.077958	-0.077886
511.000000	-0.078101	-0.078205	-0.078159	-0.078254	-0.078119	-0.078226	-0.078129
512.000000	-0.078421	-0.078428	-0.078461	-0.078472	-0.078340	-0.078477	-0.078413
513.000000	-0.078600	-0.078503	-0.078622	-0.078578	-0.078512	-0.078600	-0.078575
514.000000	-0.078673	-0.078524	-0.078681	-0.078645	-0.078671	-0.078661	-0.078636
515.000000	-0.078808	-0.078693	-0.078796	-0.078810	-0.078900	-0.078833	-0.078740
516.000000	-0.079020	-0.078999	-0.078989	-0.079063	-0.079162	-0.079102	-0.078920
517.000000	-0.079180	-0.079231	-0.079157	-0.079250	-0.079308	-0.079266	-0.079107
518.000000	-0.079242	-0.079308	-0.079262	-0.079318	-0.079322	-0.079277	-0.079262
519.000000	-0.079287	-0.079347	-0.079360	-0.079364	-0.079375	-0.079307	-0.079396
520.000000	-0.079376	-0.079436	-0.079489	-0.079461	-0.079544	-0.079455	-0.079519
521.000000	-0.079514	-0.079573	-0.079632	-0.079604	-0.079685	-0.079634	-0.079628
522.000000	-0.079686	-0.079738	-0.079768	-0.079776	-0.079708	-0.079768	-0.079727
523.000000	-0.079838	-0.079882	-0.079883	-0.079939	-0.079751	-0.079868	-0.079838
524.000000	-0.079936	-0.079973	-0.079978	-0.080065	-0.079950	-0.079968	-0.079982
525.000000	-0.080052	-0.080071	-0.080107	-0.080175	-0.080222	-0.080107	-0.080140
526.000000	-0.080268	-0.080250	-0.080323	-0.080302	-0.080437	-0.080315	-0.080290
527.000000	-0.080525	-0.080482	-0.080562	-0.080458	-0.080577	-0.080537	-0.080446
528.000000	-0.080717	-0.080702	-0.080721	-0.080643	-0.080671	-0.080695	-0.080628
529.000000	-0.080831	-0.080864	-0.080806	-0.080808	-0.080761	-0.080796	-0.080813
530.000000	-0.080910	-0.080936	-0.080891	-0.080878	-0.080896	-0.080905	-0.080946
531.000000	-0.080988	-0.080955	-0.080996	-0.080891	-0.081053	-0.081040	-0.081028
532.000000	-0.081090	-0.081013	-0.081097	-0.080980	-0.081153	-0.081180	-0.081104
533.000000	-0.081233	-0.081163	-0.081211	-0.081191	-0.081216	-0.081320	-0.081226
534.000000	-0.081423	-0.081400	-0.081405	-0.081450	-0.081397	-0.081474	-0.081455
535.000000	-0.081600	-0.081646	-0.081638	-0.081676	-0.081686	-0.081639	-0.081723
536.000000	-0.081583	-0.081690	-0.081660	-0.081784	-0.081765	-0.081768	-0.081727
537.000000	-0.081424	-0.081544	-0.081471	-0.081769	-0.081568	-0.081836	-0.081457
538.000000	-0.081826	-0.081838	-0.081801	-0.081849	-0.081776	-0.081873	-0.081740
539.000000	-0.082959	-0.082753	-0.082854	-0.082128	-0.082660	-0.081923	-0.082859
540.000000	-0.082435	-0.082266	-0.082272	-0.082117	-0.082348	-0.082035	-0.082390
541.000000	-0.078767	-0.079127	-0.078594	-0.081480	-0.079613	-0.082232	-0.078778
542.000000	-0.079759	-0.080074	-0.079632	-0.081690	-0.080317	-0.082344	-0.079802
543.000000	-0.093250	-0.091848	-0.093218	-0.084253	-0.090398	-0.082196	-0.093295
544.000000	-0.094868	-0.093227	-0.094929	-0.084667	-0.091637	-0.082239	-0.094903
545.000000	-0.046958	-0.051463	-0.047038	-0.075904	-0.055836	-0.083136	-0.046999
546.000000	0.020768	0.007635	0.020721	-0.062769	-0.005004	-0.083529	0.020711
547.000000	0.027948	0.014228	0.027884	-0.058996	0.001088	-0.080582	0.027894
548.000000	-0.031817	-0.037300	-0.031955	-0.066191	-0.042479	-0.074698	-0.031849
549.000000	-0.080620	-0.079362	-0.080792	-0.072126	-0.078102	-0.069963	-0.080644
550.000000	-0.081369	-0.079879	-0.081496	-0.071571	-0.078514	-0.069069	-0.081408
551.000000	-0.070229	-0.070489	-0.070284	-0.071802	-0.070879	-0.072128	-0.070257
552.000000	-0.074184	-0.074639	-0.074187	-0.077224	-0.075183	-0.077937	-0.074156
553.000000	-0.082929	-0.082857	-0.082907	-0.082818	-0.082872	-0.082747	-0.082853
554.000000	-0.084914	-0.084704	-0.084892	-0.084070	-0.084657	-0.083765	-0.084840
555.000000	-0.082949	-0.082891	-0.082937	-0.082964	-0.083019	-0.082831	-0.082922
556.000000	-0.082075	-0.082139	-0.082070	-0.082402	-0.082250	-0.082378	-0.082117
557.000000	-0.082561	-0.082644	-0.082547	-0.082651	-0.082622	-0.082632	-0.082645
558.000000	-0.083168	-0.083182	-0.083120	-0.083106	-0.083132	-0.083084	-0.083220
559.000000	-0.083136	-0.083073	-0.083073	-0.083130	-0.083089	-0.083100	-0.083138
560.000000	-0.082097	-0.082050	-0.082095	-0.082228	-0.082116	-0.082156	-0.082126
561.000000	-0.081740	-0.081773	-0.081818	-0.081967	-0.081847	-0.081862	-0.081839
562.000000	-0.084886	-0.084950	-0.084929	-0.085053	-0.085016	-0.085008	-0.084977
563.000000	-0.087263	-0.087291	-0.087183	-0.087256	-0.087352	-0.087343	-0.087273
564.000000	-0.077929	-0.077939	-0.077823	-0.077826	-0.077997	-0.077984	-0.077915
565.000000	-0.067060	-0.067092	-0.067061	-0.067008	-0.067149	-0.067130	-0.067115
566.000000	-0.095145	-0.095178	-0.095201	-0.095181	-0.095222	-0.095234	-0.095256
567.000000	-0.165722	-0.165703	-0.165689	-0.165798	-0.165722	-0.165804	-0.165812
568.000000	-0.201411	-0.201322	-0.201275	-0.201473	-0.201331	-0.201430	-0.201443
569.000000	-0.152776	-0.152640	-0.152633	-0.152785	-0.152671	-0.152684	-0.152759
570.000000	-0.085417	-0.085289	-0.085342	-0.085390	-0.085343	-0.085281	-0.085390
571.000000	-0.067612	-0.067559	-0.067628	-0.067610	-0.067609	-0.067582	-0.067621
572.000000	-0.080999	-0.081026	-0.081075	-0.081039	-0.081062	-0.081101	-0.081049
573.000000	-0.087656	-0.087697	-0.087713	-0.087696	-0.087732	-0.087756	-0.087698
574.000000	-0.084451	-0.084460	-0.084438	-0.084455	-0.084492	-0.084460	-0.084453
575.000000	-0.082121	-0.082109	-0.082050	-0.082089	-0.082112	-0.082072	-0.082097
576.000000	-0.082838	-0.082819	-0.082752	-0.082796	-0.082797	-0.082788	-0.082818
577.000000	-0.083613	-0.083576	-0.083566	-0.083604	-0.083587	-0.083582	-0.083627
578.000000	-0.083469	-0.083414	-0.083488	-0.083513	-0.083497	-0.083459	-0.083535
579.000000	-0.083245	-0.083209	-0.083289	-0.083299	-0.083318	-0.083251	-0.083350
580.000000	-0.083219	-0.083234	-0.083241	-0.083235	-0.083306	-0.083233	-0.083335
581.000000	-0.082899	-0.082944	-0.082923	-0.082902	-0.082980	-0.082916	-0.083002
582.000000	-0.082455	-0.082489	-0.082530	-0.082500	-0.082523	-0.082472	-0.082535
583.000000	-0.083327	-0.083354	-0.083429	-0.083416	-0.083386	-0.083344	-0.083406
584.000000	-0.085202	-0.085253	-0.085265	-0.085296	-0.085259	-0.085219	-0.085315
585.000000	-0.082854	-0.082933	-0.082880	-0.082941	-0.082915	-0.082871	-0.082994
586.000000	-0.076403	-0.076479	-0.076447	-0.076492	-0.076460	-0.076417	-0.076521
587.000000	-0.089729	-0.089764	-0.089786	-0.089805	-0.089732	-0.089724	-0.089784
588.000000	-0.141420	-0.141386	-0.141420	-0.141443	-0.141307	-0.141376	-0.141395
589.000000	-0.185706	-0.185665	-0.185645	-0.185676	-0.185610	-0.185668	-0.185645
590.000000	-0.163264	-0.163361	-0.163228	-0.163232	-0.163503	-0.163335	-0.163256
591.000000	-0.101662	-0.101820	-0.101696	-0.101667	-0.102001	-0.101756	-0.101668
592.000000	-0.070124	-0.069944	-0.070165	-0.070156	-0.069537	-0.069889	-0.069917
593.000000	-0.076631	-0.076261	-0.076621	-0.076661	-0.075571	-0.076236	-0.076344
594.000000	-0.083544	-0.084243	-0.083511	-0.083550	-0.085403	-0.084188	-0.084026
595.000000	-0.080301	-0.081900	-0.080294	-0.080278	-0.084566	-0.081782	-0.081420
596.000000	-0.086311	-0.084583	-0.086324	-0.086282	-0.081500	-0.084518	-0.085200
597.000000	-0.097487	-0.091537	-0.097477	-0.097481	-0.081261	-0.091642	-0.093533
598.000000	-0.071572	-0.075302	-0.071488	-0.071585	-0.081978	-0.075467	-0.074167
599.000000	-0.001173	-0.030628	-0.000988	-0.001182	-0.082047	-0.030645	-0.021153
600.000000	0.036734	-0.006457	0.036954	0.036717	-0.081762	-0.006347	0.007482
601.000000	-0.010365	-0.036249	-0.010227	-0.010416	-0.081530	-0.036208	-0.027897
602.000000	-0.078309	-0.079296	-0.078280	-0.078390	-0.081298	-0.079374	-0.079001
603.000000	-0.097034	-0.091116	-0.097045	-0.097107	-0.080962	-0.091197	-0.093069
604.000000	-0.083399	-0.082401	-0.083427	-0.083450	-0.080611	-0.082422	-0.082750
605.000000	-0.076012	-0.077648	-0.076104	-0.076063	-0.080364	-0.077648	-0.077068
606.000000	-0.078825	-0.079344	-0.078961	-0.078887	-0.080157	-0.079349	-0.079053
607.000000	-0.080984	-0.080578	-0.081036	-0.081038	-0.079853	-0.080551	-0.080621
608.000000	-0.080035	-0.079824	-0.079948	-0.080073	-0.079469	-0.079746	-0.079905
609.000000	-0.078902	-0.079003	-0.078807	-0.078952	-0.079118	-0.078916	-0.079018
610.000000	-0.078666	-0.078797	-0.078698	-0.078752	-0.078844	-0.078748	-0.078767
611.000000	-0.078639	-0.078707	-0.078770	-0.078751	-0.078627	-0.078689	-0.078700
612.000000	-0.078453	-0.078478	-0.078572	-0.078555	-0.078445	-0.078465	-0.078544
613.000000	-0.078245	-0.078236	-0.078267	-0.078293	-0.078275	-0.078223	-0.078325
614.000000	-0.078110	-0.078078	-0.078015	-0.078084	-0.078108	-0.078065	-0.078102
615.000000	-0.078009	-0.078004	-0.077894	-0.077957	-0.077965	-0.077955	-0.077957
616.000000	-0.077903	-0.077982	-0.077913	-0.077905	-0.077859	-0.077857	-0.077922
617.000000	-0.077799	-0.077924	-0.077910	-0.077841	-0.077772	-0.077785	-0.077882
618.000000	-0.077706	-0.077766	-0.077755	-0.077698	-0.077681	-0.077745	-0.077737
619.000000	-0.077609	-0.077576	-0.077548	-0.077553	-0.077582	-0.077680	-0.077559
620.000000	-0.077499	-0.077440	-0.077428	-0.077495	-0.077476	-0.077538	-0.077445
621.000000	-0.077417	-0.077373	-0.077403	-0.077485	-0.077419	-0.077390	-0.077380
622.000000	-0.077412	-0.077357	-0.077429	-0.077439	-0.077467	-0.077341	-0.077317
623.000000	-0.077430	-0.077342	-0.077432	-0.077341	-0.077522	-0.077359	-0.077253
624.000000	-0.077371	-0.077262	-0.077328	-0.077210	-0.077419	-0.077346	-0.077212
625.000000	-0.077231	-0.077152	-0.077147	-0.077094	-0.077187	-0.077268	-0.077178
626.000000	-0.077082	-0.077116	-0.077007	-0.077056	-0.077010	-0.077143	-0.077108
627.000000	-0.076963	-0.077137	-0.076938	-0.077074	-0.076942	-0.077006	-0.076999
628.000000	-0.076875	-0.077060	-0.076879	-0.077036	-0.076899	-0.076903	-0.076902
629.000000	-0.076809	-0.076852	-0.076804	-0.076898	-0.076830	-0.076849	-0.076836
630.000000	-0.076743	-0.076673	-0.076749	-0.076744	-0.076758	-0.076806	-0.076772
631.000000	-0.076668	-0.076627	-0.076728	-0.076633	-0.076694	-0.076749	-0.076691
632.000000	-0.076607	-0.076640	-0.076695	-0.076562	-0.076619	-0.076695	-0.076604
633.000000	-0.076567	-0.076632	-0.076616	-0.076513	-0.076522	-0.076654	-0.076528
634.000000	-0.076502	-0.076575	-0.076517	-0.076469	-0.076439	-0.076591	-0.076468
635.000000	-0.076368	-0.076463	-0.076423	-0.076410	-0.076398	-0.076471	-0.076424
636.000000	-0.076216	-0.076323	-0.076319	-0.076329	-0.076323	-0.076303	-0.076349
637.000000	-0.076107	-0.076187	-0.076182	-0.076220	-0.076133	-0.076107	-0.076195
638.000000	-0.076002	-0.076041	-0.076022	-0.076082	-0.075914	-0.075935	-0.076009
639.000000	-0.075830	-0.075858	-0.075870	-0.075919	-0.075816	-0.075841	-0.075869
640.000000	-0.075661	-0.075702	-0.075775	-0.075783	-0.075816	-0.075803	-0.075791
641.000000	-0.075652	-0.075695	-0.075792	-0.075751	-0.075789	-0.075747	-0.075745
642.000000	-0.075774	-0.075800	-0.075872	-0.075796	-0.075718	-0.075671	-0.075704
643.000000	-0.075832	-0.075843	-0.075871	-0.075804	-0.075685	-0.075639	-0.075649
644.000000	-0.075756	-0.075763	-0.075755	-0.075737	-0.075701	-0.075652	-0.075585
645.000000	-0.075655	-0.075651	-0.075638	-0.075662	-0.075680	-0.075636	-0.075550
646.000000	-0.075608	-0.075590	-0.075597	-0.075637	-0.075609	-0.075581	-0.075569
647.000000	-0.075620	-0.075627	-0.075621	-0.075690	-0.075608	-0.075614	-0.075644
648.000000	-0.075684	-0.075757	-0.075689	-0.075812	-0.075742	-0.075793	-0.075755
649.000000	-0.075778	-0.075856	-0.075778	-0.075902	-0.075871	-0.075949	-0.075840
650.000000	-0.075869	-0.075821	-0.075858	-0.075881	-0.075873	-0.075937	-0.075849
651.000000	-0.075903	-0.075726	-0.075874	-0.075802	-0.075814	-0.075848	-0.075813
652.000000	-0.075827	-0.075660	-0.075780	-0.075734	-0.075780	-0.075795	-0.075768
653.000000	-0.075646	-0.075577	-0.075597	-0.075648	-0.075703	-0.075697	-0.075663
654.000000	-0.075388	-0.075391	-0.075369	-0.075485	-0.075472	-0.075423	-0.075424
655.000000	-0.075092	-0.075126	-0.075113	-0.075242	-0.075136	-0.075059	-0.075094
656.000000	-0.074805	-0.074860	-0.074830	-0.074950	-0.074821	-0.074789	-0.074773
657.000000	-0.074592	-0.074640	-0.074573	-0.074674	-0.074596	-0.074658	-0.074538
658.000000	-0.074529	-0.074488	-0.074433	-0.074499	-0.074486	-0.074597	-0.074440
659.000000	-0.074574	-0.074412	-0.074421	-0.074443	-0.074465	-0.074555	-0.074455
660.000000	-0.074560	-0.074409	-0.074464	-0.074456	-0.074456	-0.074499	-0.074480
661.000000	-0.074430	-0.074444	-0.074492	-0.074480	-0.074411	-0.074419	-0.074445
662.000000	-0.074295	-0.074441	-0.074445	-0.074451	-0.074331	-0.074333	-0.074338
663.000000	-0.074210	-0.074345	-0.074295	-0.074330	-0.074222	-0.074243	-0.074172
664.000000	-0.074073	-0.074155	-0.074088	-0.074140	-0.074095	-0.074109	-0.074009
665.000000	-0.073806	-0.073885	-0.073864	-0.073893	-0.073944	-0.073894	-0.073867
666.000000	-0.073462	-0.073567	-0.073600	-0.073569	-0.073691	-0.073586	-0.073621
667.000000	-0.073119	-0.073237	-0.073284	-0.073164	-0.073287	-0.073196	-0.073180
668.000000	-0.072838	-0.072923	-0.072974	-0.072808	-0.072876	-0.072820	-0.072746
669.000000	-0.072660	-0.072647	-0.072737	-0.072632	-0.072620	-0.072556	-0.072552
670.000000	-0.072515	-0.072391	-0.072530	-0.072506	-0.072448	-0.072369	-0.072480
671.000000	-0.072294	-0.072131	-0.072272	-0.072219	-0.072204	-0.072170	-0.072282
672.000000	-0.072001	-0.071895	-0.071976	-0.071847	-0.071918	-0.071956	-0.071975
673.000000	-0.071712	-0.071737	-0.071708	-0.071631	-0.071720	-0.071772	-0.071729
674.000000	-0.071504	-0.071647	-0.071517	-0.071597	-0.071625	-0.071624	-0.071587
675.000000	-0.071454	-0.071559	-0.071428	-0.071591	-0.071543	-0.071486	-0.071481
676.000000	-0.071527	-0.071455	-0.071428	-0.071526	-0.071449	-0.071376	-0.071389
677.000000	-0.071553	-0.071373	-0.071456	-0.071409	-0.071408	-0.071367	-0.071353
678.000000	-0.071472	-0.071350	-0.071481	-0.071295	-0.071444	-0.071462	-0.071392
679.000000	-0.071426	-0.071401	-0.071528	-0.071311	-0.071510	-0.071543	-0.071478
680.000000	-0.071482	-0.071498	-0.071588	-0.071487	-0.071555	-0.071530	-0.071558
681.000000	-0.071481	-0.071500	-0.071555	-0.071596	-0.071539	-0.071463	-0.071537
682.000000	-0.071315	-0.071330	-0.071383	-0.071472	-0.071446	-0.071403	-0.071373
683.000000	-0.071187	-0.071205	-0.071278	-0.071308	-0.071361	-0.071407	-0.071245
684.000000	-0.071310	-0.071339	-0.071437	-0.071327	-0.071369	-0.071506	-0.071329
685.000000	-0.071561	-0.071574	-0.071688	-0.071454	-0.071454	-0.071592	-0.071506
686.000000	-0.071727	-0.071658	-0.071762	-0.071531	-0.071563	-0.071533	-0.071581
687.000000	-0.071733	-0.071576	-0.071658	-0.071544	-0.071614	-0.071402	-0.071547
688.000000	-0.071585	-0.071422	-0.071495	-0.071540	-0.071527	-0.071357	-0.071481
689.000000	-0.071364	-0.071278	-0.071363	-0.071516	-0.071366	-0.071394	-0.071417
690.000000	-0.071204	-0.071211	-0.071324	-0.071436	-0.071289	-0.071403	-0.071360
691.000000	-0.071153	-0.071234	-0.071367	-0.071332	-0.071331	-0.071361	-0.071315
692.000000	-0.071174	-0.071313	-0.071408	-0.071302	-0.071404	-0.071334	-0.071294
693.000000	-0.071238	-0.071412	-0.071420	-0.071372	-0.071468	-0.071362	-0.071306
694.000000	-0.071325	-0.071506	-0.071460	-0.071465	-0.071548	-0.071452	-0.071361
695.000000	-0.071410	-0.071569	-0.071544	-0.071524	-0.071635	-0.071572	-0.071446
696.000000	-0.071461	-0.071580	-0.071607	-0.071541	-0.071637	-0.071623	-0.071503
697.000000	-0.071468	-0.071545	-0.071604	-0.071529	-0.071526	-0.071569	-0.071505
698.000000	-0.071502	-0.071545	-0.071567	-0.071545	-0.071480	-0.071566	-0.071523
699.000000	-0.071613	-0.071642	-0.071546	-0.071626	-0.071641	-0.071730	-0.071618
700.000000	-0.071735	-0.071776	-0.071598	-0.071717	-0.071841	-0.071877	-0.071734
701.000000	-0.071791	-0.071864	-0.071758	-0.071752	-0.071884	-0.071801	-0.071801
702.000000	-0.071833	-0.071913	-0.071937	-0.071786	-0.071852	-0.071643	-0.071826
703.000000	-0.071943	-0.071955	-0.072012	-0.071900	-0.071910	-0.071646	-0.071846
704.000000	-0.072046	-0.071979	-0.071992	-0.072016	-0.072011	-0.071792	-0.071856
705.000000	-0.071993	-0.071952	-0.071955	-0.071978	-0.071996	-0.071922	-0.071838
706.000000	-0.071820	-0.071852	-0.071901	-0.071808	-0.071866	-0.071944	-0.071783
707.000000	-0.071701	-0.071673	-0.071773	-0.071653	-0.071743	-0.071818	-0.071697
708.000000	-0.071665	-0.071467	-0.071589	-0.071563	-0.071684	-0.071601	-0.071588
709.000000	-0.071580	-0.071347	-0.071443	-0.071478	-0.071681	-0.071446	-0.071470
710.000000	-0.071391	-0.071324	-0.071358	-0.071338	-0.071658	-0.071380	-0.071340
711.000000	-0.071169	-0.071247	-0.071244	-0.071092	-0.071447	-0.071226	-0.071177
712.000000	-0.070972	-0.071032	-0.071038	-0.070771	-0.071009	-0.070914	-0.070968
713.000000	-0.070806	-0.070764	-0.070761	-0.070582	-0.070594	-0.070637	-0.070733
714.000000	-0.070650	-0.070524	-0.070452	-0.070624	-0.070398	-0.070528	-0.070496
715.000000	-0.070417	-0.070302	-0.070190	-0.070597	-0.070331	-0.070412	-0.070299
716.000000	-0.070045	-0.070073	-0.070028	-0.070231	-0.070249	-0.070114	-0.070156
717.000000	-0.069636	-0.069828	-0.069864	-0.069763	-0.070018	-0.069722	-0.069960
718.000000	-0.069319	-0.069559	-0.069581	-0.069506	-0.069544	-0.069381	-0.069592
719.000000	-0.069075	-0.069224	-0.069214	-0.069304	-0.068996	-0.069090	-0.069107
720.000000	-0.068834	-0.068792	-0.068865	-0.068851	-0.068631	-0.068803	-0.068631
721.000000	-0.068629	-0.068446	-0.068598	-0.068342	-0.068510	-0.068572	-0.068324
722.000000	-0.068548	-0.068472	-0.068449	-0.068236	-0.068567	-0.068501	-0.068336
723.000000	-0.068482	-0.068670	-0.068331	-0.068391	-0.068625	-0.068493	-0.068472
724.000000	-0.068166	-0.068447	-0.068063	-0.068173	-0.068425	-0.068294	-0.068253
725.000000	-0.067644	-0.067772	-0.067643	-0.067538	-0.067933	-0.067915	-0.067655
726.000000	-0.067320	-0.067282	-0.067284	-0.067150	-0.067387	-0.067679	-0.067192
727.000000	-0.067327	-0.067261	-0.067120	-0.067276	-0.066977	-0.067711	-0.067129
728.000000	-0.067318	-0.067341	-0.067141	-0.067458	-0.066791	-0.067763	-0.067257
729.000000	-0.067135	-0.067287	-0.067316	-0.067417	-0.066875	-0.067698	-0.067406
730.000000	-0.067189	-0.067317	-0.067597	-0.067455	-0.067194	-0.067724	-0.067592
731.000000	-0.067812	-0.067629	-0.067939	-0.067847	-0.067695	-0.068017	-0.067845
732.000000	-0.068791	-0.068122	-0.068311	-0.068466	-0.068292	-0.068479	-0.068139
