[HEADER]
Format	J&M ASCII Table
Comment	
Date	2/12/1980 5:48:28 AM
Order	Y (evenX)
TechType	UV
NumPoints	483
FirstX	250.00
LastX	732.00
XType	NMetr
YType	Absrb
ZType	Secs
NumSubFile	7
Matrix	Z vs X
[DATA]
	0.000000	5.000064	10.000192	15.000256	20.000320	25.000448	30.000511
250.000000	-0.005600	-0.005385	-0.004335	-0.004091	-0.003867	-0.003262	-0.002732
251.000000	-0.005181	-0.005019	-0.003942	-0.003720	-0.003576	-0.003015	-0.002418
252.000000	-0.004947	-0.004608	-0.003814	-0.003581	-0.003356	-0.003041	-0.002473
253.000000	-0.004714	-0.004329	-0.003785	-0.003636	-0.003148	-0.003077	-0.002610
254.000000	-0.004346	-0.004301	-0.003718	-0.003798	-0.002934	-0.002931	-0.002605
255.000000	-0.003971	-0.004349	-0.003690	-0.003866	-0.002867	-0.002797	-0.002619
256.000000	-0.003747	-0.004269	-0.003777	-0.003660	-0.003064	-0.002875	-0.002816
257.000000	-0.003660	-0.004051	-0.003780	-0.003264	-0.003244	-0.002937	-0.002936
258.000000	-0.003632	-0.003753	-0.003454	-0.002846	-0.003048	-0.002668	-0.002638
259.000000	-0.003523	-0.003445	-0.002945	-0.002525	-0.002604	-0.002239	-0.002118
260.000000	-0.003177	-0.003196	-0.002585	-0.002383	-0.002278	-0.002051	-0.001831
261.000000	-0.002759	-0.002965	-0.002445	-0.002390	-0.002146	-0.002096	-0.001834
262.000000	-0.002663	-0.002634	-0.002392	-0.002425	-0.002064	-0.002057	-0.001881
263.000000	-0.002869	-0.002264	-0.002356	-0.002407	-0.002009	-0.001867	-0.001839
264.000000	-0.002883	-0.002121	-0.002343	-0.002302	-0.002101	-0.001741	-0.001714
265.000000	-0.002518	-0.002267	-0.002346	-0.002140	-0.002319	-0.001766	-0.001562
266.000000	-0.002153	-0.002402	-0.002320	-0.002051	-0.002384	-0.001773	-0.001512
267.000000	-0.002064	-0.002307	-0.002239	-0.002084	-0.002153	-0.001669	-0.001610
268.000000	-0.002129	-0.002064	-0.002129	-0.002064	-0.001871	-0.001614	-0.001678
269.000000	-0.002182	-0.001801	-0.002008	-0.001858	-0.001768	-0.001728	-0.001575
270.000000	-0.002132	-0.001628	-0.001835	-0.001635	-0.001747	-0.001810	-0.001440
271.000000	-0.001937	-0.001621	-0.001578	-0.001590	-0.001654	-0.001633	-0.001438
272.000000	-0.001714	-0.001671	-0.001342	-0.001582	-0.001482	-0.001319	-0.001451
273.000000	-0.001627	-0.001618	-0.001271	-0.001376	-0.001287	-0.001107	-0.001282
274.000000	-0.001622	-0.001502	-0.001352	-0.001091	-0.001189	-0.001062	-0.001088
275.000000	-0.001534	-0.001476	-0.001479	-0.001039	-0.001329	-0.001154	-0.001208
276.000000	-0.001417	-0.001565	-0.001591	-0.001257	-0.001606	-0.001325	-0.001564
277.000000	-0.001508	-0.001684	-0.001659	-0.001549	-0.001710	-0.001501	-0.001721
278.000000	-0.001751	-0.001744	-0.001646	-0.001750	-0.001558	-0.001596	-0.001539
279.000000	-0.001713	-0.001660	-0.001499	-0.001749	-0.001362	-0.001506	-0.001266
280.000000	-0.001288	-0.001457	-0.001286	-0.001577	-0.001270	-0.001259	-0.001123
281.000000	-0.001042	-0.001363	-0.001304	-0.001531	-0.001287	-0.001120	-0.001228
282.000000	-0.001318	-0.001501	-0.001663	-0.001757	-0.001366	-0.001253	-0.001571
283.000000	-0.001620	-0.001623	-0.001882	-0.001883	-0.001371	-0.001448	-0.001794
284.000000	-0.001465	-0.001500	-0.001538	-0.001582	-0.001203	-0.001473	-0.001597
285.000000	-0.001116	-0.001278	-0.000974	-0.001132	-0.001003	-0.001298	-0.001217
286.000000	-0.000978	-0.001171	-0.000674	-0.000919	-0.000943	-0.000966	-0.000989
287.000000	-0.000996	-0.001119	-0.000629	-0.000902	-0.000931	-0.000624	-0.000917
288.000000	-0.000935	-0.000955	-0.000627	-0.000875	-0.000779	-0.000451	-0.000864
289.000000	-0.000782	-0.000678	-0.000578	-0.000775	-0.000497	-0.000435	-0.000773
290.000000	-0.000658	-0.000391	-0.000473	-0.000641	-0.000223	-0.000450	-0.000636
291.000000	-0.000551	-0.000199	-0.000335	-0.000505	-0.000045	-0.000412	-0.000461
292.000000	-0.000323	-0.000199	-0.000222	-0.000392	0.000000	-0.000284	-0.000275
293.000000	0.000044	-0.000286	-0.000125	-0.000287	-0.000033	-0.000060	-0.000084
294.000000	0.000394	-0.000067	0.000052	-0.000114	0.000032	0.000232	0.000133
295.000000	0.000611	0.000538	0.000328	0.000160	0.000274	0.000526	0.000367
296.000000	0.000684	0.000917	0.000542	0.000480	0.000550	0.000688	0.000541
297.000000	0.000640	0.000653	0.000572	0.000751	0.000724	0.000640	0.000599
298.000000	0.000567	0.000230	0.000499	0.000786	0.000775	0.000502	0.000568
299.000000	0.000560	0.000190	0.000443	0.000484	0.000726	0.000426	0.000507
300.000000	0.000672	0.000495	0.000534	0.000248	0.000702	0.000529	0.000548
301.000000	0.000922	0.000922	0.000864	0.000545	0.000836	0.000881	0.000809
302.000000	0.001166	0.001233	0.001243	0.001113	0.001037	0.001257	0.001132
303.000000	0.001199	0.001209	0.001371	0.001385	0.001122	0.001328	0.001250
304.000000	0.001072	0.000957	0.001261	0.001291	0.001094	0.001153	0.001154
305.000000	0.001012	0.000811	0.001150	0.001108	0.001079	0.001062	0.001014
306.000000	0.001095	0.000893	0.001163	0.001029	0.001148	0.001172	0.000949
307.000000	0.001241	0.001109	0.001308	0.001149	0.001309	0.001367	0.001012
308.000000	0.001384	0.001359	0.001534	0.001421	0.001530	0.001557	0.001197
309.000000	0.001488	0.001555	0.001706	0.001590	0.001710	0.001708	0.001403
310.000000	0.001539	0.001666	0.001747	0.001534	0.001796	0.001806	0.001560
311.000000	0.001573	0.001789	0.001728	0.001467	0.001835	0.001890	0.001681
312.000000	0.001641	0.002004	0.001743	0.001583	0.001885	0.001990	0.001799
313.000000	0.001837	0.002269	0.001894	0.001838	0.001964	0.002075	0.001955
314.000000	0.002206	0.002505	0.002233	0.002129	0.002075	0.002113	0.002164
315.000000	0.002484	0.002577	0.002525	0.002316	0.002156	0.002111	0.002282
316.000000	0.002363	0.002370	0.002490	0.002280	0.002140	0.002096	0.002153
317.000000	0.002086	0.002123	0.002306	0.002168	0.002099	0.002155	0.002012
318.000000	0.002141	0.002225	0.002360	0.002247	0.002164	0.002390	0.002256
319.000000	0.002478	0.002566	0.002626	0.002495	0.002308	0.002672	0.002724
320.000000	0.002646	0.002670	0.002775	0.002676	0.002385	0.002715	0.002850
321.000000	0.002539	0.002458	0.002698	0.002678	0.002378	0.002532	0.002566
322.000000	0.002447	0.002304	0.002542	0.002531	0.002413	0.002472	0.002367
323.000000	0.002517	0.002364	0.002410	0.002332	0.002532	0.002647	0.002477
324.000000	0.002627	0.002390	0.002316	0.002264	0.002619	0.002752	0.002626
325.000000	0.002677	0.002259	0.002271	0.002427	0.002610	0.002608	0.002613
326.000000	0.002682	0.002237	0.002311	0.002687	0.002608	0.002457	0.002531
327.000000	0.002660	0.002514	0.002451	0.002894	0.002688	0.002509	0.002488
328.000000	0.002584	0.002789	0.002626	0.002963	0.002730	0.002635	0.002488
329.000000	0.002444	0.002729	0.002754	0.002855	0.002609	0.002661	0.002514
330.000000	0.002388	0.002526	0.002764	0.002689	0.002442	0.002599	0.002560
331.000000	0.002590	0.002525	0.002612	0.002626	0.002414	0.002528	0.002624
332.000000	0.002890	0.002713	0.002423	0.002637	0.002507	0.002520	0.002651
333.000000	0.002968	0.002888	0.002405	0.002603	0.002593	0.002632	0.002573
334.000000	0.002826	0.002945	0.002562	0.002556	0.002609	0.002822	0.002478
335.000000	0.002724	0.002863	0.002730	0.002645	0.002544	0.002966	0.002575
336.000000	0.002742	0.002714	0.002819	0.002844	0.002445	0.003013	0.002851
337.000000	0.002742	0.002681	0.002833	0.002912	0.002427	0.002993	0.003028
338.000000	0.002689	0.002827	0.002807	0.002770	0.002547	0.002941	0.002984
339.000000	0.002753	0.002998	0.002820	0.002638	0.002765	0.002889	0.002886
340.000000	0.003000	0.003052	0.002887	0.002658	0.002986	0.002847	0.002873
341.000000	0.003173	0.002929	0.002847	0.002684	0.003010	0.002765	0.002928
342.000000	0.003057	0.002646	0.002607	0.002608	0.002737	0.002639	0.003018
343.000000	0.002813	0.002462	0.002454	0.002663	0.002536	0.002668	0.003155
344.000000	0.002671	0.002635	0.002692	0.003074	0.002784	0.003032	0.003340
345.000000	0.002717	0.003036	0.003126	0.003498	0.003175	0.003419	0.003463
346.000000	0.002959	0.003395	0.003396	0.003438	0.003198	0.003394	0.003388
347.000000	0.003227	0.003540	0.003447	0.003082	0.002967	0.003122	0.003163
348.000000	0.003260	0.003369	0.003396	0.002983	0.002934	0.003091	0.002942
349.000000	0.003098	0.003050	0.003306	0.003195	0.003138	0.003308	0.002872
350.000000	0.003020	0.002972	0.003196	0.003352	0.003272	0.003374	0.003079
351.000000	0.003098	0.003176	0.003098	0.003300	0.003256	0.003191	0.003442
352.000000	0.003127	0.003266	0.003067	0.003172	0.003309	0.003048	0.003528
353.000000	0.003025	0.003072	0.003115	0.003087	0.003511	0.003094	0.003210
354.000000	0.002970	0.002889	0.003176	0.003114	0.003650	0.003176	0.002957
355.000000	0.003083	0.002943	0.003190	0.003263	0.003580	0.003183	0.003086
356.000000	0.003268	0.003136	0.003142	0.003402	0.003406	0.003205	0.003334
357.000000	0.003402	0.003325	0.003038	0.003412	0.003262	0.003318	0.003416
358.000000	0.003405	0.003395	0.002947	0.003338	0.003197	0.003392	0.003392
359.000000	0.003247	0.003281	0.002943	0.003264	0.003234	0.003287	0.003391
360.000000	0.003126	0.003183	0.003034	0.003251	0.003350	0.003150	0.003400
361.000000	0.003293	0.003369	0.003192	0.003342	0.003492	0.003212	0.003354
362.000000	0.003568	0.003645	0.003305	0.003461	0.003539	0.003385	0.003241
363.000000	0.003538	0.003567	0.003224	0.003471	0.003343	0.003397	0.003084
364.000000	0.003239	0.003197	0.003011	0.003368	0.003025	0.003223	0.002949
365.000000	0.003102	0.003044	0.002915	0.003266	0.002938	0.003061	0.002945
366.000000	0.003255	0.003273	0.003036	0.003254	0.003155	0.003059	0.003116
367.000000	0.003423	0.003596	0.003271	0.003379	0.003369	0.003291	0.003420
368.000000	0.003424	0.003766	0.003498	0.003576	0.003395	0.003688	0.003742
369.000000	0.003311	0.003689	0.003582	0.003562	0.003316	0.003910	0.003831
370.000000	0.003174	0.003392	0.003470	0.003225	0.003233	0.003764	0.003573
371.000000	0.003142	0.003209	0.003343	0.003011	0.003209	0.003542	0.003281
372.000000	0.003292	0.003400	0.003375	0.003288	0.003281	0.003533	0.003253
373.000000	0.003465	0.003663	0.003519	0.003655	0.003395	0.003611	0.003389
374.000000	0.003475	0.003617	0.003665	0.003603	0.003478	0.003574	0.003499
375.000000	0.003414	0.003396	0.003671	0.003330	0.003494	0.003490	0.003545
376.000000	0.003471	0.003319	0.003413	0.003287	0.003429	0.003517	0.003551
377.000000	0.003621	0.003413	0.003069	0.003465	0.003345	0.003601	0.003542
378.000000	0.003711	0.003520	0.002988	0.003574	0.003346	0.003567	0.003539
379.000000	0.003723	0.003577	0.003233	0.003549	0.003447	0.003432	0.003538
380.000000	0.003763	0.003606	0.003601	0.003524	0.003574	0.003390	0.003511
381.000000	0.003828	0.003629	0.003891	0.003556	0.003659	0.003474	0.003481
382.000000	0.003764	0.003668	0.003916	0.003588	0.003637	0.003504	0.003540
383.000000	0.003530	0.003713	0.003667	0.003582	0.003525	0.003404	0.003694
384.000000	0.003324	0.003695	0.003478	0.003553	0.003489	0.003338	0.003775
385.000000	0.003293	0.003577	0.003560	0.003521	0.003621	0.003427	0.003682
386.000000	0.003358	0.003439	0.003655	0.003508	0.003728	0.003576	0.003582
387.000000	0.003416	0.003363	0.003520	0.003520	0.003639	0.003662	0.003624
388.000000	0.003434	0.003354	0.003363	0.003513	0.003512	0.003608	0.003663
389.000000	0.003410	0.003396	0.003464	0.003445	0.003554	0.003387	0.003522
390.000000	0.003437	0.003500	0.003707	0.003396	0.003676	0.003236	0.003390
391.000000	0.003626	0.003679	0.003830	0.003481	0.003682	0.003461	0.003568
392.000000	0.003841	0.003810	0.003781	0.003623	0.003570	0.003852	0.003913
393.000000	0.003811	0.003701	0.003651	0.003635	0.003456	0.003900	0.004021
394.000000	0.003618	0.003451	0.003539	0.003566	0.003469	0.003628	0.003875
395.000000	0.003666	0.003417	0.003550	0.003673	0.003735	0.003547	0.003816
396.000000	0.003980	0.003663	0.003676	0.003946	0.004131	0.003792	0.003928
397.000000	0.004073	0.003834	0.003755	0.004000	0.004199	0.003975	0.003934
398.000000	0.003752	0.003750	0.003705	0.003695	0.003804	0.003875	0.003722
399.000000	0.003487	0.003627	0.003628	0.003412	0.003485	0.003686	0.003559
400.000000	0.003613	0.003648	0.003605	0.003446	0.003617	0.003586	0.003644
401.000000	0.003844	0.003775	0.003581	0.003638	0.003845	0.003577	0.003842
402.000000	0.003862	0.003935	0.003504	0.003796	0.003800	0.003627	0.003988
403.000000	0.003736	0.004086	0.003446	0.003944	0.003656	0.003699	0.004044
404.000000	0.003637	0.004197	0.003494	0.004145	0.003694	0.003762	0.004016
405.000000	0.003687	0.004225	0.003633	0.004278	0.003845	0.003843	0.003960
406.000000	0.003965	0.004135	0.003802	0.004170	0.003911	0.003984	0.003943
407.000000	0.004284	0.004030	0.003936	0.003952	0.003897	0.004097	0.003961
408.000000	0.004306	0.004089	0.003971	0.003932	0.003938	0.004026	0.003963
409.000000	0.004068	0.004246	0.003946	0.004112	0.004039	0.003814	0.003951
410.000000	0.003949	0.004214	0.003993	0.004220	0.004087	0.003690	0.003975
411.000000	0.004098	0.003990	0.004148	0.004176	0.004073	0.003751	0.004060
412.000000	0.004333	0.003955	0.004314	0.004175	0.004129	0.003908	0.004198
413.000000	0.004469	0.004231	0.004384	0.004290	0.004281	0.004057	0.004332
414.000000	0.004356	0.004378	0.004243	0.004319	0.004319	0.004097	0.004313
415.000000	0.003979	0.004113	0.003888	0.004133	0.004130	0.003994	0.004081
416.000000	0.003700	0.003811	0.003646	0.003919	0.003968	0.003913	0.003863
417.000000	0.003825	0.003849	0.003778	0.003865	0.004059	0.003994	0.003872
418.000000	0.004081	0.004072	0.003993	0.003900	0.004203	0.004102	0.003990
419.000000	0.004107	0.004208	0.003918	0.003902	0.004137	0.004064	0.004038
420.000000	0.004020	0.004224	0.003687	0.003907	0.003990	0.003977	0.004052
421.000000	0.004112	0.004181	0.003625	0.004001	0.004025	0.004028	0.004140
422.000000	0.004281	0.004107	0.003736	0.004106	0.004151	0.004123	0.004220
423.000000	0.004199	0.004006	0.003825	0.004051	0.004070	0.004010	0.004103
424.000000	0.003929	0.003931	0.003872	0.003905	0.003831	0.003784	0.003884
425.000000	0.003886	0.003972	0.004011	0.003952	0.003799	0.003848	0.003912
426.000000	0.004155	0.004100	0.004246	0.004221	0.004047	0.004239	0.004227
427.000000	0.004366	0.004121	0.004402	0.004399	0.004243	0.004483	0.004446
428.000000	0.004308	0.003976	0.004380	0.004325	0.004208	0.004341	0.004370
429.000000	0.004134	0.003882	0.004253	0.004179	0.004106	0.004092	0.004218
430.000000	0.004002	0.003992	0.004109	0.004121	0.004080	0.003987	0.004171
431.000000	0.003951	0.004167	0.004026	0.004134	0.004098	0.004022	0.004172
432.000000	0.003992	0.004253	0.004053	0.004170	0.004110	0.004139	0.004143
433.000000	0.004087	0.004252	0.004129	0.004180	0.004133	0.004239	0.004108
434.000000	0.004184	0.004211	0.004172	0.004129	0.004190	0.004233	0.004112
435.000000	0.004218	0.004174	0.004155	0.004053	0.004237	0.004179	0.004134
436.000000	0.004134	0.004181	0.004083	0.004015	0.004215	0.004183	0.004132
437.000000	0.004017	0.004202	0.004025	0.004037	0.004166	0.004226	0.004138
438.000000	0.004032	0.004174	0.004084	0.004114	0.004193	0.004212	0.004223
439.000000	0.004178	0.004127	0.004230	0.004216	0.004287	0.004154	0.004351
440.000000	0.004308	0.004177	0.004319	0.004290	0.004341	0.004152	0.004394
441.000000	0.004350	0.004315	0.004306	0.004323	0.004318	0.004236	0.004338
442.000000	0.004337	0.004371	0.004279	0.004353	0.004270	0.004336	0.004319
443.000000	0.004295	0.004274	0.004282	0.004376	0.004233	0.004380	0.004375
444.000000	0.004227	0.004169	0.004260	0.004311	0.004203	0.004310	0.004341
445.000000	0.004145	0.004158	0.004180	0.004134	0.004177	0.004131	0.004137
446.000000	0.004110	0.004169	0.004111	0.004022	0.004169	0.004022	0.003993
447.000000	0.004159	0.004134	0.004121	0.004115	0.004189	0.004122	0.004103
448.000000	0.004214	0.004121	0.004199	0.004261	0.004214	0.004265	0.004286
449.000000	0.004189	0.004214	0.004313	0.004273	0.004218	0.004246	0.004308
450.000000	0.004158	0.004327	0.004412	0.004225	0.004220	0.004169	0.004237
451.000000	0.004243	0.004328	0.004444	0.004283	0.004255	0.004237	0.004251
452.000000	0.004396	0.004286	0.004426	0.004436	0.004323	0.004412	0.004361
453.000000	0.004473	0.004374	0.004415	0.004570	0.004405	0.004514	0.004478
454.000000	0.004419	0.004539	0.004412	0.004608	0.004459	0.004474	0.004511
455.000000	0.004264	0.004531	0.004372	0.004511	0.004428	0.004322	0.004371
456.000000	0.004078	0.004324	0.004274	0.004327	0.004323	0.004144	0.004117
457.000000	0.003990	0.004180	0.004124	0.004210	0.004241	0.004088	0.003987
458.000000	0.004049	0.004217	0.003972	0.004231	0.004240	0.004195	0.004081
459.000000	0.004165	0.004264	0.003926	0.004301	0.004304	0.004300	0.004221
460.000000	0.004248	0.004198	0.004037	0.004337	0.004382	0.004278	0.004264
461.000000	0.004257	0.004114	0.004170	0.004314	0.004343	0.004172	0.004228
462.000000	0.004175	0.004112	0.004201	0.004229	0.004115	0.004057	0.004161
463.000000	0.004068	0.004162	0.004174	0.004126	0.003921	0.004021	0.004115
464.000000	0.004009	0.004206	0.004159	0.004055	0.003992	0.004118	0.004128
465.000000	0.003983	0.004212	0.004135	0.004031	0.004157	0.004192	0.004151
466.000000	0.003952	0.004163	0.004053	0.004050	0.004123	0.004038	0.004107
467.000000	0.003934	0.004086	0.003960	0.004068	0.003957	0.003806	0.004025
468.000000	0.003974	0.004030	0.003953	0.004018	0.003919	0.003828	0.003986
469.000000	0.004039	0.004014	0.004030	0.003930	0.004024	0.004065	0.003992
470.000000	0.004030	0.004028	0.004102	0.003909	0.004090	0.004178	0.003979
471.000000	0.003945	0.004058	0.004114	0.003997	0.004063	0.004084	0.003939
472.000000	0.003900	0.004080	0.004048	0.004154	0.004051	0.004013	0.003939
473.000000	0.003956	0.004077	0.003938	0.004293	0.004094	0.004075	0.004004
474.000000	0.004063	0.004037	0.003909	0.004251	0.004097	0.004135	0.004086
475.000000	0.004168	0.003975	0.004013	0.003985	0.004013	0.004102	0.004140
476.000000	0.004226	0.003972	0.004113	0.003772	0.003942	0.004055	0.004140
477.000000	0.004207	0.004078	0.004090	0.003833	0.003972	0.004074	0.004082
478.000000	0.004138	0.004179	0.004022	0.003979	0.004039	0.004123	0.004021
479.000000	0.004059	0.004148	0.004011	0.003974	0.004053	0.004149	0.004013
480.000000	0.003993	0.004020	0.004016	0.003886	0.004003	0.004130	0.004016
481.000000	0.003957	0.003886	0.003959	0.003878	0.003908	0.004064	0.003963
482.000000	0.003915	0.003821	0.003875	0.003926	0.003820	0.003984	0.003893
483.000000	0.003810	0.003880	0.003852	0.003917	0.003804	0.003943	0.003891
484.000000	0.003705	0.003990	0.003889	0.003853	0.003852	0.003938	0.003913
485.000000	0.003751	0.003983	0.003913	0.003831	0.003900	0.003921	0.003817
486.000000	0.003936	0.003862	0.003911	0.003868	0.003912	0.003892	0.003639
487.000000	0.004070	0.003830	0.003931	0.003899	0.003879	0.003906	0.003616
488.000000	0.004069	0.003945	0.003997	0.003901	0.003827	0.003961	0.003811
489.000000	0.004044	0.004021	0.004085	0.003928	0.003825	0.003960	0.003988
490.000000	0.004056	0.003938	0.004142	0.003988	0.003884	0.003854	0.003980
491.000000	0.004004	0.003804	0.004051	0.003954	0.003854	0.003730	0.003853
492.000000	0.003834	0.003739	0.003780	0.003767	0.003659	0.003677	0.003716
493.000000	0.003755	0.003797	0.003632	0.003679	0.003577	0.003726	0.003722
494.000000	0.003952	0.003988	0.003876	0.003914	0.003862	0.003873	0.003968
495.000000	0.004180	0.004157	0.004191	0.004180	0.004207	0.003995	0.004189
496.000000	0.004101	0.004126	0.004128	0.004071	0.004182	0.003949	0.004056
497.000000	0.003842	0.003979	0.003817	0.003756	0.003918	0.003798	0.003736
498.000000	0.003738	0.003913	0.003659	0.003655	0.003803	0.003698	0.003618
499.000000	0.003813	0.003940	0.003704	0.003777	0.003869	0.003703	0.003714
500.000000	0.003866	0.003932	0.003752	0.003838	0.003898	0.003790	0.003772
501.000000	0.003851	0.003875	0.003751	0.003782	0.003839	0.003911	0.003740
502.000000	0.003887	0.003873	0.003801	0.003796	0.003825	0.003994	0.003782
503.000000	0.004002	0.003945	0.003913	0.003922	0.003894	0.003998	0.003933
504.000000	0.004065	0.003971	0.003947	0.003968	0.003931	0.003936	0.004024
505.000000	0.004010	0.003895	0.003840	0.003844	0.003874	0.003841	0.003967
506.000000	0.003939	0.003835	0.003724	0.003725	0.003812	0.003793	0.003898
507.000000	0.003934	0.003875	0.003713	0.003753	0.003818	0.003835	0.003927
508.000000	0.003949	0.003928	0.003777	0.003841	0.003863	0.003886	0.003988
509.000000	0.003922	0.003896	0.003857	0.003877	0.003895	0.003857	0.003992
510.000000	0.003842	0.003815	0.003886	0.003864	0.003874	0.003776	0.003923
511.000000	0.003724	0.003751	0.003814	0.003840	0.003776	0.003701	0.003794
512.000000	0.003640	0.003720	0.003703	0.003820	0.003683	0.003671	0.003665
513.000000	0.003674	0.003714	0.003660	0.003810	0.003714	0.003709	0.003616
514.000000	0.003759	0.003706	0.003682	0.003783	0.003802	0.003774	0.003629
515.000000	0.003738	0.003665	0.003691	0.003697	0.003765	0.003781	0.003627
516.000000	0.003625	0.003594	0.003672	0.003585	0.003609	0.003718	0.003592
517.000000	0.003605	0.003534	0.003671	0.003560	0.003519	0.003639	0.003565
518.000000	0.003721	0.003516	0.003698	0.003642	0.003567	0.003592	0.003565
519.000000	0.003815	0.003562	0.003710	0.003724	0.003656	0.003612	0.003588
520.000000	0.003794	0.003663	0.003686	0.003734	0.003712	0.003694	0.003624
521.000000	0.003723	0.003755	0.003655	0.003688	0.003730	0.003750	0.003661
522.000000	0.003671	0.003791	0.003647	0.003624	0.003724	0.003725	0.003694
523.000000	0.003656	0.003797	0.003672	0.003619	0.003742	0.003691	0.003742
524.000000	0.003678	0.003806	0.003727	0.003719	0.003815	0.003719	0.003815
525.000000	0.003688	0.003820	0.003769	0.003816	0.003872	0.003766	0.003870
526.000000	0.003636	0.003826	0.003750	0.003787	0.003832	0.003766	0.003856
527.000000	0.003569	0.003798	0.003693	0.003695	0.003736	0.003716	0.003777
528.000000	0.003566	0.003707	0.003650	0.003671	0.003673	0.003639	0.003664
529.000000	0.003621	0.003591	0.003640	0.003713	0.003661	0.003585	0.003577
530.000000	0.003678	0.003525	0.003670	0.003741	0.003676	0.003610	0.003591
531.000000	0.003705	0.003526	0.003711	0.003732	0.003691	0.003687	0.003685
532.000000	0.003690	0.003555	0.003708	0.003706	0.003672	0.003720	0.003752
533.000000	0.003630	0.003579	0.003645	0.003665	0.003620	0.003681	0.003740
534.000000	0.003538	0.003577	0.003556	0.003585	0.003570	0.003633	0.003664
535.000000	0.003446	0.003548	0.003482	0.003478	0.003548	0.003615	0.003561
536.000000	0.003429	0.003530	0.003474	0.003422	0.003546	0.003604	0.003496
537.000000	0.003516	0.003550	0.003542	0.003461	0.003555	0.003582	0.003506
538.000000	0.003616	0.003586	0.003586	0.003526	0.003571	0.003556	0.003556
539.000000	0.003636	0.003606	0.003524	0.003546	0.003585	0.003535	0.003599
540.000000	0.003569	0.003578	0.003420	0.003517	0.003573	0.003502	0.003590
541.000000	0.003437	0.003480	0.003359	0.003454	0.003513	0.003442	0.003501
542.000000	0.003343	0.003382	0.003351	0.003403	0.003432	0.003381	0.003409
543.000000	0.003396	0.003375	0.003373	0.003409	0.003372	0.003357	0.003413
544.000000	0.003510	0.003428	0.003384	0.003441	0.003347	0.003366	0.003473
545.000000	0.003500	0.003448	0.003341	0.003428	0.003353	0.003385	0.003478
546.000000	0.003380	0.003424	0.003274	0.003376	0.003375	0.003403	0.003429
547.000000	0.003316	0.003408	0.003273	0.003353	0.003386	0.003418	0.003414
548.000000	0.003346	0.003419	0.003346	0.003375	0.003383	0.003430	0.003448
549.000000	0.003367	0.003444	0.003409	0.003402	0.003383	0.003437	0.003460
550.000000	0.003346	0.003462	0.003419	0.003410	0.003389	0.003441	0.003421
551.000000	0.003384	0.003457	0.003405	0.003406	0.003376	0.003450	0.003374
552.000000	0.003509	0.003420	0.003393	0.003396	0.003334	0.003460	0.003352
553.000000	0.003561	0.003363	0.003378	0.003378	0.003300	0.003429	0.003354
554.000000	0.003436	0.003310	0.003360	0.003359	0.003307	0.003344	0.003372
555.000000	0.003327	0.003309	0.003352	0.003374	0.003370	0.003310	0.003401
556.000000	0.003420	0.003389	0.003366	0.003442	0.003477	0.003413	0.003428
557.000000	0.003514	0.003436	0.003385	0.003466	0.003525	0.003505	0.003405
558.000000	0.003353	0.003329	0.003385	0.003347	0.003415	0.003413	0.003300
559.000000	0.003270	0.003269	0.003384	0.003304	0.003330	0.003365	0.003285
560.000000	0.003776	0.003557	0.003416	0.003638	0.003534	0.003712	0.003577
561.000000	0.004022	0.003739	0.003442	0.003776	0.003624	0.003853	0.003722
562.000000	0.002378	0.002928	0.003383	0.002643	0.002806	0.002639	0.002879
563.000000	0.001100	0.002240	0.003301	0.001762	0.002188	0.001693	0.002187
564.000000	0.006115	0.004694	0.003394	0.005101	0.004667	0.005248	0.004650
565.000000	0.011992	0.007609	0.003504	0.009022	0.007541	0.009405	0.007577
566.000000	-0.002959	0.000126	0.002965	-0.001042	0.000069	-0.001407	0.000104
567.000000	-0.034153	-0.018161	0.002310	-0.026380	-0.018109	-0.027979	-0.018173
568.000000	-0.020297	-0.024821	0.004617	-0.039184	-0.024694	-0.038795	-0.024820
569.000000	0.066668	-0.006498	0.010862	-0.021694	-0.006419	-0.014707	-0.006475
570.000000	0.132782	0.014109	0.014680	0.002499	0.014122	0.013844	0.014143
571.000000	0.093699	0.014562	0.010652	0.008854	0.014593	0.016373	0.014582
572.000000	0.013597	0.004574	0.003960	0.004028	0.004639	0.004790	0.004575
573.000000	-0.015630	0.000599	0.001650	0.001704	0.000616	0.000053	0.000602
574.000000	-0.001887	0.002596	0.002849	0.002940	0.002517	0.002466	0.002590
575.000000	0.008279	0.004047	0.003644	0.003767	0.003914	0.004208	0.003976
576.000000	0.005314	0.003579	0.003310	0.003424	0.003499	0.003665	0.003478
577.000000	0.001911	0.002935	0.003028	0.003077	0.003045	0.002970	0.002979
578.000000	0.002334	0.002892	0.003117	0.003077	0.003100	0.002938	0.003053
579.000000	0.003245	0.003333	0.003124	0.003048	0.003117	0.003185	0.003094
580.000000	0.003221	0.003698	0.003071	0.003027	0.003057	0.003385	0.003044
581.000000	0.003540	0.002927	0.003585	0.003584	0.003545	0.003349	0.003554
582.000000	0.004224	0.001697	0.004241	0.004261	0.004176	0.003138	0.004222
583.000000	0.002747	0.003832	0.002677	0.002697	0.002633	0.003257	0.002681
584.000000	-0.000462	0.010384	-0.000531	-0.000522	-0.000494	0.003727	-0.000505
585.000000	0.003399	0.014331	0.003389	0.003367	0.003474	0.003183	0.003399
586.000000	0.016194	0.010240	0.016248	0.016177	0.016279	0.001302	0.016189
587.000000	0.007704	0.003862	0.007802	0.007700	0.007752	0.002650	0.007708
588.000000	-0.047166	0.002194	-0.047055	-0.047131	-0.047121	0.011019	-0.047068
589.000000	-0.098354	0.003722	-0.098255	-0.098279	-0.098289	0.018786	-0.098164
590.000000	-0.079120	0.004280	-0.079052	-0.079040	-0.079052	0.015807	-0.078970
591.000000	-0.016607	0.003529	-0.016572	-0.016562	-0.016559	0.006260	-0.016579
592.000000	0.016743	0.003064	0.016754	0.016728	0.016758	0.001230	0.016699
593.000000	0.010381	0.003228	0.010372	0.010314	0.010375	0.002284	0.010340
594.000000	0.000124	0.003417	0.000082	0.000064	0.000144	0.003861	0.000115
595.000000	0.000892	0.003395	0.000821	0.000897	0.000970	0.003685	0.000910
596.000000	0.003931	0.003347	0.003885	0.003998	0.004031	0.003200	0.003955
597.000000	0.004027	0.003374	0.004056	0.004113	0.004090	0.003241	0.004042
598.000000	0.003201	0.003418	0.003267	0.003256	0.003221	0.003423	0.003217
599.000000	0.003129	0.003428	0.003153	0.003122	0.003135	0.003439	0.003172
600.000000	0.003357	0.003398	0.003358	0.003331	0.003372	0.003370	0.003442
601.000000	0.003353	0.003337	0.003417	0.003388	0.003386	0.003324	0.003480
602.000000	0.003255	0.003295	0.003382	0.003328	0.003311	0.003322	0.003411
603.000000	0.003279	0.003313	0.003378	0.003276	0.003355	0.003354	0.003438
604.000000	0.003358	0.003349	0.003375	0.003283	0.003446	0.003372	0.003487
605.000000	0.003361	0.003348	0.003311	0.003361	0.003449	0.003324	0.003426
606.000000	0.003304	0.003323	0.003227	0.003426	0.003400	0.003271	0.003320
607.000000	0.003268	0.003314	0.003205	0.003367	0.003405	0.003309	0.003311
608.000000	0.003275	0.003320	0.003245	0.003249	0.003444	0.003408	0.003370
609.000000	0.003308	0.003314	0.003304	0.003249	0.003418	0.003462	0.003366
610.000000	0.003332	0.003285	0.003340	0.003358	0.003327	0.003433	0.003297
611.000000	0.003302	0.003239	0.003325	0.003402	0.003253	0.003347	0.003283
612.000000	0.003235	0.003209	0.003272	0.003329	0.003237	0.003261	0.003351
613.000000	0.003229	0.003260	0.003254	0.003254	0.003260	0.003267	0.003403
614.000000	0.003301	0.003378	0.003280	0.003241	0.003290	0.003372	0.003377
615.000000	0.003313	0.003392	0.003242	0.003236	0.003283	0.003415	0.003290
616.000000	0.003187	0.003215	0.003090	0.003194	0.003221	0.003301	0.003180
617.000000	0.003058	0.003025	0.002975	0.003125	0.003158	0.003158	0.003108
618.000000	0.003052	0.002989	0.003023	0.003051	0.003145	0.003120	0.003117
619.000000	0.003100	0.003046	0.003142	0.003018	0.003168	0.003177	0.003153
620.000000	0.003104	0.003091	0.003202	0.003063	0.003196	0.003277	0.003151
621.000000	0.003069	0.003107	0.003189	0.003110	0.003179	0.003325	0.003129
622.000000	0.003035	0.003109	0.003136	0.003064	0.003079	0.003230	0.003131
623.000000	0.003035	0.003088	0.003073	0.002979	0.002975	0.003065	0.003150
624.000000	0.003091	0.003027	0.003027	0.002983	0.003000	0.002987	0.003155
625.000000	0.003163	0.002962	0.003000	0.003067	0.003104	0.003005	0.003139
626.000000	0.003163	0.002961	0.002969	0.003121	0.003097	0.003021	0.003110
627.000000	0.003088	0.003027	0.002944	0.003099	0.002961	0.003000	0.003094
628.000000	0.003024	0.003090	0.002966	0.003031	0.002863	0.002984	0.003128
629.000000	0.003014	0.003107	0.003028	0.002956	0.002875	0.002989	0.003195
630.000000	0.003027	0.003089	0.003034	0.002914	0.002902	0.002986	0.003188
631.000000	0.003027	0.003047	0.002946	0.002916	0.002880	0.002950	0.003064
632.000000	0.002987	0.002987	0.002865	0.002900	0.002848	0.002880	0.002932
633.000000	0.002899	0.002916	0.002866	0.002825	0.002842	0.002784	0.002879
634.000000	0.002821	0.002840	0.002873	0.002749	0.002837	0.002713	0.002840
635.000000	0.002806	0.002772	0.002807	0.002733	0.002804	0.002707	0.002750
636.000000	0.002820	0.002733	0.002723	0.002760	0.002757	0.002741	0.002678
637.000000	0.002808	0.002742	0.002705	0.002788	0.002720	0.002773	0.002717
638.000000	0.002798	0.002788	0.002759	0.002794	0.002710	0.002808	0.002806
639.000000	0.002846	0.002842	0.002854	0.002766	0.002739	0.002863	0.002827
640.000000	0.002912	0.002863	0.002931	0.002736	0.002774	0.002882	0.002773
641.000000	0.002903	0.002808	0.002920	0.002761	0.002756	0.002767	0.002702
642.000000	0.002809	0.002702	0.002827	0.002802	0.002676	0.002574	0.002643
643.000000	0.002704	0.002633	0.002725	0.002733	0.002572	0.002497	0.002598
644.000000	0.002634	0.002634	0.002673	0.002569	0.002497	0.002574	0.002578
645.000000	0.002612	0.002655	0.002705	0.002504	0.002521	0.002638	0.002608
646.000000	0.002628	0.002662	0.002785	0.002605	0.002634	0.002604	0.002675
647.000000	0.002639	0.002657	0.002753	0.002677	0.002671	0.002563	0.002691
648.000000	0.002620	0.002641	0.002547	0.002599	0.002547	0.002576	0.002607
649.000000	0.002601	0.002601	0.002396	0.002508	0.002433	0.002583	0.002489
650.000000	0.002610	0.002539	0.002490	0.002533	0.002481	0.002530	0.002417
651.000000	0.002630	0.002532	0.002671	0.002607	0.002586	0.002470	0.002436
652.000000	0.002636	0.002646	0.002732	0.002629	0.002609	0.002469	0.002566
653.000000	0.002631	0.002786	0.002695	0.002615	0.002580	0.002522	0.002701
654.000000	0.002626	0.002815	0.002659	0.002610	0.002582	0.002596	0.002711
655.000000	0.002625	0.002744	0.002644	0.002603	0.002596	0.002643	0.002625
656.000000	0.002625	0.002660	0.002636	0.002556	0.002561	0.002609	0.002555
657.000000	0.002619	0.002606	0.002616	0.002492	0.002488	0.002525	0.002543
658.000000	0.002596	0.002590	0.002563	0.002479	0.002447	0.002482	0.002585
659.000000	0.002572	0.002608	0.002506	0.002525	0.002454	0.002513	0.002645
660.000000	0.002586	0.002638	0.002520	0.002567	0.002472	0.002582	0.002660
661.000000	0.002642	0.002657	0.002610	0.002569	0.002485	0.002646	0.002613
662.000000	0.002689	0.002634	0.002667	0.002538	0.002518	0.002659	0.002557
663.000000	0.002679	0.002567	0.002634	0.002487	0.002570	0.002600	0.002525
664.000000	0.002587	0.002514	0.002574	0.002431	0.002575	0.002509	0.002493
665.000000	0.002432	0.002525	0.002551	0.002389	0.002504	0.002437	0.002451
666.000000	0.002365	0.002593	0.002574	0.002386	0.002470	0.002447	0.002449
667.000000	0.002496	0.002691	0.002633	0.002436	0.002566	0.002571	0.002522
668.000000	0.002629	0.002726	0.002659	0.002480	0.002669	0.002673	0.002572
669.000000	0.002536	0.002618	0.002587	0.002457	0.002628	0.002604	0.002491
670.000000	0.002351	0.002461	0.002477	0.002413	0.002492	0.002447	0.002377
671.000000	0.002342	0.002416	0.002428	0.002427	0.002389	0.002371	0.002400
672.000000	0.002479	0.002478	0.002429	0.002468	0.002346	0.002407	0.002517
673.000000	0.002565	0.002544	0.002402	0.002440	0.002328	0.002502	0.002569
674.000000	0.002555	0.002568	0.002352	0.002364	0.002328	0.002574	0.002546
675.000000	0.002539	0.002552	0.002356	0.002355	0.002364	0.002521	0.002557
676.000000	0.002536	0.002505	0.002415	0.002420	0.002413	0.002378	0.002614
677.000000	0.002480	0.002443	0.002438	0.002429	0.002406	0.002340	0.002596
678.000000	0.002342	0.002375	0.002374	0.002330	0.002320	0.002452	0.002453
679.000000	0.002178	0.002302	0.002247	0.002209	0.002209	0.002480	0.002262
680.000000	0.002063	0.002247	0.002116	0.002152	0.002140	0.002311	0.002108
681.000000	0.002108	0.002284	0.002106	0.002195	0.002173	0.002192	0.002059
682.000000	0.002347	0.002440	0.002281	0.002329	0.002320	0.002303	0.002142
683.000000	0.002517	0.002522	0.002444	0.002407	0.002408	0.002408	0.002243
684.000000	0.002367	0.002352	0.002391	0.002296	0.002279	0.002251	0.002246
685.000000	0.002089	0.002089	0.002201	0.002102	0.002090	0.002009	0.002175
686.000000	0.001984	0.001970	0.002034	0.001995	0.002066	0.001963	0.002099
687.000000	0.002038	0.002009	0.001979	0.002000	0.002155	0.002071	0.002063
688.000000	0.002098	0.002107	0.002078	0.002068	0.002182	0.002149	0.002092
689.000000	0.002155	0.002210	0.002255	0.002172	0.002155	0.002160	0.002178
690.000000	0.002291	0.002293	0.002360	0.002294	0.002201	0.002170	0.002287
691.000000	0.002452	0.002338	0.002351	0.002384	0.002317	0.002202	0.002364
692.000000	0.002454	0.002334	0.002296	0.002364	0.002370	0.002236	0.002341
693.000000	0.002275	0.002296	0.002246	0.002241	0.002309	0.002260	0.002240
694.000000	0.002133	0.002271	0.002223	0.002135	0.002196	0.002277	0.002207
695.000000	0.002147	0.002284	0.002241	0.002126	0.002108	0.002290	0.002291
696.000000	0.002219	0.002314	0.002293	0.002199	0.002123	0.002314	0.002331
697.000000	0.002255	0.002333	0.002359	0.002307	0.002260	0.002340	0.002229
698.000000	0.002233	0.002309	0.002385	0.002335	0.002359	0.002309	0.002131
699.000000	0.002162	0.002233	0.002334	0.002209	0.002288	0.002188	0.002165
700.000000	0.002108	0.002185	0.002250	0.002086	0.002149	0.002085	0.002215
701.000000	0.002135	0.002240	0.002189	0.002131	0.002082	0.002115	0.002142
702.000000	0.002178	0.002312	0.002138	0.002227	0.002070	0.002195	0.002045
703.000000	0.002136	0.002271	0.002070	0.002176	0.002047	0.002184	0.002088
704.000000	0.002051	0.002155	0.002038	0.002051	0.002026	0.002109	0.002207
705.000000	0.002029	0.002090	0.002134	0.002058	0.002056	0.002081	0.002225
706.000000	0.002095	0.002113	0.002279	0.002174	0.002134	0.002108	0.002149
707.000000	0.002207	0.002195	0.002274	0.002209	0.002221	0.002121	0.002120
708.000000	0.002318	0.002290	0.002139	0.002146	0.002294	0.002116	0.002179
709.000000	0.002378	0.002343	0.002127	0.002159	0.002351	0.002160	0.002260
710.000000	0.002390	0.002351	0.002303	0.002319	0.002409	0.002282	0.002317
711.000000	0.002433	0.002400	0.002426	0.002533	0.002518	0.002457	0.002352
712.000000	0.002539	0.002529	0.002377	0.002705	0.002670	0.002629	0.002391
713.000000	0.002621	0.002666	0.002347	0.002775	0.002733	0.002694	0.002515
714.000000	0.002620	0.002749	0.002487	0.002730	0.002652	0.002609	0.002742
715.000000	0.002618	0.002793	0.002698	0.002705	0.002656	0.002532	0.002882
716.000000	0.002696	0.002823	0.002854	0.002816	0.002927	0.002617	0.002781
717.000000	0.002814	0.002834	0.002928	0.002964	0.003173	0.002800	0.002640
718.000000	0.002904	0.002827	0.002933	0.003021	0.003057	0.002968	0.002718
719.000000	0.002941	0.002890	0.002964	0.003039	0.002836	0.003088	0.002972
720.000000	0.002922	0.003118	0.003126	0.003131	0.002960	0.003158	0.003229
721.000000	0.002847	0.003306	0.003218	0.003188	0.003246	0.003132	0.003326
722.000000	0.002726	0.003100	0.002900	0.002990	0.003168	0.002949	0.003123
723.000000	0.002659	0.002696	0.002490	0.002712	0.002872	0.002766	0.002822
724.000000	0.002813	0.002732	0.002831	0.002844	0.003045	0.002916	0.002896
725.000000	0.003112	0.003214	0.003815	0.003334	0.003672	0.003338	0.003326
726.000000	0.003191	0.003391	0.004203	0.003482	0.003891	0.003509	0.003508
727.000000	0.002974	0.003041	0.003568	0.003066	0.003438	0.003272	0.003258
728.000000	0.002888	0.002898	0.002937	0.002723	0.003115	0.003130	0.003140
729.000000	0.003175	0.003363	0.003032	0.002866	0.003412	0.003376	0.003475
730.000000	0.003516	0.003836	0.003531	0.003199	0.003838	0.003673	0.003834
731.000000	0.003618	0.003783	0.004057	0.003418	0.003926	0.003708	0.003826
732.000000	0.003556	0.003376	0.004559	0.003541	0.003774	0.003563	0.003572
