[HEADER]
Format	J&M ASCII Table
Comment	Remin PV CDOM Samples 
Date	2/12/1980 7:01:27 AM
Order	Y (evenX)
TechType	UV
NumPoints	483
FirstX	250.00
LastX	732.00
XType	NMetr
YType	Absrb
ZType	Secs
NumSubFile	7
Matrix	Z vs X
[DATA]
	0.000000	5.000128	10.000192	15.000256	20.000383	25.000448	30.000511
250.000000	0.006261	0.006981	0.007061	0.007720	0.007796	0.008009	0.008060
251.000000	0.006456	0.007177	0.007096	0.007844	0.007858	0.008014	0.008111
252.000000	0.006423	0.006791	0.006835	0.007382	0.007628	0.007869	0.008129
253.000000	0.006388	0.006375	0.006624	0.006851	0.007429	0.007665	0.008073
254.000000	0.006514	0.006385	0.006728	0.006693	0.007507	0.007489	0.007944
255.000000	0.006643	0.006623	0.006962	0.006798	0.007647	0.007333	0.007898
256.000000	0.006603	0.006798	0.007082	0.006960	0.007597	0.007188	0.008054
257.000000	0.006539	0.006876	0.007072	0.007109	0.007432	0.007130	0.008176
258.000000	0.006671	0.006914	0.007000	0.007226	0.007334	0.007247	0.007963
259.000000	0.006960	0.007005	0.007011	0.007348	0.007405	0.007482	0.007634
260.000000	0.007236	0.007245	0.007271	0.007533	0.007696	0.007706	0.007643
261.000000	0.007419	0.007541	0.007656	0.007761	0.008035	0.007907	0.007958
262.000000	0.007507	0.007654	0.007833	0.007954	0.008084	0.008158	0.008181
263.000000	0.007533	0.007580	0.007800	0.008041	0.007865	0.008423	0.008183
264.000000	0.007576	0.007580	0.007937	0.007962	0.007804	0.008540	0.008156
265.000000	0.007669	0.007769	0.008329	0.007782	0.008068	0.008450	0.008204
266.000000	0.007771	0.007996	0.008523	0.007779	0.008345	0.008294	0.008249
267.000000	0.007857	0.008141	0.008278	0.008077	0.008407	0.008200	0.008239
268.000000	0.007963	0.008227	0.008029	0.008359	0.008358	0.008227	0.008227
269.000000	0.008119	0.008286	0.008155	0.008347	0.008323	0.008385	0.008267
270.000000	0.008279	0.008302	0.008404	0.008191	0.008302	0.008541	0.008349
271.000000	0.008384	0.008257	0.008430	0.008113	0.008275	0.008558	0.008434
272.000000	0.008402	0.008204	0.008298	0.008124	0.008258	0.008514	0.008425
273.000000	0.008317	0.008204	0.008208	0.008158	0.008280	0.008547	0.008225
274.000000	0.008194	0.008166	0.008175	0.008167	0.008298	0.008551	0.007962
275.000000	0.008128	0.007920	0.008106	0.008115	0.008237	0.008301	0.007878
276.000000	0.008034	0.007545	0.007944	0.007934	0.008072	0.007866	0.007915
277.000000	0.007675	0.007322	0.007670	0.007531	0.007827	0.007572	0.007764
278.000000	0.007123	0.007336	0.007345	0.007020	0.007577	0.007525	0.007413
279.000000	0.006847	0.007406	0.007131	0.006772	0.007457	0.007545	0.007233
280.000000	0.007018	0.007374	0.007045	0.006889	0.007449	0.007492	0.007343
281.000000	0.007197	0.007156	0.006826	0.006934	0.007227	0.007331	0.007334
282.000000	0.007049	0.006765	0.006358	0.006625	0.006638	0.007060	0.006929
283.000000	0.006740	0.006473	0.006037	0.006301	0.006131	0.006741	0.006399
284.000000	0.006492	0.006500	0.006192	0.006298	0.006113	0.006452	0.006049
285.000000	0.006378	0.006635	0.006451	0.006446	0.006340	0.006291	0.005923
286.000000	0.006411	0.006589	0.006341	0.006468	0.006436	0.006332	0.005984
287.000000	0.006469	0.006368	0.006055	0.006341	0.006392	0.006445	0.006136
288.000000	0.006389	0.006111	0.006035	0.006146	0.006342	0.006433	0.006268
289.000000	0.006237	0.005982	0.006268	0.005974	0.006311	0.006286	0.006312
290.000000	0.006212	0.006148	0.006459	0.005916	0.006258	0.006113	0.006232
291.000000	0.006275	0.006450	0.006477	0.005926	0.006185	0.005968	0.006070
292.000000	0.006162	0.006431	0.006354	0.005836	0.006142	0.005850	0.005938
293.000000	0.005904	0.006079	0.006187	0.005682	0.006142	0.005806	0.005892
294.000000	0.005960	0.006027	0.006159	0.005798	0.006142	0.005951	0.005902
295.000000	0.006464	0.006518	0.006332	0.006277	0.006137	0.006278	0.005951
296.000000	0.006814	0.006892	0.006508	0.006669	0.006201	0.006507	0.006047
297.000000	0.006587	0.006660	0.006519	0.006641	0.006360	0.006440	0.006178
298.000000	0.006247	0.006254	0.006390	0.006458	0.006450	0.006247	0.006237
299.000000	0.006289	0.006175	0.006211	0.006437	0.006337	0.006137	0.006148
300.000000	0.006521	0.006368	0.006187	0.006579	0.006222	0.006145	0.006082
301.000000	0.006589	0.006613	0.006504	0.006782	0.006363	0.006248	0.006241
302.000000	0.006556	0.006754	0.006915	0.006893	0.006660	0.006395	0.006503
303.000000	0.006661	0.006681	0.007003	0.006760	0.006855	0.006526	0.006613
304.000000	0.006854	0.006523	0.006816	0.006512	0.006881	0.006605	0.006599
305.000000	0.006898	0.006564	0.006718	0.006468	0.006805	0.006617	0.006686
306.000000	0.006770	0.006800	0.006784	0.006665	0.006697	0.006590	0.006883
307.000000	0.006681	0.006927	0.006783	0.006850	0.006621	0.006593	0.006977
308.000000	0.006720	0.006844	0.006655	0.006906	0.006629	0.006655	0.006887
309.000000	0.006780	0.006771	0.006626	0.006945	0.006754	0.006734	0.006750
310.000000	0.006800	0.006848	0.006800	0.007030	0.006960	0.006800	0.006688
311.000000	0.006855	0.006960	0.006960	0.007061	0.007062	0.006852	0.006750
312.000000	0.007004	0.007002	0.006933	0.006978	0.006947	0.006906	0.006931
313.000000	0.007179	0.007027	0.006870	0.006921	0.006819	0.007016	0.007080
314.000000	0.007289	0.007094	0.006938	0.007015	0.006891	0.007199	0.007051
315.000000	0.007277	0.007104	0.007025	0.007058	0.007053	0.007239	0.006899
316.000000	0.007114	0.006938	0.006951	0.006798	0.007107	0.006904	0.006740
317.000000	0.006924	0.006737	0.006801	0.006492	0.007074	0.006481	0.006652
318.000000	0.006897	0.006754	0.006778	0.006616	0.007072	0.006489	0.006685
319.000000	0.007013	0.006914	0.006885	0.007045	0.007091	0.006876	0.006785
320.000000	0.007095	0.006902	0.006977	0.007210	0.007027	0.007165	0.006820
321.000000	0.007048	0.006676	0.006961	0.006988	0.006904	0.007148	0.006730
322.000000	0.006875	0.006508	0.006813	0.006757	0.006892	0.006924	0.006535
323.000000	0.006627	0.006512	0.006569	0.006702	0.007006	0.006629	0.006317
324.000000	0.006428	0.006516	0.006352	0.006649	0.007004	0.006433	0.006242
325.000000	0.006367	0.006432	0.006270	0.006490	0.006773	0.006417	0.006376
326.000000	0.006438	0.006438	0.006364	0.006359	0.006585	0.006435	0.006512
327.000000	0.006578	0.006633	0.006595	0.006360	0.006642	0.006350	0.006472
328.000000	0.006587	0.006675	0.006667	0.006345	0.006665	0.006195	0.006346
329.000000	0.006299	0.006247	0.006324	0.006161	0.006361	0.006042	0.006262
330.000000	0.005954	0.005830	0.005937	0.005989	0.006018	0.005974	0.006231
331.000000	0.005894	0.006086	0.006024	0.006080	0.006064	0.006058	0.006217
332.000000	0.006012	0.006661	0.006412	0.006268	0.006278	0.006142	0.006163
333.000000	0.005979	0.006701	0.006568	0.006181	0.006123	0.005983	0.006013
334.000000	0.005810	0.006231	0.006404	0.005879	0.005708	0.005716	0.005859
335.000000	0.005797	0.005978	0.006190	0.005762	0.005655	0.005768	0.005910
336.000000	0.005963	0.006122	0.006067	0.005893	0.006021	0.006129	0.006125
337.000000	0.006012	0.006171	0.006020	0.005920	0.006187	0.006266	0.006174
338.000000	0.005843	0.005917	0.006025	0.005711	0.005901	0.005964	0.005937
339.000000	0.005725	0.005717	0.006070	0.005552	0.005624	0.005605	0.005707
340.000000	0.005816	0.005793	0.006125	0.005622	0.005661	0.005492	0.005680
341.000000	0.005877	0.005877	0.006123	0.005712	0.005712	0.005548	0.005712
342.000000	0.005714	0.005739	0.006031	0.005646	0.005524	0.005659	0.005664
343.000000	0.005577	0.005647	0.005976	0.005638	0.005404	0.005798	0.005649
344.000000	0.005749	0.005898	0.006081	0.005924	0.005707	0.005951	0.005797
345.000000	0.006045	0.006221	0.006187	0.006278	0.006166	0.006031	0.005944
346.000000	0.006130	0.006180	0.006062	0.006332	0.006321	0.005944	0.005846
347.000000	0.005993	0.005908	0.005820	0.006107	0.006127	0.005791	0.005606
348.000000	0.005811	0.005842	0.005762	0.005845	0.005788	0.005776	0.005511
349.000000	0.005707	0.006031	0.005909	0.005676	0.005521	0.005885	0.005615
350.000000	0.005746	0.006194	0.006040	0.005639	0.005551	0.005924	0.005772
351.000000	0.005885	0.006183	0.006032	0.005736	0.005822	0.005827	0.005890
352.000000	0.005938	0.006030	0.005892	0.005932	0.005934	0.005701	0.005954
353.000000	0.005837	0.005825	0.005694	0.006133	0.005743	0.005640	0.005965
354.000000	0.005746	0.005756	0.005618	0.006143	0.005616	0.005698	0.005953
355.000000	0.005778	0.005903	0.005764	0.005888	0.005787	0.005865	0.005946
356.000000	0.005840	0.006039	0.005970	0.005645	0.005972	0.005973	0.005972
357.000000	0.005834	0.005952	0.006053	0.005658	0.005893	0.005885	0.006025
358.000000	0.005779	0.005739	0.005939	0.005762	0.005674	0.005725	0.005940
359.000000	0.005724	0.005566	0.005622	0.005731	0.005523	0.005661	0.005582
360.000000	0.005682	0.005522	0.005365	0.005627	0.005515	0.005706	0.005288
361.000000	0.005650	0.005651	0.005487	0.005611	0.005657	0.005806	0.005509
362.000000	0.005597	0.005801	0.005799	0.005665	0.005802	0.005846	0.005938
363.000000	0.005482	0.005722	0.005822	0.005670	0.005725	0.005689	0.005845
364.000000	0.005369	0.005468	0.005534	0.005625	0.005476	0.005414	0.005291
365.000000	0.005412	0.005359	0.005305	0.005635	0.005346	0.005286	0.005024
366.000000	0.005627	0.005488	0.005331	0.005725	0.005433	0.005396	0.005280
367.000000	0.005847	0.005638	0.005555	0.005821	0.005580	0.005598	0.005613
368.000000	0.005931	0.005634	0.005832	0.005862	0.005661	0.005753	0.005701
369.000000	0.005814	0.005414	0.005890	0.005831	0.005636	0.005766	0.005554
370.000000	0.005522	0.005036	0.005605	0.005719	0.005502	0.005601	0.005274
371.000000	0.005320	0.004854	0.005322	0.005524	0.005324	0.005390	0.005120
372.000000	0.005418	0.005144	0.005360	0.005274	0.005172	0.005264	0.005284
373.000000	0.005615	0.005582	0.005545	0.005105	0.005098	0.005230	0.005540
374.000000	0.005641	0.005739	0.005609	0.005150	0.005136	0.005261	0.005592
375.000000	0.005520	0.005614	0.005561	0.005300	0.005236	0.005319	0.005461
376.000000	0.005392	0.005380	0.005517	0.005366	0.005318	0.005361	0.005293
377.000000	0.005309	0.005185	0.005469	0.005352	0.005321	0.005335	0.005172
378.000000	0.005265	0.005151	0.005342	0.005378	0.005208	0.005188	0.005137
379.000000	0.005267	0.005273	0.005165	0.005439	0.005078	0.004998	0.005182
380.000000	0.005333	0.005427	0.005062	0.005416	0.005151	0.004956	0.005259
381.000000	0.005409	0.005524	0.005070	0.005302	0.005431	0.005085	0.005317
382.000000	0.005353	0.005519	0.005104	0.005240	0.005629	0.005178	0.005301
383.000000	0.005146	0.005400	0.005092	0.005273	0.005572	0.005106	0.005198
384.000000	0.005014	0.005215	0.005003	0.005221	0.005356	0.004921	0.005079
385.000000	0.005099	0.005024	0.004849	0.004993	0.005090	0.004701	0.005013
386.000000	0.005198	0.004906	0.004757	0.004831	0.004839	0.004540	0.005047
387.000000	0.005106	0.004909	0.004829	0.004942	0.004659	0.004512	0.005188
388.000000	0.004874	0.004912	0.004957	0.005110	0.004600	0.004586	0.005274
389.000000	0.004636	0.004789	0.005006	0.005057	0.004698	0.004704	0.005146
390.000000	0.004585	0.004696	0.005046	0.004894	0.004921	0.004828	0.004961
391.000000	0.004902	0.004870	0.005207	0.004872	0.005196	0.004925	0.004978
392.000000	0.005346	0.005135	0.005345	0.004946	0.005348	0.004962	0.005097
393.000000	0.005434	0.005075	0.005160	0.004901	0.005160	0.004910	0.005006
394.000000	0.005165	0.004783	0.004775	0.004784	0.004779	0.004821	0.004794
395.000000	0.004979	0.004812	0.004692	0.004880	0.004684	0.004819	0.004912
396.000000	0.005049	0.005228	0.004986	0.005179	0.004962	0.004926	0.005348
397.000000	0.005166	0.005417	0.005142	0.005263	0.005161	0.005021	0.005456
398.000000	0.005172	0.005120	0.004911	0.004950	0.005042	0.005020	0.004975
399.000000	0.005067	0.004869	0.004653	0.004568	0.004863	0.004931	0.004502
400.000000	0.004899	0.005030	0.004657	0.004407	0.004826	0.004790	0.004480
401.000000	0.004801	0.005208	0.004795	0.004455	0.004804	0.004668	0.004595
402.000000	0.004871	0.005013	0.004897	0.004635	0.004670	0.004633	0.004513
403.000000	0.004972	0.004686	0.004965	0.004820	0.004573	0.004691	0.004431
404.000000	0.004935	0.004594	0.005036	0.004897	0.004699	0.004823	0.004637
405.000000	0.004821	0.004729	0.005066	0.004913	0.004932	0.004959	0.004974
406.000000	0.004779	0.004923	0.004991	0.004972	0.005043	0.005016	0.005124
407.000000	0.004823	0.005043	0.004877	0.005041	0.005012	0.004998	0.005079
408.000000	0.004883	0.004988	0.004868	0.005007	0.004949	0.004961	0.005019
409.000000	0.004923	0.004800	0.004937	0.004881	0.004923	0.004939	0.004964
410.000000	0.004945	0.004650	0.004902	0.004795	0.004962	0.004943	0.004787
411.000000	0.004962	0.004646	0.004765	0.004825	0.005035	0.004952	0.004547
412.000000	0.004997	0.004803	0.004782	0.004973	0.005030	0.004908	0.004556
413.000000	0.005036	0.005043	0.005026	0.005161	0.004895	0.004799	0.004880
414.000000	0.004994	0.005109	0.005175	0.005159	0.004703	0.004719	0.005058
415.000000	0.004846	0.004878	0.005015	0.004867	0.004548	0.004737	0.004808
416.000000	0.004773	0.004669	0.004781	0.004617	0.004554	0.004825	0.004561
417.000000	0.004914	0.004767	0.004719	0.004704	0.004780	0.004925	0.004715
418.000000	0.005034	0.004922	0.004727	0.004905	0.004971	0.004940	0.004924
419.000000	0.004861	0.004805	0.004643	0.004900	0.004853	0.004789	0.004733
420.000000	0.004592	0.004583	0.004551	0.004716	0.004628	0.004592	0.004375
421.000000	0.004589	0.004596	0.004617	0.004522	0.004658	0.004531	0.004327
422.000000	0.004777	0.004759	0.004740	0.004402	0.004826	0.004585	0.004513
423.000000	0.004827	0.004738	0.004671	0.004383	0.004734	0.004606	0.004529
424.000000	0.004697	0.004534	0.004463	0.004430	0.004441	0.004579	0.004379
425.000000	0.004611	0.004457	0.004444	0.004457	0.004418	0.004607	0.004437
426.000000	0.004644	0.004595	0.004664	0.004456	0.004746	0.004702	0.004750
427.000000	0.004661	0.004726	0.004794	0.004536	0.004973	0.004748	0.004916
428.000000	0.004588	0.004710	0.004675	0.004706	0.004849	0.004674	0.004736
429.000000	0.004492	0.004603	0.004530	0.004766	0.004590	0.004520	0.004479
430.000000	0.004432	0.004480	0.004531	0.004594	0.004411	0.004353	0.004370
431.000000	0.004394	0.004394	0.004576	0.004362	0.004355	0.004281	0.004356
432.000000	0.004362	0.004378	0.004546	0.004250	0.004416	0.004376	0.004347
433.000000	0.004376	0.004388	0.004471	0.004243	0.004489	0.004488	0.004323
434.000000	0.004471	0.004369	0.004412	0.004272	0.004467	0.004446	0.004285
435.000000	0.004549	0.004323	0.004381	0.004302	0.004393	0.004330	0.004267
436.000000	0.004475	0.004275	0.004369	0.004311	0.004361	0.004305	0.004310
437.000000	0.004315	0.004226	0.004366	0.004317	0.004351	0.004353	0.004363
438.000000	0.004249	0.004161	0.004356	0.004357	0.004279	0.004346	0.004328
439.000000	0.004320	0.004130	0.004351	0.004423	0.004181	0.004284	0.004232
440.000000	0.004444	0.004234	0.004378	0.004472	0.004202	0.004277	0.004212
441.000000	0.004542	0.004430	0.004426	0.004472	0.004332	0.004342	0.004293
442.000000	0.004548	0.004485	0.004428	0.004415	0.004360	0.004373	0.004348
443.000000	0.004447	0.004314	0.004361	0.004314	0.004209	0.004314	0.004301
444.000000	0.004311	0.004132	0.004290	0.004229	0.004080	0.004227	0.004192
445.000000	0.004204	0.004103	0.004252	0.004195	0.004109	0.004166	0.004075
446.000000	0.004141	0.004139	0.004172	0.004170	0.004169	0.004140	0.004022
447.000000	0.004122	0.004138	0.004004	0.004117	0.004125	0.004143	0.004074
448.000000	0.004149	0.004106	0.003894	0.004073	0.004027	0.004156	0.004151
449.000000	0.004215	0.004074	0.003997	0.004085	0.003962	0.004162	0.004163
450.000000	0.004276	0.004072	0.004188	0.004129	0.003972	0.004165	0.004174
451.000000	0.004282	0.004122	0.004248	0.004153	0.004073	0.004182	0.004295
452.000000	0.004266	0.004206	0.004199	0.004182	0.004203	0.004219	0.004447
453.000000	0.004300	0.004282	0.004198	0.004278	0.004263	0.004279	0.004452
454.000000	0.004330	0.004297	0.004238	0.004388	0.004233	0.004311	0.004300
455.000000	0.004197	0.004189	0.004177	0.004359	0.004163	0.004227	0.004129
456.000000	0.003928	0.003986	0.003999	0.004182	0.004078	0.004037	0.004000
457.000000	0.003784	0.003820	0.003855	0.004023	0.003962	0.003879	0.003876
458.000000	0.003866	0.003772	0.003837	0.003976	0.003847	0.003837	0.003757
459.000000	0.003953	0.003817	0.003905	0.003979	0.003847	0.003872	0.003726
460.000000	0.003891	0.003903	0.003996	0.003968	0.003987	0.003926	0.003811
461.000000	0.003801	0.003943	0.004000	0.003915	0.004029	0.003915	0.003886
462.000000	0.003802	0.003871	0.003850	0.003812	0.003788	0.003782	0.003835
463.000000	0.003829	0.003735	0.003652	0.003700	0.003488	0.003597	0.003706
464.000000	0.003784	0.003609	0.003546	0.003623	0.003400	0.003455	0.003582
465.000000	0.003672	0.003547	0.003555	0.003583	0.003469	0.003401	0.003502
466.000000	0.003536	0.003583	0.003653	0.003564	0.003519	0.003453	0.003485
467.000000	0.003438	0.003622	0.003741	0.003550	0.003504	0.003546	0.003491
468.000000	0.003447	0.003509	0.003689	0.003524	0.003449	0.003570	0.003455
469.000000	0.003548	0.003306	0.003524	0.003489	0.003406	0.003513	0.003395
470.000000	0.003660	0.003246	0.003407	0.003462	0.003443	0.003444	0.003399
471.000000	0.003725	0.003382	0.003395	0.003457	0.003535	0.003393	0.003460
472.000000	0.003720	0.003535	0.003419	0.003480	0.003543	0.003338	0.003456
473.000000	0.003647	0.003589	0.003421	0.003512	0.003425	0.003277	0.003345
474.000000	0.003544	0.003548	0.003378	0.003494	0.003322	0.003243	0.003233
475.000000	0.003452	0.003455	0.003299	0.003412	0.003328	0.003258	0.003205
476.000000	0.003405	0.003405	0.003264	0.003378	0.003378	0.003293	0.003265
477.000000	0.003418	0.003459	0.003328	0.003468	0.003399	0.003319	0.003382
478.000000	0.003434	0.003494	0.003401	0.003545	0.003382	0.003323	0.003437
479.000000	0.003393	0.003381	0.003383	0.003456	0.003334	0.003299	0.003327
480.000000	0.003303	0.003203	0.003299	0.003285	0.003266	0.003275	0.003149
481.000000	0.003196	0.003106	0.003215	0.003185	0.003195	0.003286	0.003056
482.000000	0.003124	0.003091	0.003158	0.003168	0.003135	0.003305	0.003068
483.000000	0.003140	0.003088	0.003135	0.003172	0.003104	0.003279	0.003134
484.000000	0.003205	0.003084	0.003138	0.003171	0.003116	0.003209	0.003191
485.000000	0.003207	0.003108	0.003148	0.003167	0.003178	0.003140	0.003175
486.000000	0.003142	0.003145	0.003159	0.003173	0.003253	0.003099	0.003107
487.000000	0.003123	0.003128	0.003173	0.003208	0.003256	0.003097	0.003106
488.000000	0.003189	0.003064	0.003194	0.003270	0.003180	0.003136	0.003202
489.000000	0.003248	0.003083	0.003223	0.003325	0.003145	0.003207	0.003272
490.000000	0.003226	0.003228	0.003237	0.003329	0.003198	0.003272	0.003225
491.000000	0.003129	0.003308	0.003153	0.003228	0.003180	0.003229	0.003077
492.000000	0.002995	0.003194	0.002951	0.003023	0.002998	0.003038	0.002896
493.000000	0.002943	0.003115	0.002865	0.002919	0.002892	0.002920	0.002861
494.000000	0.003070	0.003292	0.003095	0.003092	0.003094	0.003080	0.003106
495.000000	0.003232	0.003487	0.003356	0.003339	0.003349	0.003302	0.003357
496.000000	0.003237	0.003366	0.003261	0.003366	0.003298	0.003272	0.003260
497.000000	0.003137	0.003082	0.002981	0.003204	0.003033	0.003075	0.002946
498.000000	0.003098	0.003005	0.002931	0.003035	0.002856	0.002972	0.002770
499.000000	0.003130	0.003123	0.003080	0.002945	0.002840	0.003001	0.002796
500.000000	0.003133	0.003151	0.003082	0.002944	0.002893	0.003036	0.002883
501.000000	0.003099	0.003039	0.002911	0.003000	0.002968	0.003040	0.002960
502.000000	0.003117	0.002990	0.002876	0.003042	0.003072	0.003073	0.003037
503.000000	0.003188	0.003070	0.003075	0.003047	0.003178	0.003142	0.003100
504.000000	0.003174	0.003127	0.003257	0.003068	0.003209	0.003166	0.003094
505.000000	0.003034	0.003072	0.003251	0.003116	0.003135	0.003116	0.003014
506.000000	0.002966	0.003004	0.003123	0.003108	0.003044	0.003093	0.002964
507.000000	0.003102	0.003009	0.002978	0.003001	0.003011	0.003159	0.003013
508.000000	0.003259	0.003054	0.002929	0.002932	0.003033	0.003204	0.003076
509.000000	0.003239	0.003083	0.003049	0.003023	0.003085	0.003121	0.003059
510.000000	0.003086	0.003062	0.003168	0.003141	0.003112	0.003003	0.002999
511.000000	0.002914	0.002974	0.003086	0.003106	0.003066	0.002978	0.002964
512.000000	0.002810	0.002891	0.002927	0.002988	0.002995	0.002993	0.002971
513.000000	0.002839	0.002911	0.002936	0.002961	0.002985	0.002923	0.003010
514.000000	0.002933	0.003001	0.003054	0.003015	0.003014	0.002808	0.003032
515.000000	0.002942	0.003039	0.003028	0.003026	0.002989	0.002792	0.002964
516.000000	0.002871	0.002993	0.002860	0.002961	0.002910	0.002885	0.002833
517.000000	0.002866	0.002918	0.002799	0.002880	0.002861	0.002970	0.002764
518.000000	0.002962	0.002859	0.002910	0.002837	0.002878	0.002981	0.002801
519.000000	0.003032	0.002841	0.002995	0.002878	0.002926	0.002937	0.002876
520.000000	0.003001	0.002872	0.002945	0.002989	0.002966	0.002876	0.002934
521.000000	0.002927	0.002921	0.002877	0.003042	0.002968	0.002866	0.002952
522.000000	0.002878	0.002962	0.002887	0.002962	0.002929	0.002936	0.002931
523.000000	0.002895	0.002985	0.002931	0.002881	0.002914	0.003002	0.002915
524.000000	0.002992	0.002986	0.002954	0.002920	0.002977	0.002987	0.002936
525.000000	0.003065	0.002967	0.002948	0.002991	0.003044	0.002947	0.002936
526.000000	0.003003	0.002935	0.002921	0.002973	0.003022	0.002961	0.002851
527.000000	0.002881	0.002899	0.002874	0.002894	0.002944	0.003000	0.002752
528.000000	0.002839	0.002870	0.002809	0.002842	0.002890	0.002996	0.002749
529.000000	0.002892	0.002867	0.002764	0.002839	0.002877	0.002951	0.002813
530.000000	0.002978	0.002913	0.002797	0.002865	0.002890	0.002910	0.002831
531.000000	0.003046	0.002986	0.002894	0.002902	0.002911	0.002885	0.002800
532.000000	0.003062	0.003024	0.002985	0.002930	0.002924	0.002864	0.002805
533.000000	0.003007	0.002997	0.003017	0.002939	0.002905	0.002845	0.002860
534.000000	0.002890	0.002917	0.002967	0.002920	0.002818	0.002832	0.002878
535.000000	0.002760	0.002823	0.002857	0.002880	0.002693	0.002830	0.002823
536.000000	0.002731	0.002787	0.002781	0.002842	0.002673	0.002831	0.002765
537.000000	0.002848	0.002843	0.002797	0.002827	0.002829	0.002834	0.002758
538.000000	0.002946	0.002902	0.002842	0.002828	0.002991	0.002842	0.002798
539.000000	0.002886	0.002881	0.002849	0.002833	0.003006	0.002859	0.002861
540.000000	0.002766	0.002808	0.002806	0.002817	0.002926	0.002881	0.002887
541.000000	0.002717	0.002734	0.002725	0.002760	0.002841	0.002899	0.002827
542.000000	0.002725	0.002689	0.002670	0.002705	0.002781	0.002894	0.002742
543.000000	0.002724	0.002693	0.002714	0.002711	0.002751	0.002843	0.002721
544.000000	0.002701	0.002736	0.002805	0.002757	0.002737	0.002777	0.002743
545.000000	0.002672	0.002792	0.002831	0.002783	0.002719	0.002749	0.002731
546.000000	0.002655	0.002826	0.002788	0.002770	0.002710	0.002764	0.002691
547.000000	0.002663	0.002799	0.002758	0.002732	0.002750	0.002790	0.002692
548.000000	0.002700	0.002740	0.002770	0.002692	0.002815	0.002803	0.002743
549.000000	0.002749	0.002749	0.002793	0.002680	0.002816	0.002795	0.002780
550.000000	0.002793	0.002846	0.002812	0.002708	0.002736	0.002772	0.002779
551.000000	0.002808	0.002922	0.002843	0.002750	0.002688	0.002772	0.002787
552.000000	0.002785	0.002901	0.002883	0.002776	0.002729	0.002803	0.002819
553.000000	0.002750	0.002826	0.002880	0.002748	0.002764	0.002801	0.002814
554.000000	0.002730	0.002754	0.002806	0.002669	0.002725	0.002733	0.002740
555.000000	0.002733	0.002732	0.002737	0.002672	0.002705	0.002704	0.002705
556.000000	0.002754	0.002784	0.002751	0.002856	0.002796	0.002798	0.002795
557.000000	0.002750	0.002839	0.002815	0.002958	0.002897	0.002816	0.002814
558.000000	0.002694	0.002813	0.002863	0.002700	0.002876	0.002554	0.002562
559.000000	0.002766	0.002772	0.002893	0.002601	0.002841	0.002554	0.002561
560.000000	0.003188	0.002839	0.002928	0.003401	0.002982	0.003533	0.003510
561.000000	0.003323	0.002924	0.002933	0.003708	0.003057	0.003899	0.003846
562.000000	0.002061	0.002805	0.002837	0.000918	0.002569	0.000755	0.000731
563.000000	0.001071	0.002588	0.002729	-0.001093	0.002145	-0.001566	-0.001510
564.000000	0.004641	0.002702	0.002849	0.007648	0.003475	0.008075	0.008181
565.000000	0.008868	0.003014	0.003023	0.017676	0.005103	0.019229	0.019316
566.000000	-0.001909	0.002581	0.002489	-0.008362	0.001049	-0.009532	-0.009516
567.000000	-0.028522	0.001799	0.001745	-0.073095	-0.008678	-0.081228	-0.081299
568.000000	-0.039392	0.003952	0.003972	-0.103199	-0.011027	-0.114843	-0.114957
569.000000	-0.015310	0.010189	0.010226	-0.052815	0.001376	-0.059601	-0.059684
570.000000	0.013279	0.014090	0.014103	0.012181	0.013797	0.012109	0.012074
571.000000	0.015868	0.010150	0.010131	0.024413	0.012086	0.026122	0.026094
572.000000	0.004321	0.003510	0.003476	0.005644	0.003744	0.006006	0.005949
573.000000	-0.000444	0.001196	0.001182	-0.002746	0.000628	-0.003108	-0.003206
574.000000	0.001915	0.002378	0.002382	0.001292	0.002256	0.001176	0.001063
575.000000	0.003643	0.003200	0.003171	0.004223	0.003347	0.004313	0.004253
576.000000	0.003136	0.002893	0.002830	0.003303	0.002930	0.003336	0.003346
577.000000	0.002503	0.002547	0.002546	0.002284	0.002615	0.002249	0.002253
578.000000	0.002511	0.002533	0.002644	0.002403	0.002710	0.002391	0.002356
579.000000	0.002718	0.002572	0.002680	0.002633	0.002393	0.002699	0.002743
580.000000	0.002810	0.002582	0.002623	0.002629	0.002023	0.002704	0.002861
581.000000	0.002690	0.002749	0.002976	0.002973	0.003457	0.002777	0.002697
582.000000	0.002480	0.002960	0.003439	0.003437	0.005510	0.002949	0.002449
583.000000	0.002668	0.002543	0.002210	0.002237	0.001410	0.002548	0.002627
584.000000	0.003237	0.001642	-0.000254	-0.000179	-0.007444	0.001696	0.003220
585.000000	0.002757	0.002676	0.002787	0.002872	0.003127	0.002762	0.002779
586.000000	0.000853	0.006181	0.012714	0.012735	0.043437	0.006243	0.000909
587.000000	0.002119	0.003977	0.006230	0.006206	0.055883	0.004003	0.002206
588.000000	0.010394	-0.010748	-0.036005	-0.035965	-0.012615	-0.010723	0.010506
589.000000	0.018108	-0.024541	-0.075450	-0.075324	-0.092963	-0.024493	0.018212
590.000000	0.015161	-0.019443	-0.060712	-0.060613	-0.086052	-0.019376	0.015190
591.000000	0.005691	-0.002689	-0.012625	-0.012633	-0.019336	-0.002623	0.005635
592.000000	0.000705	0.006319	0.013119	0.013035	0.018007	0.006360	0.000644
593.000000	0.001750	0.004712	0.008350	0.008254	0.010764	0.004720	0.001760
594.000000	0.003296	0.002007	0.000500	0.000428	-0.000760	0.002009	0.003370
595.000000	0.003097	0.002195	0.001033	0.001005	0.000218	0.002216	0.003196
596.000000	0.002631	0.003001	0.003312	0.003349	0.003743	0.003023	0.002731
597.000000	0.002726	0.003059	0.003385	0.003485	0.003885	0.003052	0.002821
598.000000	0.002937	0.002871	0.002792	0.002887	0.002926	0.002842	0.003029
599.000000	0.002926	0.002863	0.002790	0.002802	0.002780	0.002839	0.003020
600.000000	0.002835	0.002940	0.002984	0.002942	0.003017	0.002927	0.002915
601.000000	0.002818	0.002972	0.002940	0.002948	0.003082	0.002966	0.002863
602.000000	0.002850	0.002955	0.002827	0.002884	0.003053	0.002992	0.002891
603.000000	0.002882	0.002911	0.002871	0.002872	0.003093	0.003056	0.002987
604.000000	0.002906	0.002871	0.002963	0.002882	0.003145	0.003092	0.003068
605.000000	0.002925	0.002861	0.002930	0.002854	0.003105	0.003023	0.003042
606.000000	0.002937	0.002872	0.002841	0.002825	0.003010	0.002923	0.002950
607.000000	0.002932	0.002882	0.002863	0.002872	0.002951	0.002919	0.002884
608.000000	0.002919	0.002898	0.002977	0.002963	0.002957	0.003001	0.002880
609.000000	0.002915	0.002946	0.003053	0.003004	0.003010	0.003068	0.002936
610.000000	0.002922	0.003000	0.003041	0.002974	0.003049	0.003069	0.003000
611.000000	0.002926	0.002989	0.002973	0.002920	0.002970	0.003002	0.002984
612.000000	0.002929	0.002910	0.002898	0.002890	0.002806	0.002904	0.002895
613.000000	0.002955	0.002858	0.002887	0.002934	0.002763	0.002864	0.002872
614.000000	0.002995	0.002874	0.002951	0.003034	0.002909	0.002908	0.002954
615.000000	0.002986	0.002894	0.002993	0.003050	0.003031	0.002943	0.002988
616.000000	0.002889	0.002873	0.002942	0.002905	0.002977	0.002899	0.002877
617.000000	0.002758	0.002841	0.002841	0.002741	0.002841	0.002808	0.002741
618.000000	0.002658	0.002830	0.002750	0.002694	0.002741	0.002724	0.002702
619.000000	0.002641	0.002820	0.002714	0.002726	0.002713	0.002709	0.002728
620.000000	0.002735	0.002784	0.002756	0.002765	0.002760	0.002800	0.002754
621.000000	0.002841	0.002730	0.002792	0.002773	0.002804	0.002864	0.002755
622.000000	0.002828	0.002678	0.002713	0.002730	0.002751	0.002738	0.002722
623.000000	0.002736	0.002643	0.002590	0.002677	0.002665	0.002538	0.002688
624.000000	0.002686	0.002634	0.002581	0.002685	0.002679	0.002518	0.002707
625.000000	0.002697	0.002645	0.002663	0.002738	0.002761	0.002660	0.002752
626.000000	0.002708	0.002660	0.002680	0.002760	0.002751	0.002741	0.002743
627.000000	0.002686	0.002653	0.002606	0.002726	0.002638	0.002696	0.002674
628.000000	0.002633	0.002590	0.002562	0.002670	0.002580	0.002642	0.002628
629.000000	0.002570	0.002496	0.002603	0.002619	0.002635	0.002637	0.002635
630.000000	0.002550	0.002488	0.002663	0.002575	0.002696	0.002632	0.002631
631.000000	0.002582	0.002598	0.002676	0.002538	0.002676	0.002588	0.002577
632.000000	0.002580	0.002652	0.002592	0.002491	0.002575	0.002506	0.002508
633.000000	0.002485	0.002528	0.002408	0.002426	0.002421	0.002406	0.002455
634.000000	0.002376	0.002361	0.002251	0.002357	0.002303	0.002337	0.002409
635.000000	0.002340	0.002300	0.002243	0.002305	0.002295	0.002340	0.002363
636.000000	0.002363	0.002313	0.002332	0.002306	0.002344	0.002381	0.002347
637.000000	0.002398	0.002320	0.002419	0.002388	0.002370	0.002406	0.002396
638.000000	0.002412	0.002326	0.002461	0.002493	0.002380	0.002419	0.002455
639.000000	0.002381	0.002364	0.002441	0.002529	0.002417	0.002442	0.002441
640.000000	0.002324	0.002391	0.002382	0.002484	0.002451	0.002456	0.002360
641.000000	0.002280	0.002317	0.002329	0.002394	0.002414	0.002415	0.002276
642.000000	0.002258	0.002181	0.002290	0.002288	0.002316	0.002329	0.002210
643.000000	0.002234	0.002136	0.002241	0.002189	0.002241	0.002260	0.002144
644.000000	0.002213	0.002211	0.002197	0.002132	0.002227	0.002238	0.002096
645.000000	0.002235	0.002263	0.002221	0.002171	0.002249	0.002245	0.002133
646.000000	0.002300	0.002218	0.002311	0.002285	0.002272	0.002258	0.002245
647.000000	0.002319	0.002147	0.002335	0.002316	0.002262	0.002243	0.002279
648.000000	0.002247	0.002112	0.002224	0.002178	0.002205	0.002191	0.002160
649.000000	0.002173	0.002117	0.002117	0.002024	0.002154	0.002154	0.002061
650.000000	0.002180	0.002152	0.002137	0.001999	0.002161	0.002177	0.002131
651.000000	0.002237	0.002186	0.002217	0.002082	0.002216	0.002222	0.002238
652.000000	0.002287	0.002194	0.002259	0.002207	0.002294	0.002237	0.002223
653.000000	0.002309	0.002186	0.002247	0.002300	0.002344	0.002225	0.002144
654.000000	0.002292	0.002183	0.002203	0.002292	0.002313	0.002203	0.002127
655.000000	0.002235	0.002160	0.002168	0.002199	0.002224	0.002179	0.002160
656.000000	0.002145	0.002076	0.002192	0.002081	0.002133	0.002153	0.002168
657.000000	0.002054	0.001990	0.002240	0.001998	0.002066	0.002111	0.002140
658.000000	0.002011	0.002031	0.002215	0.002008	0.002021	0.002026	0.002113
659.000000	0.002038	0.002164	0.002128	0.002099	0.002018	0.001945	0.002111
660.000000	0.002134	0.002181	0.002096	0.002192	0.002096	0.001986	0.002145
661.000000	0.002252	0.002040	0.002155	0.002236	0.002225	0.002148	0.002194
662.000000	0.002292	0.001970	0.002203	0.002233	0.002273	0.002242	0.002190
663.000000	0.002215	0.002087	0.002166	0.002196	0.002176	0.002175	0.002113
664.000000	0.002125	0.002218	0.002058	0.002146	0.002039	0.002085	0.002046
665.000000	0.002110	0.002219	0.001927	0.002110	0.001963	0.002092	0.002048
666.000000	0.002135	0.002159	0.001901	0.002113	0.001985	0.002154	0.002072
667.000000	0.002146	0.002123	0.002062	0.002165	0.002099	0.002195	0.002060
668.000000	0.002110	0.002085	0.002218	0.002188	0.002182	0.002143	0.002019
669.000000	0.002009	0.002003	0.002144	0.002104	0.002105	0.001948	0.001971
670.000000	0.001917	0.001909	0.001952	0.001991	0.001960	0.001757	0.001936
671.000000	0.001936	0.001861	0.001876	0.001983	0.001916	0.001774	0.001927
672.000000	0.002024	0.001865	0.001930	0.002052	0.001975	0.001931	0.001937
673.000000	0.002060	0.001896	0.001998	0.002077	0.002040	0.002009	0.001946
674.000000	0.002031	0.001949	0.002031	0.002039	0.002071	0.001973	0.001948
675.000000	0.002012	0.002032	0.002036	0.002004	0.002085	0.001946	0.001950
676.000000	0.002024	0.002116	0.002026	0.001993	0.002083	0.001968	0.001947
677.000000	0.002012	0.002120	0.002021	0.001964	0.002053	0.001973	0.001922
678.000000	0.001950	0.002016	0.002004	0.001893	0.001974	0.001911	0.001848
679.000000	0.001856	0.001872	0.001888	0.001787	0.001819	0.001781	0.001683
680.000000	0.001765	0.001759	0.001671	0.001681	0.001618	0.001622	0.001456
681.000000	0.001726	0.001726	0.001572	0.001661	0.001551	0.001572	0.001373
682.000000	0.001763	0.001788	0.001733	0.001766	0.001723	0.001705	0.001559
683.000000	0.001784	0.001828	0.001909	0.001829	0.001888	0.001805	0.001752
684.000000	0.001698	0.001741	0.001835	0.001688	0.001791	0.001658	0.001677
685.000000	0.001571	0.001628	0.001617	0.001472	0.001567	0.001411	0.001472
686.000000	0.001509	0.001631	0.001465	0.001383	0.001457	0.001305	0.001386
687.000000	0.001549	0.001706	0.001448	0.001435	0.001489	0.001374	0.001451
688.000000	0.001683	0.001725	0.001557	0.001554	0.001584	0.001549	0.001592
689.000000	0.001839	0.001699	0.001714	0.001678	0.001696	0.001735	0.001729
690.000000	0.001898	0.001726	0.001798	0.001756	0.001795	0.001817	0.001784
691.000000	0.001863	0.001809	0.001791	0.001778	0.001866	0.001788	0.001749
692.000000	0.001856	0.001858	0.001778	0.001777	0.001908	0.001740	0.001684
693.000000	0.001898	0.001842	0.001798	0.001772	0.001921	0.001717	0.001643
694.000000	0.001869	0.001812	0.001822	0.001769	0.001908	0.001688	0.001662
695.000000	0.001735	0.001796	0.001827	0.001763	0.001867	0.001647	0.001743
696.000000	0.001642	0.001762	0.001815	0.001739	0.001779	0.001650	0.001825
697.000000	0.001681	0.001700	0.001790	0.001691	0.001655	0.001716	0.001856
698.000000	0.001724	0.001673	0.001750	0.001648	0.001597	0.001750	0.001826
699.000000	0.001652	0.001724	0.001698	0.001633	0.001674	0.001675	0.001743
700.000000	0.001539	0.001745	0.001661	0.001633	0.001761	0.001585	0.001645
701.000000	0.001487	0.001629	0.001665	0.001626	0.001713	0.001592	0.001571
702.000000	0.001486	0.001480	0.001698	0.001622	0.001577	0.001645	0.001524
703.000000	0.001487	0.001465	0.001730	0.001637	0.001472	0.001643	0.001495
704.000000	0.001509	0.001543	0.001743	0.001639	0.001454	0.001603	0.001509
705.000000	0.001599	0.001569	0.001724	0.001578	0.001546	0.001600	0.001604
706.000000	0.001703	0.001551	0.001682	0.001505	0.001679	0.001639	0.001735
707.000000	0.001698	0.001609	0.001640	0.001542	0.001722	0.001667	0.001795
708.000000	0.001613	0.001742	0.001624	0.001687	0.001677	0.001671	0.001768
709.000000	0.001644	0.001817	0.001663	0.001800	0.001698	0.001680	0.001733
710.000000	0.001840	0.001802	0.001758	0.001827	0.001827	0.001735	0.001741
711.000000	0.002015	0.001827	0.001871	0.001859	0.001932	0.001892	0.001789
712.000000	0.002045	0.001956	0.001975	0.001941	0.001943	0.002131	0.001867
713.000000	0.001984	0.002075	0.002078	0.001992	0.001956	0.002267	0.001959
714.000000	0.001912	0.002098	0.002189	0.001971	0.002052	0.002190	0.002051
715.000000	0.001916	0.002093	0.002307	0.002001	0.002217	0.002095	0.002134
716.000000	0.002049	0.002137	0.002423	0.002186	0.002400	0.002174	0.002206
717.000000	0.002214	0.002183	0.002484	0.002369	0.002488	0.002317	0.002273
718.000000	0.002287	0.002170	0.002442	0.002369	0.002391	0.002361	0.002345
719.000000	0.002300	0.002169	0.002372	0.002302	0.002291	0.002354	0.002441
720.000000	0.002330	0.002283	0.002378	0.002382	0.002445	0.002416	0.002571
721.000000	0.002312	0.002398	0.002374	0.002518	0.002662	0.002477	0.002600
722.000000	0.002108	0.002292	0.002177	0.002450	0.002518	0.002364	0.002326
723.000000	0.001846	0.002075	0.001884	0.002222	0.002142	0.002136	0.001916
724.000000	0.001868	0.002130	0.001828	0.002123	0.002115	0.002040	0.001838
725.000000	0.002164	0.002460	0.002050	0.002223	0.002499	0.002129	0.002190
726.000000	0.002309	0.002606	0.002243	0.002325	0.002728	0.002224	0.002630
727.000000	0.002141	0.002408	0.002259	0.002312	0.002560	0.002237	0.002855
728.000000	0.001986	0.002237	0.002252	0.002230	0.002349	0.002255	0.002680
729.000000	0.002038	0.002313	0.002322	0.002132	0.002313	0.002328	0.002134
730.000000	0.002063	0.002384	0.002387	0.002065	0.002215	0.002387	0.001741
731.000000	0.001853	0.002221	0.002371	0.002055	0.001843	0.002368	0.001916
732.000000	0.001489	0.001902	0.002299	0.002081	0.001295	0.002299	0.002454
