[HEADER]
Format	J&M ASCII Table
Comment	Remin PV CDOM Samples 
Date	2/12/1980 7:33:55 AM
Order	Y (evenX)
TechType	UV
NumPoints	483
FirstX	250.00
LastX	732.00
XType	NMetr
YType	Absrb
ZType	Secs
NumSubFile	7
Matrix	Z vs X
[DATA]
	0.000000	5.000128	10.000192	15.000256	20.000383	25.000448	30.000511
250.000000	0.015661	0.016022	0.016582	0.017003	0.017194	0.017580	0.017875
251.000000	0.015548	0.015764	0.016367	0.016928	0.016802	0.017194	0.017675
252.000000	0.015257	0.015468	0.015886	0.016496	0.016232	0.016647	0.017099
253.000000	0.014985	0.015232	0.015474	0.016046	0.015803	0.016123	0.016536
254.000000	0.014863	0.015107	0.015369	0.015833	0.015720	0.015775	0.016277
255.000000	0.014704	0.014955	0.015294	0.015645	0.015640	0.015549	0.016074
256.000000	0.014315	0.014643	0.014946	0.015245	0.015212	0.015353	0.015645
257.000000	0.013880	0.014297	0.014494	0.014819	0.014674	0.015147	0.015175
258.000000	0.013680	0.014109	0.014231	0.014655	0.014429	0.014923	0.014968
259.000000	0.013762	0.014090	0.014181	0.014688	0.014518	0.014782	0.014960
260.000000	0.014040	0.014151	0.014227	0.014681	0.014793	0.014864	0.014904
261.000000	0.014285	0.014206	0.014309	0.014582	0.015017	0.014992	0.014730
262.000000	0.014169	0.014169	0.014407	0.014486	0.014898	0.014756	0.014498
263.000000	0.013737	0.014044	0.014438	0.014390	0.014465	0.014188	0.014305
264.000000	0.013463	0.013929	0.014247	0.014178	0.014108	0.013824	0.014275
265.000000	0.013529	0.013852	0.013851	0.013843	0.014004	0.013890	0.014384
266.000000	0.013589	0.013706	0.013575	0.013565	0.013931	0.014031	0.014349
267.000000	0.013422	0.013454	0.013599	0.013467	0.013744	0.013975	0.014023
268.000000	0.013265	0.013265	0.013665	0.013465	0.013598	0.013798	0.013665
269.000000	0.013318	0.013273	0.013534	0.013461	0.013619	0.013605	0.013514
270.000000	0.013358	0.013340	0.013308	0.013418	0.013618	0.013381	0.013478
271.000000	0.013128	0.013288	0.013146	0.013315	0.013382	0.013102	0.013399
272.000000	0.012821	0.013100	0.013012	0.013150	0.013043	0.012871	0.013262
273.000000	0.012758	0.012825	0.012805	0.012922	0.012832	0.012813	0.013100
274.000000	0.012802	0.012534	0.012539	0.012634	0.012704	0.012807	0.012883
275.000000	0.012571	0.012300	0.012284	0.012289	0.012457	0.012598	0.012547
276.000000	0.012044	0.012039	0.012032	0.011945	0.012028	0.012156	0.012090
277.000000	0.011511	0.011537	0.011706	0.011698	0.011476	0.011646	0.011560
278.000000	0.011155	0.010901	0.011326	0.011522	0.010968	0.011217	0.011077
279.000000	0.011005	0.010641	0.011044	0.011231	0.010801	0.010990	0.010847
280.000000	0.010969	0.010859	0.010893	0.010769	0.010977	0.010955	0.010856
281.000000	0.010748	0.010834	0.010675	0.010343	0.010918	0.010850	0.010663
282.000000	0.010201	0.010138	0.010262	0.010095	0.010288	0.010502	0.010032
283.000000	0.009707	0.009447	0.009799	0.009880	0.009624	0.010061	0.009446
284.000000	0.009607	0.009414	0.009447	0.009569	0.009453	0.009706	0.009351
285.000000	0.009651	0.009696	0.009218	0.009304	0.009542	0.009485	0.009458
286.000000	0.009489	0.009751	0.009084	0.009264	0.009505	0.009392	0.009344
287.000000	0.009204	0.009572	0.009035	0.009320	0.009357	0.009291	0.009096
288.000000	0.009048	0.009370	0.009066	0.009233	0.009267	0.009014	0.009000
289.000000	0.008985	0.009196	0.009110	0.009019	0.009230	0.008668	0.009065
290.000000	0.008806	0.008996	0.009067	0.008850	0.009131	0.008520	0.009127
291.000000	0.008506	0.008788	0.008911	0.008758	0.008934	0.008574	0.009044
292.000000	0.008271	0.008654	0.008693	0.008634	0.008680	0.008588	0.008704
293.000000	0.008236	0.008663	0.008503	0.008486	0.008473	0.008492	0.008228
294.000000	0.008448	0.008851	0.008475	0.008480	0.008493	0.008473	0.008057
295.000000	0.008816	0.009137	0.008630	0.008666	0.008765	0.008616	0.008373
296.000000	0.008967	0.009193	0.008741	0.008822	0.008978	0.008745	0.008761
297.000000	0.008681	0.008829	0.008650	0.008774	0.008900	0.008718	0.008863
298.000000	0.008324	0.008401	0.008528	0.008609	0.008683	0.008604	0.008751
299.000000	0.008288	0.008287	0.008558	0.008461	0.008529	0.008504	0.008584
300.000000	0.008489	0.008430	0.008659	0.008450	0.008521	0.008471	0.008525
301.000000	0.008720	0.008645	0.008696	0.008659	0.008681	0.008536	0.008701
302.000000	0.008910	0.008781	0.008703	0.008950	0.008871	0.008668	0.008932
303.000000	0.009048	0.008714	0.008785	0.009096	0.008893	0.008806	0.008921
304.000000	0.009086	0.008553	0.008878	0.009076	0.008765	0.008904	0.008671
305.000000	0.008954	0.008559	0.008804	0.009015	0.008652	0.008927	0.008402
306.000000	0.008721	0.008760	0.008613	0.008989	0.008635	0.008898	0.008301
307.000000	0.008605	0.008940	0.008592	0.009024	0.008707	0.008906	0.008512
308.000000	0.008700	0.008999	0.008833	0.009097	0.008828	0.008984	0.008964
309.000000	0.008898	0.009026	0.009119	0.009123	0.008924	0.009093	0.009258
310.000000	0.009089	0.009092	0.009278	0.009068	0.008965	0.009179	0.009185
311.000000	0.009195	0.009199	0.009298	0.009034	0.009039	0.009192	0.009029
312.000000	0.009182	0.009328	0.009216	0.009104	0.009204	0.009123	0.009043
313.000000	0.009148	0.009416	0.009149	0.009241	0.009356	0.009135	0.009140
314.000000	0.009187	0.009406	0.009197	0.009378	0.009379	0.009344	0.009182
315.000000	0.009227	0.009311	0.009273	0.009412	0.009267	0.009439	0.009171
316.000000	0.009158	0.009172	0.009247	0.009258	0.009066	0.009050	0.009153
317.000000	0.009047	0.009053	0.009165	0.009060	0.008914	0.008552	0.009146
318.000000	0.009045	0.009022	0.009150	0.009060	0.008979	0.008644	0.009152
319.000000	0.009130	0.009042	0.009152	0.009196	0.009145	0.009169	0.009136
320.000000	0.009155	0.009000	0.008996	0.009183	0.009089	0.009341	0.009038
321.000000	0.009086	0.008888	0.008708	0.008973	0.008775	0.008981	0.008891
322.000000	0.009015	0.008818	0.008530	0.008787	0.008491	0.008608	0.008825
323.000000	0.008955	0.008808	0.008554	0.008723	0.008407	0.008510	0.008869
324.000000	0.008771	0.008716	0.008601	0.008654	0.008476	0.008532	0.008880
325.000000	0.008428	0.008500	0.008550	0.008521	0.008616	0.008541	0.008756
326.000000	0.008170	0.008401	0.008474	0.008477	0.008703	0.008552	0.008547
327.000000	0.008184	0.008576	0.008443	0.008608	0.008636	0.008578	0.008323
328.000000	0.008296	0.008708	0.008395	0.008641	0.008420	0.008553	0.008159
329.000000	0.008296	0.008468	0.008262	0.008312	0.008111	0.008410	0.008112
330.000000	0.008260	0.008142	0.008125	0.007914	0.007931	0.008227	0.008162
331.000000	0.008342	0.008168	0.008105	0.007884	0.008109	0.008118	0.008254
332.000000	0.008450	0.008362	0.008212	0.008078	0.008407	0.008102	0.008301
333.000000	0.008377	0.008228	0.008389	0.008061	0.008363	0.008143	0.008208
334.000000	0.008186	0.007840	0.008504	0.007852	0.008025	0.008197	0.008031
335.000000	0.008147	0.007714	0.008371	0.007822	0.007842	0.008217	0.007945
336.000000	0.008277	0.007959	0.008021	0.008029	0.007922	0.008185	0.007995
337.000000	0.008281	0.008177	0.007747	0.008145	0.007958	0.008118	0.008074
338.000000	0.008061	0.008158	0.007715	0.008026	0.007820	0.008041	0.008101
339.000000	0.007896	0.008061	0.007846	0.007895	0.007739	0.007983	0.008063
340.000000	0.007941	0.007998	0.008011	0.007880	0.007847	0.007931	0.007954
341.000000	0.007936	0.007854	0.008019	0.007771	0.007936	0.007771	0.007771
342.000000	0.007685	0.007565	0.007762	0.007424	0.007817	0.007453	0.007551
343.000000	0.007504	0.007417	0.007521	0.007186	0.007615	0.007263	0.007491
344.000000	0.007737	0.007688	0.007596	0.007423	0.007506	0.007482	0.007764
345.000000	0.008085	0.008073	0.007792	0.007874	0.007497	0.007836	0.008136
346.000000	0.008060	0.008092	0.007766	0.008076	0.007535	0.007888	0.008253
347.000000	0.007755	0.007825	0.007601	0.008005	0.007603	0.007705	0.008112
348.000000	0.007586	0.007655	0.007608	0.007883	0.007706	0.007634	0.007916
349.000000	0.007659	0.007688	0.007799	0.007797	0.007829	0.007718	0.007782
350.000000	0.007817	0.007797	0.007930	0.007717	0.007939	0.007741	0.007753
351.000000	0.007906	0.007887	0.007886	0.007649	0.007980	0.007661	0.007790
352.000000	0.007787	0.007918	0.007725	0.007641	0.007867	0.007648	0.007750
353.000000	0.007498	0.007877	0.007553	0.007698	0.007618	0.007770	0.007603
354.000000	0.007399	0.007785	0.007538	0.007729	0.007447	0.007873	0.007526
355.000000	0.007660	0.007671	0.007730	0.007693	0.007482	0.007847	0.007616
356.000000	0.007829	0.007564	0.007829	0.007694	0.007562	0.007763	0.007695
357.000000	0.007524	0.007488	0.007595	0.007804	0.007518	0.007702	0.007597
358.000000	0.007103	0.007452	0.007286	0.007853	0.007355	0.007654	0.007413
359.000000	0.007032	0.007457	0.007235	0.007666	0.007141	0.007595	0.007285
360.000000	0.007171	0.007459	0.007355	0.007460	0.007044	0.007569	0.007252
361.000000	0.007169	0.007408	0.007411	0.007562	0.007233	0.007628	0.007302
362.000000	0.007039	0.007305	0.007358	0.007769	0.007489	0.007641	0.007340
363.000000	0.007001	0.007192	0.007260	0.007588	0.007385	0.007387	0.007232
364.000000	0.007083	0.007144	0.007168	0.007111	0.007030	0.006995	0.007025
365.000000	0.007141	0.007266	0.007114	0.006945	0.006999	0.006898	0.006923
366.000000	0.007149	0.007498	0.007111	0.007232	0.007392	0.007174	0.006989
367.000000	0.007235	0.007568	0.007147	0.007489	0.007677	0.007431	0.007095
368.000000	0.007397	0.007353	0.007179	0.007435	0.007549	0.007409	0.007132
369.000000	0.007370	0.007033	0.007118	0.007240	0.007224	0.007161	0.007052
370.000000	0.007026	0.006791	0.006942	0.007069	0.006931	0.006820	0.006862
371.000000	0.006712	0.006707	0.006840	0.006912	0.006776	0.006641	0.006710
372.000000	0.006751	0.006811	0.006967	0.006751	0.006808	0.006817	0.006723
373.000000	0.006959	0.006970	0.007168	0.006655	0.006909	0.007143	0.006834
374.000000	0.007054	0.007025	0.007234	0.006690	0.006928	0.007339	0.006930
375.000000	0.006977	0.006961	0.007165	0.006773	0.006795	0.007320	0.006944
376.000000	0.006777	0.006823	0.007050	0.006769	0.006496	0.007096	0.006836
377.000000	0.006614	0.006702	0.006938	0.006734	0.006223	0.006826	0.006704
378.000000	0.006702	0.006711	0.006858	0.006830	0.006277	0.006748	0.006717
379.000000	0.006971	0.006845	0.006838	0.007018	0.006611	0.006864	0.006838
380.000000	0.007090	0.006986	0.006903	0.007073	0.006862	0.006960	0.006840
381.000000	0.006943	0.007039	0.006995	0.006904	0.006863	0.006906	0.006672
382.000000	0.006705	0.006937	0.006946	0.006611	0.006720	0.006696	0.006518
383.000000	0.006499	0.006694	0.006704	0.006320	0.006540	0.006406	0.006482
384.000000	0.006316	0.006463	0.006463	0.006186	0.006397	0.006260	0.006480
385.000000	0.006164	0.006366	0.006371	0.006277	0.006331	0.006377	0.006439
386.000000	0.006153	0.006377	0.006378	0.006378	0.006306	0.006524	0.006381
387.000000	0.006347	0.006435	0.006406	0.006296	0.006269	0.006469	0.006337
388.000000	0.006517	0.006455	0.006440	0.006164	0.006178	0.006267	0.006305
389.000000	0.006413	0.006368	0.006478	0.006172	0.006009	0.006059	0.006276
390.000000	0.006209	0.006264	0.006485	0.006287	0.005886	0.005996	0.006256
391.000000	0.006223	0.006284	0.006421	0.006384	0.005969	0.006208	0.006253
392.000000	0.006372	0.006376	0.006337	0.006377	0.006145	0.006494	0.006255
393.000000	0.006340	0.006376	0.006339	0.006218	0.006142	0.006472	0.006238
394.000000	0.006143	0.006301	0.006413	0.006026	0.006008	0.006214	0.006242
395.000000	0.006104	0.006329	0.006432	0.006071	0.006084	0.006208	0.006360
396.000000	0.006274	0.006461	0.006371	0.006346	0.006396	0.006511	0.006555
397.000000	0.006317	0.006446	0.006336	0.006473	0.006546	0.006583	0.006603
398.000000	0.006108	0.006208	0.006362	0.006290	0.006334	0.006196	0.006412
399.000000	0.005983	0.006047	0.006314	0.006112	0.006023	0.005821	0.006168
400.000000	0.006145	0.006157	0.006122	0.006165	0.005849	0.005813	0.006025
401.000000	0.006235	0.006297	0.005960	0.006232	0.005820	0.005953	0.005960
402.000000	0.005946	0.006233	0.005998	0.006105	0.005899	0.005993	0.005930
403.000000	0.005654	0.006119	0.006152	0.005979	0.006024	0.006026	0.005963
404.000000	0.005829	0.006178	0.006283	0.006103	0.006136	0.006205	0.006094
405.000000	0.006217	0.006327	0.006351	0.006323	0.006212	0.006400	0.006254
406.000000	0.006300	0.006371	0.006359	0.006339	0.006250	0.006385	0.006342
407.000000	0.006093	0.006269	0.006330	0.006185	0.006227	0.006203	0.006338
408.000000	0.005937	0.006079	0.006297	0.006094	0.006115	0.006068	0.006274
409.000000	0.005943	0.005881	0.006262	0.006128	0.005970	0.006061	0.006196
410.000000	0.006007	0.005772	0.006198	0.006186	0.005920	0.006145	0.006162
411.000000	0.006050	0.005824	0.006123	0.006214	0.005989	0.006267	0.006189
412.000000	0.006040	0.006068	0.006117	0.006229	0.006059	0.006361	0.006238
413.000000	0.005962	0.006412	0.006198	0.006221	0.006056	0.006367	0.006257
414.000000	0.005841	0.006526	0.006252	0.006121	0.006021	0.006229	0.006180
415.000000	0.005719	0.006238	0.006201	0.005921	0.006000	0.005967	0.006003
416.000000	0.005691	0.005917	0.006128	0.005801	0.006016	0.005802	0.005909
417.000000	0.005820	0.005911	0.006109	0.005907	0.006067	0.005905	0.006038
418.000000	0.005980	0.006038	0.006069	0.006044	0.006064	0.006046	0.006195
419.000000	0.006016	0.006013	0.005912	0.005974	0.005921	0.005947	0.006135
420.000000	0.005966	0.005885	0.005738	0.005824	0.005743	0.005771	0.005977
421.000000	0.005932	0.005829	0.005708	0.005845	0.005697	0.005833	0.005966
422.000000	0.005889	0.005840	0.005754	0.005941	0.005741	0.005988	0.006052
423.000000	0.005734	0.005802	0.005678	0.005820	0.005709	0.005828	0.006016
424.000000	0.005550	0.005708	0.005518	0.005536	0.005620	0.005453	0.005843
425.000000	0.005585	0.005646	0.005525	0.005463	0.005659	0.005417	0.005711
426.000000	0.005849	0.005655	0.005729	0.005683	0.005839	0.005810	0.005698
427.000000	0.006037	0.005699	0.005862	0.005880	0.005937	0.006080	0.005740
428.000000	0.005976	0.005739	0.005785	0.005852	0.005840	0.005936	0.005762
429.000000	0.005797	0.005736	0.005651	0.005679	0.005686	0.005679	0.005685
430.000000	0.005636	0.005676	0.005591	0.005478	0.005597	0.005570	0.005498
431.000000	0.005536	0.005610	0.005572	0.005386	0.005571	0.005570	0.005387
432.000000	0.005513	0.005583	0.005543	0.005486	0.005582	0.005590	0.005503
433.000000	0.005519	0.005561	0.005519	0.005616	0.005591	0.005566	0.005678
434.000000	0.005498	0.005499	0.005525	0.005582	0.005560	0.005461	0.005689
435.000000	0.005470	0.005439	0.005538	0.005441	0.005493	0.005348	0.005555
436.000000	0.005477	0.005451	0.005518	0.005342	0.005411	0.005340	0.005392
437.000000	0.005493	0.005505	0.005472	0.005332	0.005355	0.005431	0.005276
438.000000	0.005454	0.005512	0.005434	0.005392	0.005375	0.005544	0.005258
439.000000	0.005387	0.005467	0.005427	0.005476	0.005446	0.005599	0.005326
440.000000	0.005401	0.005437	0.005463	0.005512	0.005477	0.005518	0.005412
441.000000	0.005499	0.005453	0.005513	0.005475	0.005437	0.005342	0.005470
442.000000	0.005541	0.005493	0.005499	0.005399	0.005374	0.005267	0.005479
443.000000	0.005458	0.005517	0.005401	0.005305	0.005318	0.005357	0.005435
444.000000	0.005333	0.005453	0.005310	0.005179	0.005246	0.005402	0.005369
445.000000	0.005244	0.005278	0.005286	0.005029	0.005151	0.005266	0.005293
446.000000	0.005203	0.005117	0.005263	0.004938	0.005085	0.005088	0.005177
447.000000	0.005202	0.005082	0.005186	0.004968	0.005092	0.005018	0.005006
448.000000	0.005189	0.005139	0.005124	0.005053	0.005121	0.005030	0.004892
449.000000	0.005119	0.005216	0.005163	0.005102	0.005111	0.005061	0.004947
450.000000	0.005049	0.005252	0.005236	0.005122	0.005078	0.005108	0.005074
451.000000	0.005064	0.005201	0.005232	0.005151	0.005068	0.005188	0.005113
452.000000	0.005155	0.005138	0.005181	0.005175	0.005093	0.005269	0.005085
453.000000	0.005252	0.005196	0.005189	0.005154	0.005146	0.005291	0.005113
454.000000	0.005280	0.005314	0.005216	0.005084	0.005165	0.005237	0.005167
455.000000	0.005167	0.005271	0.005105	0.004994	0.005050	0.005124	0.005093
456.000000	0.004936	0.005025	0.004865	0.004900	0.004830	0.004991	0.004889
457.000000	0.004725	0.004771	0.004730	0.004803	0.004699	0.004898	0.004754
458.000000	0.004629	0.004642	0.004793	0.004712	0.004744	0.004869	0.004773
459.000000	0.004643	0.004643	0.004868	0.004661	0.004848	0.004863	0.004807
460.000000	0.004728	0.004734	0.004817	0.004667	0.004903	0.004843	0.004749
461.000000	0.004770	0.004799	0.004714	0.004684	0.004885	0.004799	0.004656
462.000000	0.004693	0.004750	0.004645	0.004672	0.004795	0.004733	0.004598
463.000000	0.004603	0.004663	0.004625	0.004633	0.004695	0.004664	0.004593
464.000000	0.004618	0.004635	0.004641	0.004579	0.004639	0.004613	0.004635
465.000000	0.004646	0.004620	0.004626	0.004494	0.004578	0.004582	0.004648
466.000000	0.004536	0.004531	0.004508	0.004362	0.004434	0.004559	0.004544
467.000000	0.004361	0.004422	0.004355	0.004247	0.004284	0.004519	0.004375
468.000000	0.004309	0.004417	0.004307	0.004249	0.004280	0.004430	0.004268
469.000000	0.004372	0.004501	0.004362	0.004335	0.004397	0.004320	0.004258
470.000000	0.004384	0.004546	0.004403	0.004362	0.004466	0.004267	0.004301
471.000000	0.004311	0.004513	0.004394	0.004304	0.004416	0.004286	0.004351
472.000000	0.004281	0.004470	0.004400	0.004281	0.004297	0.004310	0.004360
473.000000	0.004337	0.004449	0.004428	0.004335	0.004169	0.004289	0.004317
474.000000	0.004356	0.004409	0.004371	0.004358	0.004099	0.004199	0.004270
475.000000	0.004272	0.004331	0.004197	0.004299	0.004121	0.004069	0.004259
476.000000	0.004197	0.004282	0.004084	0.004283	0.004198	0.004057	0.004283
477.000000	0.004225	0.004307	0.004169	0.004399	0.004279	0.004255	0.004319
478.000000	0.004268	0.004327	0.004289	0.004491	0.004300	0.004430	0.004282
479.000000	0.004217	0.004253	0.004254	0.004389	0.004214	0.004334	0.004106
480.000000	0.004114	0.004141	0.004139	0.004189	0.004088	0.004092	0.003906
481.000000	0.004043	0.004080	0.004096	0.004068	0.004024	0.003941	0.003846
482.000000	0.004004	0.004056	0.004102	0.004027	0.004015	0.003921	0.003904
483.000000	0.003953	0.003998	0.004048	0.003982	0.004003	0.003963	0.003963
484.000000	0.003898	0.003913	0.003955	0.003934	0.003974	0.004015	0.003983
485.000000	0.003882	0.003873	0.003944	0.003953	0.003949	0.004041	0.003982
486.000000	0.003907	0.003900	0.004008	0.004024	0.003940	0.004024	0.003976
487.000000	0.003918	0.003968	0.004001	0.004035	0.003949	0.003977	0.003966
488.000000	0.003900	0.004030	0.003896	0.003966	0.003966	0.003926	0.003955
489.000000	0.003897	0.004005	0.003882	0.003952	0.003967	0.003925	0.003941
490.000000	0.003927	0.003864	0.004028	0.004041	0.003929	0.003975	0.003911
491.000000	0.003933	0.003704	0.004081	0.004029	0.003829	0.003955	0.003829
492.000000	0.003878	0.003627	0.003869	0.003789	0.003679	0.003803	0.003698
493.000000	0.003856	0.003695	0.003689	0.003613	0.003631	0.003730	0.003676
494.000000	0.003952	0.003922	0.003840	0.003786	0.003807	0.003927	0.003890
495.000000	0.004048	0.004096	0.004077	0.004048	0.004024	0.004155	0.004093
496.000000	0.003982	0.003979	0.004026	0.004011	0.004030	0.004079	0.003968
497.000000	0.003796	0.003718	0.003791	0.003772	0.003876	0.003820	0.003676
498.000000	0.003626	0.003631	0.003688	0.003651	0.003752	0.003707	0.003591
499.000000	0.003539	0.003730	0.003749	0.003679	0.003696	0.003769	0.003720
500.000000	0.003549	0.003810	0.003797	0.003683	0.003639	0.003824	0.003809
501.000000	0.003628	0.003805	0.003787	0.003636	0.003586	0.003822	0.003786
502.000000	0.003703	0.003796	0.003813	0.003662	0.003618	0.003864	0.003779
503.000000	0.003735	0.003807	0.003885	0.003781	0.003740	0.003962	0.003835
504.000000	0.003733	0.003761	0.003872	0.003845	0.003833	0.003991	0.003866
505.000000	0.003712	0.003636	0.003731	0.003776	0.003827	0.003894	0.003828
506.000000	0.003685	0.003558	0.003644	0.003682	0.003791	0.003788	0.003792
507.000000	0.003667	0.003614	0.003737	0.003659	0.003783	0.003772	0.003814
508.000000	0.003695	0.003715	0.003862	0.003678	0.003765	0.003802	0.003845
509.000000	0.003782	0.003756	0.003851	0.003692	0.003697	0.003812	0.003824
510.000000	0.003813	0.003729	0.003743	0.003683	0.003597	0.003760	0.003742
511.000000	0.003671	0.003662	0.003630	0.003646	0.003504	0.003626	0.003613
512.000000	0.003487	0.003604	0.003553	0.003616	0.003467	0.003508	0.003531
513.000000	0.003484	0.003607	0.003523	0.003637	0.003533	0.003537	0.003607
514.000000	0.003596	0.003628	0.003513	0.003650	0.003642	0.003632	0.003739
515.000000	0.003575	0.003571	0.003470	0.003533	0.003671	0.003577	0.003694
516.000000	0.003414	0.003464	0.003410	0.003342	0.003604	0.003394	0.003484
517.000000	0.003340	0.003457	0.003415	0.003304	0.003530	0.003329	0.003361
518.000000	0.003430	0.003575	0.003498	0.003457	0.003501	0.003449	0.003420
519.000000	0.003548	0.003665	0.003576	0.003574	0.003513	0.003558	0.003530
520.000000	0.003602	0.003637	0.003598	0.003535	0.003549	0.003542	0.003592
521.000000	0.003624	0.003560	0.003583	0.003475	0.003567	0.003492	0.003603
522.000000	0.003641	0.003505	0.003556	0.003502	0.003551	0.003489	0.003577
523.000000	0.003623	0.003496	0.003533	0.003549	0.003549	0.003514	0.003551
524.000000	0.003543	0.003537	0.003525	0.003542	0.003604	0.003531	0.003552
525.000000	0.003454	0.003578	0.003528	0.003527	0.003662	0.003531	0.003563
526.000000	0.003416	0.003565	0.003533	0.003565	0.003652	0.003515	0.003558
527.000000	0.003411	0.003510	0.003529	0.003600	0.003566	0.003505	0.003535
528.000000	0.003393	0.003457	0.003512	0.003536	0.003424	0.003530	0.003504
529.000000	0.003386	0.003441	0.003498	0.003436	0.003313	0.003564	0.003485
530.000000	0.003450	0.003487	0.003520	0.003445	0.003347	0.003554	0.003497
531.000000	0.003548	0.003571	0.003568	0.003548	0.003489	0.003509	0.003530
532.000000	0.003564	0.003616	0.003597	0.003593	0.003579	0.003498	0.003543
533.000000	0.003473	0.003594	0.003580	0.003532	0.003546	0.003519	0.003512
534.000000	0.003371	0.003530	0.003510	0.003455	0.003439	0.003483	0.003428
535.000000	0.003325	0.003460	0.003412	0.003423	0.003329	0.003380	0.003324
536.000000	0.003338	0.003422	0.003362	0.003426	0.003308	0.003355	0.003310
537.000000	0.003388	0.003434	0.003404	0.003439	0.003413	0.003481	0.003427
538.000000	0.003422	0.003452	0.003482	0.003422	0.003526	0.003601	0.003526
539.000000	0.003393	0.003430	0.003531	0.003352	0.003538	0.003572	0.003476
540.000000	0.003318	0.003362	0.003518	0.003294	0.003477	0.003465	0.003351
541.000000	0.003233	0.003257	0.003428	0.003315	0.003399	0.003387	0.003262
542.000000	0.003193	0.003168	0.003329	0.003373	0.003338	0.003348	0.003228
543.000000	0.003249	0.003156	0.003304	0.003389	0.003310	0.003325	0.003233
544.000000	0.003347	0.003208	0.003342	0.003354	0.003299	0.003309	0.003255
545.000000	0.003384	0.003269	0.003378	0.003298	0.003270	0.003299	0.003268
546.000000	0.003347	0.003313	0.003388	0.003242	0.003237	0.003302	0.003271
547.000000	0.003290	0.003338	0.003377	0.003205	0.003242	0.003333	0.003278
548.000000	0.003249	0.003345	0.003356	0.003200	0.003279	0.003374	0.003296
549.000000	0.003229	0.003337	0.003335	0.003235	0.003279	0.003375	0.003324
550.000000	0.003238	0.003325	0.003323	0.003301	0.003232	0.003329	0.003357
551.000000	0.003287	0.003331	0.003331	0.003364	0.003228	0.003300	0.003385
552.000000	0.003359	0.003353	0.003353	0.003390	0.003305	0.003320	0.003396
553.000000	0.003378	0.003323	0.003338	0.003349	0.003353	0.003326	0.003378
554.000000	0.003304	0.003218	0.003260	0.003244	0.003293	0.003279	0.003332
555.000000	0.003260	0.003190	0.003210	0.003184	0.003225	0.003270	0.003323
556.000000	0.003354	0.003359	0.003270	0.003261	0.003259	0.003372	0.003391
557.000000	0.003459	0.003463	0.003362	0.003365	0.003337	0.003421	0.003392
558.000000	0.003404	0.003217	0.003375	0.003351	0.003360	0.003240	0.003188
559.000000	0.003309	0.003172	0.003349	0.003330	0.003344	0.003185	0.003173
560.000000	0.003405	0.004102	0.003393	0.003501	0.003351	0.003760	0.003871
561.000000	0.003472	0.004446	0.003469	0.003580	0.003355	0.004012	0.004153
562.000000	0.003022	0.001319	0.003442	0.002997	0.003273	0.002156	0.001957
563.000000	0.002651	-0.000957	0.003296	0.002498	0.003184	0.000757	0.000325
564.000000	0.003979	0.008719	0.003131	0.004068	0.003322	0.006477	0.007103
565.000000	0.005559	0.019874	0.003089	0.006003	0.003522	0.013100	0.014951
566.000000	0.001538	-0.008926	0.003356	0.001305	0.003042	-0.004069	-0.005263
567.000000	-0.008040	-0.080687	0.003885	-0.009544	0.002370	-0.046597	-0.055500
568.000000	-0.010290	-0.114347	0.004140	-0.009812	0.004610	-0.065476	-0.078293
569.000000	0.002049	-0.059102	0.003786	0.009236	0.010782	-0.030380	-0.037907
570.000000	0.014363	0.012605	0.003285	0.026002	0.014598	0.013431	0.013240
571.000000	0.012631	0.026569	0.003123	0.020388	0.010687	0.020038	0.021773
572.000000	0.004300	0.006411	0.003193	0.005177	0.004104	0.005443	0.005704
573.000000	0.001144	-0.002668	0.003252	-0.000464	0.001756	-0.000881	-0.001346
574.000000	0.002720	0.001701	0.003266	0.002259	0.002861	0.002138	0.002033
575.000000	0.003822	0.004911	0.003285	0.004221	0.003672	0.004350	0.004513
576.000000	0.003431	0.003959	0.003304	0.003584	0.003415	0.003668	0.003766
577.000000	0.003037	0.002839	0.003285	0.002885	0.003104	0.002864	0.002891
578.000000	0.003072	0.002939	0.003194	0.002957	0.003055	0.002944	0.002923
579.000000	0.003029	0.003292	0.003006	0.003100	0.002964	0.003317	0.003048
580.000000	0.002921	0.003348	0.002936	0.003087	0.002906	0.003492	0.003063
581.000000	0.003444	0.003174	0.003492	0.003339	0.003449	0.003183	0.003596
582.000000	0.004183	0.002985	0.004172	0.003692	0.004126	0.002678	0.004244
583.000000	0.002680	0.003184	0.002643	0.002872	0.002575	0.003272	0.002665
584.000000	-0.000549	0.003697	-0.000507	0.001169	-0.000626	0.006504	-0.000548
585.000000	0.003314	0.003151	0.003410	0.003250	0.003282	0.014281	0.003357
586.000000	0.016136	0.001236	0.016150	0.010100	0.016103	0.023094	0.016179
587.000000	0.007678	0.002569	0.007592	0.005701	0.007623	0.008218	0.007720
588.000000	-0.047175	0.010978	-0.047241	-0.023258	-0.047233	-0.048673	-0.047085
589.000000	-0.098363	0.018768	-0.098359	-0.050348	-0.098425	-0.098677	-0.098227
590.000000	-0.079144	0.015694	-0.079147	-0.040308	-0.079244	-0.078733	-0.079036
591.000000	-0.016667	0.006014	-0.016709	-0.007426	-0.016802	-0.016548	-0.016627
592.000000	0.016615	0.000969	0.016630	0.010103	0.016521	0.016469	0.016638
593.000000	0.010171	0.002111	0.010310	0.006739	0.010175	0.010092	0.010232
594.000000	-0.000141	0.003737	0.000051	0.001409	-0.000066	-0.000083	-0.000039
595.000000	0.000616	0.003524	0.000756	0.001950	0.000707	0.000744	0.000737
596.000000	0.003674	0.002978	0.003740	0.003644	0.003761	0.003810	0.003803
597.000000	0.003799	0.002975	0.003821	0.003691	0.003877	0.003900	0.003935
598.000000	0.002973	0.003129	0.002988	0.003187	0.003035	0.003031	0.003121
599.000000	0.002855	0.003129	0.002898	0.003053	0.002899	0.002893	0.003024
600.000000	0.003024	0.003054	0.003125	0.003087	0.003082	0.003082	0.003218
601.000000	0.002983	0.003006	0.003151	0.003036	0.003097	0.003102	0.003196
602.000000	0.002883	0.002982	0.003083	0.002981	0.003027	0.003053	0.003085
603.000000	0.002942	0.002962	0.003101	0.003029	0.003026	0.003102	0.003087
604.000000	0.003049	0.002933	0.003135	0.003098	0.003046	0.003162	0.003131
605.000000	0.003024	0.002890	0.003064	0.003069	0.002993	0.003097	0.003089
606.000000	0.002910	0.002869	0.002938	0.002978	0.002908	0.002985	0.003018
607.000000	0.002838	0.002917	0.002878	0.002923	0.002889	0.002985	0.003047
608.000000	0.002838	0.002992	0.002903	0.002929	0.002935	0.003086	0.003147
609.000000	0.002875	0.003001	0.002967	0.002973	0.002988	0.003167	0.003189
610.000000	0.002903	0.002948	0.003025	0.003022	0.003017	0.003170	0.003150
611.000000	0.002871	0.002926	0.003030	0.003035	0.003018	0.003092	0.003099
612.000000	0.002794	0.002967	0.002985	0.003009	0.003002	0.002987	0.003081
613.000000	0.002772	0.003022	0.002960	0.002992	0.002993	0.002972	0.003098
614.000000	0.002844	0.003048	0.002985	0.002998	0.002998	0.003070	0.003133
615.000000	0.002916	0.003017	0.003010	0.002968	0.002989	0.003122	0.003137
616.000000	0.002919	0.002932	0.002999	0.002873	0.002959	0.003028	0.003081
617.000000	0.002875	0.002858	0.002975	0.002791	0.002958	0.002908	0.003008
618.000000	0.002824	0.002850	0.002967	0.002794	0.003019	0.002883	0.002969
619.000000	0.002813	0.002867	0.002996	0.002870	0.003057	0.002941	0.003007
620.000000	0.002876	0.002857	0.003065	0.002981	0.002984	0.003031	0.003138
621.000000	0.002958	0.002836	0.003112	0.003055	0.002893	0.003090	0.003223
622.000000	0.002981	0.002846	0.003062	0.003022	0.002923	0.003061	0.003094
623.000000	0.002948	0.002898	0.002969	0.002944	0.003016	0.002986	0.002884
624.000000	0.002907	0.002986	0.002949	0.002945	0.003017	0.002955	0.002868
625.000000	0.002890	0.003069	0.003006	0.003014	0.002946	0.002987	0.003017
626.000000	0.002915	0.003084	0.003053	0.003033	0.002953	0.003049	0.003070
627.000000	0.002965	0.003034	0.003059	0.002982	0.003050	0.003091	0.002974
628.000000	0.002987	0.002998	0.003056	0.002946	0.003090	0.003046	0.002908
629.000000	0.002962	0.003007	0.003059	0.002963	0.003030	0.002927	0.002944
630.000000	0.002931	0.003001	0.003058	0.002993	0.002988	0.002864	0.002969
631.000000	0.002915	0.002949	0.003036	0.002996	0.003027	0.002919	0.002922
632.000000	0.002882	0.002881	0.002968	0.002952	0.003043	0.002975	0.002885
633.000000	0.002811	0.002832	0.002853	0.002858	0.002959	0.002934	0.002920
634.000000	0.002748	0.002801	0.002766	0.002768	0.002858	0.002857	0.002944
635.000000	0.002739	0.002785	0.002776	0.002735	0.002833	0.002819	0.002877
636.000000	0.002774	0.002796	0.002830	0.002744	0.002853	0.002806	0.002780
637.000000	0.002828	0.002845	0.002853	0.002768	0.002859	0.002786	0.002747
638.000000	0.002882	0.002923	0.002866	0.002806	0.002847	0.002790	0.002784
639.000000	0.002921	0.003007	0.002922	0.002867	0.002836	0.002864	0.002857
640.000000	0.002932	0.003039	0.002971	0.002902	0.002808	0.002934	0.002915
641.000000	0.002898	0.002944	0.002902	0.002830	0.002719	0.002856	0.002906
642.000000	0.002828	0.002761	0.002743	0.002690	0.002603	0.002665	0.002825
643.000000	0.002749	0.002633	0.002648	0.002623	0.002552	0.002554	0.002720
644.000000	0.002698	0.002620	0.002674	0.002672	0.002595	0.002600	0.002642
645.000000	0.002722	0.002664	0.002742	0.002738	0.002669	0.002723	0.002642
646.000000	0.002806	0.002710	0.002787	0.002750	0.002718	0.002832	0.002711
647.000000	0.002818	0.002710	0.002785	0.002704	0.002708	0.002836	0.002727
648.000000	0.002693	0.002650	0.002734	0.002620	0.002633	0.002707	0.002628
649.000000	0.002583	0.002601	0.002676	0.002564	0.002564	0.002582	0.002545
650.000000	0.002618	0.002625	0.002654	0.002588	0.002563	0.002586	0.002597
651.000000	0.002715	0.002696	0.002680	0.002659	0.002621	0.002674	0.002711
652.000000	0.002753	0.002769	0.002747	0.002725	0.002711	0.002766	0.002784
653.000000	0.002741	0.002819	0.002781	0.002755	0.002793	0.002809	0.002784
654.000000	0.002729	0.002828	0.002699	0.002731	0.002827	0.002771	0.002715
655.000000	0.002718	0.002798	0.002571	0.002677	0.002802	0.002679	0.002628
656.000000	0.002686	0.002735	0.002535	0.002638	0.002722	0.002591	0.002600
657.000000	0.002629	0.002654	0.002593	0.002612	0.002607	0.002530	0.002607
658.000000	0.002557	0.002570	0.002644	0.002568	0.002485	0.002495	0.002558
659.000000	0.002503	0.002517	0.002651	0.002522	0.002407	0.002487	0.002457
660.000000	0.002520	0.002540	0.002642	0.002536	0.002443	0.002519	0.002410
661.000000	0.002595	0.002626	0.002639	0.002614	0.002576	0.002571	0.002454
662.000000	0.002620	0.002661	0.002646	0.002668	0.002645	0.002582	0.002521
663.000000	0.002540	0.002592	0.002656	0.002638	0.002569	0.002527	0.002548
664.000000	0.002450	0.002512	0.002635	0.002548	0.002447	0.002473	0.002511
665.000000	0.002432	0.002501	0.002570	0.002443	0.002383	0.002474	0.002413
666.000000	0.002469	0.002552	0.002515	0.002407	0.002405	0.002511	0.002346
667.000000	0.002526	0.002629	0.002514	0.002494	0.002507	0.002551	0.002380
668.000000	0.002550	0.002644	0.002495	0.002585	0.002571	0.002538	0.002421
669.000000	0.002495	0.002521	0.002380	0.002541	0.002482	0.002430	0.002353
670.000000	0.002407	0.002368	0.002265	0.002431	0.002331	0.002340	0.002263
671.000000	0.002366	0.002353	0.002301	0.002403	0.002285	0.002421	0.002299
672.000000	0.002383	0.002439	0.002429	0.002449	0.002345	0.002594	0.002424
673.000000	0.002431	0.002473	0.002476	0.002475	0.002416	0.002651	0.002492
674.000000	0.002472	0.002440	0.002438	0.002460	0.002451	0.002563	0.002482
675.000000	0.002464	0.002443	0.002452	0.002456	0.002447	0.002459	0.002482
676.000000	0.002409	0.002495	0.002538	0.002468	0.002417	0.002412	0.002509
677.000000	0.002365	0.002494	0.002567	0.002452	0.002390	0.002430	0.002493
678.000000	0.002350	0.002397	0.002476	0.002387	0.002366	0.002472	0.002405
679.000000	0.002302	0.002274	0.002336	0.002300	0.002299	0.002430	0.002298
680.000000	0.002201	0.002198	0.002225	0.002227	0.002189	0.002266	0.002224
681.000000	0.002147	0.002216	0.002192	0.002215	0.002172	0.002146	0.002215
682.000000	0.002210	0.002340	0.002256	0.002282	0.002327	0.002196	0.002279
683.000000	0.002290	0.002446	0.002315	0.002319	0.002450	0.002289	0.002337
684.000000	0.002275	0.002415	0.002271	0.002227	0.002340	0.002272	0.002307
685.000000	0.002182	0.002297	0.002175	0.002104	0.002157	0.002163	0.002206
686.000000	0.002072	0.002190	0.002115	0.002089	0.002141	0.002038	0.002086
687.000000	0.002026	0.002161	0.002105	0.002156	0.002254	0.001982	0.002028
688.000000	0.002122	0.002248	0.002125	0.002201	0.002330	0.002076	0.002119
689.000000	0.002300	0.002389	0.002162	0.002217	0.002343	0.002254	0.002278
690.000000	0.002409	0.002460	0.002211	0.002256	0.002358	0.002360	0.002322
691.000000	0.002410	0.002422	0.002265	0.002309	0.002385	0.002359	0.002250
692.000000	0.002376	0.002324	0.002310	0.002307	0.002380	0.002335	0.002236
693.000000	0.002346	0.002220	0.002332	0.002242	0.002328	0.002324	0.002311
694.000000	0.002311	0.002174	0.002311	0.002196	0.002254	0.002281	0.002301
695.000000	0.002272	0.002208	0.002257	0.002217	0.002185	0.002202	0.002144
696.000000	0.002262	0.002267	0.002238	0.002267	0.002133	0.002163	0.002036
697.000000	0.002287	0.002299	0.002287	0.002301	0.002103	0.002204	0.002099
698.000000	0.002259	0.002284	0.002309	0.002284	0.002080	0.002232	0.002181
699.000000	0.002114	0.002214	0.002225	0.002198	0.002057	0.002167	0.002134
700.000000	0.001941	0.002120	0.002117	0.002114	0.002073	0.002066	0.002038
701.000000	0.001852	0.002034	0.002085	0.002108	0.002161	0.002009	0.002005
702.000000	0.001841	0.001952	0.002095	0.002160	0.002250	0.001988	0.002012
703.000000	0.001863	0.001862	0.002071	0.002214	0.002241	0.001967	0.001992
704.000000	0.001883	0.001814	0.002005	0.002208	0.002140	0.001946	0.001953
705.000000	0.001876	0.001886	0.001922	0.002087	0.002011	0.001946	0.001941
706.000000	0.001863	0.002019	0.001869	0.001909	0.001917	0.001974	0.001970
707.000000	0.001899	0.002056	0.001902	0.001820	0.001921	0.002021	0.002024
708.000000	0.001964	0.001991	0.001986	0.001855	0.001988	0.002063	0.002070
709.000000	0.001953	0.001984	0.001988	0.001930	0.001989	0.002062	0.002055
710.000000	0.001858	0.002087	0.001881	0.001991	0.001886	0.002025	0.001977
711.000000	0.001814	0.002181	0.001806	0.002033	0.001801	0.002036	0.001909
712.000000	0.001871	0.002180	0.001843	0.002044	0.001798	0.002118	0.001905
713.000000	0.001866	0.002099	0.001918	0.001982	0.001792	0.002144	0.001958
714.000000	0.001705	0.001964	0.001945	0.001848	0.001730	0.002036	0.002048
715.000000	0.001611	0.001797	0.001881	0.001786	0.001699	0.001922	0.002135
716.000000	0.001772	0.001624	0.001721	0.001911	0.001781	0.001931	0.002177
717.000000	0.001936	0.001501	0.001594	0.002071	0.001879	0.002019	0.002149
718.000000	0.001793	0.001479	0.001640	0.002075	0.001872	0.002101	0.002045
719.000000	0.001503	0.001532	0.001762	0.001981	0.001803	0.002135	0.001960
720.000000	0.001382	0.001600	0.001780	0.001936	0.001766	0.002097	0.002006
721.000000	0.001355	0.001574	0.001623	0.001863	0.001706	0.001951	0.002009
722.000000	0.001131	0.001334	0.001296	0.001578	0.001489	0.001654	0.001651
723.000000	0.000745	0.001003	0.000970	0.001192	0.001185	0.001299	0.001123
724.000000	0.000504	0.000904	0.000939	0.001057	0.001028	0.001082	0.001028
725.000000	0.000486	0.001047	0.001124	0.001180	0.001032	0.001090	0.001374
726.000000	0.000493	0.001078	0.001000	0.001153	0.000954	0.001272	0.001460
727.000000	0.000423	0.000819	0.000427	0.000842	0.000702	0.001489	0.001018
728.000000	0.000370	0.000426	-0.000052	0.000603	0.000467	0.001461	0.000567
729.000000	0.000347	0.000034	-0.000097	0.000632	0.000372	0.001073	0.000459
730.000000	0.000140	-0.000335	0.000003	0.000628	0.000313	0.000616	0.000475
731.000000	-0.000415	-0.000681	-0.000041	0.000328	0.000188	0.000349	0.000389
732.000000	-0.001182	-0.001012	-0.000194	-0.000166	0.000014	0.000216	0.000222
