[HEADER]
Format	J&M ASCII Table
Comment	
Date	2/12/1980 5:51:05 AM
Order	Y (evenX)
TechType	UV
NumPoints	483
FirstX	250.00
LastX	732.00
XType	NMetr
YType	Absrb
ZType	Secs
NumSubFile	7
Matrix	Z vs X
[DATA]
	0.000000	5.000064	10.000128	15.000256	20.000320	25.000383	30.000511
250.000000	0.842153	0.841829	0.842356	0.842204	0.842191	0.840143	0.841434
251.000000	0.815444	0.815619	0.815979	0.816061	0.815423	0.813550	0.814485
252.000000	0.789012	0.790415	0.789608	0.790236	0.788895	0.787682	0.788470
253.000000	0.763668	0.765999	0.764119	0.765042	0.763683	0.762753	0.763185
254.000000	0.740026	0.742133	0.740180	0.740750	0.740430	0.738910	0.738566
255.000000	0.717760	0.718761	0.717401	0.717440	0.717874	0.716107	0.715256
256.000000	0.696356	0.695920	0.695267	0.695106	0.694757	0.694233	0.693799
257.000000	0.675387	0.673927	0.673831	0.673531	0.672071	0.673052	0.673337
258.000000	0.654513	0.653127	0.653282	0.652463	0.651355	0.652332	0.652693
259.000000	0.633864	0.633240	0.633336	0.631992	0.632229	0.632195	0.632070
260.000000	0.613802	0.613693	0.613497	0.612360	0.613375	0.612919	0.612323
261.000000	0.594428	0.594296	0.593779	0.593419	0.594286	0.594261	0.593424
262.000000	0.575636	0.575155	0.574578	0.574723	0.575090	0.575588	0.574671
263.000000	0.557009	0.556199	0.555898	0.555939	0.555935	0.556519	0.555717
264.000000	0.537788	0.537147	0.537284	0.536873	0.536970	0.536973	0.536651
265.000000	0.517885	0.517969	0.518453	0.517554	0.518174	0.517199	0.517627
266.000000	0.498372	0.499086	0.499463	0.498378	0.499238	0.497977	0.498879
267.000000	0.479891	0.480688	0.480424	0.479617	0.480030	0.479679	0.480452
268.000000	0.461699	0.462260	0.461510	0.461137	0.460949	0.461511	0.461885
269.000000	0.443043	0.443351	0.442839	0.442727	0.442329	0.442767	0.442826
270.000000	0.424016	0.424185	0.424268	0.424134	0.423918	0.423808	0.423667
271.000000	0.404915	0.405113	0.405606	0.405171	0.405364	0.405154	0.404892
272.000000	0.386024	0.386221	0.386742	0.386108	0.386569	0.386630	0.386416
273.000000	0.367572	0.367490	0.367624	0.367349	0.367552	0.367845	0.367944
274.000000	0.349325	0.348858	0.348462	0.348829	0.348533	0.348861	0.349272
275.000000	0.330800	0.330242	0.329599	0.330227	0.329827	0.329996	0.330262
276.000000	0.311896	0.311576	0.311085	0.311468	0.311447	0.311338	0.311123
277.000000	0.292844	0.292815	0.292723	0.292692	0.293148	0.292778	0.292349
278.000000	0.273946	0.274078	0.274386	0.274045	0.274843	0.274285	0.274114
279.000000	0.255577	0.255687	0.256058	0.255677	0.256651	0.255935	0.256170
280.000000	0.237872	0.237797	0.237848	0.237689	0.238660	0.237826	0.238359
281.000000	0.220507	0.220219	0.220090	0.220095	0.220864	0.220080	0.220756
282.000000	0.203272	0.202844	0.203028	0.202945	0.203341	0.202837	0.203495
283.000000	0.186437	0.185915	0.186558	0.186423	0.186435	0.186291	0.186823
284.000000	0.170308	0.169706	0.170566	0.170656	0.170457	0.170575	0.170917
285.000000	0.154989	0.154353	0.155150	0.155415	0.155342	0.155496	0.155560
286.000000	0.140506	0.139925	0.140455	0.140457	0.140926	0.140826	0.140517
287.000000	0.126763	0.126266	0.126541	0.126132	0.127073	0.126721	0.126207
288.000000	0.113619	0.113153	0.113425	0.112985	0.113682	0.113476	0.113257
289.000000	0.101075	0.100659	0.101077	0.100890	0.100900	0.101095	0.101400
290.000000	0.089220	0.089036	0.089435	0.089307	0.089023	0.089398	0.089823
291.000000	0.078129	0.078221	0.078421	0.078137	0.078078	0.078314	0.078378
292.000000	0.067857	0.067860	0.067943	0.067702	0.067840	0.067877	0.067557
293.000000	0.058361	0.057919	0.058056	0.058138	0.058212	0.058145	0.057698
294.000000	0.049456	0.048829	0.049012	0.049301	0.049296	0.049205	0.048890
295.000000	0.041036	0.040780	0.040905	0.041075	0.041107	0.041045	0.041023
296.000000	0.033189	0.033377	0.033460	0.033451	0.033440	0.033446	0.033615
297.000000	0.025957	0.026265	0.026420	0.026403	0.026149	0.026232	0.026317
298.000000	0.019160	0.019452	0.019737	0.019805	0.019366	0.019445	0.019378
299.000000	0.012667	0.013037	0.013424	0.013552	0.013240	0.013178	0.013107
300.000000	0.006791	0.007206	0.007613	0.007750	0.007748	0.007555	0.007549
301.000000	0.001898	0.002123	0.002434	0.002535	0.002797	0.002665	0.002643
302.000000	-0.002335	-0.002421	-0.002257	-0.002195	-0.001825	-0.001801	-0.001867
303.000000	-0.006514	-0.006788	-0.006716	-0.006640	-0.006363	-0.006297	-0.006302
304.000000	-0.010737	-0.011009	-0.010957	-0.010846	-0.010766	-0.010756	-0.010654
305.000000	-0.014741	-0.014890	-0.014832	-0.014745	-0.014783	-0.014757	-0.014694
306.000000	-0.018380	-0.018380	-0.018336	-0.018303	-0.018363	-0.018192	-0.018341
307.000000	-0.021627	-0.021576	-0.021613	-0.021521	-0.021671	-0.021286	-0.021667
308.000000	-0.024541	-0.024556	-0.024715	-0.024469	-0.024763	-0.024229	-0.024717
309.000000	-0.027301	-0.027346	-0.027536	-0.027323	-0.027518	-0.027138	-0.027479
310.000000	-0.030010	-0.029977	-0.030033	-0.030147	-0.029924	-0.030008	-0.029969
311.000000	-0.032589	-0.032491	-0.032336	-0.032730	-0.032244	-0.032582	-0.032288
312.000000	-0.034944	-0.034903	-0.034563	-0.034920	-0.034670	-0.034689	-0.034521
313.000000	-0.037033	-0.037118	-0.036721	-0.036886	-0.037008	-0.036593	-0.036674
314.000000	-0.038867	-0.039063	-0.038803	-0.038842	-0.039046	-0.038597	-0.038740
315.000000	-0.040689	-0.040907	-0.040861	-0.040863	-0.040945	-0.040701	-0.040771
316.000000	-0.042764	-0.042858	-0.042948	-0.042957	-0.042947	-0.042800	-0.042816
317.000000	-0.044885	-0.044787	-0.044904	-0.044969	-0.044927	-0.044767	-0.044771
318.000000	-0.046631	-0.046422	-0.046490	-0.046676	-0.046600	-0.046480	-0.046470
319.000000	-0.048062	-0.047902	-0.047867	-0.048134	-0.048044	-0.048038	-0.048044
320.000000	-0.049594	-0.049670	-0.049487	-0.049601	-0.049608	-0.049703	-0.049831
321.000000	-0.051330	-0.051706	-0.051403	-0.051212	-0.051367	-0.051500	-0.051803
322.000000	-0.053018	-0.053472	-0.053220	-0.052947	-0.053090	-0.053189	-0.053523
323.000000	-0.054560	-0.054800	-0.054732	-0.054724	-0.054658	-0.054671	-0.054848
324.000000	-0.056128	-0.056172	-0.056076	-0.056358	-0.056172	-0.056098	-0.056152
325.000000	-0.057791	-0.057842	-0.057389	-0.057730	-0.057688	-0.057566	-0.057669
326.000000	-0.059297	-0.059361	-0.058714	-0.058904	-0.059103	-0.058973	-0.059169
327.000000	-0.060465	-0.060392	-0.060076	-0.060003	-0.060353	-0.060255	-0.060451
328.000000	-0.061581	-0.061436	-0.061489	-0.061281	-0.061630	-0.061615	-0.061703
329.000000	-0.062957	-0.063024	-0.062939	-0.062927	-0.063116	-0.063236	-0.063140
330.000000	-0.064411	-0.064733	-0.064301	-0.064594	-0.064614	-0.064823	-0.064611
331.000000	-0.065624	-0.065886	-0.065437	-0.065809	-0.065833	-0.065968	-0.065863
332.000000	-0.066673	-0.066678	-0.066498	-0.066757	-0.066880	-0.066856	-0.066952
333.000000	-0.067836	-0.067747	-0.067770	-0.067948	-0.068062	-0.067972	-0.068095
334.000000	-0.069142	-0.069130	-0.069198	-0.069362	-0.069380	-0.069340	-0.069301
335.000000	-0.070423	-0.070383	-0.070461	-0.070562	-0.070591	-0.070613	-0.070414
336.000000	-0.071569	-0.071378	-0.071490	-0.071472	-0.071652	-0.071664	-0.071416
337.000000	-0.072546	-0.072375	-0.072526	-0.072454	-0.072760	-0.072633	-0.072454
338.000000	-0.073402	-0.073515	-0.073668	-0.073674	-0.073973	-0.073628	-0.073582
339.000000	-0.074321	-0.074691	-0.074736	-0.074900	-0.075087	-0.074680	-0.074674
340.000000	-0.075406	-0.075795	-0.075626	-0.075957	-0.075992	-0.075792	-0.075659
341.000000	-0.076509	-0.076781	-0.076509	-0.076917	-0.076917	-0.076917	-0.076645
342.000000	-0.077470	-0.077629	-0.077528	-0.077848	-0.078027	-0.077982	-0.077711
343.000000	-0.078250	-0.078376	-0.078543	-0.078647	-0.079028	-0.078843	-0.078689
344.000000	-0.078860	-0.079079	-0.079376	-0.079214	-0.079603	-0.079391	-0.079402
345.000000	-0.079461	-0.079815	-0.080056	-0.079735	-0.080016	-0.079830	-0.080029
346.000000	-0.080243	-0.080657	-0.080684	-0.080477	-0.080707	-0.080464	-0.080843
347.000000	-0.081141	-0.081531	-0.081333	-0.081408	-0.081622	-0.081334	-0.081737
348.000000	-0.081945	-0.082287	-0.082052	-0.082326	-0.082437	-0.082326	-0.082399
349.000000	-0.082580	-0.082886	-0.082814	-0.083107	-0.083075	-0.083271	-0.082868
350.000000	-0.083084	-0.083381	-0.083530	-0.083704	-0.083673	-0.083963	-0.083468
351.000000	-0.083565	-0.083869	-0.084179	-0.084185	-0.084299	-0.084416	-0.084281
352.000000	-0.084219	-0.084489	-0.084820	-0.084765	-0.084926	-0.084913	-0.085069
353.000000	-0.085052	-0.085234	-0.085449	-0.085497	-0.085511	-0.085559	-0.085682
354.000000	-0.085726	-0.085830	-0.085931	-0.086110	-0.085991	-0.086102	-0.086159
355.000000	-0.086030	-0.086124	-0.086203	-0.086446	-0.086340	-0.086378	-0.086561
356.000000	-0.086214	-0.086373	-0.086427	-0.086746	-0.086640	-0.086588	-0.086959
357.000000	-0.086546	-0.086819	-0.086771	-0.087227	-0.086986	-0.086946	-0.087405
358.000000	-0.087031	-0.087352	-0.087243	-0.087731	-0.087447	-0.087486	-0.087877
359.000000	-0.087597	-0.087792	-0.087790	-0.088043	-0.088055	-0.088161	-0.088329
360.000000	-0.088089	-0.088114	-0.088255	-0.088235	-0.088629	-0.088745	-0.088682
361.000000	-0.088346	-0.088365	-0.088464	-0.088481	-0.088938	-0.088976	-0.088870
362.000000	-0.088508	-0.088654	-0.088597	-0.088842	-0.089113	-0.089019	-0.089042
363.000000	-0.088877	-0.089120	-0.089019	-0.089300	-0.089483	-0.089278	-0.089464
364.000000	-0.089451	-0.089694	-0.089686	-0.089765	-0.090023	-0.089785	-0.090074
365.000000	-0.089963	-0.090123	-0.090195	-0.090087	-0.090396	-0.090246	-0.090531
366.000000	-0.090278	-0.090325	-0.090397	-0.090249	-0.090509	-0.090512	-0.090725
367.000000	-0.090443	-0.090443	-0.090486	-0.090411	-0.090598	-0.090638	-0.090859
368.000000	-0.090572	-0.090632	-0.090654	-0.090687	-0.090847	-0.090762	-0.091100
369.000000	-0.090876	-0.091043	-0.091039	-0.091083	-0.091302	-0.091150	-0.091500
370.000000	-0.091466	-0.091693	-0.091673	-0.091581	-0.091927	-0.091904	-0.092042
371.000000	-0.092127	-0.092241	-0.092289	-0.092129	-0.092501	-0.092606	-0.092555
372.000000	-0.092638	-0.092414	-0.092650	-0.092667	-0.092840	-0.092891	-0.092891
373.000000	-0.092980	-0.092541	-0.092876	-0.093122	-0.093084	-0.093035	-0.093141
374.000000	-0.093206	-0.093032	-0.093160	-0.093441	-0.093426	-0.093418	-0.093441
375.000000	-0.093438	-0.093724	-0.093523	-0.093743	-0.093845	-0.093939	-0.093801
376.000000	-0.093811	-0.094242	-0.093919	-0.094195	-0.094232	-0.094324	-0.094180
377.000000	-0.094267	-0.094529	-0.094348	-0.094709	-0.094551	-0.094568	-0.094560
378.000000	-0.094636	-0.094727	-0.094840	-0.095055	-0.094816	-0.094831	-0.094936
379.000000	-0.094898	-0.094941	-0.095328	-0.095228	-0.095080	-0.095168	-0.095316
380.000000	-0.095165	-0.095239	-0.095667	-0.095428	-0.095431	-0.095536	-0.095724
381.000000	-0.095524	-0.095643	-0.095881	-0.095754	-0.095880	-0.095918	-0.096151
382.000000	-0.096018	-0.096118	-0.096219	-0.096157	-0.096331	-0.096331	-0.096546
383.000000	-0.096600	-0.096626	-0.096773	-0.096600	-0.096732	-0.096780	-0.096891
384.000000	-0.097062	-0.097136	-0.097303	-0.097077	-0.097126	-0.097248	-0.097237
385.000000	-0.097289	-0.097606	-0.097627	-0.097573	-0.097545	-0.097710	-0.097621
386.000000	-0.097495	-0.097961	-0.097847	-0.098015	-0.097956	-0.098131	-0.098015
387.000000	-0.097890	-0.098169	-0.098091	-0.098344	-0.098330	-0.098484	-0.098389
388.000000	-0.098389	-0.098411	-0.098368	-0.098606	-0.098698	-0.098778	-0.098757
389.000000	-0.098830	-0.098877	-0.098651	-0.098862	-0.099084	-0.099021	-0.099132
390.000000	-0.099080	-0.099384	-0.098910	-0.099095	-0.099356	-0.099185	-0.099437
391.000000	-0.099043	-0.099624	-0.099121	-0.099258	-0.099345	-0.099241	-0.099571
392.000000	-0.098946	-0.099631	-0.099331	-0.099410	-0.099244	-0.099331	-0.099625
393.000000	-0.099197	-0.099650	-0.099627	-0.099666	-0.099455	-0.099689	-0.099798
394.000000	-0.099733	-0.099754	-0.099938	-0.099974	-0.099931	-0.100193	-0.100059
395.000000	-0.100065	-0.099856	-0.100056	-0.100134	-0.100219	-0.100398	-0.100167
396.000000	-0.100077	-0.099945	-0.100005	-0.100118	-0.100195	-0.100216	-0.100104
397.000000	-0.100173	-0.100121	-0.100129	-0.100140	-0.100196	-0.100047	-0.100160
398.000000	-0.100533	-0.100419	-0.100547	-0.100331	-0.100421	-0.100158	-0.100472
399.000000	-0.100827	-0.100732	-0.100884	-0.100627	-0.100734	-0.100470	-0.100845
400.000000	-0.100839	-0.100971	-0.100895	-0.100951	-0.101006	-0.100861	-0.101111
401.000000	-0.100878	-0.101146	-0.100881	-0.101248	-0.101249	-0.101195	-0.101304
402.000000	-0.101221	-0.101287	-0.101126	-0.101470	-0.101477	-0.101374	-0.101480
403.000000	-0.101588	-0.101435	-0.101393	-0.101569	-0.101615	-0.101492	-0.101608
404.000000	-0.101609	-0.101616	-0.101365	-0.101521	-0.101589	-0.101667	-0.101653
405.000000	-0.101441	-0.101753	-0.101216	-0.101454	-0.101514	-0.101837	-0.101687
406.000000	-0.101436	-0.101736	-0.101296	-0.101542	-0.101571	-0.101878	-0.101815
407.000000	-0.101604	-0.101669	-0.101591	-0.101747	-0.101791	-0.101837	-0.101983
408.000000	-0.101748	-0.101770	-0.101863	-0.101901	-0.102107	-0.101865	-0.102044
409.000000	-0.101823	-0.102027	-0.102017	-0.101991	-0.102400	-0.102003	-0.102013
410.000000	-0.101926	-0.102216	-0.102090	-0.102140	-0.102513	-0.102190	-0.102055
411.000000	-0.102088	-0.102252	-0.102140	-0.102349	-0.102430	-0.102349	-0.102218
412.000000	-0.102240	-0.102261	-0.102242	-0.102440	-0.102330	-0.102385	-0.102378
413.000000	-0.102354	-0.102346	-0.102434	-0.102376	-0.102355	-0.102322	-0.102483
414.000000	-0.102495	-0.102548	-0.102680	-0.102404	-0.102550	-0.102413	-0.102630
415.000000	-0.102695	-0.102841	-0.102909	-0.102674	-0.102883	-0.102785	-0.102870
416.000000	-0.102853	-0.103023	-0.102985	-0.102935	-0.103145	-0.103103	-0.103062
417.000000	-0.102881	-0.102945	-0.102838	-0.102954	-0.103161	-0.103079	-0.103086
418.000000	-0.102885	-0.102848	-0.102754	-0.102923	-0.103067	-0.103000	-0.103082
419.000000	-0.102995	-0.103016	-0.103040	-0.103091	-0.103057	-0.103232	-0.103223
420.000000	-0.103127	-0.103242	-0.103424	-0.103307	-0.103124	-0.103531	-0.103390
421.000000	-0.103128	-0.103159	-0.103443	-0.103283	-0.103180	-0.103451	-0.103364
422.000000	-0.103054	-0.102911	-0.103212	-0.103116	-0.103211	-0.103149	-0.103222
423.000000	-0.103086	-0.102941	-0.103188	-0.103124	-0.103244	-0.103135	-0.103211
424.000000	-0.103192	-0.103226	-0.103356	-0.103279	-0.103270	-0.103390	-0.103305
425.000000	-0.103148	-0.103317	-0.103280	-0.103237	-0.103244	-0.103421	-0.103233
426.000000	-0.102913	-0.103097	-0.102912	-0.102953	-0.103159	-0.103118	-0.102962
427.000000	-0.102699	-0.102903	-0.102742	-0.102796	-0.103069	-0.102912	-0.102783
428.000000	-0.102641	-0.102923	-0.102983	-0.102938	-0.103010	-0.103018	-0.102844
429.000000	-0.102689	-0.102985	-0.103238	-0.103114	-0.102981	-0.103173	-0.102961
430.000000	-0.102782	-0.102956	-0.103211	-0.103123	-0.102983	-0.103163	-0.102994
431.000000	-0.102889	-0.102921	-0.103095	-0.103093	-0.103033	-0.103095	-0.103033
432.000000	-0.102982	-0.102973	-0.103110	-0.103158	-0.103135	-0.103096	-0.103165
433.000000	-0.103042	-0.103063	-0.103179	-0.103216	-0.103210	-0.103128	-0.103287
434.000000	-0.103060	-0.103111	-0.103173	-0.103136	-0.103180	-0.103124	-0.103272
435.000000	-0.103063	-0.103106	-0.103113	-0.103024	-0.103107	-0.103114	-0.103175
436.000000	-0.103092	-0.103065	-0.103076	-0.103065	-0.103105	-0.103164	-0.103118
437.000000	-0.103108	-0.103020	-0.103079	-0.103190	-0.103165	-0.103232	-0.103101
438.000000	-0.103028	-0.103009	-0.103096	-0.103188	-0.103203	-0.103219	-0.103055
439.000000	-0.102868	-0.103006	-0.103088	-0.103032	-0.103176	-0.103119	-0.102981
440.000000	-0.102731	-0.102933	-0.103005	-0.102867	-0.103074	-0.103009	-0.102944
441.000000	-0.102674	-0.102810	-0.102874	-0.102801	-0.102935	-0.102945	-0.102957
442.000000	-0.102688	-0.102786	-0.102825	-0.102885	-0.102864	-0.102953	-0.102965
443.000000	-0.102764	-0.102919	-0.102915	-0.103089	-0.102907	-0.103029	-0.102959
444.000000	-0.102889	-0.103073	-0.103050	-0.103230	-0.103000	-0.103114	-0.103027
445.000000	-0.103033	-0.103139	-0.103144	-0.103198	-0.103081	-0.103166	-0.103208
446.000000	-0.103112	-0.103136	-0.103182	-0.103136	-0.103135	-0.103204	-0.103364
447.000000	-0.103071	-0.103109	-0.103166	-0.103183	-0.103159	-0.103249	-0.103373
448.000000	-0.103023	-0.103093	-0.103123	-0.103267	-0.103162	-0.103293	-0.103291
449.000000	-0.103086	-0.103110	-0.103080	-0.103278	-0.103152	-0.103315	-0.103208
450.000000	-0.103134	-0.103120	-0.103009	-0.103210	-0.103111	-0.103291	-0.103135
451.000000	-0.102966	-0.103058	-0.102870	-0.103100	-0.103015	-0.103196	-0.103049
452.000000	-0.102668	-0.102927	-0.102707	-0.102977	-0.102887	-0.103055	-0.102959
453.000000	-0.102489	-0.102766	-0.102612	-0.102864	-0.102777	-0.102923	-0.102890
454.000000	-0.102518	-0.102647	-0.102616	-0.102795	-0.102730	-0.102860	-0.102866
455.000000	-0.102705	-0.102662	-0.102700	-0.102814	-0.102785	-0.102932	-0.102911
456.000000	-0.102924	-0.102779	-0.102801	-0.102883	-0.102904	-0.103079	-0.102993
457.000000	-0.102956	-0.102810	-0.102807	-0.102868	-0.102955	-0.103090	-0.103019
458.000000	-0.102735	-0.102681	-0.102688	-0.102723	-0.102874	-0.102895	-0.102941
459.000000	-0.102482	-0.102540	-0.102564	-0.102586	-0.102736	-0.102690	-0.102802
460.000000	-0.102375	-0.102498	-0.102523	-0.102554	-0.102615	-0.102622	-0.102656
461.000000	-0.102387	-0.102499	-0.102521	-0.102566	-0.102544	-0.102610	-0.102566
462.000000	-0.102456	-0.102477	-0.102504	-0.102551	-0.102536	-0.102566	-0.102566
463.000000	-0.102499	-0.102437	-0.102461	-0.102506	-0.102543	-0.102522	-0.102587
464.000000	-0.102445	-0.102397	-0.102401	-0.102446	-0.102514	-0.102527	-0.102550
465.000000	-0.102348	-0.102373	-0.102367	-0.102399	-0.102469	-0.102535	-0.102478
466.000000	-0.102297	-0.102373	-0.102405	-0.102394	-0.102451	-0.102478	-0.102431
467.000000	-0.102281	-0.102371	-0.102444	-0.102417	-0.102452	-0.102386	-0.102411
468.000000	-0.102236	-0.102325	-0.102354	-0.102429	-0.102434	-0.102345	-0.102389
469.000000	-0.102161	-0.102248	-0.102193	-0.102398	-0.102379	-0.102361	-0.102337
470.000000	-0.102108	-0.102203	-0.102160	-0.102299	-0.102281	-0.102376	-0.102229
471.000000	-0.102083	-0.102191	-0.102259	-0.102162	-0.102168	-0.102344	-0.102106
472.000000	-0.102028	-0.102140	-0.102247	-0.102084	-0.102110	-0.102235	-0.102082
473.000000	-0.101936	-0.102033	-0.102055	-0.102102	-0.102118	-0.102082	-0.102185
474.000000	-0.101889	-0.101950	-0.101931	-0.102140	-0.102108	-0.102029	-0.102279
475.000000	-0.101923	-0.101933	-0.102016	-0.102132	-0.102025	-0.102131	-0.102263
476.000000	-0.101926	-0.101904	-0.102082	-0.102059	-0.101926	-0.102192	-0.102169
477.000000	-0.101812	-0.101806	-0.101938	-0.101929	-0.101872	-0.102063	-0.102053
478.000000	-0.101673	-0.101745	-0.101759	-0.101837	-0.101874	-0.101909	-0.101970
479.000000	-0.101622	-0.101828	-0.101761	-0.101868	-0.101922	-0.101923	-0.101965
480.000000	-0.101662	-0.101946	-0.101884	-0.101934	-0.101974	-0.102012	-0.101996
481.000000	-0.101745	-0.101930	-0.101977	-0.101900	-0.101972	-0.101995	-0.101998
482.000000	-0.101780	-0.101785	-0.101964	-0.101773	-0.101873	-0.101863	-0.101921
483.000000	-0.101661	-0.101610	-0.101812	-0.101630	-0.101644	-0.101697	-0.101732
484.000000	-0.101410	-0.101447	-0.101556	-0.101497	-0.101370	-0.101532	-0.101498
485.000000	-0.101152	-0.101295	-0.101282	-0.101359	-0.101218	-0.101370	-0.101358
486.000000	-0.100964	-0.101160	-0.101072	-0.101222	-0.101213	-0.101222	-0.101332
487.000000	-0.100868	-0.101056	-0.101003	-0.101115	-0.101216	-0.101116	-0.101305
488.000000	-0.100844	-0.100982	-0.101058	-0.101051	-0.101157	-0.101066	-0.101220
489.000000	-0.100814	-0.100908	-0.101071	-0.101015	-0.101090	-0.101062	-0.101123
490.000000	-0.100755	-0.100836	-0.100962	-0.101000	-0.101063	-0.101097	-0.101067
491.000000	-0.100788	-0.100846	-0.100882	-0.101021	-0.101080	-0.101160	-0.101081
492.000000	-0.100961	-0.100961	-0.100933	-0.101064	-0.101103	-0.101211	-0.101148
493.000000	-0.100973	-0.100966	-0.100926	-0.100990	-0.100962	-0.101111	-0.101089
494.000000	-0.100561	-0.100675	-0.100673	-0.100691	-0.100541	-0.100761	-0.100757
495.000000	-0.100090	-0.100328	-0.100378	-0.100366	-0.100161	-0.100416	-0.100402
496.000000	-0.100057	-0.100263	-0.100327	-0.100279	-0.100219	-0.100394	-0.100355
497.000000	-0.100280	-0.100355	-0.100412	-0.100337	-0.100494	-0.100533	-0.100486
498.000000	-0.100266	-0.100279	-0.100343	-0.100286	-0.100491	-0.100462	-0.100460
499.000000	-0.099987	-0.100022	-0.100108	-0.100110	-0.100194	-0.100186	-0.100248
500.000000	-0.099739	-0.099803	-0.099890	-0.099956	-0.099936	-0.099979	-0.100037
501.000000	-0.099621	-0.099695	-0.099748	-0.099855	-0.099819	-0.099907	-0.099882
502.000000	-0.099511	-0.099613	-0.099610	-0.099704	-0.099700	-0.099810	-0.099693
503.000000	-0.099357	-0.099507	-0.099450	-0.099490	-0.099526	-0.099625	-0.099469
504.000000	-0.099214	-0.099386	-0.099321	-0.099341	-0.099392	-0.099450	-0.099352
505.000000	-0.099122	-0.099261	-0.099247	-0.099314	-0.099344	-0.099343	-0.099386
506.000000	-0.099052	-0.099132	-0.099167	-0.099287	-0.099285	-0.099251	-0.099368
507.000000	-0.098968	-0.099002	-0.099034	-0.099152	-0.099137	-0.099124	-0.099153
508.000000	-0.098847	-0.098878	-0.098865	-0.098936	-0.098934	-0.098978	-0.098900
509.000000	-0.098679	-0.098768	-0.098696	-0.098701	-0.098734	-0.098844	-0.098781
510.000000	-0.098521	-0.098675	-0.098564	-0.098553	-0.098594	-0.098760	-0.098745
511.000000	-0.098436	-0.098588	-0.098494	-0.098581	-0.098550	-0.098752	-0.098681
512.000000	-0.098362	-0.098453	-0.098424	-0.098636	-0.098530	-0.098714	-0.098568
513.000000	-0.098193	-0.098202	-0.098258	-0.098487	-0.098418	-0.098495	-0.098427
514.000000	-0.097963	-0.097917	-0.098035	-0.098190	-0.098217	-0.098175	-0.098277
515.000000	-0.097796	-0.097773	-0.097878	-0.097987	-0.098011	-0.097975	-0.098133
516.000000	-0.097697	-0.097756	-0.097793	-0.097899	-0.097831	-0.097913	-0.097986
517.000000	-0.097558	-0.097678	-0.097668	-0.097734	-0.097663	-0.097805	-0.097800
518.000000	-0.097346	-0.097474	-0.097470	-0.097453	-0.097498	-0.097593	-0.097578
519.000000	-0.097142	-0.097257	-0.097277	-0.097239	-0.097340	-0.097397	-0.097379
520.000000	-0.096993	-0.097102	-0.097138	-0.097169	-0.097192	-0.097273	-0.097234
521.000000	-0.096869	-0.096968	-0.097029	-0.097082	-0.097055	-0.097119	-0.097113
522.000000	-0.096739	-0.096816	-0.096916	-0.096865	-0.096925	-0.096873	-0.096989
523.000000	-0.096603	-0.096647	-0.096760	-0.096646	-0.096799	-0.096647	-0.096856
524.000000	-0.096470	-0.096472	-0.096543	-0.096553	-0.096672	-0.096546	-0.096715
525.000000	-0.096351	-0.096326	-0.096344	-0.096519	-0.096546	-0.096516	-0.096585
526.000000	-0.096258	-0.096236	-0.096253	-0.096440	-0.096425	-0.096467	-0.096484
527.000000	-0.096187	-0.096176	-0.096229	-0.096323	-0.096317	-0.096392	-0.096404
528.000000	-0.096123	-0.096092	-0.096184	-0.096217	-0.096228	-0.096313	-0.096327
529.000000	-0.096013	-0.095964	-0.096072	-0.096108	-0.096131	-0.096201	-0.096220
530.000000	-0.095791	-0.095789	-0.095877	-0.095954	-0.095982	-0.096002	-0.096042
531.000000	-0.095530	-0.095621	-0.095657	-0.095784	-0.095813	-0.095771	-0.095835
532.000000	-0.095425	-0.095557	-0.095532	-0.095698	-0.095719	-0.095654	-0.095706
533.000000	-0.095444	-0.095552	-0.095469	-0.095652	-0.095650	-0.095644	-0.095627
534.000000	-0.095280	-0.095386	-0.095247	-0.095433	-0.095377	-0.095531	-0.095394
535.000000	-0.095001	-0.095103	-0.094980	-0.095153	-0.095031	-0.095331	-0.095126
536.000000	-0.095393	-0.095250	-0.095410	-0.095533	-0.095406	-0.095485	-0.095539
537.000000	-0.096296	-0.095753	-0.096336	-0.096380	-0.096341	-0.095913	-0.096430
538.000000	-0.094846	-0.094753	-0.094882	-0.094894	-0.094941	-0.095038	-0.094977
539.000000	-0.090393	-0.091837	-0.090403	-0.090484	-0.090531	-0.092501	-0.090568
540.000000	-0.092894	-0.093537	-0.092910	-0.093069	-0.093073	-0.093776	-0.093131
541.000000	-0.108531	-0.103091	-0.108627	-0.108771	-0.108759	-0.101496	-0.108801
542.000000	-0.104786	-0.093468	-0.104926	-0.105022	-0.105018	-0.092403	-0.105018
543.000000	-0.043706	-0.034260	-0.043730	-0.043843	-0.043852	-0.040429	-0.043815
544.000000	0.028075	0.030560	0.028121	0.027965	0.027942	0.016136	0.027978
545.000000	0.023856	0.022148	0.023584	0.023473	0.023430	0.008851	0.023393
546.000000	-0.046564	-0.047834	-0.047032	-0.047040	-0.047106	-0.052188	-0.047241
547.000000	-0.098850	-0.097964	-0.098294	-0.098276	-0.098365	-0.096339	-0.098512
548.000000	-0.102426	-0.100684	-0.100920	-0.100970	-0.101073	-0.099490	-0.101142
549.000000	-0.089444	-0.091082	-0.091001	-0.091090	-0.091199	-0.091655	-0.091211
550.000000	-0.082335	-0.090610	-0.090585	-0.090640	-0.090742	-0.091283	-0.090767
551.000000	-0.082380	-0.093258	-0.093367	-0.093401	-0.093480	-0.093447	-0.093523
552.000000	-0.087564	-0.093452	-0.093542	-0.093619	-0.093660	-0.093542	-0.093686
553.000000	-0.092646	-0.092530	-0.092549	-0.092677	-0.092675	-0.092735	-0.092685
554.000000	-0.093613	-0.092238	-0.092247	-0.092379	-0.092349	-0.092505	-0.092373
555.000000	-0.092369	-0.092290	-0.092311	-0.092417	-0.092411	-0.092543	-0.092435
556.000000	-0.091644	-0.092105	-0.092105	-0.092184	-0.092274	-0.092296	-0.092244
557.000000	-0.091702	-0.091880	-0.091859	-0.091921	-0.092098	-0.092010	-0.092018
558.000000	-0.091987	-0.091963	-0.091970	-0.092032	-0.092189	-0.092081	-0.092137
559.000000	-0.091849	-0.091848	-0.091901	-0.091975	-0.092055	-0.091984	-0.092064
560.000000	-0.090760	-0.090795	-0.090846	-0.090936	-0.090990	-0.090933	-0.091002
561.000000	-0.090309	-0.090347	-0.090359	-0.090435	-0.090530	-0.090457	-0.090501
562.000000	-0.093262	-0.093339	-0.093340	-0.093320	-0.093479	-0.093404	-0.093449
563.000000	-0.095378	-0.095523	-0.095553	-0.095403	-0.095593	-0.095562	-0.095625
564.000000	-0.085830	-0.085987	-0.086040	-0.085870	-0.085998	-0.086073	-0.086117
565.000000	-0.074833	-0.074924	-0.074975	-0.074925	-0.074915	-0.075123	-0.075101
566.000000	-0.102802	-0.102829	-0.102862	-0.102941	-0.102850	-0.103099	-0.103026
567.000000	-0.173227	-0.173240	-0.173251	-0.173381	-0.173324	-0.173482	-0.173409
568.000000	-0.208742	-0.208761	-0.208750	-0.208887	-0.208880	-0.208938	-0.208885
569.000000	-0.159932	-0.159952	-0.159920	-0.160057	-0.160037	-0.160081	-0.160045
570.000000	-0.092416	-0.092442	-0.092398	-0.092531	-0.092487	-0.092548	-0.092538
571.000000	-0.074480	-0.074529	-0.074487	-0.074611	-0.074588	-0.074633	-0.074671
572.000000	-0.087748	-0.087810	-0.087788	-0.087901	-0.087908	-0.087915	-0.088015
573.000000	-0.094274	-0.094309	-0.094324	-0.094428	-0.094424	-0.094402	-0.094560
574.000000	-0.090913	-0.090919	-0.090966	-0.091048	-0.091026	-0.091007	-0.091179
575.000000	-0.088397	-0.088434	-0.088479	-0.088503	-0.088521	-0.088552	-0.088654
576.000000	-0.088928	-0.089031	-0.089050	-0.089020	-0.089092	-0.089194	-0.089191
577.000000	-0.089564	-0.089696	-0.089698	-0.089686	-0.089732	-0.089869	-0.089827
578.000000	-0.089336	-0.089428	-0.089438	-0.089494	-0.089462	-0.089585	-0.089574
579.000000	-0.089046	-0.089041	-0.089080	-0.089163	-0.089129	-0.089207	-0.089220
580.000000	-0.088935	-0.088830	-0.088901	-0.088955	-0.089001	-0.089031	-0.089036
581.000000	-0.088485	-0.088375	-0.088443	-0.088503	-0.088554	-0.088574	-0.088576
582.000000	-0.087863	-0.087864	-0.087895	-0.088020	-0.087954	-0.088009	-0.088029
583.000000	-0.088551	-0.088652	-0.088671	-0.088819	-0.088685	-0.088771	-0.088795
584.000000	-0.090268	-0.090376	-0.090436	-0.090506	-0.090457	-0.090539	-0.090527
585.000000	-0.087786	-0.087872	-0.087959	-0.087950	-0.088002	-0.088080	-0.088019
586.000000	-0.081209	-0.081314	-0.081355	-0.081352	-0.081402	-0.081502	-0.081411
587.000000	-0.094392	-0.094524	-0.094481	-0.094536	-0.094568	-0.094649	-0.094593
588.000000	-0.145902	-0.146028	-0.145926	-0.146028	-0.146128	-0.146102	-0.146158
589.000000	-0.190014	-0.190114	-0.190080	-0.190165	-0.190310	-0.190250	-0.190326
590.000000	-0.167462	-0.167543	-0.167767	-0.167747	-0.167770	-0.167926	-0.167758
591.000000	-0.105785	-0.105847	-0.106126	-0.106087	-0.106044	-0.106293	-0.106028
592.000000	-0.074137	-0.074156	-0.073763	-0.074024	-0.074324	-0.073980	-0.074371
593.000000	-0.080507	-0.080485	-0.079803	-0.080226	-0.080648	-0.079991	-0.080777
594.000000	-0.087319	-0.087321	-0.088888	-0.088433	-0.087499	-0.088754	-0.087614
595.000000	-0.083986	-0.084056	-0.087342	-0.086195	-0.084258	-0.087011	-0.084274
596.000000	-0.089798	-0.089867	-0.085899	-0.087665	-0.090088	-0.086562	-0.090074
597.000000	-0.100719	-0.100708	-0.087845	-0.093189	-0.100938	-0.089707	-0.101005
598.000000	-0.074813	-0.074792	-0.083210	-0.079987	-0.075030	-0.082310	-0.075165
599.000000	-0.004746	-0.004854	-0.069180	-0.043449	-0.005095	-0.060977	-0.005214
600.000000	0.033058	0.032818	-0.061285	-0.023549	0.032634	-0.049186	0.032513
601.000000	-0.013539	-0.013795	-0.070297	-0.047661	-0.013852	-0.063110	-0.014057
602.000000	-0.080874	-0.081045	-0.083463	-0.082580	-0.081053	-0.083362	-0.081300
603.000000	-0.099410	-0.099451	-0.086808	-0.092015	-0.099608	-0.088717	-0.099742
604.000000	-0.085831	-0.085794	-0.083724	-0.084696	-0.086120	-0.084267	-0.086110
605.000000	-0.078401	-0.078426	-0.081942	-0.080619	-0.078716	-0.081689	-0.078704
606.000000	-0.081043	-0.081184	-0.082212	-0.081815	-0.081321	-0.082195	-0.081411
607.000000	-0.083014	-0.083175	-0.082306	-0.082646	-0.083253	-0.082520	-0.083426
608.000000	-0.081930	-0.082030	-0.081743	-0.081871	-0.082157	-0.081923	-0.082342
609.000000	-0.080756	-0.080829	-0.081163	-0.081065	-0.080999	-0.081278	-0.081126
610.000000	-0.080540	-0.080647	-0.080814	-0.080791	-0.080811	-0.080933	-0.080851
611.000000	-0.080501	-0.080642	-0.080569	-0.080648	-0.080769	-0.080735	-0.080784
612.000000	-0.080239	-0.080373	-0.080330	-0.080406	-0.080466	-0.080551	-0.080524
613.000000	-0.079951	-0.080021	-0.080061	-0.080110	-0.080123	-0.080300	-0.080201
614.000000	-0.079763	-0.079744	-0.079765	-0.079830	-0.079897	-0.079977	-0.079935
615.000000	-0.079604	-0.079586	-0.079518	-0.079653	-0.079744	-0.079708	-0.079758
616.000000	-0.079417	-0.079537	-0.079369	-0.079606	-0.079614	-0.079576	-0.079666
617.000000	-0.079237	-0.079471	-0.079278	-0.079554	-0.079499	-0.079512	-0.079582
618.000000	-0.079100	-0.079285	-0.079194	-0.079381	-0.079392	-0.079435	-0.079439
619.000000	-0.078987	-0.079044	-0.079087	-0.079154	-0.079271	-0.079325	-0.079273
620.000000	-0.078870	-0.078845	-0.078944	-0.078976	-0.079114	-0.079181	-0.079132
621.000000	-0.078766	-0.078730	-0.078829	-0.078873	-0.078961	-0.079025	-0.079016
622.000000	-0.078700	-0.078710	-0.078817	-0.078836	-0.078863	-0.078886	-0.078902
623.000000	-0.078630	-0.078707	-0.078826	-0.078795	-0.078785	-0.078762	-0.078780
624.000000	-0.078482	-0.078605	-0.078700	-0.078657	-0.078650	-0.078635	-0.078642
625.000000	-0.078294	-0.078411	-0.078452	-0.078453	-0.078473	-0.078509	-0.078519
626.000000	-0.078180	-0.078225	-0.078222	-0.078310	-0.078337	-0.078402	-0.078462
627.000000	-0.078134	-0.078093	-0.078074	-0.078247	-0.078250	-0.078304	-0.078445
628.000000	-0.078006	-0.077990	-0.077982	-0.078158	-0.078138	-0.078180	-0.078357
629.000000	-0.077764	-0.077896	-0.077912	-0.077994	-0.077978	-0.078023	-0.078161
630.000000	-0.077565	-0.077790	-0.077820	-0.077805	-0.077832	-0.077874	-0.077950
631.000000	-0.077496	-0.077667	-0.077685	-0.077638	-0.077727	-0.077754	-0.077793
632.000000	-0.077447	-0.077548	-0.077547	-0.077520	-0.077604	-0.077635	-0.077682
633.000000	-0.077325	-0.077448	-0.077440	-0.077457	-0.077428	-0.077497	-0.077593
634.000000	-0.077188	-0.077351	-0.077350	-0.077394	-0.077289	-0.077379	-0.077487
635.000000	-0.077100	-0.077235	-0.077252	-0.077278	-0.077263	-0.077314	-0.077331
636.000000	-0.077011	-0.077082	-0.077122	-0.077123	-0.077222	-0.077225	-0.077165
637.000000	-0.076849	-0.076878	-0.076943	-0.076958	-0.077011	-0.077022	-0.077031
638.000000	-0.076642	-0.076657	-0.076743	-0.076778	-0.076718	-0.076752	-0.076875
639.000000	-0.076456	-0.076474	-0.076570	-0.076566	-0.076522	-0.076519	-0.076614
640.000000	-0.076332	-0.076359	-0.076434	-0.076380	-0.076450	-0.076384	-0.076336
641.000000	-0.076291	-0.076323	-0.076319	-0.076321	-0.076432	-0.076373	-0.076229
642.000000	-0.076288	-0.076325	-0.076225	-0.076359	-0.076406	-0.076426	-0.076286
643.000000	-0.076216	-0.076273	-0.076160	-0.076348	-0.076326	-0.076402	-0.076322
644.000000	-0.076050	-0.076139	-0.076104	-0.076226	-0.076185	-0.076263	-0.076255
645.000000	-0.075864	-0.075977	-0.076000	-0.076048	-0.076023	-0.076105	-0.076145
646.000000	-0.075738	-0.075843	-0.075862	-0.075894	-0.075897	-0.076005	-0.076050
647.000000	-0.075732	-0.075784	-0.075843	-0.075873	-0.075888	-0.075992	-0.076001
648.000000	-0.075860	-0.075823	-0.076009	-0.076018	-0.076019	-0.076060	-0.076012
649.000000	-0.075996	-0.075918	-0.076167	-0.076151	-0.076136	-0.076120	-0.076058
650.000000	-0.076023	-0.076009	-0.076144	-0.076117	-0.076103	-0.076095	-0.076100
651.000000	-0.075934	-0.076004	-0.076010	-0.075980	-0.075966	-0.076006	-0.076079
652.000000	-0.075749	-0.075832	-0.075874	-0.075839	-0.075800	-0.075887	-0.075945
653.000000	-0.075486	-0.075555	-0.075695	-0.075671	-0.075602	-0.075708	-0.075706
654.000000	-0.075163	-0.075279	-0.075393	-0.075417	-0.075341	-0.075423	-0.075392
655.000000	-0.074821	-0.075000	-0.075018	-0.075087	-0.075025	-0.075065	-0.075050
656.000000	-0.074513	-0.074666	-0.074684	-0.074731	-0.074681	-0.074702	-0.074731
657.000000	-0.074274	-0.074336	-0.074436	-0.074428	-0.074385	-0.074405	-0.074478
658.000000	-0.074129	-0.074150	-0.074272	-0.074279	-0.074238	-0.074237	-0.074321
659.000000	-0.074070	-0.074113	-0.074174	-0.074258	-0.074221	-0.074184	-0.074249
660.000000	-0.074058	-0.074089	-0.074117	-0.074210	-0.074185	-0.074146	-0.074210
661.000000	-0.074033	-0.073999	-0.074056	-0.074070	-0.074062	-0.074066	-0.074159
662.000000	-0.073905	-0.073866	-0.073924	-0.073916	-0.073916	-0.073951	-0.074067
663.000000	-0.073642	-0.073705	-0.073694	-0.073783	-0.073778	-0.073807	-0.073911
664.000000	-0.073350	-0.073508	-0.073437	-0.073591	-0.073592	-0.073609	-0.073673
665.000000	-0.073099	-0.073257	-0.073200	-0.073280	-0.073310	-0.073340	-0.073350
666.000000	-0.072809	-0.072933	-0.072914	-0.072915	-0.072936	-0.073004	-0.072970
667.000000	-0.072406	-0.072531	-0.072524	-0.072570	-0.072501	-0.072623	-0.072572
668.000000	-0.072008	-0.072124	-0.072122	-0.072256	-0.072113	-0.072274	-0.072207
669.000000	-0.071756	-0.071798	-0.071821	-0.071968	-0.071874	-0.072026	-0.071919
670.000000	-0.071584	-0.071541	-0.071582	-0.071697	-0.071710	-0.071818	-0.071685
671.000000	-0.071352	-0.071309	-0.071313	-0.071433	-0.071485	-0.071543	-0.071455
672.000000	-0.071082	-0.071099	-0.071041	-0.071180	-0.071216	-0.071232	-0.071226
673.000000	-0.070889	-0.070931	-0.070859	-0.070948	-0.071007	-0.070991	-0.071017
674.000000	-0.070776	-0.070792	-0.070769	-0.070756	-0.070879	-0.070852	-0.070845
675.000000	-0.070649	-0.070643	-0.070694	-0.070627	-0.070778	-0.070775	-0.070717
676.000000	-0.070497	-0.070498	-0.070612	-0.070560	-0.070677	-0.070717	-0.070638
677.000000	-0.070411	-0.070440	-0.070566	-0.070529	-0.070585	-0.070639	-0.070607
678.000000	-0.070431	-0.070490	-0.070567	-0.070522	-0.070520	-0.070548	-0.070620
679.000000	-0.070504	-0.070554	-0.070562	-0.070556	-0.070514	-0.070536	-0.070669
680.000000	-0.070560	-0.070555	-0.070515	-0.070613	-0.070560	-0.070623	-0.070722
681.000000	-0.070525	-0.070487	-0.070451	-0.070581	-0.070564	-0.070638	-0.070694
682.000000	-0.070368	-0.070371	-0.070407	-0.070405	-0.070461	-0.070467	-0.070546
683.000000	-0.070246	-0.070284	-0.070426	-0.070281	-0.070361	-0.070305	-0.070434
684.000000	-0.070308	-0.070300	-0.070527	-0.070398	-0.070381	-0.070365	-0.070505
685.000000	-0.070448	-0.070377	-0.070618	-0.070596	-0.070484	-0.070560	-0.070642
686.000000	-0.070497	-0.070441	-0.070584	-0.070631	-0.070580	-0.070717	-0.070662
687.000000	-0.070442	-0.070457	-0.070458	-0.070507	-0.070592	-0.070736	-0.070547
688.000000	-0.070347	-0.070411	-0.070335	-0.070347	-0.070462	-0.070567	-0.070366
689.000000	-0.070263	-0.070323	-0.070250	-0.070244	-0.070275	-0.070312	-0.070212
690.000000	-0.070229	-0.070233	-0.070192	-0.070269	-0.070207	-0.070171	-0.070189
691.000000	-0.070246	-0.070161	-0.070164	-0.070359	-0.070263	-0.070186	-0.070279
692.000000	-0.070279	-0.070112	-0.070179	-0.070332	-0.070278	-0.070250	-0.070336
693.000000	-0.070298	-0.070098	-0.070235	-0.070174	-0.070207	-0.070299	-0.070312
694.000000	-0.070280	-0.070145	-0.070307	-0.070111	-0.070166	-0.070339	-0.070287
695.000000	-0.070222	-0.070232	-0.070365	-0.070233	-0.070216	-0.070370	-0.070299
696.000000	-0.070160	-0.070243	-0.070372	-0.070337	-0.070275	-0.070373	-0.070287
697.000000	-0.070131	-0.070129	-0.070320	-0.070288	-0.070286	-0.070345	-0.070226
698.000000	-0.070169	-0.070062	-0.070277	-0.070234	-0.070299	-0.070342	-0.070233
699.000000	-0.070281	-0.070181	-0.070301	-0.070315	-0.070363	-0.070406	-0.070394
700.000000	-0.070363	-0.070349	-0.070340	-0.070423	-0.070444	-0.070489	-0.070572
701.000000	-0.070313	-0.070387	-0.070332	-0.070424	-0.070493	-0.070529	-0.070607
702.000000	-0.070213	-0.070331	-0.070327	-0.070384	-0.070504	-0.070514	-0.070543
703.000000	-0.070197	-0.070285	-0.070396	-0.070426	-0.070484	-0.070453	-0.070492
704.000000	-0.070220	-0.070278	-0.070451	-0.070499	-0.070421	-0.070379	-0.070466
705.000000	-0.070147	-0.070288	-0.070328	-0.070461	-0.070299	-0.070330	-0.070424
706.000000	-0.069981	-0.070241	-0.070069	-0.070294	-0.070146	-0.070271	-0.070323
707.000000	-0.069827	-0.070025	-0.069866	-0.070073	-0.070025	-0.070116	-0.070124
708.000000	-0.069692	-0.069670	-0.069749	-0.069837	-0.069930	-0.069858	-0.069850
709.000000	-0.069468	-0.069358	-0.069566	-0.069584	-0.069776	-0.069580	-0.069591
710.000000	-0.069126	-0.069145	-0.069257	-0.069302	-0.069518	-0.069320	-0.069376
711.000000	-0.068756	-0.068886	-0.068912	-0.068967	-0.069177	-0.069041	-0.069139
712.000000	-0.068423	-0.068516	-0.068591	-0.068592	-0.068787	-0.068724	-0.068849
713.000000	-0.068104	-0.068174	-0.068269	-0.068276	-0.068399	-0.068404	-0.068576
714.000000	-0.067767	-0.067944	-0.067917	-0.068067	-0.068049	-0.068098	-0.068351
715.000000	-0.067377	-0.067638	-0.067525	-0.067820	-0.067709	-0.067748	-0.068046
716.000000	-0.066920	-0.067092	-0.067100	-0.067393	-0.067341	-0.067307	-0.067548
717.000000	-0.066467	-0.066486	-0.066677	-0.066838	-0.066906	-0.066851	-0.066962
718.000000	-0.066086	-0.066048	-0.066290	-0.066251	-0.066374	-0.066466	-0.066434
719.000000	-0.065670	-0.065658	-0.065862	-0.065677	-0.065786	-0.066087	-0.065982
720.000000	-0.065064	-0.065085	-0.065298	-0.065140	-0.065216	-0.065603	-0.065569
721.000000	-0.064440	-0.064486	-0.064757	-0.064695	-0.064779	-0.065115	-0.065180
722.000000	-0.064139	-0.064216	-0.064525	-0.064407	-0.064601	-0.064832	-0.064810
723.000000	-0.064027	-0.064092	-0.064421	-0.064178	-0.064537	-0.064635	-0.064407
724.000000	-0.063586	-0.063497	-0.063883	-0.063785	-0.064227	-0.064139	-0.063882
725.000000	-0.062754	-0.062447	-0.062950	-0.063181	-0.063585	-0.063330	-0.063273
726.000000	-0.062023	-0.061716	-0.062371	-0.062534	-0.062854	-0.062640	-0.062766
727.000000	-0.061614	-0.061618	-0.062370	-0.061982	-0.062232	-0.062302	-0.062454
728.000000	-0.061249	-0.061635	-0.062226	-0.061596	-0.061808	-0.062175	-0.062270
729.000000	-0.060776	-0.061432	-0.061557	-0.061417	-0.061637	-0.062148	-0.062155
730.000000	-0.060456	-0.061291	-0.061002	-0.061433	-0.061713	-0.062264	-0.062116
731.000000	-0.060507	-0.061473	-0.061117	-0.061611	-0.062001	-0.062554	-0.062160
732.000000	-0.060790	-0.061865	-0.061668	-0.061876	-0.062405	-0.062946	-0.062251
