[HEADER]
Format	J&M ASCII Table
Comment	
Date	2/12/1980 6:12:16 AM
Order	Y (evenX)
TechType	UV
NumPoints	483
FirstX	250.00
LastX	732.00
XType	NMetr
YType	Absrb
ZType	Secs
NumSubFile	7
Matrix	Z vs X
[DATA]
	0.000000	5.000128	10.000192	15.000256	20.000383	25.000448	30.000511
250.000000	1.251566	1.252283	1.250354	1.251369	1.244754	1.252082	1.251790
251.000000	1.232803	1.235509	1.231628	1.232763	1.225448	1.232524	1.230854
252.000000	1.214742	1.216578	1.214252	1.213908	1.210610	1.212288	1.208310
253.000000	1.197771	1.197690	1.196411	1.195172	1.196585	1.192676	1.187781
254.000000	1.182178	1.180765	1.177178	1.177256	1.180509	1.175075	1.172185
255.000000	1.167875	1.165553	1.159635	1.161833	1.164394	1.160551	1.160356
256.000000	1.154691	1.151498	1.146870	1.150231	1.150825	1.149673	1.150349
257.000000	1.142465	1.138936	1.137253	1.140747	1.139740	1.140653	1.140826
258.000000	1.131084	1.128446	1.127910	1.130942	1.130206	1.131165	1.130779
259.000000	1.120871	1.120057	1.119109	1.120953	1.121597	1.121145	1.120317
260.000000	1.112332	1.113480	1.112589	1.112193	1.113488	1.111686	1.110159
261.000000	1.105343	1.107936	1.107742	1.105155	1.106224	1.103607	1.101526
262.000000	1.099285	1.102276	1.102176	1.099576	1.100669	1.097455	1.095923
263.000000	1.093359	1.095502	1.094790	1.094043	1.095645	1.092290	1.092020
264.000000	1.086576	1.086810	1.086006	1.085888	1.087662	1.085500	1.085279
265.000000	1.078198	1.076311	1.076375	1.074562	1.075844	1.075863	1.074133
266.000000	1.067922	1.065641	1.066518	1.063219	1.063959	1.064661	1.062346
267.000000	1.055974	1.055722	1.056660	1.053743	1.054348	1.053118	1.052435
268.000000	1.043828	1.045262	1.045980	1.043829	1.044546	1.041688	1.042401
269.000000	1.032395	1.032903	1.033601	1.031220	1.031975	1.030270	1.030116
270.000000	1.019570	1.018408	1.019082	1.016446	1.016620	1.017043	1.015762
271.000000	1.003073	1.001901	1.002260	1.000582	0.999188	1.000294	0.999990
272.000000	0.984212	0.984011	0.984040	0.983765	0.980960	0.981663	0.982794
273.000000	0.965459	0.965492	0.965607	0.965788	0.963245	0.963768	0.963974
274.000000	0.947064	0.946390	0.946846	0.946565	0.945447	0.946057	0.943942
275.000000	0.928008	0.926363	0.926915	0.926099	0.925936	0.926251	0.923436
276.000000	0.907684	0.905456	0.905537	0.904674	0.904465	0.904167	0.902669
277.000000	0.885878	0.884041	0.882935	0.882808	0.881990	0.881431	0.881408
278.000000	0.862997	0.862191	0.859770	0.860822	0.859376	0.858953	0.859668
279.000000	0.840223	0.839581	0.837225	0.838778	0.837315	0.836663	0.837801
280.000000	0.818206	0.816420	0.815778	0.816672	0.815963	0.814585	0.816067
281.000000	0.796494	0.793979	0.794508	0.794411	0.794472	0.793035	0.794510
282.000000	0.774807	0.773119	0.772858	0.772156	0.772406	0.772196	0.773187
283.000000	0.753711	0.753198	0.751771	0.750812	0.750825	0.751770	0.752264
284.000000	0.733646	0.733405	0.732063	0.731046	0.730653	0.731470	0.731832
285.000000	0.713807	0.713367	0.712789	0.711851	0.711019	0.711444	0.711559
286.000000	0.693293	0.692957	0.692766	0.692006	0.690834	0.691916	0.691130
287.000000	0.672962	0.672913	0.672601	0.672089	0.671034	0.672813	0.671188
288.000000	0.654294	0.654243	0.653578	0.653351	0.653235	0.653976	0.652693
289.000000	0.637237	0.636781	0.635922	0.635901	0.636866	0.635753	0.635484
290.000000	0.620770	0.619641	0.619179	0.619123	0.620030	0.618777	0.618704
291.000000	0.604303	0.602733	0.602952	0.602581	0.602537	0.602829	0.602086
292.000000	0.587684	0.586730	0.586914	0.586039	0.585828	0.586886	0.585928
293.000000	0.571325	0.571838	0.571086	0.569803	0.570458	0.570736	0.570453
294.000000	0.556396	0.557568	0.555960	0.554921	0.555658	0.555341	0.555740
295.000000	0.543305	0.543624	0.541863	0.541771	0.541115	0.541285	0.541826
296.000000	0.530751	0.530209	0.528687	0.529210	0.527672	0.528171	0.528688
297.000000	0.517748	0.517477	0.516249	0.516340	0.515823	0.515607	0.516218
298.000000	0.504985	0.505202	0.504281	0.503645	0.504488	0.503599	0.504077
299.000000	0.493272	0.493174	0.492566	0.491763	0.492602	0.492187	0.492014
300.000000	0.482341	0.481633	0.481226	0.480737	0.480723	0.481192	0.480440
301.000000	0.471663	0.470894	0.470463	0.470417	0.469785	0.470402	0.469875
302.000000	0.461264	0.460825	0.460300	0.460588	0.459748	0.459916	0.460068
303.000000	0.451407	0.451096	0.450676	0.451013	0.450136	0.449961	0.450440
304.000000	0.442055	0.441629	0.441490	0.441566	0.440796	0.440587	0.440904
305.000000	0.432966	0.432526	0.432622	0.432206	0.431799	0.431716	0.431718
306.000000	0.424102	0.423879	0.424008	0.423118	0.423154	0.423227	0.422949
307.000000	0.415636	0.415762	0.415643	0.414711	0.414799	0.414955	0.414470
308.000000	0.407644	0.408060	0.407539	0.407048	0.406714	0.406860	0.406249
309.000000	0.400032	0.400372	0.399729	0.399648	0.398948	0.399082	0.398417
310.000000	0.392687	0.392530	0.392200	0.392170	0.391515	0.391676	0.391032
311.000000	0.385472	0.384960	0.384831	0.384700	0.384335	0.384457	0.383960
312.000000	0.378282	0.377977	0.377515	0.377351	0.377298	0.377260	0.377039
313.000000	0.371121	0.371216	0.370256	0.370126	0.370246	0.370117	0.370109
314.000000	0.364011	0.364248	0.363091	0.363009	0.363065	0.363080	0.363038
315.000000	0.356952	0.357109	0.356134	0.356034	0.355935	0.356077	0.355866
316.000000	0.349950	0.349981	0.349493	0.349243	0.349101	0.349021	0.348700
317.000000	0.343145	0.342997	0.343011	0.342623	0.342505	0.342066	0.341765
318.000000	0.336716	0.336250	0.336411	0.336127	0.335941	0.335464	0.335314
319.000000	0.330418	0.329655	0.329690	0.329640	0.329307	0.329124	0.329125
320.000000	0.323704	0.323006	0.323045	0.323001	0.322585	0.322706	0.322635
321.000000	0.316596	0.316315	0.316457	0.316212	0.315845	0.316067	0.315790
322.000000	0.309756	0.309841	0.309670	0.309460	0.309245	0.309295	0.309108
323.000000	0.303421	0.303571	0.302688	0.302827	0.302788	0.302497	0.302773
324.000000	0.297079	0.297030	0.295960	0.296218	0.296204	0.295800	0.296371
325.000000	0.290419	0.290011	0.289733	0.289588	0.289404	0.289287	0.289654
326.000000	0.283791	0.283074	0.283655	0.283079	0.282795	0.282939	0.282933
327.000000	0.277504	0.276695	0.277379	0.276795	0.276673	0.276706	0.276505
328.000000	0.271336	0.270598	0.270934	0.270609	0.270615	0.270474	0.270309
329.000000	0.265014	0.264407	0.264448	0.264380	0.264169	0.264140	0.264200
330.000000	0.258694	0.258225	0.258108	0.258219	0.257686	0.257741	0.258011
331.000000	0.252645	0.252284	0.252082	0.252291	0.251725	0.251368	0.251608
332.000000	0.246732	0.246433	0.246172	0.246435	0.245998	0.245081	0.245209
333.000000	0.240619	0.240336	0.240006	0.240335	0.239810	0.238929	0.239200
334.000000	0.234376	0.234140	0.233740	0.234087	0.233308	0.232953	0.233549
335.000000	0.228387	0.228363	0.227938	0.228114	0.227305	0.227189	0.227890
336.000000	0.222803	0.223014	0.222682	0.222472	0.221988	0.221629	0.222112
337.000000	0.217482	0.217491	0.217471	0.216780	0.216790	0.216209	0.216412
338.000000	0.212277	0.211610	0.212050	0.210954	0.211390	0.210875	0.210945
339.000000	0.207058	0.205984	0.206651	0.205474	0.205982	0.205596	0.205759
340.000000	0.201791	0.201008	0.201444	0.200607	0.200744	0.200374	0.200804
341.000000	0.196687	0.196304	0.196305	0.195922	0.195668	0.195287	0.195796
342.000000	0.191911	0.191504	0.191155	0.191021	0.190742	0.190404	0.190555
343.000000	0.187281	0.186779	0.186291	0.186089	0.186045	0.185697	0.185475
344.000000	0.182580	0.182380	0.182003	0.181416	0.181649	0.181127	0.180986
345.000000	0.177939	0.178196	0.177963	0.177051	0.177412	0.176726	0.176826
346.000000	0.173602	0.173998	0.173663	0.172938	0.173135	0.172550	0.172526
347.000000	0.169614	0.169782	0.169198	0.168949	0.168884	0.168569	0.168209
348.000000	0.165907	0.165670	0.164999	0.164924	0.164867	0.164713	0.164313
349.000000	0.162397	0.161787	0.161214	0.160978	0.161097	0.160968	0.160798
350.000000	0.158994	0.158254	0.157746	0.157446	0.157427	0.157370	0.157225
351.000000	0.155627	0.155012	0.154461	0.154303	0.153820	0.153926	0.153505
352.000000	0.152251	0.151787	0.151189	0.151074	0.150390	0.150602	0.149991
353.000000	0.148874	0.148443	0.147854	0.147572	0.147186	0.147349	0.146810
354.000000	0.145604	0.145126	0.144566	0.144195	0.144123	0.144091	0.143620
355.000000	0.142498	0.141971	0.141398	0.141199	0.141100	0.140809	0.140233
356.000000	0.139446	0.138993	0.138280	0.138278	0.138012	0.137652	0.137024
357.000000	0.136345	0.136150	0.135152	0.135138	0.134798	0.134718	0.134298
358.000000	0.133238	0.133236	0.132097	0.131947	0.131603	0.131773	0.131649
359.000000	0.130187	0.130052	0.129203	0.128942	0.128587	0.128559	0.128583
360.000000	0.127132	0.126751	0.126334	0.126012	0.125664	0.125242	0.125261
361.000000	0.123970	0.123590	0.123278	0.122926	0.122650	0.122122	0.122066
362.000000	0.120650	0.120480	0.119953	0.119643	0.119423	0.119077	0.118941
363.000000	0.117162	0.117136	0.116361	0.116240	0.115908	0.115757	0.115579
364.000000	0.113639	0.113548	0.112684	0.112793	0.112266	0.112165	0.111992
365.000000	0.110333	0.109947	0.109245	0.109375	0.108861	0.108622	0.108471
366.000000	0.107198	0.106416	0.106035	0.105970	0.105715	0.105221	0.105058
367.000000	0.103807	0.102842	0.102606	0.102452	0.102404	0.101748	0.101465
368.000000	0.099907	0.099120	0.098726	0.098715	0.098639	0.098027	0.097559
369.000000	0.095633	0.095197	0.094632	0.094708	0.094444	0.093988	0.093533
370.000000	0.091181	0.091061	0.090521	0.090431	0.089945	0.089655	0.089544
371.000000	0.086804	0.086805	0.086327	0.086014	0.085455	0.085293	0.085525
372.000000	0.082666	0.082521	0.081985	0.081593	0.081244	0.081131	0.081388
373.000000	0.078523	0.078211	0.077641	0.077246	0.077261	0.077057	0.077104
374.000000	0.074081	0.073855	0.073448	0.073014	0.073346	0.072885	0.072670
375.000000	0.069477	0.069445	0.069253	0.068821	0.069210	0.068563	0.068134
376.000000	0.065004	0.064983	0.064804	0.064548	0.064562	0.064104	0.063574
377.000000	0.060667	0.060530	0.060234	0.060199	0.059695	0.059640	0.059162
378.000000	0.056299	0.056176	0.055902	0.055852	0.055236	0.055366	0.055114
379.000000	0.051918	0.051914	0.051845	0.051569	0.051246	0.051295	0.051308
380.000000	0.047708	0.047652	0.047815	0.047390	0.047274	0.047279	0.047331
381.000000	0.043712	0.043417	0.043699	0.043315	0.043141	0.043241	0.043078
382.000000	0.039776	0.039396	0.039582	0.039287	0.039052	0.039209	0.038873
383.000000	0.035820	0.035660	0.035542	0.035288	0.035149	0.035216	0.034925
384.000000	0.031926	0.032024	0.031611	0.031380	0.031396	0.031300	0.031162
385.000000	0.028200	0.028355	0.027833	0.027637	0.027761	0.027517	0.027522
386.000000	0.024757	0.024766	0.024299	0.024144	0.024298	0.023991	0.024067
387.000000	0.021645	0.021385	0.021072	0.020946	0.021060	0.020806	0.020848
388.000000	0.018611	0.018218	0.018051	0.017910	0.018039	0.017822	0.017766
389.000000	0.015400	0.015244	0.015114	0.014894	0.015204	0.014870	0.014714
390.000000	0.012304	0.012481	0.012332	0.012081	0.012456	0.012045	0.011829
391.000000	0.009801	0.009956	0.009834	0.009745	0.009689	0.009535	0.009324
392.000000	0.007733	0.007610	0.007537	0.007658	0.007027	0.007280	0.007116
393.000000	0.005570	0.005337	0.005236	0.005308	0.004719	0.005075	0.004943
394.000000	0.003246	0.003173	0.002961	0.002776	0.002757	0.002867	0.002757
395.000000	0.001123	0.001274	0.000958	0.000682	0.000891	0.000737	0.000707
396.000000	-0.000688	-0.000440	-0.000765	-0.000908	-0.001001	-0.001263	-0.001189
397.000000	-0.002435	-0.002379	-0.002517	-0.002703	-0.002860	-0.003133	-0.003094
398.000000	-0.004279	-0.004658	-0.004464	-0.004985	-0.004664	-0.004894	-0.005071
399.000000	-0.006156	-0.006761	-0.006431	-0.007092	-0.006493	-0.006612	-0.006956
400.000000	-0.007994	-0.008333	-0.008253	-0.008563	-0.008377	-0.008324	-0.008637
401.000000	-0.009767	-0.009713	-0.009905	-0.009846	-0.010164	-0.009970	-0.010232
402.000000	-0.011457	-0.011266	-0.011405	-0.011423	-0.011711	-0.011500	-0.011857
403.000000	-0.013043	-0.012901	-0.012857	-0.013143	-0.013080	-0.012981	-0.013431
404.000000	-0.014510	-0.014430	-0.014372	-0.014710	-0.014382	-0.014505	-0.014844
405.000000	-0.015914	-0.015889	-0.015930	-0.016046	-0.015688	-0.016056	-0.016141
406.000000	-0.017331	-0.017398	-0.017455	-0.017183	-0.017051	-0.017581	-0.017434
407.000000	-0.018762	-0.018923	-0.018903	-0.018349	-0.018515	-0.019081	-0.018802
408.000000	-0.020166	-0.020338	-0.020245	-0.019876	-0.020109	-0.020587	-0.020297
409.000000	-0.021523	-0.021645	-0.021508	-0.021645	-0.021724	-0.022042	-0.021823
410.000000	-0.022834	-0.022967	-0.022763	-0.023130	-0.023121	-0.023311	-0.023158
411.000000	-0.024104	-0.024314	-0.024035	-0.024185	-0.024262	-0.024396	-0.024282
412.000000	-0.025341	-0.025543	-0.025289	-0.025196	-0.025380	-0.025482	-0.025458
413.000000	-0.026560	-0.026620	-0.026522	-0.026423	-0.026629	-0.026705	-0.026814
414.000000	-0.027801	-0.027743	-0.027809	-0.027820	-0.027969	-0.028082	-0.028172
415.000000	-0.029074	-0.029041	-0.029172	-0.029268	-0.029321	-0.029543	-0.029386
416.000000	-0.030297	-0.030344	-0.030447	-0.030548	-0.030548	-0.030800	-0.030499
417.000000	-0.031401	-0.031479	-0.031498	-0.031511	-0.031557	-0.031644	-0.031580
418.000000	-0.032431	-0.032486	-0.032476	-0.032392	-0.032487	-0.032404	-0.032655
419.000000	-0.033454	-0.033457	-0.033567	-0.033475	-0.033510	-0.033478	-0.033729
420.000000	-0.034442	-0.034403	-0.034653	-0.034627	-0.034558	-0.034720	-0.034747
421.000000	-0.035339	-0.035303	-0.035518	-0.035567	-0.035482	-0.035778	-0.035639
422.000000	-0.036206	-0.036199	-0.036274	-0.036361	-0.036354	-0.036648	-0.036473
423.000000	-0.037168	-0.037164	-0.037224	-0.037280	-0.037373	-0.037536	-0.037393
424.000000	-0.038180	-0.038140	-0.038318	-0.038304	-0.038459	-0.038447	-0.038364
425.000000	-0.039053	-0.038948	-0.039188	-0.039150	-0.039287	-0.039201	-0.039191
426.000000	-0.039746	-0.039608	-0.039776	-0.039789	-0.039831	-0.039807	-0.039860
427.000000	-0.040430	-0.040403	-0.040446	-0.040539	-0.040481	-0.040530	-0.040603
428.000000	-0.041224	-0.041451	-0.041390	-0.041548	-0.041429	-0.041487	-0.041540
429.000000	-0.042124	-0.042510	-0.042405	-0.042577	-0.042438	-0.042469	-0.042546
430.000000	-0.043098	-0.043389	-0.043315	-0.043435	-0.043316	-0.043320	-0.043496
431.000000	-0.044083	-0.044156	-0.044153	-0.044189	-0.044152	-0.044152	-0.044352
432.000000	-0.045013	-0.044910	-0.044978	-0.044940	-0.045048	-0.045072	-0.045108
433.000000	-0.045852	-0.045667	-0.045787	-0.045721	-0.045936	-0.045971	-0.045828
434.000000	-0.046585	-0.046426	-0.046562	-0.046540	-0.046720	-0.046710	-0.046584
435.000000	-0.047285	-0.047221	-0.047313	-0.047342	-0.047440	-0.047381	-0.047382
436.000000	-0.048054	-0.048093	-0.048058	-0.048056	-0.048185	-0.048156	-0.048200
437.000000	-0.048839	-0.048972	-0.048799	-0.048738	-0.048959	-0.049014	-0.049010
438.000000	-0.049503	-0.049728	-0.049528	-0.049514	-0.049714	-0.049822	-0.049777
439.000000	-0.050066	-0.050370	-0.050226	-0.050342	-0.050429	-0.050533	-0.050492
440.000000	-0.050686	-0.051033	-0.050866	-0.051038	-0.051111	-0.051178	-0.051160
441.000000	-0.051422	-0.051752	-0.051484	-0.051602	-0.051766	-0.051797	-0.051806
442.000000	-0.052197	-0.052435	-0.052198	-0.052277	-0.052405	-0.052438	-0.052470
443.000000	-0.052962	-0.053048	-0.053042	-0.053151	-0.053055	-0.053127	-0.053176
444.000000	-0.053727	-0.053691	-0.053889	-0.053986	-0.053780	-0.053854	-0.053906
445.000000	-0.054492	-0.054424	-0.054631	-0.054617	-0.054593	-0.054599	-0.054632
446.000000	-0.055200	-0.055172	-0.055278	-0.055200	-0.055353	-0.055327	-0.055303
447.000000	-0.055806	-0.055846	-0.055865	-0.055885	-0.055944	-0.056004	-0.055893
448.000000	-0.056374	-0.056413	-0.056466	-0.056572	-0.056478	-0.056608	-0.056490
449.000000	-0.056973	-0.056873	-0.057139	-0.057122	-0.057092	-0.057127	-0.057184
450.000000	-0.057530	-0.057303	-0.057769	-0.057567	-0.057694	-0.057602	-0.057855
451.000000	-0.057933	-0.057799	-0.058191	-0.057998	-0.058124	-0.058085	-0.058324
452.000000	-0.058246	-0.058331	-0.058482	-0.058413	-0.058444	-0.058548	-0.058639
453.000000	-0.058633	-0.058799	-0.058854	-0.058759	-0.058842	-0.058921	-0.058977
454.000000	-0.059163	-0.059243	-0.059368	-0.059115	-0.059378	-0.059277	-0.059412
455.000000	-0.059817	-0.059822	-0.059954	-0.059674	-0.059991	-0.059810	-0.059930
456.000000	-0.060509	-0.060514	-0.060543	-0.060419	-0.060603	-0.060515	-0.060486
457.000000	-0.061073	-0.061063	-0.061079	-0.061068	-0.061116	-0.061138	-0.060999
458.000000	-0.061444	-0.061383	-0.061529	-0.061486	-0.061496	-0.061555	-0.061433
459.000000	-0.061753	-0.061716	-0.061903	-0.061832	-0.061829	-0.061906	-0.061838
460.000000	-0.062113	-0.062224	-0.062233	-0.062243	-0.062194	-0.062312	-0.062260
461.000000	-0.062532	-0.062752	-0.062582	-0.062703	-0.062630	-0.062752	-0.062727
462.000000	-0.062993	-0.063150	-0.062998	-0.063174	-0.063142	-0.063188	-0.063237
463.000000	-0.063437	-0.063492	-0.063435	-0.063609	-0.063648	-0.063589	-0.063687
464.000000	-0.063814	-0.063893	-0.063839	-0.063978	-0.064067	-0.063940	-0.063990
465.000000	-0.064186	-0.064359	-0.064263	-0.064337	-0.064454	-0.064320	-0.064301
466.000000	-0.064642	-0.064852	-0.064791	-0.064768	-0.064901	-0.064828	-0.064838
467.000000	-0.065159	-0.065297	-0.065356	-0.065237	-0.065370	-0.065363	-0.065472
468.000000	-0.065646	-0.065608	-0.065814	-0.065651	-0.065747	-0.065725	-0.065899
469.000000	-0.066060	-0.065845	-0.066155	-0.066017	-0.066050	-0.065953	-0.066123
470.000000	-0.066397	-0.066182	-0.066477	-0.066418	-0.066399	-0.066279	-0.066403
471.000000	-0.066688	-0.066634	-0.066824	-0.066852	-0.066816	-0.066757	-0.066819
472.000000	-0.066999	-0.067023	-0.067174	-0.067215	-0.067202	-0.067223	-0.067236
473.000000	-0.067364	-0.067297	-0.067528	-0.067485	-0.067514	-0.067599	-0.067591
474.000000	-0.067756	-0.067639	-0.067932	-0.067801	-0.067817	-0.067976	-0.067979
475.000000	-0.068147	-0.068146	-0.068394	-0.068241	-0.068158	-0.068401	-0.068441
476.000000	-0.068535	-0.068631	-0.068797	-0.068678	-0.068510	-0.068773	-0.068845
477.000000	-0.068919	-0.068934	-0.069061	-0.069005	-0.068851	-0.069016	-0.069092
478.000000	-0.069302	-0.069175	-0.069311	-0.069289	-0.069227	-0.069263	-0.069315
479.000000	-0.069684	-0.069506	-0.069688	-0.069624	-0.069681	-0.069657	-0.069669
480.000000	-0.070038	-0.069918	-0.070128	-0.070015	-0.070148	-0.070122	-0.070103
481.000000	-0.070336	-0.070335	-0.070505	-0.070423	-0.070530	-0.070515	-0.070496
482.000000	-0.070585	-0.070662	-0.070787	-0.070764	-0.070799	-0.070795	-0.070780
483.000000	-0.070812	-0.070807	-0.070992	-0.070934	-0.070969	-0.070975	-0.070925
484.000000	-0.071018	-0.070846	-0.071129	-0.071002	-0.071087	-0.071095	-0.070994
485.000000	-0.071181	-0.070984	-0.071204	-0.071167	-0.071225	-0.071211	-0.071121
486.000000	-0.071324	-0.071278	-0.071282	-0.071461	-0.071416	-0.071372	-0.071356
487.000000	-0.071516	-0.071612	-0.071492	-0.071730	-0.071651	-0.071621	-0.071646
488.000000	-0.071776	-0.071903	-0.071846	-0.071904	-0.071914	-0.071956	-0.071945
489.000000	-0.072031	-0.072130	-0.072161	-0.072064	-0.072185	-0.072301	-0.072227
490.000000	-0.072258	-0.072333	-0.072354	-0.072297	-0.072469	-0.072609	-0.072494
491.000000	-0.072565	-0.072673	-0.072628	-0.072673	-0.072839	-0.072919	-0.072816
492.000000	-0.073007	-0.073215	-0.073109	-0.073181	-0.073313	-0.073245	-0.073217
493.000000	-0.073371	-0.073607	-0.073499	-0.073543	-0.073665	-0.073466	-0.073504
494.000000	-0.073460	-0.073531	-0.073509	-0.073525	-0.073697	-0.073487	-0.073517
495.000000	-0.073478	-0.073357	-0.073428	-0.073442	-0.073637	-0.073510	-0.073510
496.000000	-0.073721	-0.073609	-0.073674	-0.073729	-0.073813	-0.073793	-0.073823
497.000000	-0.074102	-0.074136	-0.074114	-0.074221	-0.074151	-0.074213	-0.074311
498.000000	-0.074362	-0.074474	-0.074363	-0.074483	-0.074395	-0.074482	-0.074616
499.000000	-0.074472	-0.074566	-0.074419	-0.074512	-0.074516	-0.074592	-0.074711
500.000000	-0.074577	-0.074647	-0.074547	-0.074613	-0.074652	-0.074741	-0.074811
501.000000	-0.074729	-0.074809	-0.074805	-0.074866	-0.074842	-0.074960	-0.074979
502.000000	-0.074885	-0.074985	-0.075027	-0.075114	-0.075021	-0.075114	-0.075112
503.000000	-0.075036	-0.075148	-0.075143	-0.075278	-0.075172	-0.075174	-0.075195
504.000000	-0.075230	-0.075336	-0.075245	-0.075413	-0.075354	-0.075294	-0.075358
505.000000	-0.075479	-0.075558	-0.075405	-0.075570	-0.075592	-0.075551	-0.075652
506.000000	-0.075714	-0.075746	-0.075628	-0.075768	-0.075820	-0.075822	-0.075927
507.000000	-0.075883	-0.075857	-0.075893	-0.076005	-0.075992	-0.076007	-0.076070
508.000000	-0.076039	-0.075971	-0.076125	-0.076228	-0.076174	-0.076176	-0.076179
509.000000	-0.076244	-0.076174	-0.076269	-0.076395	-0.076429	-0.076409	-0.076371
510.000000	-0.076502	-0.076460	-0.076428	-0.076567	-0.076698	-0.076676	-0.076636
511.000000	-0.076790	-0.076787	-0.076723	-0.076815	-0.076896	-0.076914	-0.076924
512.000000	-0.077016	-0.077043	-0.077044	-0.077064	-0.077032	-0.077085	-0.077155
513.000000	-0.077073	-0.077108	-0.077197	-0.077180	-0.077153	-0.077168	-0.077249
514.000000	-0.077081	-0.077097	-0.077234	-0.077224	-0.077305	-0.077244	-0.077286
515.000000	-0.077291	-0.077270	-0.077363	-0.077373	-0.077527	-0.077453	-0.077445
516.000000	-0.077662	-0.077607	-0.077609	-0.077634	-0.077761	-0.077753	-0.077718
517.000000	-0.077870	-0.077812	-0.077816	-0.077849	-0.077859	-0.077937	-0.077917
518.000000	-0.077835	-0.077806	-0.077935	-0.077956	-0.077830	-0.077963	-0.077989
519.000000	-0.077834	-0.077818	-0.078071	-0.078037	-0.077899	-0.078031	-0.078076
520.000000	-0.078022	-0.077980	-0.078266	-0.078149	-0.078165	-0.078245	-0.078254
521.000000	-0.078263	-0.078185	-0.078415	-0.078286	-0.078443	-0.078469	-0.078437
522.000000	-0.078434	-0.078338	-0.078459	-0.078438	-0.078590	-0.078601	-0.078561
523.000000	-0.078569	-0.078480	-0.078525	-0.078611	-0.078687	-0.078701	-0.078685
524.000000	-0.078724	-0.078665	-0.078733	-0.078802	-0.078835	-0.078846	-0.078868
525.000000	-0.078920	-0.078878	-0.078991	-0.078977	-0.079035	-0.079026	-0.079070
526.000000	-0.079162	-0.079094	-0.079176	-0.079101	-0.079255	-0.079213	-0.079234
527.000000	-0.079400	-0.079293	-0.079331	-0.079227	-0.079445	-0.079401	-0.079399
528.000000	-0.079565	-0.079465	-0.079556	-0.079433	-0.079556	-0.079593	-0.079623
529.000000	-0.079668	-0.079616	-0.079791	-0.079674	-0.079620	-0.079754	-0.079847
530.000000	-0.079761	-0.079761	-0.079885	-0.079838	-0.079713	-0.079836	-0.079941
531.000000	-0.079874	-0.079903	-0.079876	-0.079930	-0.079862	-0.079871	-0.079939
532.000000	-0.080015	-0.080029	-0.079955	-0.080054	-0.080043	-0.079966	-0.080020
533.000000	-0.080187	-0.080152	-0.080177	-0.080242	-0.080231	-0.080154	-0.080235
534.000000	-0.080384	-0.080314	-0.080411	-0.080425	-0.080394	-0.080375	-0.080482
535.000000	-0.080562	-0.080515	-0.080574	-0.080558	-0.080524	-0.080571	-0.080674
536.000000	-0.080610	-0.080684	-0.080693	-0.080651	-0.080645	-0.080703	-0.080788
537.000000	-0.080527	-0.080772	-0.080791	-0.080718	-0.080765	-0.080762	-0.080825
538.000000	-0.080625	-0.080821	-0.080858	-0.080784	-0.080846	-0.080809	-0.080833
539.000000	-0.081047	-0.080872	-0.080896	-0.080876	-0.080869	-0.080905	-0.080873
540.000000	-0.081043	-0.080916	-0.081003	-0.081026	-0.080946	-0.081062	-0.081001
541.000000	-0.080105	-0.080962	-0.081244	-0.081237	-0.081169	-0.081259	-0.081238
542.000000	-0.080493	-0.081185	-0.081389	-0.081326	-0.081321	-0.081335	-0.081374
543.000000	-0.084500	-0.081723	-0.081178	-0.081113	-0.081154	-0.081149	-0.081188
544.000000	-0.085030	-0.081760	-0.081154	-0.081112	-0.081168	-0.081204	-0.081181
545.000000	-0.071078	-0.080194	-0.082149	-0.082076	-0.082134	-0.082215	-0.082110
546.000000	-0.050740	-0.079547	-0.082647	-0.082598	-0.082647	-0.082679	-0.082603
547.000000	-0.046506	-0.084689	-0.079419	-0.079684	-0.079700	-0.079479	-0.079720
548.000000	-0.060604	-0.085592	-0.073220	-0.073717	-0.073696	-0.073370	-0.073831
549.000000	-0.072158	-0.055847	-0.069294	-0.068912	-0.068900	-0.069471	-0.069062
550.000000	-0.071761	-0.001682	-0.069590	-0.068029	-0.068077	-0.069692	-0.068134
551.000000	-0.070531	0.016613	-0.070341	-0.071140	-0.071218	-0.070381	-0.071172
552.000000	-0.075849	-0.029647	-0.069558	-0.077000	-0.077036	-0.069618	-0.076980
553.000000	-0.081908	-0.083197	-0.070652	-0.081832	-0.081821	-0.070741	-0.081812
554.000000	-0.083200	-0.094314	-0.075982	-0.082834	-0.082825	-0.076046	-0.082872
555.000000	-0.081898	-0.082837	-0.081510	-0.081879	-0.081880	-0.081543	-0.081963
556.000000	-0.081277	-0.078283	-0.082936	-0.081431	-0.081398	-0.082982	-0.081485
557.000000	-0.081591	-0.081081	-0.081923	-0.081689	-0.081611	-0.081995	-0.081686
558.000000	-0.082106	-0.082947	-0.081674	-0.082098	-0.082018	-0.081730	-0.082091
559.000000	-0.082122	-0.082301	-0.081993	-0.082041	-0.082012	-0.082012	-0.082086
560.000000	-0.081122	-0.080843	-0.081270	-0.081034	-0.081094	-0.081279	-0.081153
561.000000	-0.080748	-0.080698	-0.080866	-0.080703	-0.080850	-0.080887	-0.080874
562.000000	-0.083844	-0.083985	-0.083914	-0.083844	-0.084018	-0.083923	-0.083993
563.000000	-0.086170	-0.086222	-0.086272	-0.086199	-0.086325	-0.086249	-0.086271
564.000000	-0.076817	-0.076764	-0.076931	-0.076880	-0.076911	-0.076908	-0.076897
565.000000	-0.065967	-0.065922	-0.066034	-0.066060	-0.066001	-0.066052	-0.066086
566.000000	-0.094075	-0.094059	-0.094098	-0.094151	-0.094084	-0.094135	-0.094221
567.000000	-0.164647	-0.164621	-0.164674	-0.164654	-0.164678	-0.164681	-0.164773
568.000000	-0.200278	-0.200252	-0.200348	-0.200240	-0.200346	-0.200329	-0.200390
569.000000	-0.151538	-0.151556	-0.151669	-0.151529	-0.151630	-0.151665	-0.151675
570.000000	-0.084129	-0.084183	-0.084283	-0.084164	-0.084228	-0.084309	-0.084274
571.000000	-0.066404	-0.066440	-0.066507	-0.066438	-0.066498	-0.066545	-0.066495
572.000000	-0.079897	-0.079906	-0.079931	-0.079908	-0.079984	-0.079980	-0.079928
573.000000	-0.086548	-0.086581	-0.086567	-0.086558	-0.086639	-0.086644	-0.086587
574.000000	-0.083261	-0.083344	-0.083304	-0.083289	-0.083346	-0.083396	-0.083355
575.000000	-0.080875	-0.080976	-0.080935	-0.080918	-0.080919	-0.080983	-0.081014
576.000000	-0.081590	-0.081667	-0.081646	-0.081623	-0.081583	-0.081627	-0.081740
577.000000	-0.082396	-0.082430	-0.082437	-0.082381	-0.082384	-0.082411	-0.082522
578.000000	-0.082290	-0.082284	-0.082316	-0.082217	-0.082314	-0.082335	-0.082374
579.000000	-0.082072	-0.082055	-0.082100	-0.081997	-0.082117	-0.082129	-0.082133
580.000000	-0.082018	-0.082015	-0.082062	-0.082003	-0.082061	-0.082049	-0.082081
581.000000	-0.081681	-0.081677	-0.081730	-0.081715	-0.081754	-0.081698	-0.081748
582.000000	-0.081255	-0.081220	-0.081288	-0.081283	-0.081391	-0.081284	-0.081315
583.000000	-0.082153	-0.082091	-0.082168	-0.082136	-0.082291	-0.082174	-0.082214
584.000000	-0.084042	-0.083976	-0.084051	-0.083966	-0.084074	-0.084012	-0.084117
585.000000	-0.081715	-0.081645	-0.081724	-0.081601	-0.081644	-0.081645	-0.081776
586.000000	-0.075294	-0.075204	-0.075305	-0.075189	-0.075225	-0.075239	-0.075291
587.000000	-0.088598	-0.088519	-0.088622	-0.088515	-0.088597	-0.088570	-0.088551
588.000000	-0.140174	-0.140167	-0.140219	-0.140091	-0.140232	-0.140132	-0.140167
589.000000	-0.184430	-0.184421	-0.184411	-0.184361	-0.184425	-0.184371	-0.184423
590.000000	-0.162223	-0.161998	-0.161984	-0.162227	-0.161970	-0.162199	-0.162041
591.000000	-0.100636	-0.100405	-0.100469	-0.100722	-0.100423	-0.100676	-0.100494
592.000000	-0.068202	-0.068762	-0.068974	-0.068281	-0.068935	-0.068271	-0.068854
593.000000	-0.074340	-0.075224	-0.075461	-0.074351	-0.075462	-0.074398	-0.075289
594.000000	-0.084210	-0.082504	-0.082349	-0.084206	-0.082380	-0.084258	-0.082574
595.000000	-0.083327	-0.079571	-0.079110	-0.083382	-0.079147	-0.083378	-0.079661
596.000000	-0.080245	-0.084517	-0.085165	-0.080349	-0.085192	-0.080296	-0.084544
597.000000	-0.080056	-0.094370	-0.096379	-0.080159	-0.096391	-0.080103	-0.094251
598.000000	-0.080793	-0.071759	-0.070348	-0.080876	-0.070362	-0.080852	-0.071577
599.000000	-0.080806	-0.009966	0.000339	-0.080880	0.000297	-0.080897	-0.009881
600.000000	-0.080487	0.023375	0.038412	-0.080554	0.038335	-0.080588	0.023357
601.000000	-0.080315	-0.017911	-0.008845	-0.080371	-0.008940	-0.080375	-0.017914
602.000000	-0.080166	-0.077522	-0.077071	-0.080214	-0.077134	-0.080180	-0.077466
603.000000	-0.079855	-0.093959	-0.095964	-0.079904	-0.095926	-0.079857	-0.093887
604.000000	-0.079474	-0.081988	-0.082366	-0.079533	-0.082230	-0.079477	-0.081927
605.000000	-0.079180	-0.075469	-0.074941	-0.079249	-0.074795	-0.079157	-0.075398
606.000000	-0.078940	-0.077863	-0.077674	-0.079015	-0.077595	-0.078890	-0.077782
607.000000	-0.078646	-0.079649	-0.079744	-0.078721	-0.079750	-0.078615	-0.079601
608.000000	-0.078297	-0.078722	-0.078736	-0.078361	-0.078809	-0.078311	-0.078724
609.000000	-0.077959	-0.077716	-0.077621	-0.077992	-0.077716	-0.077982	-0.077724
610.000000	-0.077660	-0.077544	-0.077458	-0.077667	-0.077532	-0.077647	-0.077532
611.000000	-0.077395	-0.077476	-0.077478	-0.077426	-0.077516	-0.077341	-0.077504
612.000000	-0.077156	-0.077174	-0.077268	-0.077251	-0.077274	-0.077090	-0.077296
613.000000	-0.076935	-0.076896	-0.076968	-0.077053	-0.076948	-0.076913	-0.077033
614.000000	-0.076738	-0.076788	-0.076711	-0.076804	-0.076681	-0.076800	-0.076814
615.000000	-0.076606	-0.076714	-0.076549	-0.076597	-0.076541	-0.076699	-0.076638
616.000000	-0.076549	-0.076568	-0.076488	-0.076497	-0.076535	-0.076577	-0.076501
617.000000	-0.076496	-0.076413	-0.076440	-0.076440	-0.076524	-0.076468	-0.076413
618.000000	-0.076384	-0.076311	-0.076331	-0.076361	-0.076387	-0.076399	-0.076371
619.000000	-0.076257	-0.076228	-0.076213	-0.076247	-0.076196	-0.076316	-0.076313
620.000000	-0.076176	-0.076117	-0.076151	-0.076109	-0.076057	-0.076165	-0.076179
621.000000	-0.076133	-0.076022	-0.076111	-0.075998	-0.075989	-0.076009	-0.076036
622.000000	-0.076097	-0.076007	-0.076030	-0.075965	-0.075973	-0.075944	-0.075976
623.000000	-0.076028	-0.076013	-0.075927	-0.075951	-0.075937	-0.075934	-0.075952
624.000000	-0.075886	-0.075928	-0.075863	-0.075843	-0.075790	-0.075883	-0.075842
625.000000	-0.075711	-0.075758	-0.075823	-0.075669	-0.075596	-0.075787	-0.075675
626.000000	-0.075601	-0.075604	-0.075732	-0.075559	-0.075534	-0.075713	-0.075586
627.000000	-0.075557	-0.075497	-0.075589	-0.075525	-0.075592	-0.075657	-0.075587
628.000000	-0.075478	-0.075386	-0.075465	-0.075447	-0.075549	-0.075534	-0.075547
629.000000	-0.075328	-0.075260	-0.075389	-0.075292	-0.075336	-0.075339	-0.075408
630.000000	-0.075190	-0.075171	-0.075312	-0.075166	-0.075140	-0.075193	-0.075239
631.000000	-0.075115	-0.075138	-0.075204	-0.075133	-0.075079	-0.075156	-0.075102
632.000000	-0.075066	-0.075094	-0.075092	-0.075127	-0.075067	-0.075124	-0.075021
633.000000	-0.075005	-0.074985	-0.075001	-0.075080	-0.075023	-0.075012	-0.074997
634.000000	-0.074932	-0.074847	-0.074931	-0.074981	-0.074961	-0.074875	-0.074975
635.000000	-0.074850	-0.074725	-0.074873	-0.074834	-0.074907	-0.074780	-0.074900
636.000000	-0.074731	-0.074637	-0.074785	-0.074671	-0.074839	-0.074692	-0.074764
637.000000	-0.074551	-0.074583	-0.074629	-0.074525	-0.074725	-0.074558	-0.074581
638.000000	-0.074363	-0.074509	-0.074428	-0.074400	-0.074569	-0.074405	-0.074405
639.000000	-0.074250	-0.074348	-0.074233	-0.074283	-0.074396	-0.074288	-0.074301
640.000000	-0.074212	-0.074151	-0.074103	-0.074202	-0.074249	-0.074215	-0.074262
641.000000	-0.074198	-0.074039	-0.074095	-0.074202	-0.074181	-0.074163	-0.074236
642.000000	-0.074173	-0.074034	-0.074166	-0.074248	-0.074172	-0.074120	-0.074195
643.000000	-0.074117	-0.074063	-0.074184	-0.074233	-0.074139	-0.074084	-0.074131
644.000000	-0.074024	-0.074068	-0.074100	-0.074126	-0.074058	-0.074044	-0.074048
645.000000	-0.073902	-0.074005	-0.073985	-0.073998	-0.073983	-0.073977	-0.073960
646.000000	-0.073793	-0.073902	-0.073904	-0.073915	-0.073963	-0.073904	-0.073896
647.000000	-0.073801	-0.073913	-0.073905	-0.073922	-0.074021	-0.073927	-0.073906
648.000000	-0.073972	-0.074106	-0.074009	-0.074032	-0.074156	-0.074096	-0.074015
649.000000	-0.074173	-0.074298	-0.074157	-0.074173	-0.074298	-0.074298	-0.074157
650.000000	-0.074277	-0.074323	-0.074286	-0.074270	-0.074378	-0.074417	-0.074262
651.000000	-0.074284	-0.074269	-0.074354	-0.074297	-0.074366	-0.074425	-0.074296
652.000000	-0.074220	-0.074246	-0.074328	-0.074240	-0.074247	-0.074320	-0.074241
653.000000	-0.074084	-0.074162	-0.074193	-0.074080	-0.074049	-0.074116	-0.074108
654.000000	-0.073863	-0.073874	-0.073944	-0.073807	-0.073811	-0.073838	-0.073921
655.000000	-0.073581	-0.073475	-0.073616	-0.073490	-0.073553	-0.073534	-0.073670
656.000000	-0.073280	-0.073172	-0.073265	-0.073235	-0.073288	-0.073263	-0.073335
657.000000	-0.073024	-0.073012	-0.072990	-0.073079	-0.073070	-0.073072	-0.073011
658.000000	-0.072886	-0.072924	-0.072911	-0.073006	-0.072980	-0.072998	-0.072868
659.000000	-0.072876	-0.072883	-0.072994	-0.072987	-0.073010	-0.073014	-0.072915
660.000000	-0.072931	-0.072914	-0.073046	-0.072979	-0.073053	-0.073026	-0.072984
661.000000	-0.072981	-0.072984	-0.072981	-0.072951	-0.073033	-0.072983	-0.072975
662.000000	-0.072955	-0.072971	-0.072889	-0.072889	-0.072922	-0.072903	-0.072902
663.000000	-0.072818	-0.072813	-0.072813	-0.072781	-0.072722	-0.072796	-0.072786
664.000000	-0.072619	-0.072603	-0.072671	-0.072601	-0.072499	-0.072638	-0.072641
665.000000	-0.072395	-0.072404	-0.072395	-0.072339	-0.072295	-0.072410	-0.072464
666.000000	-0.072102	-0.072137	-0.072016	-0.072029	-0.072062	-0.072118	-0.072190
667.000000	-0.071706	-0.071737	-0.071595	-0.071717	-0.071760	-0.071780	-0.071783
668.000000	-0.071306	-0.071351	-0.071238	-0.071448	-0.071455	-0.071458	-0.071376
669.000000	-0.071016	-0.071145	-0.071039	-0.071250	-0.071228	-0.071208	-0.071122
670.000000	-0.070811	-0.071014	-0.070912	-0.071041	-0.071027	-0.070980	-0.070956
671.000000	-0.070611	-0.070757	-0.070710	-0.070708	-0.070758	-0.070690	-0.070736
672.000000	-0.070404	-0.070429	-0.070453	-0.070332	-0.070469	-0.070386	-0.070474
673.000000	-0.070212	-0.070227	-0.070255	-0.070105	-0.070291	-0.070184	-0.070269
674.000000	-0.070055	-0.070150	-0.070136	-0.070034	-0.070216	-0.070101	-0.070140
675.000000	-0.069944	-0.070032	-0.070033	-0.069967	-0.070122	-0.070063	-0.070032
676.000000	-0.069882	-0.069846	-0.069936	-0.069865	-0.069977	-0.070025	-0.069942
677.000000	-0.069863	-0.069738	-0.069902	-0.069831	-0.069855	-0.069982	-0.069927
678.000000	-0.069878	-0.069780	-0.069942	-0.069905	-0.069814	-0.069949	-0.069997
679.000000	-0.069919	-0.069893	-0.069991	-0.069999	-0.069872	-0.069979	-0.070069
680.000000	-0.069961	-0.069993	-0.069994	-0.070036	-0.069998	-0.070068	-0.070079
681.000000	-0.069943	-0.070020	-0.069943	-0.070000	-0.070058	-0.070074	-0.070018
682.000000	-0.069841	-0.069952	-0.069855	-0.069901	-0.069965	-0.069907	-0.069908
683.000000	-0.069786	-0.069886	-0.069792	-0.069813	-0.069867	-0.069756	-0.069846
684.000000	-0.069900	-0.069922	-0.069814	-0.069811	-0.069926	-0.069817	-0.069916
685.000000	-0.070066	-0.070027	-0.069922	-0.069879	-0.070064	-0.069983	-0.070046
686.000000	-0.070108	-0.070124	-0.070086	-0.069971	-0.070140	-0.070070	-0.070122
687.000000	-0.070038	-0.070155	-0.070187	-0.070026	-0.070115	-0.070069	-0.070108
688.000000	-0.069953	-0.070074	-0.070085	-0.069984	-0.069997	-0.070053	-0.070012
689.000000	-0.069891	-0.069921	-0.069873	-0.069876	-0.069855	-0.070013	-0.069890
690.000000	-0.069846	-0.069787	-0.069802	-0.069796	-0.069790	-0.069889	-0.069828
691.000000	-0.069818	-0.069733	-0.069902	-0.069779	-0.069829	-0.069747	-0.069851
692.000000	-0.069809	-0.069781	-0.069990	-0.069802	-0.069934	-0.069767	-0.069917
693.000000	-0.069837	-0.069903	-0.069998	-0.069857	-0.070050	-0.069960	-0.070004
694.000000	-0.069936	-0.070001	-0.070015	-0.069951	-0.070113	-0.070105	-0.070116
695.000000	-0.070089	-0.070023	-0.070088	-0.070071	-0.070103	-0.070086	-0.070238
696.000000	-0.070168	-0.070021	-0.070150	-0.070151	-0.070083	-0.070040	-0.070318
697.000000	-0.070116	-0.070051	-0.070165	-0.070162	-0.070110	-0.070077	-0.070321
698.000000	-0.070104	-0.070147	-0.070212	-0.070191	-0.070190	-0.070169	-0.070278
699.000000	-0.070278	-0.070316	-0.070352	-0.070309	-0.070313	-0.070269	-0.070237
700.000000	-0.070498	-0.070464	-0.070488	-0.070458	-0.070439	-0.070354	-0.070280
701.000000	-0.070589	-0.070499	-0.070508	-0.070558	-0.070529	-0.070417	-0.070465
702.000000	-0.070578	-0.070508	-0.070478	-0.070623	-0.070613	-0.070495	-0.070675
703.000000	-0.070565	-0.070619	-0.070515	-0.070699	-0.070732	-0.070628	-0.070744
704.000000	-0.070597	-0.070767	-0.070600	-0.070763	-0.070809	-0.070753	-0.070709
705.000000	-0.070685	-0.070789	-0.070643	-0.070763	-0.070721	-0.070757	-0.070710
706.000000	-0.070751	-0.070665	-0.070634	-0.070686	-0.070533	-0.070664	-0.070730
707.000000	-0.070654	-0.070483	-0.070615	-0.070557	-0.070453	-0.070606	-0.070635
708.000000	-0.070418	-0.070330	-0.070577	-0.070416	-0.070490	-0.070597	-0.070431
709.000000	-0.070246	-0.070289	-0.070453	-0.070315	-0.070443	-0.070527	-0.070275
710.000000	-0.070196	-0.070335	-0.070231	-0.070242	-0.070242	-0.070347	-0.070217
711.000000	-0.070097	-0.070283	-0.069992	-0.070085	-0.070034	-0.070108	-0.070135
712.000000	-0.069865	-0.070044	-0.069803	-0.069817	-0.069913	-0.069862	-0.069960
713.000000	-0.069646	-0.069773	-0.069686	-0.069617	-0.069816	-0.069643	-0.069779
714.000000	-0.069544	-0.069589	-0.069629	-0.069593	-0.069675	-0.069473	-0.069644
715.000000	-0.069446	-0.069412	-0.069522	-0.069557	-0.069486	-0.069334	-0.069452
716.000000	-0.069233	-0.069148	-0.069280	-0.069318	-0.069255	-0.069199	-0.069116
717.000000	-0.068947	-0.068827	-0.069016	-0.068960	-0.068988	-0.069020	-0.068773
718.000000	-0.068668	-0.068512	-0.068866	-0.068626	-0.068694	-0.068761	-0.068590
719.000000	-0.068400	-0.068269	-0.068729	-0.068374	-0.068400	-0.068485	-0.068499
720.000000	-0.068127	-0.068149	-0.068435	-0.068221	-0.068146	-0.068290	-0.068350
721.000000	-0.067946	-0.068119	-0.068091	-0.068166	-0.068002	-0.068164	-0.068196
722.000000	-0.068003	-0.068091	-0.067950	-0.068190	-0.068040	-0.068031	-0.068190
723.000000	-0.068156	-0.068010	-0.067913	-0.068173	-0.068122	-0.067848	-0.068225
724.000000	-0.068026	-0.067845	-0.067595	-0.067916	-0.067938	-0.067603	-0.067981
725.000000	-0.067557	-0.067616	-0.067030	-0.067437	-0.067460	-0.067340	-0.067478
726.000000	-0.067074	-0.067400	-0.066751	-0.067008	-0.066996	-0.067166	-0.067143
727.000000	-0.066815	-0.067236	-0.066937	-0.066807	-0.066747	-0.067121	-0.067129
728.000000	-0.066828	-0.067101	-0.067140	-0.066821	-0.066704	-0.067125	-0.067102
729.000000	-0.067093	-0.067027	-0.067107	-0.067013	-0.066826	-0.067151	-0.066906
730.000000	-0.067464	-0.067190	-0.067187	-0.067327	-0.067050	-0.067324	-0.066914
731.000000	-0.067813	-0.067715	-0.067686	-0.067711	-0.067319	-0.067736	-0.067432
732.000000	-0.068138	-0.068457	-0.068454	-0.068129	-0.067607	-0.068295	-0.068270
