[HEADER]
Format	J&M ASCII Table
Comment	
Date	2/12/1980 6:09:31 AM
Order	Y (evenX)
TechType	UV
NumPoints	483
FirstX	250.00
LastX	732.00
XType	NMetr
YType	Absrb
ZType	Secs
NumSubFile	7
Matrix	Z vs X
[DATA]
	0.000000	5.000128	10.000192	15.000256	20.000383	25.000448	30.000511
250.000000	1.011013	1.009405	1.008035	1.007239	1.007032	1.004406	1.006543
251.000000	0.984063	0.981659	0.981887	0.982062	0.980370	0.978290	0.979438
252.000000	0.958717	0.954957	0.955629	0.956439	0.953849	0.952022	0.951339
253.000000	0.934274	0.930234	0.930174	0.930819	0.928133	0.926828	0.924788
254.000000	0.910182	0.907958	0.906339	0.905828	0.903838	0.903556	0.901674
255.000000	0.886925	0.886791	0.884259	0.882472	0.881187	0.881249	0.880491
256.000000	0.865095	0.865314	0.863786	0.861494	0.860182	0.858940	0.859369
257.000000	0.844619	0.843809	0.844051	0.841756	0.840090	0.837736	0.838475
258.000000	0.825211	0.823123	0.824081	0.821716	0.820057	0.819157	0.818581
259.000000	0.806655	0.803962	0.804131	0.801863	0.800373	0.802190	0.799671
260.000000	0.788773	0.786850	0.785051	0.783639	0.781882	0.784634	0.781349
261.000000	0.771311	0.770676	0.766965	0.767033	0.764815	0.766135	0.763595
262.000000	0.753954	0.753133	0.749441	0.750908	0.748901	0.747755	0.746664
263.000000	0.736373	0.733948	0.732090	0.734247	0.733083	0.729918	0.730186
264.000000	0.718228	0.715187	0.714599	0.716211	0.715449	0.712280	0.713080
265.000000	0.699512	0.697727	0.696823	0.696874	0.695664	0.694615	0.694937
266.000000	0.680783	0.680218	0.678894	0.677826	0.676149	0.676970	0.676544
267.000000	0.662434	0.661718	0.660878	0.659962	0.658448	0.659243	0.658414
268.000000	0.644300	0.642875	0.642592	0.642024	0.641176	0.640890	0.640042
269.000000	0.626076	0.624281	0.623843	0.622833	0.622842	0.621543	0.620947
270.000000	0.607265	0.605298	0.604555	0.602876	0.603370	0.601821	0.601347
271.000000	0.587440	0.585197	0.584716	0.582952	0.583075	0.582423	0.581594
272.000000	0.566913	0.564580	0.564537	0.563232	0.562547	0.563037	0.561754
273.000000	0.546246	0.544453	0.544292	0.543613	0.542412	0.543026	0.541788
274.000000	0.525657	0.524730	0.524060	0.523717	0.522615	0.522419	0.521710
275.000000	0.505155	0.504711	0.503803	0.503048	0.502712	0.501627	0.501553
276.000000	0.484598	0.484115	0.483365	0.481867	0.482384	0.480883	0.481164
277.000000	0.463725	0.463034	0.462503	0.461080	0.461442	0.460264	0.460246
278.000000	0.442693	0.441826	0.441399	0.440978	0.440205	0.439887	0.439088
279.000000	0.422192	0.421160	0.420771	0.421053	0.419633	0.419919	0.418718
280.000000	0.402500	0.401333	0.400955	0.401013	0.400125	0.400404	0.399521
281.000000	0.383049	0.381896	0.381505	0.381075	0.380941	0.381142	0.380570
282.000000	0.363521	0.362547	0.362133	0.361555	0.361598	0.362049	0.361258
283.000000	0.344588	0.343650	0.343270	0.342881	0.342704	0.343451	0.342328
284.000000	0.326851	0.325594	0.325341	0.325343	0.324884	0.325638	0.324518
285.000000	0.309817	0.308350	0.308175	0.308506	0.307947	0.308393	0.307463
286.000000	0.292837	0.291795	0.291495	0.291834	0.291524	0.291434	0.290606
287.000000	0.276333	0.275995	0.275420	0.275519	0.275594	0.275013	0.274181
288.000000	0.261105	0.261063	0.260215	0.260032	0.260275	0.259573	0.258726
289.000000	0.247048	0.246789	0.245820	0.245488	0.245614	0.245140	0.244326
290.000000	0.233488	0.232776	0.231977	0.231772	0.231607	0.231477	0.230775
291.000000	0.220187	0.219101	0.218704	0.218724	0.218262	0.218425	0.217896
292.000000	0.207325	0.206292	0.206276	0.206156	0.205595	0.205908	0.205546
293.000000	0.195151	0.194551	0.194719	0.194149	0.193669	0.193977	0.193716
294.000000	0.183985	0.183612	0.183691	0.183159	0.182617	0.182848	0.182589
295.000000	0.173898	0.173274	0.173045	0.173275	0.172444	0.172600	0.172247
296.000000	0.164439	0.163543	0.163094	0.163752	0.162885	0.162993	0.162546
297.000000	0.155244	0.154415	0.154053	0.154089	0.153719	0.153804	0.153339
298.000000	0.146440	0.145750	0.145634	0.144880	0.144966	0.144976	0.144576
299.000000	0.138219	0.137444	0.137537	0.136766	0.136700	0.136529	0.136255
300.000000	0.130588	0.129705	0.129883	0.129539	0.129013	0.128680	0.128500
301.000000	0.123492	0.122773	0.122874	0.122757	0.121978	0.121650	0.121448
302.000000	0.116802	0.116397	0.116314	0.116179	0.115423	0.115219	0.114971
303.000000	0.110365	0.110128	0.109853	0.109679	0.109084	0.108986	0.108832
304.000000	0.104210	0.103955	0.103552	0.103363	0.102945	0.102881	0.102902
305.000000	0.098481	0.098171	0.097750	0.097491	0.097161	0.097070	0.097135
306.000000	0.093209	0.092856	0.092497	0.092130	0.091818	0.091643	0.091594
307.000000	0.088300	0.087867	0.087533	0.087145	0.086930	0.086609	0.086450
308.000000	0.083638	0.083115	0.082725	0.082423	0.082399	0.081910	0.081740
309.000000	0.079085	0.078607	0.078158	0.077906	0.077967	0.077397	0.077287
310.000000	0.074594	0.074331	0.073873	0.073560	0.073519	0.073004	0.072964
311.000000	0.070330	0.070208	0.069780	0.069411	0.069289	0.068863	0.068797
312.000000	0.066425	0.066183	0.065813	0.065479	0.065454	0.065071	0.064842
313.000000	0.062786	0.062315	0.062054	0.061750	0.061813	0.061495	0.061182
314.000000	0.059279	0.058670	0.058575	0.058199	0.058135	0.057969	0.057852
315.000000	0.055800	0.055206	0.055211	0.054768	0.054452	0.054433	0.054583
316.000000	0.052278	0.051850	0.051755	0.051396	0.050887	0.050883	0.051062
317.000000	0.048862	0.048592	0.048344	0.048092	0.047572	0.047480	0.047457
318.000000	0.045782	0.045450	0.045260	0.044898	0.044623	0.044447	0.044156
319.000000	0.042920	0.042404	0.042417	0.041808	0.041888	0.041652	0.041157
320.000000	0.039900	0.039409	0.039454	0.038785	0.039018	0.038708	0.038167
321.000000	0.036718	0.036447	0.036342	0.035809	0.035951	0.035579	0.035158
322.000000	0.033789	0.033534	0.033423	0.032886	0.032950	0.032623	0.032403
323.000000	0.031250	0.030698	0.030810	0.030054	0.030167	0.029995	0.029936
324.000000	0.028753	0.027990	0.028209	0.027405	0.027553	0.027484	0.027380
325.000000	0.026081	0.025458	0.025448	0.024979	0.025043	0.024927	0.024560
326.000000	0.023453	0.023146	0.022747	0.022674	0.022593	0.022356	0.021889
327.000000	0.021062	0.021024	0.020307	0.020372	0.020164	0.019829	0.019682
328.000000	0.018763	0.018779	0.018025	0.017973	0.017727	0.017393	0.017548
329.000000	0.016383	0.016150	0.015764	0.015439	0.015277	0.015086	0.015059
330.000000	0.014051	0.013566	0.013596	0.013041	0.012961	0.012936	0.012565
331.000000	0.011976	0.011614	0.011645	0.011111	0.010947	0.010952	0.010613
332.000000	0.010082	0.010024	0.009777	0.009442	0.009089	0.009027	0.008962
333.000000	0.008150	0.008094	0.007733	0.007562	0.007094	0.007006	0.006980
334.000000	0.006203	0.005851	0.005606	0.005470	0.005011	0.004940	0.004732
335.000000	0.004453	0.003892	0.003758	0.003543	0.003163	0.003045	0.002840
336.000000	0.002892	0.002369	0.002259	0.001911	0.001598	0.001352	0.001393
337.000000	0.001251	0.000882	0.000822	0.000394	0.000027	-0.000331	-0.000160
338.000000	-0.000544	-0.000764	-0.000736	-0.001118	-0.001682	-0.002065	-0.002026
339.000000	-0.002189	-0.002354	-0.002377	-0.002592	-0.003352	-0.003662	-0.003751
340.000000	-0.003496	-0.003744	-0.004024	-0.004018	-0.004842	-0.005013	-0.005051
341.000000	-0.004674	-0.005075	-0.005555	-0.005475	-0.006195	-0.006275	-0.006275
342.000000	-0.005907	-0.006452	-0.006856	-0.006982	-0.007454	-0.007582	-0.007722
343.000000	-0.007013	-0.007633	-0.007879	-0.008249	-0.008559	-0.008782	-0.009082
344.000000	-0.007790	-0.008378	-0.008629	-0.009005	-0.009450	-0.009711	-0.009990
345.000000	-0.008484	-0.008969	-0.009323	-0.009573	-0.010228	-0.010555	-0.010679
346.000000	-0.009467	-0.009842	-0.010223	-0.010451	-0.011047	-0.011590	-0.011572
347.000000	-0.010619	-0.010922	-0.011244	-0.011561	-0.011955	-0.012656	-0.012644
348.000000	-0.011558	-0.011850	-0.012107	-0.012511	-0.012932	-0.013364	-0.013622
349.000000	-0.012206	-0.012535	-0.012779	-0.013236	-0.013898	-0.013801	-0.014391
350.000000	-0.012752	-0.013108	-0.013433	-0.013948	-0.014725	-0.014451	-0.014975
351.000000	-0.013329	-0.013681	-0.014147	-0.014726	-0.015367	-0.015432	-0.015471
352.000000	-0.013996	-0.014325	-0.014871	-0.015475	-0.015879	-0.016387	-0.016064
353.000000	-0.014707	-0.015031	-0.015556	-0.016126	-0.016345	-0.017071	-0.016799
354.000000	-0.015238	-0.015645	-0.016169	-0.016679	-0.016885	-0.017495	-0.017461
355.000000	-0.015503	-0.016101	-0.016706	-0.017166	-0.017559	-0.017766	-0.017930
356.000000	-0.015863	-0.016615	-0.017243	-0.017682	-0.018243	-0.018181	-0.018431
357.000000	-0.016628	-0.017375	-0.017856	-0.018318	-0.018833	-0.018970	-0.019176
358.000000	-0.017572	-0.018251	-0.018569	-0.019101	-0.019437	-0.019941	-0.020069
359.000000	-0.018377	-0.019051	-0.019377	-0.020015	-0.020188	-0.020826	-0.020954
360.000000	-0.019034	-0.019746	-0.020190	-0.020868	-0.021013	-0.021581	-0.021786
361.000000	-0.019668	-0.020379	-0.020904	-0.021441	-0.021776	-0.022256	-0.022577
362.000000	-0.020437	-0.021080	-0.021644	-0.021953	-0.022570	-0.022972	-0.023431
363.000000	-0.021512	-0.022024	-0.022662	-0.022865	-0.023611	-0.023885	-0.024498
364.000000	-0.022821	-0.023244	-0.023958	-0.024227	-0.024879	-0.025021	-0.025735
365.000000	-0.024086	-0.024649	-0.025308	-0.025719	-0.026146	-0.026284	-0.026933
366.000000	-0.025232	-0.026109	-0.026582	-0.027125	-0.027320	-0.027589	-0.028023
367.000000	-0.026464	-0.027455	-0.027784	-0.028371	-0.028494	-0.028857	-0.029122
368.000000	-0.027920	-0.028683	-0.029001	-0.029542	-0.029814	-0.030129	-0.030376
369.000000	-0.029582	-0.030102	-0.030463	-0.031005	-0.031504	-0.031660	-0.031963
370.000000	-0.031391	-0.031910	-0.032300	-0.032956	-0.033626	-0.033578	-0.033921
371.000000	-0.033223	-0.033883	-0.034303	-0.035027	-0.035750	-0.035571	-0.035874
372.000000	-0.034992	-0.035780	-0.036252	-0.036851	-0.037495	-0.037342	-0.037506
373.000000	-0.036825	-0.037633	-0.038126	-0.038522	-0.039075	-0.039006	-0.039067
374.000000	-0.038872	-0.039536	-0.039966	-0.040245	-0.040823	-0.040764	-0.040910
375.000000	-0.041072	-0.041509	-0.041842	-0.042125	-0.042751	-0.042679	-0.043003
376.000000	-0.043279	-0.043538	-0.043824	-0.044207	-0.044741	-0.044740	-0.045157
377.000000	-0.045409	-0.045566	-0.045919	-0.046348	-0.046710	-0.046842	-0.047240
378.000000	-0.047421	-0.047515	-0.048084	-0.048305	-0.048602	-0.048828	-0.049164
379.000000	-0.049329	-0.049411	-0.050207	-0.050097	-0.050446	-0.050676	-0.050952
380.000000	-0.051199	-0.051378	-0.052118	-0.051980	-0.052350	-0.052491	-0.052730
381.000000	-0.053102	-0.053436	-0.053819	-0.054021	-0.054326	-0.054332	-0.054551
382.000000	-0.055110	-0.055473	-0.055545	-0.056023	-0.056264	-0.056193	-0.056365
383.000000	-0.057204	-0.057406	-0.057429	-0.057877	-0.058085	-0.058051	-0.058158
384.000000	-0.059180	-0.059235	-0.059378	-0.059680	-0.059789	-0.059866	-0.060003
385.000000	-0.060888	-0.060957	-0.061253	-0.061485	-0.061398	-0.061589	-0.061889
386.000000	-0.062407	-0.062532	-0.062851	-0.063159	-0.062969	-0.063162	-0.063542
387.000000	-0.063835	-0.063942	-0.064058	-0.064579	-0.064533	-0.064547	-0.064742
388.000000	-0.065189	-0.065299	-0.065194	-0.065831	-0.065950	-0.065823	-0.065738
389.000000	-0.066458	-0.066715	-0.066612	-0.067034	-0.067072	-0.067070	-0.066856
390.000000	-0.067612	-0.068029	-0.068059	-0.068135	-0.068018	-0.068163	-0.068031
391.000000	-0.068620	-0.068995	-0.069071	-0.069025	-0.068999	-0.068921	-0.069056
392.000000	-0.069527	-0.069718	-0.069768	-0.069799	-0.069999	-0.069530	-0.069949
393.000000	-0.070416	-0.070503	-0.070614	-0.070667	-0.070859	-0.070383	-0.070860
394.000000	-0.071259	-0.071343	-0.071591	-0.071585	-0.071531	-0.071439	-0.071764
395.000000	-0.071927	-0.071944	-0.072240	-0.072282	-0.072073	-0.072258	-0.072472
396.000000	-0.072415	-0.072299	-0.072491	-0.072706	-0.072542	-0.072742	-0.072956
397.000000	-0.072886	-0.072806	-0.072818	-0.073108	-0.072991	-0.073267	-0.073407
398.000000	-0.073440	-0.073619	-0.073464	-0.073635	-0.073471	-0.073993	-0.073928
399.000000	-0.074019	-0.074367	-0.074135	-0.074187	-0.074021	-0.074578	-0.074407
400.000000	-0.074557	-0.074778	-0.074604	-0.074681	-0.074644	-0.074808	-0.074786
401.000000	-0.075010	-0.075069	-0.075008	-0.075174	-0.075231	-0.075012	-0.075230
402.000000	-0.075360	-0.075473	-0.075501	-0.075714	-0.075681	-0.075508	-0.075863
403.000000	-0.075682	-0.075901	-0.075999	-0.076181	-0.076023	-0.076099	-0.076447
404.000000	-0.076070	-0.076210	-0.076375	-0.076448	-0.076320	-0.076490	-0.076702
405.000000	-0.076531	-0.076508	-0.076689	-0.076652	-0.076632	-0.076757	-0.076798
406.000000	-0.077036	-0.076986	-0.077069	-0.077021	-0.077014	-0.077109	-0.077072
407.000000	-0.077502	-0.077556	-0.077493	-0.077513	-0.077458	-0.077539	-0.077566
408.000000	-0.077819	-0.077960	-0.077849	-0.077923	-0.077916	-0.077907	-0.078130
409.000000	-0.078028	-0.078170	-0.078122	-0.078196	-0.078331	-0.078198	-0.078607
410.000000	-0.078306	-0.078367	-0.078387	-0.078417	-0.078635	-0.078513	-0.078840
411.000000	-0.078680	-0.078652	-0.078671	-0.078654	-0.078831	-0.078872	-0.078851
412.000000	-0.078973	-0.079013	-0.078929	-0.078950	-0.079018	-0.079178	-0.078900
413.000000	-0.079141	-0.079417	-0.079173	-0.079315	-0.079281	-0.079410	-0.079168
414.000000	-0.079441	-0.079805	-0.079535	-0.079716	-0.079676	-0.079714	-0.079638
415.000000	-0.080005	-0.080130	-0.080068	-0.080106	-0.080180	-0.080163	-0.080223
416.000000	-0.080509	-0.080381	-0.080552	-0.080423	-0.080558	-0.080555	-0.080687
417.000000	-0.080663	-0.080570	-0.080795	-0.080632	-0.080631	-0.080714	-0.080858
418.000000	-0.080720	-0.080785	-0.080961	-0.080832	-0.080644	-0.080805	-0.080964
419.000000	-0.081015	-0.081105	-0.081263	-0.081126	-0.080899	-0.081049	-0.081281
420.000000	-0.081382	-0.081400	-0.081586	-0.081403	-0.081277	-0.081346	-0.081632
421.000000	-0.081486	-0.081484	-0.081699	-0.081485	-0.081507	-0.081489	-0.081692
422.000000	-0.081421	-0.081484	-0.081678	-0.081505	-0.081638	-0.081551	-0.081615
423.000000	-0.081539	-0.081710	-0.081778	-0.081771	-0.081902	-0.081769	-0.081831
424.000000	-0.081847	-0.082073	-0.082013	-0.082186	-0.082241	-0.082104	-0.082280
425.000000	-0.082030	-0.082127	-0.082175	-0.082283	-0.082332	-0.082263	-0.082458
426.000000	-0.082014	-0.081841	-0.082203	-0.082016	-0.082156	-0.082194	-0.082249
427.000000	-0.082053	-0.081748	-0.082244	-0.081907	-0.082115	-0.082172	-0.082074
428.000000	-0.082268	-0.082107	-0.082380	-0.082211	-0.082389	-0.082346	-0.082197
429.000000	-0.082475	-0.082565	-0.082539	-0.082586	-0.082669	-0.082577	-0.082496
430.000000	-0.082548	-0.082820	-0.082664	-0.082766	-0.082744	-0.082752	-0.082822
431.000000	-0.082623	-0.082926	-0.082802	-0.082892	-0.082831	-0.082922	-0.083073
432.000000	-0.082836	-0.082995	-0.082996	-0.083122	-0.083138	-0.083138	-0.083179
433.000000	-0.083108	-0.083117	-0.083183	-0.083353	-0.083461	-0.083329	-0.083205
434.000000	-0.083311	-0.083352	-0.083293	-0.083444	-0.083544	-0.083415	-0.083241
435.000000	-0.083438	-0.083605	-0.083392	-0.083473	-0.083512	-0.083482	-0.083337
436.000000	-0.083528	-0.083734	-0.083586	-0.083593	-0.083625	-0.083669	-0.083517
437.000000	-0.083615	-0.083772	-0.083799	-0.083780	-0.083850	-0.083922	-0.083735
438.000000	-0.083726	-0.083851	-0.083850	-0.083902	-0.083978	-0.084073	-0.083905
439.000000	-0.083857	-0.083979	-0.083769	-0.083932	-0.083974	-0.084094	-0.083992
440.000000	-0.083974	-0.084050	-0.083774	-0.083930	-0.083954	-0.084084	-0.084007
441.000000	-0.084065	-0.084059	-0.083941	-0.083957	-0.084002	-0.084106	-0.084009
442.000000	-0.084144	-0.084131	-0.084150	-0.084060	-0.084147	-0.084170	-0.084119
443.000000	-0.084230	-0.084318	-0.084319	-0.084252	-0.084373	-0.084276	-0.084365
444.000000	-0.084341	-0.084517	-0.084465	-0.084474	-0.084593	-0.084418	-0.084590
445.000000	-0.084493	-0.084652	-0.084614	-0.084673	-0.084745	-0.084591	-0.084688
446.000000	-0.084679	-0.084776	-0.084776	-0.084825	-0.084873	-0.084798	-0.084753
447.000000	-0.084880	-0.084943	-0.084952	-0.084922	-0.085019	-0.085030	-0.084890
448.000000	-0.085041	-0.085108	-0.085109	-0.085016	-0.085159	-0.085208	-0.085075
449.000000	-0.085108	-0.085208	-0.085208	-0.085153	-0.085251	-0.085257	-0.085252
450.000000	-0.085100	-0.085221	-0.085223	-0.085266	-0.085269	-0.085221	-0.085334
451.000000	-0.085062	-0.085150	-0.085144	-0.085255	-0.085194	-0.085190	-0.085244
452.000000	-0.085026	-0.085038	-0.085040	-0.085143	-0.085079	-0.085182	-0.085071
453.000000	-0.085013	-0.084954	-0.085023	-0.085030	-0.085017	-0.085181	-0.084998
454.000000	-0.085042	-0.084956	-0.085117	-0.084997	-0.085058	-0.085205	-0.085089
455.000000	-0.085132	-0.085089	-0.085273	-0.085104	-0.085211	-0.085303	-0.085306
456.000000	-0.085268	-0.085295	-0.085417	-0.085311	-0.085419	-0.085445	-0.085553
457.000000	-0.085390	-0.085388	-0.085445	-0.085455	-0.085542	-0.085501	-0.085678
458.000000	-0.085448	-0.085303	-0.085341	-0.085459	-0.085521	-0.085431	-0.085620
459.000000	-0.085409	-0.085205	-0.085254	-0.085417	-0.085462	-0.085373	-0.085499
460.000000	-0.085289	-0.085221	-0.085286	-0.085409	-0.085449	-0.085427	-0.085427
461.000000	-0.085233	-0.085302	-0.085372	-0.085442	-0.085465	-0.085534	-0.085442
462.000000	-0.085351	-0.085385	-0.085436	-0.085499	-0.085481	-0.085622	-0.085546
463.000000	-0.085502	-0.085458	-0.085484	-0.085537	-0.085473	-0.085655	-0.085647
464.000000	-0.085520	-0.085522	-0.085537	-0.085520	-0.085433	-0.085620	-0.085652
465.000000	-0.085477	-0.085550	-0.085584	-0.085510	-0.085418	-0.085587	-0.085631
466.000000	-0.085520	-0.085514	-0.085605	-0.085595	-0.085499	-0.085646	-0.085700
467.000000	-0.085616	-0.085471	-0.085622	-0.085745	-0.085648	-0.085762	-0.085818
468.000000	-0.085639	-0.085521	-0.085679	-0.085863	-0.085779	-0.085837	-0.085860
469.000000	-0.085582	-0.085666	-0.085757	-0.085899	-0.085839	-0.085853	-0.085816
470.000000	-0.085537	-0.085828	-0.085788	-0.085842	-0.085803	-0.085858	-0.085768
471.000000	-0.085559	-0.085928	-0.085752	-0.085729	-0.085713	-0.085858	-0.085754
472.000000	-0.085653	-0.085896	-0.085696	-0.085651	-0.085699	-0.085806	-0.085762
473.000000	-0.085789	-0.085748	-0.085674	-0.085664	-0.085812	-0.085722	-0.085791
474.000000	-0.085882	-0.085664	-0.085757	-0.085752	-0.085967	-0.085753	-0.085867
475.000000	-0.085875	-0.085743	-0.085941	-0.085874	-0.086077	-0.085950	-0.085978
476.000000	-0.085801	-0.085849	-0.086032	-0.085941	-0.086078	-0.086079	-0.086009
477.000000	-0.085717	-0.085861	-0.085896	-0.085897	-0.085954	-0.085960	-0.085889
478.000000	-0.085716	-0.085857	-0.085735	-0.085841	-0.085862	-0.085784	-0.085793
479.000000	-0.085866	-0.085939	-0.085777	-0.085880	-0.085956	-0.085784	-0.085903
480.000000	-0.086042	-0.086048	-0.085941	-0.085964	-0.086139	-0.085918	-0.086111
481.000000	-0.086065	-0.086082	-0.086042	-0.085992	-0.086237	-0.086048	-0.086222
482.000000	-0.085941	-0.086013	-0.086032	-0.085948	-0.086201	-0.086110	-0.086194
483.000000	-0.085775	-0.085862	-0.085938	-0.085862	-0.086053	-0.086079	-0.086069
484.000000	-0.085625	-0.085682	-0.085792	-0.085766	-0.085866	-0.085976	-0.085915
485.000000	-0.085514	-0.085551	-0.085631	-0.085699	-0.085746	-0.085860	-0.085813
486.000000	-0.085456	-0.085508	-0.085504	-0.085654	-0.085711	-0.085772	-0.085775
487.000000	-0.085453	-0.085552	-0.085471	-0.085583	-0.085677	-0.085723	-0.085739
488.000000	-0.085490	-0.085638	-0.085528	-0.085486	-0.085619	-0.085707	-0.085684
489.000000	-0.085531	-0.085663	-0.085566	-0.085444	-0.085613	-0.085681	-0.085672
490.000000	-0.085559	-0.085599	-0.085536	-0.085506	-0.085698	-0.085639	-0.085733
491.000000	-0.085609	-0.085610	-0.085548	-0.085632	-0.085792	-0.085671	-0.085812
492.000000	-0.085682	-0.085789	-0.085663	-0.085751	-0.085810	-0.085809	-0.085841
493.000000	-0.085642	-0.085859	-0.085679	-0.085739	-0.085705	-0.085823	-0.085745
494.000000	-0.085377	-0.085561	-0.085415	-0.085513	-0.085470	-0.085513	-0.085488
495.000000	-0.085085	-0.085164	-0.085104	-0.085270	-0.085263	-0.085164	-0.085249
496.000000	-0.085030	-0.085061	-0.085072	-0.085259	-0.085266	-0.085156	-0.085242
497.000000	-0.085143	-0.085160	-0.085230	-0.085365	-0.085375	-0.085331	-0.085376
498.000000	-0.085200	-0.085146	-0.085296	-0.085311	-0.085361	-0.085285	-0.085418
499.000000	-0.085134	-0.084993	-0.085212	-0.085114	-0.085218	-0.085045	-0.085325
500.000000	-0.084998	-0.084878	-0.085079	-0.084996	-0.085095	-0.084939	-0.085193
501.000000	-0.084840	-0.084839	-0.084940	-0.084985	-0.085013	-0.085002	-0.085050
502.000000	-0.084704	-0.084763	-0.084777	-0.084897	-0.084862	-0.084958	-0.084852
503.000000	-0.084610	-0.084614	-0.084608	-0.084689	-0.084633	-0.084726	-0.084632
504.000000	-0.084546	-0.084484	-0.084512	-0.084541	-0.084490	-0.084533	-0.084538
505.000000	-0.084489	-0.084433	-0.084509	-0.084538	-0.084510	-0.084515	-0.084620
506.000000	-0.084394	-0.084419	-0.084485	-0.084519	-0.084560	-0.084542	-0.084699
507.000000	-0.084247	-0.084388	-0.084357	-0.084360	-0.084520	-0.084488	-0.084629
508.000000	-0.084135	-0.084294	-0.084222	-0.084175	-0.084411	-0.084362	-0.084481
509.000000	-0.084134	-0.084122	-0.084180	-0.084093	-0.084283	-0.084205	-0.084352
510.000000	-0.084169	-0.084004	-0.084186	-0.084097	-0.084171	-0.084094	-0.084264
511.000000	-0.084123	-0.084076	-0.084156	-0.084119	-0.084095	-0.084098	-0.084211
512.000000	-0.083978	-0.084179	-0.084049	-0.084090	-0.084015	-0.084112	-0.084143
513.000000	-0.083762	-0.084047	-0.083849	-0.083948	-0.083870	-0.083975	-0.084001
514.000000	-0.083557	-0.083745	-0.083632	-0.083749	-0.083714	-0.083736	-0.083822
515.000000	-0.083475	-0.083553	-0.083526	-0.083621	-0.083666	-0.083579	-0.083701
516.000000	-0.083483	-0.083510	-0.083510	-0.083567	-0.083686	-0.083528	-0.083637
517.000000	-0.083411	-0.083425	-0.083422	-0.083473	-0.083576	-0.083447	-0.083532
518.000000	-0.083211	-0.083224	-0.083219	-0.083301	-0.083304	-0.083295	-0.083353
519.000000	-0.083016	-0.083009	-0.083036	-0.083122	-0.083077	-0.083170	-0.083165
520.000000	-0.082908	-0.082859	-0.082944	-0.082981	-0.083003	-0.083114	-0.083016
521.000000	-0.082840	-0.082783	-0.082867	-0.082848	-0.082958	-0.083044	-0.082913
522.000000	-0.082764	-0.082763	-0.082741	-0.082706	-0.082839	-0.082898	-0.082845
523.000000	-0.082663	-0.082720	-0.082606	-0.082590	-0.082680	-0.082737	-0.082778
524.000000	-0.082536	-0.082591	-0.082505	-0.082530	-0.082534	-0.082625	-0.082679
525.000000	-0.082408	-0.082408	-0.082429	-0.082484	-0.082429	-0.082554	-0.082553
526.000000	-0.082312	-0.082229	-0.082357	-0.082402	-0.082380	-0.082497	-0.082419
527.000000	-0.082251	-0.082113	-0.082294	-0.082313	-0.082357	-0.082430	-0.082313
528.000000	-0.082214	-0.082110	-0.082253	-0.082268	-0.082315	-0.082333	-0.082273
529.000000	-0.082162	-0.082138	-0.082195	-0.082222	-0.082223	-0.082214	-0.082253
530.000000	-0.082042	-0.082046	-0.082057	-0.082075	-0.082060	-0.082094	-0.082164
531.000000	-0.081871	-0.081831	-0.081869	-0.081861	-0.081873	-0.081978	-0.082000
532.000000	-0.081727	-0.081623	-0.081738	-0.081730	-0.081760	-0.081860	-0.081830
533.000000	-0.081648	-0.081516	-0.081704	-0.081722	-0.081755	-0.081758	-0.081713
534.000000	-0.081616	-0.081562	-0.081715	-0.081737	-0.081802	-0.081724	-0.081691
535.000000	-0.081581	-0.081688	-0.081686	-0.081694	-0.081809	-0.081731	-0.081721
536.000000	-0.081436	-0.081607	-0.081486	-0.081568	-0.081624	-0.081611	-0.081611
537.000000	-0.081188	-0.081246	-0.081147	-0.081371	-0.081274	-0.081336	-0.081332
538.000000	-0.081164	-0.081164	-0.081152	-0.081200	-0.081274	-0.081311	-0.081336
539.000000	-0.081481	-0.081604	-0.081655	-0.081132	-0.081795	-0.081675	-0.081766
540.000000	-0.081202	-0.081142	-0.081195	-0.081087	-0.081304	-0.081243	-0.081245
541.000000	-0.079703	-0.078855	-0.078842	-0.080979	-0.078825	-0.079275	-0.078924
542.000000	-0.079820	-0.079347	-0.079269	-0.080888	-0.079288	-0.079688	-0.079436
543.000000	-0.084447	-0.087242	-0.087187	-0.080913	-0.087658	-0.086400	-0.087408
544.000000	-0.084936	-0.087997	-0.088025	-0.080760	-0.088508	-0.087025	-0.088224
545.000000	-0.067143	-0.058469	-0.058551	-0.079234	-0.057387	-0.061837	-0.058631
546.000000	-0.029714	-0.004767	-0.004867	-0.064615	-0.002914	-0.015688	-0.004799
547.000000	0.018124	0.044048	0.043911	-0.018237	0.040595	0.027253	0.044030
548.000000	0.054033	0.064233	0.064061	0.039603	0.051682	0.046290	0.064103
549.000000	0.041743	0.039106	0.039013	0.045213	0.024424	0.025557	0.038926
550.000000	-0.020029	-0.023103	-0.023019	-0.016005	-0.029903	-0.028510	-0.023199
551.000000	-0.074864	-0.074554	-0.074418	-0.075602	-0.073616	-0.073889	-0.074569
552.000000	-0.086568	-0.085779	-0.085811	-0.087960	-0.083994	-0.084459	-0.085802
553.000000	-0.078893	-0.079012	-0.079187	-0.078975	-0.079190	-0.079126	-0.079067
554.000000	-0.076734	-0.077091	-0.077187	-0.076438	-0.077762	-0.077495	-0.077142
555.000000	-0.078863	-0.078980	-0.078935	-0.078839	-0.079151	-0.078977	-0.079041
556.000000	-0.079474	-0.079460	-0.079405	-0.079557	-0.079416	-0.079393	-0.079590
557.000000	-0.078741	-0.078749	-0.078773	-0.078776	-0.078813	-0.078896	-0.078945
558.000000	-0.078531	-0.078593	-0.078673	-0.078610	-0.078746	-0.078842	-0.078762
559.000000	-0.078539	-0.078636	-0.078714	-0.078723	-0.078780	-0.078834	-0.078723
560.000000	-0.077605	-0.077708	-0.077728	-0.077806	-0.077787	-0.077822	-0.077750
561.000000	-0.077147	-0.077235	-0.077188	-0.077284	-0.077250	-0.077296	-0.077289
562.000000	-0.080080	-0.080158	-0.080106	-0.080187	-0.080163	-0.080212	-0.080247
563.000000	-0.082226	-0.082302	-0.082306	-0.082357	-0.082354	-0.082387	-0.082425
564.000000	-0.072725	-0.072786	-0.072839	-0.072857	-0.072894	-0.072907	-0.072932
565.000000	-0.061766	-0.061796	-0.061858	-0.061853	-0.061937	-0.061940	-0.061952
566.000000	-0.089752	-0.089757	-0.089815	-0.089807	-0.089901	-0.089915	-0.089926
567.000000	-0.160170	-0.160172	-0.160229	-0.160243	-0.160294	-0.160335	-0.160355
568.000000	-0.195673	-0.195684	-0.195729	-0.195791	-0.195786	-0.195832	-0.195849
569.000000	-0.146861	-0.146886	-0.146898	-0.147023	-0.146986	-0.146998	-0.146991
570.000000	-0.079356	-0.079401	-0.079383	-0.079547	-0.079493	-0.079500	-0.079465
571.000000	-0.061449	-0.061511	-0.061492	-0.061642	-0.061573	-0.061654	-0.061610
572.000000	-0.074763	-0.074809	-0.074818	-0.074924	-0.074858	-0.075000	-0.074956
573.000000	-0.081350	-0.081317	-0.081377	-0.081444	-0.081414	-0.081498	-0.081452
574.000000	-0.078039	-0.077937	-0.078032	-0.078078	-0.078104	-0.078060	-0.078035
575.000000	-0.075531	-0.075469	-0.075542	-0.075584	-0.075661	-0.075536	-0.075584
576.000000	-0.076055	-0.076090	-0.076112	-0.076160	-0.076255	-0.076129	-0.076256
577.000000	-0.076725	-0.076779	-0.076790	-0.076842	-0.076899	-0.076842	-0.076956
578.000000	-0.076551	-0.076534	-0.076583	-0.076623	-0.076628	-0.076662	-0.076685
579.000000	-0.076252	-0.076175	-0.076267	-0.076260	-0.076297	-0.076371	-0.076326
580.000000	-0.076077	-0.076001	-0.076116	-0.076042	-0.076186	-0.076222	-0.076185
581.000000	-0.075627	-0.075603	-0.075722	-0.075604	-0.075788	-0.075747	-0.075767
582.000000	-0.075117	-0.075163	-0.075268	-0.075157	-0.075261	-0.075151	-0.075238
583.000000	-0.075927	-0.076005	-0.076077	-0.076007	-0.076036	-0.075920	-0.076020
584.000000	-0.077701	-0.077743	-0.077776	-0.077757	-0.077799	-0.077759	-0.077796
585.000000	-0.075234	-0.075234	-0.075261	-0.075279	-0.075341	-0.075377	-0.075368
586.000000	-0.068664	-0.068663	-0.068743	-0.068763	-0.068785	-0.068826	-0.068861
587.000000	-0.081831	-0.081833	-0.081968	-0.081963	-0.081952	-0.081957	-0.082047
588.000000	-0.133307	-0.133272	-0.133403	-0.133363	-0.133404	-0.133381	-0.133445
589.000000	-0.177533	-0.177465	-0.177553	-0.177500	-0.177609	-0.177585	-0.177587
590.000000	-0.155380	-0.155348	-0.155398	-0.155384	-0.155472	-0.155479	-0.155465
591.000000	-0.093726	-0.093777	-0.093794	-0.093844	-0.093846	-0.093893	-0.093914
592.000000	-0.060847	-0.060955	-0.060923	-0.061006	-0.060945	-0.061013	-0.061079
593.000000	-0.066708	-0.066825	-0.066755	-0.066822	-0.066755	-0.066824	-0.066900
594.000000	-0.077539	-0.077620	-0.077590	-0.077600	-0.077572	-0.077650	-0.077657
595.000000	-0.077442	-0.077472	-0.077552	-0.077482	-0.077518	-0.077613	-0.077500
596.000000	-0.070957	-0.070967	-0.071140	-0.071004	-0.071093	-0.071182	-0.071002
597.000000	-0.063787	-0.063822	-0.064012	-0.063851	-0.063958	-0.064017	-0.063868
598.000000	-0.061849	-0.061909	-0.062037	-0.061915	-0.061997	-0.062043	-0.061968
599.000000	-0.067148	-0.067202	-0.067220	-0.067192	-0.067218	-0.067279	-0.067274
600.000000	-0.072982	-0.073015	-0.072968	-0.073017	-0.073005	-0.073047	-0.073083
601.000000	-0.073889	-0.073903	-0.073894	-0.073948	-0.073950	-0.073908	-0.073947
602.000000	-0.072251	-0.072252	-0.072298	-0.072324	-0.072347	-0.072262	-0.072297
603.000000	-0.071371	-0.071365	-0.071397	-0.071411	-0.071417	-0.071419	-0.071470
604.000000	-0.071258	-0.071265	-0.071256	-0.071287	-0.071255	-0.071352	-0.071416
605.000000	-0.071026	-0.071071	-0.071068	-0.071142	-0.071090	-0.071132	-0.071171
606.000000	-0.070565	-0.070643	-0.070681	-0.070793	-0.070732	-0.070674	-0.070664
607.000000	-0.070106	-0.070160	-0.070229	-0.070331	-0.070260	-0.070250	-0.070200
608.000000	-0.069720	-0.069715	-0.069788	-0.069840	-0.069777	-0.069905	-0.069849
609.000000	-0.069375	-0.069339	-0.069389	-0.069392	-0.069397	-0.069535	-0.069529
610.000000	-0.069044	-0.069022	-0.069037	-0.069019	-0.069116	-0.069133	-0.069206
611.000000	-0.068702	-0.068719	-0.068715	-0.068712	-0.068825	-0.068776	-0.068893
612.000000	-0.068354	-0.068405	-0.068416	-0.068440	-0.068491	-0.068490	-0.068586
613.000000	-0.068041	-0.068090	-0.068146	-0.068144	-0.068179	-0.068226	-0.068262
614.000000	-0.067787	-0.067796	-0.067917	-0.067824	-0.067930	-0.067966	-0.067932
615.000000	-0.067580	-0.067566	-0.067738	-0.067600	-0.067718	-0.067765	-0.067677
616.000000	-0.067407	-0.067417	-0.067605	-0.067529	-0.067526	-0.067648	-0.067538
617.000000	-0.067248	-0.067290	-0.067460	-0.067474	-0.067375	-0.067545	-0.067432
618.000000	-0.067088	-0.067131	-0.067259	-0.067311	-0.067273	-0.067391	-0.067276
619.000000	-0.066926	-0.066967	-0.067034	-0.067091	-0.067156	-0.067203	-0.067099
620.000000	-0.066765	-0.066835	-0.066833	-0.066902	-0.066963	-0.067020	-0.066946
621.000000	-0.066624	-0.066724	-0.066681	-0.066766	-0.066754	-0.066862	-0.066806
622.000000	-0.066517	-0.066604	-0.066585	-0.066675	-0.066621	-0.066739	-0.066653
623.000000	-0.066405	-0.066449	-0.066497	-0.066586	-0.066542	-0.066622	-0.066492
624.000000	-0.066226	-0.066242	-0.066344	-0.066434	-0.066432	-0.066461	-0.066348
625.000000	-0.066021	-0.066028	-0.066143	-0.066236	-0.066269	-0.066265	-0.066225
626.000000	-0.065908	-0.065897	-0.065981	-0.066062	-0.066071	-0.066089	-0.066115
627.000000	-0.065872	-0.065844	-0.065868	-0.065921	-0.065875	-0.065946	-0.065994
628.000000	-0.065754	-0.065758	-0.065728	-0.065747	-0.065725	-0.065810	-0.065821
629.000000	-0.065503	-0.065596	-0.065535	-0.065540	-0.065623	-0.065665	-0.065603
630.000000	-0.065262	-0.065420	-0.065342	-0.065407	-0.065497	-0.065513	-0.065425
631.000000	-0.065125	-0.065276	-0.065190	-0.065379	-0.065313	-0.065363	-0.065328
632.000000	-0.065051	-0.065136	-0.065079	-0.065303	-0.065136	-0.065229	-0.065246
633.000000	-0.064983	-0.064979	-0.064997	-0.065078	-0.065019	-0.065115	-0.065122
634.000000	-0.064875	-0.064828	-0.064903	-0.064845	-0.064932	-0.064983	-0.064995
635.000000	-0.064694	-0.064704	-0.064764	-0.064749	-0.064831	-0.064803	-0.064899
636.000000	-0.064476	-0.064572	-0.064592	-0.064688	-0.064696	-0.064630	-0.064766
637.000000	-0.064271	-0.064393	-0.064411	-0.064509	-0.064517	-0.064522	-0.064516
638.000000	-0.064107	-0.064191	-0.064224	-0.064237	-0.064299	-0.064408	-0.064225
639.000000	-0.064000	-0.064016	-0.064026	-0.063971	-0.064062	-0.064170	-0.064024
640.000000	-0.063915	-0.063884	-0.063855	-0.063784	-0.063868	-0.063890	-0.063926
641.000000	-0.063792	-0.063784	-0.063771	-0.063726	-0.063802	-0.063763	-0.063864
642.000000	-0.063654	-0.063706	-0.063752	-0.063755	-0.063827	-0.063787	-0.063808
643.000000	-0.063595	-0.063643	-0.063701	-0.063748	-0.063800	-0.063774	-0.063760
644.000000	-0.063602	-0.063573	-0.063591	-0.063649	-0.063672	-0.063657	-0.063702
645.000000	-0.063522	-0.063461	-0.063491	-0.063504	-0.063524	-0.063532	-0.063584
646.000000	-0.063319	-0.063325	-0.063444	-0.063367	-0.063423	-0.063475	-0.063424
647.000000	-0.063197	-0.063286	-0.063443	-0.063313	-0.063393	-0.063497	-0.063364
648.000000	-0.063276	-0.063398	-0.063472	-0.063370	-0.063432	-0.063583	-0.063478
649.000000	-0.063389	-0.063517	-0.063501	-0.063453	-0.063485	-0.063661	-0.063613
650.000000	-0.063372	-0.063508	-0.063500	-0.063476	-0.063500	-0.063663	-0.063623
651.000000	-0.063281	-0.063411	-0.063441	-0.063437	-0.063480	-0.063573	-0.063537
652.000000	-0.063201	-0.063292	-0.063302	-0.063344	-0.063430	-0.063395	-0.063417
653.000000	-0.063095	-0.063126	-0.063097	-0.063156	-0.063305	-0.063162	-0.063248
654.000000	-0.062888	-0.062861	-0.062856	-0.062825	-0.063047	-0.062917	-0.062993
655.000000	-0.062598	-0.062533	-0.062588	-0.062458	-0.062694	-0.062666	-0.062692
656.000000	-0.062291	-0.062220	-0.062300	-0.062231	-0.062332	-0.062402	-0.062418
657.000000	-0.062038	-0.061996	-0.062057	-0.062138	-0.062039	-0.062174	-0.062202
658.000000	-0.061912	-0.061928	-0.061958	-0.062048	-0.061888	-0.062065	-0.062044
659.000000	-0.061891	-0.061966	-0.061970	-0.061924	-0.061871	-0.062058	-0.061947
660.000000	-0.061853	-0.061942	-0.061915	-0.061839	-0.061900	-0.062020	-0.061920
661.000000	-0.061739	-0.061788	-0.061733	-0.061802	-0.061888	-0.061889	-0.061918
662.000000	-0.061583	-0.061595	-0.061553	-0.061728	-0.061761	-0.061713	-0.061814
663.000000	-0.061410	-0.061423	-0.061446	-0.061559	-0.061507	-0.061525	-0.061553
664.000000	-0.061204	-0.061242	-0.061314	-0.061325	-0.061239	-0.061309	-0.061253
665.000000	-0.060943	-0.061006	-0.061066	-0.061045	-0.061031	-0.061043	-0.060998
666.000000	-0.060594	-0.060651	-0.060704	-0.060686	-0.060773	-0.060719	-0.060701
667.000000	-0.060153	-0.060152	-0.060260	-0.060231	-0.060368	-0.060341	-0.060284
668.000000	-0.059729	-0.059690	-0.059841	-0.059803	-0.059951	-0.059969	-0.059860
669.000000	-0.059448	-0.059458	-0.059554	-0.059534	-0.059684	-0.059665	-0.059573
670.000000	-0.059281	-0.059343	-0.059355	-0.059366	-0.059496	-0.059410	-0.059365
671.000000	-0.059137	-0.059127	-0.059144	-0.059169	-0.059229	-0.059152	-0.059108
672.000000	-0.058963	-0.058812	-0.058902	-0.058914	-0.058903	-0.058895	-0.058814
673.000000	-0.058728	-0.058535	-0.058655	-0.058636	-0.058640	-0.058676	-0.058575
674.000000	-0.058459	-0.058351	-0.058437	-0.058386	-0.058471	-0.058488	-0.058428
675.000000	-0.058234	-0.058243	-0.058282	-0.058229	-0.058344	-0.058289	-0.058352
676.000000	-0.058093	-0.058180	-0.058206	-0.058171	-0.058240	-0.058099	-0.058316
677.000000	-0.058030	-0.058115	-0.058199	-0.058150	-0.058185	-0.058013	-0.058275
678.000000	-0.058029	-0.058044	-0.058231	-0.058136	-0.058186	-0.058064	-0.058225
679.000000	-0.058058	-0.058040	-0.058242	-0.058156	-0.058210	-0.058165	-0.058234
680.000000	-0.058074	-0.058111	-0.058188	-0.058206	-0.058223	-0.058228	-0.058310
681.000000	-0.058013	-0.058090	-0.058070	-0.058188	-0.058188	-0.058187	-0.058283
682.000000	-0.057853	-0.057873	-0.057925	-0.058045	-0.058094	-0.058032	-0.058050
683.000000	-0.057748	-0.057693	-0.057878	-0.057942	-0.058022	-0.057939	-0.057851
684.000000	-0.057839	-0.057786	-0.058027	-0.058037	-0.058052	-0.058070	-0.057927
685.000000	-0.057991	-0.058009	-0.058221	-0.058203	-0.058146	-0.058275	-0.058132
686.000000	-0.058008	-0.058119	-0.058251	-0.058239	-0.058226	-0.058329	-0.058219
687.000000	-0.057911	-0.058075	-0.058129	-0.058152	-0.058224	-0.058237	-0.058167
688.000000	-0.057822	-0.057933	-0.057969	-0.058042	-0.058083	-0.058107	-0.058059
689.000000	-0.057770	-0.057777	-0.057834	-0.057939	-0.057878	-0.057976	-0.057941
690.000000	-0.057716	-0.057701	-0.057751	-0.057826	-0.057771	-0.057829	-0.057833
691.000000	-0.057663	-0.057706	-0.057712	-0.057723	-0.057794	-0.057715	-0.057762
692.000000	-0.057655	-0.057706	-0.057676	-0.057691	-0.057857	-0.057746	-0.057763
693.000000	-0.057700	-0.057679	-0.057640	-0.057749	-0.057901	-0.057900	-0.057826
694.000000	-0.057763	-0.057698	-0.057654	-0.057862	-0.057915	-0.057978	-0.057882
695.000000	-0.057809	-0.057790	-0.057730	-0.057971	-0.057900	-0.057890	-0.057890
696.000000	-0.057811	-0.057888	-0.057798	-0.057978	-0.057876	-0.057785	-0.057877
697.000000	-0.057775	-0.057939	-0.057817	-0.057855	-0.057869	-0.057788	-0.057876
698.000000	-0.057789	-0.057966	-0.057855	-0.057789	-0.057921	-0.057877	-0.057922
699.000000	-0.057915	-0.058002	-0.057969	-0.057932	-0.058053	-0.058001	-0.058030
700.000000	-0.058047	-0.058050	-0.058091	-0.058148	-0.058184	-0.058096	-0.058139
701.000000	-0.058066	-0.058103	-0.058142	-0.058259	-0.058226	-0.058113	-0.058185
702.000000	-0.058034	-0.058131	-0.058149	-0.058275	-0.058223	-0.058117	-0.058211
703.000000	-0.058066	-0.058099	-0.058178	-0.058270	-0.058252	-0.058196	-0.058288
704.000000	-0.058137	-0.058017	-0.058207	-0.058238	-0.058299	-0.058268	-0.058371
705.000000	-0.058153	-0.057918	-0.058178	-0.058131	-0.058296	-0.058173	-0.058359
706.000000	-0.058092	-0.057842	-0.058082	-0.057999	-0.058229	-0.057974	-0.058239
707.000000	-0.057991	-0.057833	-0.057951	-0.057960	-0.058121	-0.057900	-0.058063
708.000000	-0.057864	-0.057852	-0.057795	-0.057979	-0.057991	-0.057959	-0.057884
709.000000	-0.057696	-0.057768	-0.057601	-0.057865	-0.057856	-0.057922	-0.057748
710.000000	-0.057494	-0.057551	-0.057386	-0.057579	-0.057715	-0.057700	-0.057653
711.000000	-0.057296	-0.057325	-0.057212	-0.057327	-0.057544	-0.057441	-0.057517
712.000000	-0.057131	-0.057166	-0.057111	-0.057223	-0.057328	-0.057243	-0.057298
713.000000	-0.056992	-0.057024	-0.057029	-0.057128	-0.057084	-0.057054	-0.057051
714.000000	-0.056855	-0.056843	-0.056912	-0.056918	-0.056830	-0.056820	-0.056825
715.000000	-0.056653	-0.056614	-0.056728	-0.056618	-0.056576	-0.056540	-0.056612
716.000000	-0.056337	-0.056337	-0.056459	-0.056284	-0.056327	-0.056230	-0.056390
717.000000	-0.055992	-0.056003	-0.056130	-0.055982	-0.056071	-0.055939	-0.056123
718.000000	-0.055721	-0.055612	-0.055773	-0.055766	-0.055798	-0.055708	-0.055786
719.000000	-0.055485	-0.055243	-0.055412	-0.055575	-0.055530	-0.055485	-0.055473
720.000000	-0.055199	-0.054999	-0.055072	-0.055319	-0.055305	-0.055196	-0.055310
721.000000	-0.054943	-0.054924	-0.054850	-0.055069	-0.055157	-0.054965	-0.055235
722.000000	-0.054879	-0.055013	-0.054870	-0.054982	-0.055112	-0.055015	-0.055081
723.000000	-0.054909	-0.055058	-0.054973	-0.054983	-0.055053	-0.055152	-0.054810
724.000000	-0.054725	-0.054692	-0.054778	-0.054809	-0.054744	-0.054853	-0.054492
725.000000	-0.054287	-0.053993	-0.054251	-0.054427	-0.054240	-0.054130	-0.054182
726.000000	-0.053884	-0.053567	-0.053785	-0.054071	-0.053939	-0.053630	-0.053909
727.000000	-0.053698	-0.053600	-0.053598	-0.053854	-0.053973	-0.053623	-0.053723
728.000000	-0.053704	-0.053534	-0.053585	-0.053649	-0.054012	-0.053686	-0.053703
729.000000	-0.053852	-0.053112	-0.053675	-0.053417	-0.053867	-0.053582	-0.053888
730.000000	-0.054081	-0.052957	-0.053948	-0.053374	-0.053791	-0.053663	-0.054228
731.000000	-0.054338	-0.053587	-0.054464	-0.053686	-0.054006	-0.054231	-0.054660
732.000000	-0.054606	-0.054714	-0.055123	-0.054215	-0.054409	-0.055103	-0.055138
