[HEADER]
Format	J&M ASCII Table
Comment	
Date	2/12/1980 6:01:15 AM
Order	Y (evenX)
TechType	UV
NumPoints	483
FirstX	250.00
LastX	732.00
XType	NMetr
YType	Absrb
ZType	Secs
NumSubFile	7
Matrix	Z vs X
[DATA]
	0.000000	5.000064	10.000128	15.000256	20.000320	25.000383	30.000511
250.000000	0.948873	0.947138	0.945150	0.942293	0.943138	0.942737	0.942191
251.000000	0.921088	0.919862	0.917369	0.914334	0.915499	0.914758	0.914169
252.000000	0.893502	0.892035	0.890128	0.887883	0.887937	0.886418	0.886162
253.000000	0.866647	0.864895	0.863757	0.862015	0.860820	0.859115	0.859118
254.000000	0.840991	0.839471	0.838458	0.836116	0.834571	0.833915	0.833758
255.000000	0.816593	0.815487	0.813963	0.811253	0.809684	0.810155	0.809656
256.000000	0.793360	0.792414	0.790011	0.788520	0.786533	0.786934	0.786247
257.000000	0.770826	0.769860	0.766936	0.767143	0.764750	0.764117	0.763550
258.000000	0.748499	0.747557	0.745205	0.745860	0.743762	0.741864	0.741787
259.000000	0.726782	0.725911	0.724703	0.724652	0.723419	0.720610	0.721206
260.000000	0.706473	0.705614	0.705014	0.704111	0.703767	0.700876	0.702005
261.000000	0.687442	0.686466	0.685811	0.684414	0.684510	0.682241	0.683510
262.000000	0.668844	0.667580	0.666830	0.665397	0.665104	0.663581	0.664403
263.000000	0.649981	0.648323	0.647752	0.646610	0.645405	0.644363	0.644399
264.000000	0.630359	0.628375	0.628191	0.627288	0.625725	0.624754	0.624411
265.000000	0.609991	0.607856	0.608066	0.607203	0.606188	0.604968	0.604914
266.000000	0.589733	0.587596	0.587827	0.587053	0.586554	0.585237	0.585533
267.000000	0.570066	0.568076	0.567821	0.567300	0.566661	0.565656	0.565915
268.000000	0.550304	0.548700	0.548014	0.547557	0.546645	0.545962	0.545962
269.000000	0.529832	0.528867	0.528238	0.527449	0.526617	0.525918	0.525668
270.000000	0.509049	0.508609	0.508044	0.507184	0.506416	0.505620	0.505231
271.000000	0.488486	0.488103	0.487062	0.487038	0.485864	0.485229	0.484855
272.000000	0.467952	0.467422	0.465850	0.466801	0.465098	0.464813	0.464473
273.000000	0.447032	0.446596	0.445222	0.446114	0.444357	0.444385	0.443923
274.000000	0.425874	0.425593	0.424957	0.424988	0.423692	0.423790	0.423152
275.000000	0.404929	0.404358	0.404266	0.403645	0.403037	0.402791	0.402170
276.000000	0.384141	0.383007	0.382985	0.382255	0.382185	0.381462	0.381039
277.000000	0.363026	0.361803	0.361489	0.360940	0.360834	0.360145	0.359862
278.000000	0.341647	0.340901	0.340161	0.339863	0.339262	0.339136	0.338848
279.000000	0.320772	0.320317	0.319360	0.319232	0.318495	0.318653	0.318339
280.000000	0.300771	0.300079	0.299226	0.299118	0.298924	0.298754	0.298454
281.000000	0.281182	0.280253	0.279481	0.279322	0.279663	0.279195	0.278883
282.000000	0.261686	0.260921	0.259990	0.259795	0.260125	0.259847	0.259480
283.000000	0.242653	0.242196	0.241151	0.240998	0.241011	0.241006	0.240702
284.000000	0.224473	0.224165	0.223329	0.223309	0.223041	0.222974	0.222951
285.000000	0.207072	0.206786	0.206303	0.206324	0.206010	0.205747	0.205902
286.000000	0.190283	0.190006	0.189749	0.189540	0.189510	0.189237	0.189132
287.000000	0.174210	0.173943	0.173786	0.173292	0.173550	0.173391	0.172981
288.000000	0.159052	0.158777	0.158697	0.158220	0.158315	0.158179	0.158055
289.000000	0.144798	0.144528	0.144514	0.144287	0.143940	0.143730	0.144253
290.000000	0.131308	0.131114	0.131107	0.131039	0.130524	0.130261	0.131042
291.000000	0.118550	0.118487	0.118387	0.118342	0.118003	0.117755	0.118248
292.000000	0.106605	0.106624	0.106306	0.106369	0.106172	0.105968	0.106049
293.000000	0.095511	0.095507	0.094944	0.095235	0.094988	0.094788	0.094646
294.000000	0.085251	0.085112	0.084551	0.084950	0.084650	0.084299	0.084255
295.000000	0.075740	0.075406	0.075163	0.075430	0.075186	0.074575	0.074876
296.000000	0.066772	0.066327	0.066334	0.066411	0.066237	0.065637	0.066071
297.000000	0.058190	0.057814	0.057723	0.057713	0.057536	0.057428	0.057503
298.000000	0.050055	0.049811	0.049507	0.049504	0.049272	0.049648	0.049345
299.000000	0.042479	0.042298	0.041937	0.041987	0.041683	0.042056	0.041832
300.000000	0.035627	0.035428	0.035130	0.035206	0.034808	0.034925	0.035010
301.000000	0.029623	0.029354	0.029118	0.029129	0.028619	0.028621	0.028850
302.000000	0.024148	0.023827	0.023627	0.023530	0.022986	0.022996	0.023167
303.000000	0.018713	0.018438	0.018265	0.018112	0.017743	0.017680	0.017726
304.000000	0.013314	0.013150	0.013010	0.012872	0.012779	0.012582	0.012511
305.000000	0.008279	0.008186	0.008098	0.008005	0.008028	0.007808	0.007664
306.000000	0.003774	0.003663	0.003653	0.003563	0.003509	0.003410	0.003242
307.000000	-0.000219	-0.000416	-0.000326	-0.000559	-0.000674	-0.000629	-0.000785
308.000000	-0.003819	-0.004114	-0.003942	-0.004420	-0.004497	-0.004364	-0.004505
309.000000	-0.007286	-0.007585	-0.007451	-0.008008	-0.008064	-0.007910	-0.008075
310.000000	-0.010763	-0.010944	-0.010992	-0.011326	-0.011449	-0.011335	-0.011567
311.000000	-0.014087	-0.014188	-0.014394	-0.014434	-0.014639	-0.014591	-0.014842
312.000000	-0.017115	-0.017286	-0.017499	-0.017393	-0.017611	-0.017626	-0.017787
313.000000	-0.019909	-0.020162	-0.020318	-0.020253	-0.020372	-0.020422	-0.020479
314.000000	-0.022581	-0.022766	-0.022915	-0.023044	-0.022959	-0.022994	-0.023041
315.000000	-0.025247	-0.025248	-0.025407	-0.025707	-0.025526	-0.025497	-0.025590
316.000000	-0.027995	-0.027790	-0.027916	-0.028170	-0.028226	-0.028096	-0.028216
317.000000	-0.030612	-0.030287	-0.030383	-0.030476	-0.030834	-0.030652	-0.030767
318.000000	-0.032765	-0.032504	-0.032669	-0.032724	-0.032967	-0.032889	-0.032988
319.000000	-0.034592	-0.034558	-0.034809	-0.034947	-0.034766	-0.034876	-0.034975
320.000000	-0.036577	-0.036813	-0.036960	-0.037129	-0.036759	-0.036935	-0.037072
321.000000	-0.038812	-0.039232	-0.039132	-0.039236	-0.039036	-0.039135	-0.039321
322.000000	-0.040949	-0.041327	-0.041166	-0.041218	-0.041190	-0.041256	-0.041416
323.000000	-0.042826	-0.042975	-0.043026	-0.043073	-0.043054	-0.043183	-0.043250
324.000000	-0.044620	-0.044697	-0.044891	-0.044871	-0.044888	-0.044997	-0.045078
325.000000	-0.046429	-0.046762	-0.046833	-0.046649	-0.046838	-0.046756	-0.047022
326.000000	-0.048076	-0.048677	-0.048609	-0.048344	-0.048677	-0.048410	-0.048808
327.000000	-0.049448	-0.050046	-0.050046	-0.049915	-0.050224	-0.049943	-0.050244
328.000000	-0.050842	-0.051278	-0.051407	-0.051460	-0.051675	-0.051517	-0.051665
329.000000	-0.052552	-0.052845	-0.052971	-0.053077	-0.053252	-0.053268	-0.053417
330.000000	-0.054286	-0.054507	-0.054534	-0.054653	-0.054765	-0.054943	-0.055153
331.000000	-0.055603	-0.055815	-0.055761	-0.056020	-0.055928	-0.056200	-0.056357
332.000000	-0.056644	-0.056866	-0.056788	-0.057207	-0.056959	-0.057218	-0.057251
333.000000	-0.057846	-0.058034	-0.057986	-0.058348	-0.058314	-0.058433	-0.058429
334.000000	-0.059217	-0.059357	-0.059352	-0.059501	-0.059888	-0.059843	-0.059918
335.000000	-0.060427	-0.060602	-0.060590	-0.060661	-0.061133	-0.061095	-0.061294
336.000000	-0.061386	-0.061658	-0.061636	-0.061811	-0.061975	-0.062087	-0.062376
337.000000	-0.062297	-0.062564	-0.062714	-0.062915	-0.062912	-0.063024	-0.063288
338.000000	-0.063261	-0.063391	-0.063868	-0.063930	-0.064122	-0.064028	-0.064132
339.000000	-0.064175	-0.064252	-0.064799	-0.064806	-0.065168	-0.065049	-0.064950
340.000000	-0.064977	-0.065200	-0.065372	-0.065551	-0.065808	-0.066032	-0.065782
341.000000	-0.065774	-0.066122	-0.065983	-0.066331	-0.066470	-0.066957	-0.066678
342.000000	-0.066633	-0.066905	-0.066946	-0.067252	-0.067500	-0.067801	-0.067637
343.000000	-0.067354	-0.067551	-0.067927	-0.068083	-0.068481	-0.068498	-0.068431
344.000000	-0.067737	-0.068094	-0.068513	-0.068577	-0.068925	-0.068999	-0.068849
345.000000	-0.067986	-0.068592	-0.068840	-0.068935	-0.069110	-0.069402	-0.069141
346.000000	-0.068424	-0.069108	-0.069225	-0.069487	-0.069557	-0.069853	-0.069686
347.000000	-0.069023	-0.069629	-0.069702	-0.070160	-0.070246	-0.070341	-0.070425
348.000000	-0.069555	-0.070102	-0.070150	-0.070659	-0.070859	-0.070770	-0.071056
349.000000	-0.069966	-0.070514	-0.070553	-0.070973	-0.071281	-0.071155	-0.071497
350.000000	-0.070346	-0.070889	-0.070983	-0.071329	-0.071583	-0.071609	-0.071859
351.000000	-0.070750	-0.071255	-0.071451	-0.071796	-0.071861	-0.072131	-0.072245
352.000000	-0.071184	-0.071644	-0.071877	-0.072229	-0.072244	-0.072584	-0.072744
353.000000	-0.071608	-0.072032	-0.072213	-0.072548	-0.072745	-0.072912	-0.073334
354.000000	-0.071898	-0.072293	-0.072471	-0.072817	-0.073165	-0.073224	-0.073790
355.000000	-0.072018	-0.072386	-0.072692	-0.073097	-0.073386	-0.073595	-0.073988
356.000000	-0.072199	-0.072531	-0.072970	-0.073411	-0.073578	-0.073961	-0.074129
357.000000	-0.072632	-0.072925	-0.073379	-0.073774	-0.073911	-0.074265	-0.074418
358.000000	-0.073169	-0.073479	-0.073867	-0.074196	-0.074355	-0.074585	-0.074839
359.000000	-0.073602	-0.074035	-0.074360	-0.074675	-0.074824	-0.075008	-0.075311
360.000000	-0.073927	-0.074490	-0.074828	-0.075119	-0.075234	-0.075437	-0.075717
361.000000	-0.074223	-0.074782	-0.075267	-0.075424	-0.075519	-0.075732	-0.075951
362.000000	-0.074594	-0.075051	-0.075704	-0.075715	-0.075837	-0.076020	-0.076209
363.000000	-0.075153	-0.075549	-0.076184	-0.076243	-0.076458	-0.076577	-0.076842
364.000000	-0.075869	-0.076274	-0.076730	-0.076960	-0.077288	-0.077383	-0.077755
365.000000	-0.076590	-0.077006	-0.077342	-0.077555	-0.077916	-0.078158	-0.078459
366.000000	-0.077246	-0.077641	-0.077990	-0.077975	-0.078279	-0.078790	-0.078822
367.000000	-0.077883	-0.078239	-0.078600	-0.078511	-0.078767	-0.079393	-0.079194
368.000000	-0.078569	-0.078890	-0.079208	-0.079329	-0.079594	-0.080072	-0.079840
369.000000	-0.079403	-0.079724	-0.080050	-0.080316	-0.080577	-0.080882	-0.080802
370.000000	-0.080431	-0.080792	-0.081231	-0.081347	-0.081556	-0.081828	-0.082011
371.000000	-0.081534	-0.081913	-0.082401	-0.082348	-0.082562	-0.082782	-0.083156
372.000000	-0.082585	-0.082917	-0.083244	-0.083279	-0.083621	-0.083636	-0.083989
373.000000	-0.083561	-0.083880	-0.083969	-0.084212	-0.084613	-0.084495	-0.084731
374.000000	-0.084480	-0.084914	-0.084874	-0.085229	-0.085415	-0.085487	-0.085679
375.000000	-0.085450	-0.085972	-0.085944	-0.086262	-0.086182	-0.086534	-0.086780
376.000000	-0.086599	-0.086951	-0.087038	-0.087198	-0.087158	-0.087489	-0.087849
377.000000	-0.087851	-0.087893	-0.088100	-0.088086	-0.088292	-0.088404	-0.088852
378.000000	-0.089013	-0.088925	-0.089128	-0.089072	-0.089356	-0.089440	-0.089848
379.000000	-0.090017	-0.090034	-0.090133	-0.090174	-0.090298	-0.090564	-0.090822
380.000000	-0.090917	-0.091082	-0.091138	-0.091290	-0.091225	-0.091564	-0.091696
381.000000	-0.091805	-0.092042	-0.092162	-0.092357	-0.092197	-0.092408	-0.092491
382.000000	-0.092819	-0.093036	-0.093218	-0.093372	-0.093205	-0.093308	-0.093354
383.000000	-0.094008	-0.094112	-0.094286	-0.094351	-0.094236	-0.094382	-0.094356
384.000000	-0.095241	-0.095160	-0.095268	-0.095335	-0.095282	-0.095523	-0.095395
385.000000	-0.096367	-0.096085	-0.096115	-0.096332	-0.096304	-0.096592	-0.096370
386.000000	-0.097247	-0.096895	-0.096949	-0.097242	-0.097186	-0.097423	-0.097242
387.000000	-0.097812	-0.097626	-0.097862	-0.097977	-0.097845	-0.097926	-0.098000
388.000000	-0.098310	-0.098343	-0.098699	-0.098600	-0.098423	-0.098373	-0.098699
389.000000	-0.099014	-0.099098	-0.099271	-0.099200	-0.099088	-0.099069	-0.099392
390.000000	-0.099764	-0.099782	-0.099664	-0.099748	-0.099734	-0.099825	-0.099986
391.000000	-0.100246	-0.100239	-0.100068	-0.100179	-0.100164	-0.100281	-0.100345
392.000000	-0.100513	-0.100545	-0.100507	-0.100558	-0.100469	-0.100514	-0.100546
393.000000	-0.100838	-0.100920	-0.100901	-0.101020	-0.100905	-0.100859	-0.100793
394.000000	-0.101223	-0.101370	-0.101200	-0.101489	-0.101431	-0.101307	-0.101127
395.000000	-0.101424	-0.101714	-0.101382	-0.101692	-0.101731	-0.101538	-0.101436
396.000000	-0.101443	-0.101905	-0.101504	-0.101634	-0.101751	-0.101528	-0.101670
397.000000	-0.101621	-0.102088	-0.101725	-0.101703	-0.101792	-0.101669	-0.101863
398.000000	-0.102100	-0.102347	-0.102110	-0.102086	-0.102044	-0.102140	-0.102058
399.000000	-0.102579	-0.102620	-0.102525	-0.102524	-0.102419	-0.102635	-0.102298
400.000000	-0.102830	-0.102845	-0.102848	-0.102806	-0.102804	-0.102901	-0.102600
401.000000	-0.103004	-0.103007	-0.103059	-0.103004	-0.103109	-0.103009	-0.102895
402.000000	-0.103259	-0.103113	-0.103170	-0.103219	-0.103271	-0.103084	-0.103123
403.000000	-0.103478	-0.103215	-0.103228	-0.103417	-0.103335	-0.103205	-0.103309
404.000000	-0.103503	-0.103365	-0.103293	-0.103539	-0.103374	-0.103425	-0.103495
405.000000	-0.103444	-0.103514	-0.103398	-0.103590	-0.103423	-0.103650	-0.103659
406.000000	-0.103508	-0.103578	-0.103561	-0.103608	-0.103504	-0.103743	-0.103756
407.000000	-0.103683	-0.103615	-0.103743	-0.103656	-0.103654	-0.103747	-0.103819
408.000000	-0.103830	-0.103761	-0.103868	-0.103813	-0.103916	-0.103814	-0.103928
409.000000	-0.103921	-0.103983	-0.103936	-0.104047	-0.104190	-0.103972	-0.104068
410.000000	-0.104030	-0.104098	-0.104020	-0.104229	-0.104256	-0.104135	-0.104137
411.000000	-0.104178	-0.104078	-0.104153	-0.104293	-0.104112	-0.104267	-0.104116
412.000000	-0.104301	-0.104121	-0.104320	-0.104263	-0.104060	-0.104406	-0.104092
413.000000	-0.104394	-0.104334	-0.104514	-0.104212	-0.104280	-0.104572	-0.104160
414.000000	-0.104574	-0.104621	-0.104750	-0.104305	-0.104681	-0.104740	-0.104408
415.000000	-0.104891	-0.104870	-0.105003	-0.104617	-0.105110	-0.104883	-0.104829
416.000000	-0.105159	-0.104997	-0.105124	-0.104946	-0.105332	-0.104995	-0.105120
417.000000	-0.105219	-0.104972	-0.105017	-0.105101	-0.105202	-0.105075	-0.105051
418.000000	-0.105225	-0.104978	-0.104915	-0.105180	-0.105040	-0.105146	-0.104947
419.000000	-0.105374	-0.105208	-0.105084	-0.105330	-0.105212	-0.105228	-0.105201
420.000000	-0.105514	-0.105472	-0.105349	-0.105462	-0.105503	-0.105282	-0.105565
421.000000	-0.105383	-0.105460	-0.105383	-0.105413	-0.105492	-0.105258	-0.105570
422.000000	-0.105136	-0.105278	-0.105259	-0.105300	-0.105283	-0.105237	-0.105332
423.000000	-0.105168	-0.105278	-0.105288	-0.105403	-0.105287	-0.105371	-0.105313
424.000000	-0.105442	-0.105466	-0.105461	-0.105652	-0.105502	-0.105565	-0.105529
425.000000	-0.105528	-0.105537	-0.105479	-0.105662	-0.105553	-0.105502	-0.105592
426.000000	-0.105331	-0.105407	-0.105289	-0.105372	-0.105342	-0.105173	-0.105412
427.000000	-0.105216	-0.105299	-0.105182	-0.105161	-0.105158	-0.104983	-0.105312
428.000000	-0.105351	-0.105329	-0.105283	-0.105229	-0.105167	-0.105117	-0.105440
429.000000	-0.105450	-0.105359	-0.105360	-0.105372	-0.105248	-0.105279	-0.105542
430.000000	-0.105320	-0.105297	-0.105258	-0.105416	-0.105297	-0.105252	-0.105448
431.000000	-0.105186	-0.105269	-0.105184	-0.105414	-0.105354	-0.105212	-0.105357
432.000000	-0.105272	-0.105393	-0.105328	-0.105439	-0.105464	-0.105341	-0.105456
433.000000	-0.105464	-0.105576	-0.105527	-0.105485	-0.105565	-0.105525	-0.105593
434.000000	-0.105582	-0.105686	-0.105565	-0.105528	-0.105584	-0.105597	-0.105566
435.000000	-0.105615	-0.105705	-0.105530	-0.105573	-0.105564	-0.105590	-0.105484
436.000000	-0.105617	-0.105660	-0.105611	-0.105632	-0.105587	-0.105608	-0.105557
437.000000	-0.105598	-0.105574	-0.105752	-0.105666	-0.105640	-0.105636	-0.105706
438.000000	-0.105538	-0.105464	-0.105757	-0.105607	-0.105648	-0.105589	-0.105687
439.000000	-0.105468	-0.105371	-0.105623	-0.105508	-0.105586	-0.105479	-0.105517
440.000000	-0.105455	-0.105358	-0.105521	-0.105531	-0.105474	-0.105405	-0.105449
441.000000	-0.105510	-0.105432	-0.105529	-0.105677	-0.105371	-0.105419	-0.105542
442.000000	-0.105561	-0.105527	-0.105595	-0.105740	-0.105380	-0.105510	-0.105600
443.000000	-0.105571	-0.105601	-0.105669	-0.105648	-0.105537	-0.105645	-0.105537
444.000000	-0.105584	-0.105656	-0.105725	-0.105610	-0.105744	-0.105752	-0.105517
445.000000	-0.105641	-0.105706	-0.105755	-0.105764	-0.105905	-0.105790	-0.105650
446.000000	-0.105752	-0.105776	-0.105799	-0.105958	-0.105983	-0.105800	-0.105820
447.000000	-0.105905	-0.105876	-0.105887	-0.106030	-0.105967	-0.105828	-0.105901
448.000000	-0.106019	-0.105937	-0.105973	-0.106011	-0.105919	-0.105864	-0.105897
449.000000	-0.106012	-0.105883	-0.105996	-0.105972	-0.105907	-0.105884	-0.105847
450.000000	-0.105912	-0.105769	-0.105934	-0.105919	-0.105892	-0.105867	-0.105780
451.000000	-0.105786	-0.105689	-0.105783	-0.105833	-0.105800	-0.105794	-0.105719
452.000000	-0.105664	-0.105630	-0.105596	-0.105727	-0.105663	-0.105685	-0.105632
453.000000	-0.105555	-0.105522	-0.105454	-0.105628	-0.105573	-0.105581	-0.105463
454.000000	-0.105505	-0.105403	-0.105413	-0.105567	-0.105561	-0.105534	-0.105307
455.000000	-0.105594	-0.105401	-0.105500	-0.105570	-0.105605	-0.105606	-0.105384
456.000000	-0.105773	-0.105519	-0.105652	-0.105625	-0.105657	-0.105742	-0.105657
457.000000	-0.105830	-0.105604	-0.105697	-0.105666	-0.105647	-0.105750	-0.105764
458.000000	-0.105678	-0.105570	-0.105573	-0.105639	-0.105555	-0.105567	-0.105567
459.000000	-0.105467	-0.105480	-0.105435	-0.105514	-0.105461	-0.105388	-0.105367
460.000000	-0.105332	-0.105399	-0.105399	-0.105313	-0.105422	-0.105351	-0.105380
461.000000	-0.105300	-0.105344	-0.105410	-0.105189	-0.105411	-0.105366	-0.105455
462.000000	-0.105359	-0.105323	-0.105401	-0.105259	-0.105391	-0.105339	-0.105425
463.000000	-0.105426	-0.105320	-0.105353	-0.105394	-0.105350	-0.105300	-0.105316
464.000000	-0.105414	-0.105315	-0.105270	-0.105434	-0.105287	-0.105300	-0.105197
465.000000	-0.105322	-0.105296	-0.105217	-0.105404	-0.105243	-0.105311	-0.105132
466.000000	-0.105190	-0.105255	-0.105267	-0.105394	-0.105267	-0.105281	-0.105167
467.000000	-0.105084	-0.105202	-0.105350	-0.105383	-0.105313	-0.105213	-0.105238
468.000000	-0.105084	-0.105155	-0.105324	-0.105297	-0.105285	-0.105138	-0.105220
469.000000	-0.105141	-0.105126	-0.105192	-0.105142	-0.105190	-0.105077	-0.105113
470.000000	-0.105107	-0.105118	-0.105080	-0.104992	-0.105119	-0.105037	-0.105018
471.000000	-0.104968	-0.105106	-0.105030	-0.104895	-0.105093	-0.105015	-0.104974
472.000000	-0.104871	-0.105037	-0.104981	-0.104861	-0.105047	-0.104990	-0.104944
473.000000	-0.104893	-0.104912	-0.104913	-0.104889	-0.104966	-0.104966	-0.104912
474.000000	-0.104963	-0.104837	-0.104887	-0.104966	-0.104931	-0.104981	-0.104911
475.000000	-0.105010	-0.104863	-0.104925	-0.105057	-0.104976	-0.105033	-0.104943
476.000000	-0.104997	-0.104887	-0.104931	-0.105085	-0.104997	-0.105018	-0.104931
477.000000	-0.104911	-0.104823	-0.104836	-0.105001	-0.104912	-0.104872	-0.104822
478.000000	-0.104820	-0.104751	-0.104750	-0.104888	-0.104801	-0.104750	-0.104711
479.000000	-0.104791	-0.104766	-0.104791	-0.104843	-0.104762	-0.104815	-0.104706
480.000000	-0.104790	-0.104806	-0.104879	-0.104847	-0.104779	-0.104941	-0.104769
481.000000	-0.104752	-0.104766	-0.104877	-0.104842	-0.104792	-0.104919	-0.104810
482.000000	-0.104673	-0.104640	-0.104774	-0.104785	-0.104746	-0.104756	-0.104759
483.000000	-0.104581	-0.104475	-0.104632	-0.104647	-0.104592	-0.104569	-0.104562
484.000000	-0.104456	-0.104311	-0.104471	-0.104463	-0.104368	-0.104409	-0.104291
485.000000	-0.104242	-0.104180	-0.104285	-0.104313	-0.104176	-0.104275	-0.104115
486.000000	-0.103987	-0.104097	-0.104108	-0.104215	-0.104064	-0.104166	-0.104079
487.000000	-0.103851	-0.104061	-0.104010	-0.104108	-0.104022	-0.104083	-0.104089
488.000000	-0.103886	-0.104050	-0.104000	-0.103980	-0.104023	-0.104026	-0.104072
489.000000	-0.103952	-0.104012	-0.103973	-0.103898	-0.104020	-0.104002	-0.104007
490.000000	-0.103961	-0.103935	-0.103888	-0.103904	-0.103994	-0.104009	-0.103911
491.000000	-0.103977	-0.103919	-0.103881	-0.103958	-0.103996	-0.104035	-0.103879
492.000000	-0.104037	-0.104004	-0.104018	-0.103997	-0.104041	-0.104038	-0.103950
493.000000	-0.103986	-0.103969	-0.104026	-0.103910	-0.103969	-0.103882	-0.103927
494.000000	-0.103688	-0.103618	-0.103660	-0.103628	-0.103650	-0.103479	-0.103629
495.000000	-0.103338	-0.103208	-0.103251	-0.103351	-0.103308	-0.103110	-0.103276
496.000000	-0.103202	-0.103101	-0.103245	-0.103328	-0.103243	-0.103121	-0.103177
497.000000	-0.103228	-0.103215	-0.103450	-0.103432	-0.103356	-0.103338	-0.103245
498.000000	-0.103214	-0.103266	-0.103388	-0.103369	-0.103366	-0.103353	-0.103211
499.000000	-0.103101	-0.103166	-0.103065	-0.103138	-0.103216	-0.103138	-0.103057
500.000000	-0.102939	-0.102976	-0.102828	-0.102942	-0.103011	-0.102942	-0.102943
501.000000	-0.102765	-0.102761	-0.102759	-0.102829	-0.102813	-0.102825	-0.102886
502.000000	-0.102600	-0.102583	-0.102655	-0.102679	-0.102628	-0.102650	-0.102747
503.000000	-0.102458	-0.102466	-0.102443	-0.102461	-0.102465	-0.102397	-0.102494
504.000000	-0.102336	-0.102375	-0.102265	-0.102305	-0.102336	-0.102242	-0.102273
505.000000	-0.102231	-0.102279	-0.102204	-0.102270	-0.102245	-0.102259	-0.102170
506.000000	-0.102148	-0.102160	-0.102184	-0.102249	-0.102182	-0.102265	-0.102115
507.000000	-0.102072	-0.102015	-0.102122	-0.102144	-0.102126	-0.102115	-0.102036
508.000000	-0.101938	-0.101869	-0.102000	-0.101971	-0.102031	-0.101905	-0.101918
509.000000	-0.101702	-0.101749	-0.101825	-0.101771	-0.101865	-0.101754	-0.101768
510.000000	-0.101492	-0.101659	-0.101666	-0.101605	-0.101689	-0.101660	-0.101655
511.000000	-0.101455	-0.101592	-0.101598	-0.101522	-0.101579	-0.101583	-0.101642
512.000000	-0.101471	-0.101514	-0.101555	-0.101472	-0.101481	-0.101480	-0.101616
513.000000	-0.101318	-0.101383	-0.101420	-0.101364	-0.101295	-0.101309	-0.101405
514.000000	-0.101042	-0.101205	-0.101210	-0.101184	-0.101070	-0.101093	-0.101077
515.000000	-0.100857	-0.101018	-0.101027	-0.100971	-0.100946	-0.100894	-0.100856
516.000000	-0.100789	-0.100841	-0.100888	-0.100762	-0.100919	-0.100729	-0.100773
517.000000	-0.100682	-0.100676	-0.100732	-0.100586	-0.100843	-0.100573	-0.100673
518.000000	-0.100480	-0.100521	-0.100538	-0.100448	-0.100661	-0.100413	-0.100493
519.000000	-0.100277	-0.100372	-0.100351	-0.100316	-0.100444	-0.100253	-0.100309
520.000000	-0.100136	-0.100225	-0.100190	-0.100159	-0.100245	-0.100099	-0.100163
521.000000	-0.100033	-0.100069	-0.100024	-0.099964	-0.100068	-0.099958	-0.100011
522.000000	-0.099927	-0.099900	-0.099829	-0.099733	-0.099907	-0.099830	-0.099826
523.000000	-0.099762	-0.099732	-0.099622	-0.099524	-0.099746	-0.099690	-0.099661
524.000000	-0.099508	-0.099578	-0.099434	-0.099391	-0.099577	-0.099523	-0.099562
525.000000	-0.099275	-0.099445	-0.099303	-0.099334	-0.099421	-0.099366	-0.099473
526.000000	-0.099187	-0.099334	-0.099256	-0.099326	-0.099303	-0.099262	-0.099324
527.000000	-0.099171	-0.099216	-0.099238	-0.099309	-0.099219	-0.099193	-0.099151
528.000000	-0.099089	-0.099055	-0.099164	-0.099215	-0.099149	-0.099115	-0.099026
529.000000	-0.098928	-0.098894	-0.099031	-0.099048	-0.099054	-0.099020	-0.098963
530.000000	-0.098748	-0.098815	-0.098876	-0.098856	-0.098882	-0.098917	-0.098936
531.000000	-0.098576	-0.098728	-0.098666	-0.098650	-0.098645	-0.098741	-0.098825
532.000000	-0.098407	-0.098407	-0.098310	-0.098413	-0.098409	-0.098374	-0.098442
533.000000	-0.098259	-0.098082	-0.098041	-0.098250	-0.098262	-0.098084	-0.098066
534.000000	-0.098175	-0.098548	-0.098490	-0.098415	-0.098316	-0.098614	-0.098550
535.000000	-0.098158	-0.099333	-0.099193	-0.098676	-0.098435	-0.099440	-0.099414
536.000000	-0.098137	-0.097610	-0.097667	-0.097908	-0.098034	-0.097684	-0.097697
537.000000	-0.098020	-0.093826	-0.094305	-0.096294	-0.097168	-0.093788	-0.093788
538.000000	-0.097688	-0.097798	-0.097726	-0.097753	-0.097726	-0.097680	-0.097680
539.000000	-0.097178	-0.111904	-0.110046	-0.103245	-0.100222	-0.111824	-0.111890
540.000000	-0.097195	-0.102752	-0.102109	-0.099478	-0.098484	-0.102746	-0.102862
541.000000	-0.098169	-0.041704	-0.048872	-0.074968	-0.087074	-0.041708	-0.041767
542.000000	-0.097894	0.017449	0.002884	-0.050518	-0.074993	0.017465	0.017497
543.000000	-0.093673	0.000932	-0.011059	-0.054840	-0.074868	0.000925	0.000958
544.000000	-0.087419	-0.063906	-0.066995	-0.077807	-0.082780	-0.063950	-0.063989
545.000000	-0.083411	-0.098665	-0.096845	-0.089711	-0.086488	-0.098689	-0.098784
546.000000	-0.083469	-0.091740	-0.090723	-0.086874	-0.085143	-0.091711	-0.091805
547.000000	-0.087387	-0.083728	-0.084213	-0.085910	-0.086722	-0.083716	-0.083748
548.000000	-0.093148	-0.090301	-0.090757	-0.092057	-0.092713	-0.090371	-0.090316
549.000000	-0.096785	-0.097527	-0.097530	-0.097175	-0.097071	-0.097616	-0.097532
550.000000	-0.096760	-0.097659	-0.097534	-0.097155	-0.097002	-0.097669	-0.097637
551.000000	-0.095620	-0.095504	-0.095448	-0.095564	-0.095613	-0.095459	-0.095489
552.000000	-0.095295	-0.094997	-0.095047	-0.095205	-0.095295	-0.094992	-0.095045
553.000000	-0.095381	-0.095328	-0.095467	-0.095450	-0.095478	-0.095382	-0.095434
554.000000	-0.095305	-0.095345	-0.095523	-0.095427	-0.095399	-0.095403	-0.095451
555.000000	-0.095057	-0.095061	-0.095220	-0.095144	-0.095102	-0.095095	-0.095136
556.000000	-0.094766	-0.094742	-0.094829	-0.094805	-0.094800	-0.094758	-0.094793
557.000000	-0.094616	-0.094600	-0.094618	-0.094634	-0.094678	-0.094610	-0.094647
558.000000	-0.094731	-0.094750	-0.094762	-0.094778	-0.094829	-0.094760	-0.094819
559.000000	-0.094587	-0.094641	-0.094689	-0.094678	-0.094695	-0.094656	-0.094725
560.000000	-0.093514	-0.093571	-0.093640	-0.093611	-0.093580	-0.093602	-0.093624
561.000000	-0.093059	-0.093096	-0.093160	-0.093136	-0.093063	-0.093151	-0.093088
562.000000	-0.096010	-0.096039	-0.096093	-0.096103	-0.096008	-0.096120	-0.096001
563.000000	-0.098140	-0.098167	-0.098217	-0.098270	-0.098185	-0.098270	-0.098139
564.000000	-0.088617	-0.088606	-0.088653	-0.088719	-0.088685	-0.088726	-0.088588
565.000000	-0.077647	-0.077564	-0.077607	-0.077643	-0.077681	-0.077686	-0.077540
566.000000	-0.105621	-0.105511	-0.105546	-0.105536	-0.105614	-0.105604	-0.105483
567.000000	-0.176016	-0.175959	-0.175980	-0.175939	-0.175995	-0.175992	-0.175939
568.000000	-0.211476	-0.211480	-0.211498	-0.211465	-0.211469	-0.211468	-0.211472
569.000000	-0.162606	-0.162620	-0.162654	-0.162675	-0.162633	-0.162614	-0.162621
570.000000	-0.095070	-0.095062	-0.095106	-0.095176	-0.095131	-0.095096	-0.095071
571.000000	-0.077185	-0.077155	-0.077183	-0.077245	-0.077260	-0.077233	-0.077169
572.000000	-0.090513	-0.090465	-0.090474	-0.090498	-0.090578	-0.090573	-0.090488
573.000000	-0.097035	-0.096974	-0.096990	-0.096987	-0.097066	-0.097081	-0.097013
574.000000	-0.093636	-0.093580	-0.093611	-0.093607	-0.093638	-0.093658	-0.093630
575.000000	-0.091118	-0.091092	-0.091122	-0.091138	-0.091131	-0.091134	-0.091135
576.000000	-0.091678	-0.091687	-0.091709	-0.091747	-0.091729	-0.091701	-0.091715
577.000000	-0.092328	-0.092339	-0.092379	-0.092412	-0.092403	-0.092349	-0.092368
578.000000	-0.092079	-0.092070	-0.092147	-0.092147	-0.092156	-0.092080	-0.092115
579.000000	-0.091741	-0.091745	-0.091836	-0.091795	-0.091813	-0.091711	-0.091792
580.000000	-0.091584	-0.091642	-0.091710	-0.091648	-0.091659	-0.091538	-0.091664
581.000000	-0.091144	-0.091241	-0.091271	-0.091236	-0.091231	-0.091139	-0.091219
582.000000	-0.090606	-0.090694	-0.090692	-0.090728	-0.090707	-0.090692	-0.090632
583.000000	-0.091402	-0.091454	-0.091426	-0.091524	-0.091499	-0.091525	-0.091402
584.000000	-0.093206	-0.093221	-0.093175	-0.093285	-0.093271	-0.093257	-0.093240
585.000000	-0.090778	-0.090796	-0.090736	-0.090821	-0.090804	-0.090752	-0.090856
586.000000	-0.084220	-0.084301	-0.084227	-0.084273	-0.084223	-0.084203	-0.084300
587.000000	-0.097391	-0.097523	-0.097443	-0.097469	-0.097390	-0.097422	-0.097441
588.000000	-0.148886	-0.148986	-0.148911	-0.148960	-0.148896	-0.148933	-0.148895
589.000000	-0.193085	-0.193128	-0.193062	-0.193125	-0.193110	-0.193118	-0.193080
590.000000	-0.170801	-0.170852	-0.170788	-0.170792	-0.170833	-0.170814	-0.170838
591.000000	-0.109147	-0.109244	-0.109187	-0.109112	-0.109183	-0.109148	-0.109242
592.000000	-0.076714	-0.076808	-0.076783	-0.076718	-0.076758	-0.076715	-0.076809
593.000000	-0.082794	-0.082834	-0.082855	-0.082874	-0.082846	-0.082790	-0.082835
594.000000	-0.092308	-0.092298	-0.092345	-0.092424	-0.092348	-0.092263	-0.092297
595.000000	-0.091151	-0.091121	-0.091163	-0.091244	-0.091164	-0.091049	-0.091113
596.000000	-0.088896	-0.088868	-0.088892	-0.088960	-0.088894	-0.088794	-0.088837
597.000000	-0.089733	-0.089716	-0.089727	-0.089784	-0.089734	-0.089703	-0.089651
598.000000	-0.087809	-0.087798	-0.087811	-0.087832	-0.087806	-0.087836	-0.087711
599.000000	-0.080932	-0.080915	-0.080946	-0.080898	-0.080903	-0.080946	-0.080831
600.000000	-0.076910	-0.076887	-0.076933	-0.076815	-0.076851	-0.076872	-0.076807
601.000000	-0.081259	-0.081240	-0.081280	-0.081129	-0.081181	-0.081166	-0.081145
602.000000	-0.087647	-0.087645	-0.087649	-0.087529	-0.087566	-0.087521	-0.087531
603.000000	-0.089112	-0.089138	-0.089079	-0.089055	-0.089043	-0.088991	-0.089016
604.000000	-0.087356	-0.087403	-0.087315	-0.087354	-0.087322	-0.087291	-0.087300
605.000000	-0.086249	-0.086292	-0.086264	-0.086228	-0.086274	-0.086289	-0.086236
606.000000	-0.086167	-0.086195	-0.086268	-0.086106	-0.086252	-0.086301	-0.086187
607.000000	-0.085998	-0.086026	-0.086148	-0.085967	-0.086112	-0.086139	-0.086023
608.000000	-0.085504	-0.085541	-0.085648	-0.085547	-0.085613	-0.085589	-0.085512
609.000000	-0.085005	-0.085038	-0.085103	-0.085067	-0.085096	-0.085060	-0.084998
610.000000	-0.084631	-0.084652	-0.084669	-0.084656	-0.084703	-0.084690	-0.084609
611.000000	-0.084324	-0.084362	-0.084331	-0.084345	-0.084387	-0.084360	-0.084269
612.000000	-0.084038	-0.084106	-0.084045	-0.084107	-0.084089	-0.084014	-0.083939
613.000000	-0.083751	-0.083785	-0.083743	-0.083843	-0.083741	-0.083697	-0.083631
614.000000	-0.083462	-0.083395	-0.083406	-0.083522	-0.083353	-0.083436	-0.083360
615.000000	-0.083202	-0.083116	-0.083122	-0.083244	-0.083074	-0.083221	-0.083141
616.000000	-0.082992	-0.083042	-0.082946	-0.083069	-0.082978	-0.083034	-0.082966
617.000000	-0.082810	-0.082974	-0.082810	-0.082906	-0.082892	-0.082865	-0.082783
618.000000	-0.082633	-0.082733	-0.082641	-0.082671	-0.082664	-0.082699	-0.082548
619.000000	-0.082458	-0.082417	-0.082436	-0.082422	-0.082384	-0.082517	-0.082310
620.000000	-0.082282	-0.082173	-0.082211	-0.082235	-0.082185	-0.082305	-0.082126
621.000000	-0.082103	-0.082007	-0.082021	-0.082110	-0.082083	-0.082109	-0.082006
622.000000	-0.081919	-0.081875	-0.081919	-0.082012	-0.082044	-0.081986	-0.081934
623.000000	-0.081730	-0.081742	-0.081853	-0.081885	-0.081982	-0.081877	-0.081836
624.000000	-0.081540	-0.081581	-0.081715	-0.081666	-0.081789	-0.081672	-0.081622
625.000000	-0.081369	-0.081390	-0.081507	-0.081400	-0.081495	-0.081392	-0.081338
626.000000	-0.081249	-0.081191	-0.081315	-0.081212	-0.081227	-0.081158	-0.081136
627.000000	-0.081146	-0.081004	-0.081150	-0.081107	-0.081038	-0.081005	-0.081040
628.000000	-0.080960	-0.080842	-0.080947	-0.080962	-0.080888	-0.080878	-0.080936
629.000000	-0.080682	-0.080694	-0.080695	-0.080727	-0.080743	-0.080734	-0.080761
630.000000	-0.080449	-0.080497	-0.080478	-0.080484	-0.080581	-0.080565	-0.080541
631.000000	-0.080333	-0.080239	-0.080340	-0.080302	-0.080400	-0.080375	-0.080321
632.000000	-0.080223	-0.080016	-0.080224	-0.080199	-0.080238	-0.080192	-0.080151
633.000000	-0.080029	-0.079898	-0.080083	-0.080161	-0.080119	-0.080040	-0.080057
634.000000	-0.079818	-0.079826	-0.079960	-0.080082	-0.079994	-0.079904	-0.079963
635.000000	-0.079668	-0.079722	-0.079889	-0.079870	-0.079815	-0.079765	-0.079793
636.000000	-0.079541	-0.079566	-0.079776	-0.079595	-0.079622	-0.079607	-0.079573
637.000000	-0.079375	-0.079355	-0.079512	-0.079359	-0.079466	-0.079418	-0.079351
638.000000	-0.079159	-0.079123	-0.079186	-0.079161	-0.079301	-0.079201	-0.079136
639.000000	-0.078912	-0.078914	-0.078961	-0.078954	-0.079053	-0.078968	-0.078921
640.000000	-0.078689	-0.078750	-0.078837	-0.078774	-0.078789	-0.078769	-0.078744
641.000000	-0.078568	-0.078641	-0.078710	-0.078700	-0.078667	-0.078671	-0.078665
642.000000	-0.078530	-0.078566	-0.078561	-0.078696	-0.078663	-0.078653	-0.078646
643.000000	-0.078468	-0.078477	-0.078450	-0.078626	-0.078593	-0.078616	-0.078557
644.000000	-0.078340	-0.078352	-0.078392	-0.078455	-0.078410	-0.078505	-0.078383
645.000000	-0.078193	-0.078207	-0.078338	-0.078285	-0.078243	-0.078336	-0.078257
646.000000	-0.078083	-0.078089	-0.078265	-0.078195	-0.078179	-0.078162	-0.078246
647.000000	-0.078075	-0.078096	-0.078200	-0.078198	-0.078198	-0.078102	-0.078271
648.000000	-0.078188	-0.078258	-0.078177	-0.078275	-0.078266	-0.078209	-0.078270
649.000000	-0.078307	-0.078400	-0.078214	-0.078338	-0.078338	-0.078338	-0.078276
650.000000	-0.078326	-0.078368	-0.078306	-0.078313	-0.078370	-0.078352	-0.078309
651.000000	-0.078250	-0.078225	-0.078347	-0.078244	-0.078337	-0.078266	-0.078292
652.000000	-0.078108	-0.078070	-0.078231	-0.078179	-0.078221	-0.078126	-0.078143
653.000000	-0.077895	-0.077896	-0.077971	-0.078039	-0.078014	-0.077923	-0.077907
654.000000	-0.077603	-0.077660	-0.077623	-0.077721	-0.077718	-0.077637	-0.077661
655.000000	-0.077263	-0.077353	-0.077260	-0.077314	-0.077361	-0.077309	-0.077387
656.000000	-0.076934	-0.076986	-0.076955	-0.077000	-0.076991	-0.077014	-0.077024
657.000000	-0.076667	-0.076663	-0.076741	-0.076818	-0.076701	-0.076797	-0.076668
658.000000	-0.076511	-0.076550	-0.076621	-0.076696	-0.076614	-0.076681	-0.076522
659.000000	-0.076471	-0.076628	-0.076563	-0.076611	-0.076694	-0.076645	-0.076585
660.000000	-0.076501	-0.076681	-0.076507	-0.076591	-0.076736	-0.076624	-0.076637
661.000000	-0.076535	-0.076600	-0.076424	-0.076610	-0.076646	-0.076572	-0.076566
662.000000	-0.076477	-0.076452	-0.076340	-0.076561	-0.076504	-0.076478	-0.076443
663.000000	-0.076282	-0.076288	-0.076256	-0.076387	-0.076361	-0.076335	-0.076310
664.000000	-0.076026	-0.076098	-0.076097	-0.076165	-0.076183	-0.076149	-0.076111
665.000000	-0.075766	-0.075853	-0.075811	-0.075943	-0.075931	-0.075914	-0.075809
666.000000	-0.075468	-0.075490	-0.075436	-0.075645	-0.075593	-0.075592	-0.075451
667.000000	-0.075095	-0.074988	-0.075029	-0.075206	-0.075179	-0.075169	-0.075096
668.000000	-0.074715	-0.074531	-0.074670	-0.074757	-0.074785	-0.074752	-0.074776
669.000000	-0.074408	-0.074320	-0.074425	-0.074452	-0.074505	-0.074463	-0.074509
670.000000	-0.074149	-0.074213	-0.074228	-0.074242	-0.074286	-0.074247	-0.074238
671.000000	-0.073871	-0.073957	-0.073967	-0.074004	-0.074021	-0.073989	-0.073889
672.000000	-0.073585	-0.073583	-0.073647	-0.073715	-0.073704	-0.073673	-0.073526
673.000000	-0.073347	-0.073292	-0.073347	-0.073418	-0.073395	-0.073346	-0.073285
674.000000	-0.073173	-0.073136	-0.073116	-0.073164	-0.073151	-0.073065	-0.073169
675.000000	-0.073051	-0.073043	-0.072978	-0.073011	-0.073024	-0.072894	-0.073069
676.000000	-0.072949	-0.072954	-0.072909	-0.072950	-0.072984	-0.072835	-0.072941
677.000000	-0.072813	-0.072839	-0.072831	-0.072894	-0.072894	-0.072816	-0.072831
678.000000	-0.072659	-0.072710	-0.072737	-0.072814	-0.072727	-0.072790	-0.072772
679.000000	-0.072625	-0.072653	-0.072741	-0.072787	-0.072657	-0.072761	-0.072769
680.000000	-0.072748	-0.072694	-0.072867	-0.072829	-0.072750	-0.072728	-0.072793
681.000000	-0.072791	-0.072698	-0.072883	-0.072789	-0.072771	-0.072679	-0.072753
682.000000	-0.072588	-0.072568	-0.072637	-0.072572	-0.072558	-0.072610	-0.072603
683.000000	-0.072381	-0.072435	-0.072416	-0.072396	-0.072376	-0.072562	-0.072519
684.000000	-0.072429	-0.072448	-0.072516	-0.072478	-0.072499	-0.072578	-0.072662
685.000000	-0.072605	-0.072555	-0.072739	-0.072665	-0.072736	-0.072627	-0.072834
686.000000	-0.072676	-0.072642	-0.072764	-0.072710	-0.072778	-0.072658	-0.072766
687.000000	-0.072596	-0.072645	-0.072617	-0.072599	-0.072650	-0.072640	-0.072537
688.000000	-0.072416	-0.072526	-0.072480	-0.072431	-0.072526	-0.072553	-0.072384
689.000000	-0.072227	-0.072334	-0.072396	-0.072287	-0.072459	-0.072423	-0.072346
690.000000	-0.072140	-0.072168	-0.072318	-0.072226	-0.072419	-0.072304	-0.072329
691.000000	-0.072170	-0.072089	-0.072240	-0.072245	-0.072380	-0.072229	-0.072285
692.000000	-0.072231	-0.072111	-0.072202	-0.072279	-0.072324	-0.072208	-0.072224
693.000000	-0.072273	-0.072195	-0.072229	-0.072298	-0.072275	-0.072236	-0.072179
694.000000	-0.072299	-0.072232	-0.072323	-0.072322	-0.072317	-0.072287	-0.072211
695.000000	-0.072311	-0.072186	-0.072442	-0.072365	-0.072447	-0.072339	-0.072328
696.000000	-0.072308	-0.072167	-0.072470	-0.072420	-0.072490	-0.072374	-0.072418
697.000000	-0.072306	-0.072249	-0.072360	-0.072470	-0.072367	-0.072386	-0.072414
698.000000	-0.072380	-0.072359	-0.072295	-0.072488	-0.072316	-0.072402	-0.072402
699.000000	-0.072571	-0.072423	-0.072427	-0.072468	-0.072528	-0.072449	-0.072472
700.000000	-0.072738	-0.072473	-0.072618	-0.072491	-0.072775	-0.072534	-0.072597
701.000000	-0.072737	-0.072558	-0.072690	-0.072639	-0.072784	-0.072651	-0.072725
702.000000	-0.072687	-0.072665	-0.072674	-0.072835	-0.072681	-0.072763	-0.072832
703.000000	-0.072774	-0.072756	-0.072672	-0.072955	-0.072708	-0.072824	-0.072902
704.000000	-0.072926	-0.072817	-0.072699	-0.072984	-0.072827	-0.072848	-0.072919
705.000000	-0.072937	-0.072847	-0.072723	-0.072965	-0.072856	-0.072876	-0.072867
706.000000	-0.072805	-0.072845	-0.072720	-0.072908	-0.072777	-0.072885	-0.072773
707.000000	-0.072675	-0.072811	-0.072673	-0.072799	-0.072694	-0.072805	-0.072697
708.000000	-0.072611	-0.072734	-0.072591	-0.072663	-0.072648	-0.072653	-0.072653
709.000000	-0.072588	-0.072592	-0.072515	-0.072571	-0.072604	-0.072537	-0.072600
710.000000	-0.072565	-0.072401	-0.072446	-0.072530	-0.072532	-0.072484	-0.072505
711.000000	-0.072481	-0.072239	-0.072323	-0.072453	-0.072419	-0.072388	-0.072348
712.000000	-0.072309	-0.072144	-0.072138	-0.072296	-0.072271	-0.072202	-0.072148
713.000000	-0.072088	-0.072067	-0.072002	-0.072128	-0.072130	-0.072030	-0.072000
714.000000	-0.071870	-0.071963	-0.071974	-0.072007	-0.072029	-0.071944	-0.071956
715.000000	-0.071702	-0.071849	-0.071889	-0.071921	-0.071957	-0.071850	-0.071887
716.000000	-0.071616	-0.071743	-0.071607	-0.071845	-0.071887	-0.071658	-0.071677
717.000000	-0.071562	-0.071620	-0.071295	-0.071773	-0.071754	-0.071422	-0.071421
718.000000	-0.071477	-0.071450	-0.071171	-0.071695	-0.071507	-0.071228	-0.071251
719.000000	-0.071348	-0.071288	-0.071164	-0.071531	-0.071227	-0.071091	-0.071142
720.000000	-0.071191	-0.071214	-0.071101	-0.071201	-0.071042	-0.070993	-0.071014
721.000000	-0.071077	-0.071224	-0.071015	-0.070884	-0.070992	-0.070921	-0.070906
722.000000	-0.071100	-0.071262	-0.071049	-0.070893	-0.071059	-0.070860	-0.070922
723.000000	-0.071169	-0.071259	-0.071118	-0.071108	-0.071119	-0.070785	-0.071026
724.000000	-0.071049	-0.071134	-0.070953	-0.071056	-0.070964	-0.070655	-0.071071
725.000000	-0.070755	-0.070940	-0.070569	-0.070674	-0.070649	-0.070478	-0.070964
726.000000	-0.070603	-0.070878	-0.070319	-0.070398	-0.070540	-0.070317	-0.070680
727.000000	-0.070715	-0.071016	-0.070348	-0.070454	-0.070731	-0.070245	-0.070350
728.000000	-0.070859	-0.071183	-0.070425	-0.070673	-0.070837	-0.070348	-0.070356
729.000000	-0.070918	-0.071270	-0.070449	-0.070926	-0.070684	-0.070665	-0.070850
730.000000	-0.071114	-0.071373	-0.070717	-0.071250	-0.070705	-0.071121	-0.071385
731.000000	-0.071630	-0.071580	-0.071460	-0.071686	-0.071261	-0.071640	-0.071576
732.000000	-0.072348	-0.071856	-0.072497	-0.072190	-0.072156	-0.072187	-0.071533
