[HEADER]
Format	J&M ASCII Table
Comment	
Date	2/12/1980 6:05:52 AM
Order	Y (evenX)
TechType	UV
NumPoints	483
FirstX	250.00
LastX	732.00
XType	NMetr
YType	Absrb
ZType	Secs
NumSubFile	7
Matrix	Z vs X
[DATA]
	0.000000	5.000064	10.000128	15.000256	20.000320	25.000383	30.000511
250.000000	0.859511	0.858546	0.858599	0.858807	0.859112	0.860593	0.859116
251.000000	0.831784	0.831454	0.831306	0.831314	0.831331	0.833274	0.831877
252.000000	0.804195	0.805058	0.803723	0.804003	0.804409	0.804836	0.804820
253.000000	0.777151	0.779094	0.777202	0.777676	0.778130	0.777149	0.778631
254.000000	0.751162	0.753511	0.752748	0.752958	0.752470	0.751820	0.753877
255.000000	0.726971	0.729194	0.729600	0.729592	0.728291	0.728652	0.730469
256.000000	0.705105	0.706975	0.706852	0.707189	0.706361	0.707047	0.708156
257.000000	0.684670	0.686279	0.684894	0.685664	0.685874	0.686338	0.686559
258.000000	0.664429	0.666118	0.664439	0.665037	0.665619	0.665917	0.665333
259.000000	0.644390	0.646042	0.645188	0.645295	0.645522	0.645840	0.644801
260.000000	0.625164	0.625918	0.626349	0.626396	0.626064	0.626483	0.625580
261.000000	0.606631	0.606206	0.607628	0.608053	0.607274	0.607817	0.607486
262.000000	0.588126	0.587784	0.589109	0.589803	0.588827	0.589503	0.589718
263.000000	0.569441	0.570399	0.570712	0.571357	0.570596	0.571219	0.571712
264.000000	0.550903	0.552511	0.552152	0.552636	0.552683	0.552681	0.553193
265.000000	0.532702	0.533539	0.533356	0.533749	0.534920	0.533893	0.534251
266.000000	0.514734	0.514639	0.514626	0.515107	0.516660	0.515353	0.515565
267.000000	0.496795	0.496579	0.496150	0.496901	0.497609	0.497314	0.497500
268.000000	0.478499	0.478695	0.477722	0.478695	0.478499	0.479280	0.479475
269.000000	0.459603	0.460307	0.459163	0.460106	0.459971	0.460800	0.460959
270.000000	0.440555	0.441567	0.440651	0.441375	0.441680	0.442071	0.442231
271.000000	0.421894	0.422799	0.422391	0.422841	0.423140	0.423405	0.423686
272.000000	0.403642	0.404113	0.404186	0.404487	0.404527	0.404855	0.405198
273.000000	0.385613	0.385535	0.385736	0.386168	0.386225	0.386373	0.386491
274.000000	0.367530	0.367093	0.367223	0.367765	0.368094	0.367971	0.367753
275.000000	0.349085	0.348815	0.349077	0.349198	0.349715	0.349684	0.349417
276.000000	0.330415	0.330646	0.331181	0.330615	0.331069	0.331446	0.331429
277.000000	0.312026	0.312472	0.312959	0.312363	0.312480	0.313105	0.313323
278.000000	0.294139	0.294387	0.294432	0.294558	0.294287	0.294757	0.295047
279.000000	0.276597	0.276755	0.276396	0.277011	0.276822	0.276815	0.277091
280.000000	0.259284	0.259713	0.259246	0.259622	0.260067	0.259503	0.259733
281.000000	0.242211	0.242937	0.242523	0.242490	0.243342	0.242664	0.242789
282.000000	0.225470	0.226248	0.225887	0.225755	0.226279	0.226176	0.226141
283.000000	0.209328	0.210024	0.209613	0.209607	0.209620	0.210159	0.210022
284.000000	0.194007	0.194618	0.194019	0.194187	0.194081	0.194720	0.194639
285.000000	0.179366	0.179817	0.179128	0.179395	0.179384	0.179723	0.179818
286.000000	0.165191	0.165312	0.164892	0.165084	0.165053	0.165021	0.165330
287.000000	0.151438	0.151239	0.151322	0.151291	0.151171	0.150854	0.151330
288.000000	0.138151	0.137906	0.138440	0.138119	0.138041	0.137595	0.138108
289.000000	0.125508	0.125430	0.126066	0.125620	0.125684	0.125271	0.125643
290.000000	0.113756	0.113800	0.113912	0.113801	0.113941	0.113678	0.113717
291.000000	0.102824	0.102857	0.102151	0.102585	0.102706	0.102627	0.102263
292.000000	0.092334	0.092315	0.091389	0.091816	0.091925	0.091945	0.091365
293.000000	0.082161	0.082122	0.081762	0.081549	0.081650	0.081662	0.081139
294.000000	0.072543	0.072566	0.072732	0.072137	0.072082	0.072086	0.071742
295.000000	0.063622	0.063766	0.063929	0.063651	0.063315	0.063339	0.063176
296.000000	0.055275	0.055442	0.055433	0.055533	0.055210	0.055104	0.055117
297.000000	0.047355	0.047369	0.047348	0.047368	0.047560	0.047103	0.047276
298.000000	0.039745	0.039665	0.039667	0.039448	0.040057	0.039366	0.039599
299.000000	0.032394	0.032483	0.032388	0.032142	0.032502	0.032006	0.032135
300.000000	0.025548	0.025820	0.025619	0.025514	0.025331	0.025248	0.025210
301.000000	0.019476	0.019616	0.019467	0.019505	0.019081	0.019288	0.019152
302.000000	0.013898	0.013767	0.013775	0.013858	0.013534	0.013809	0.013668
303.000000	0.008318	0.008152	0.008275	0.008254	0.008145	0.008291	0.008213
304.000000	0.002742	0.002766	0.002905	0.002769	0.002814	0.002764	0.002800
305.000000	-0.002470	-0.002318	-0.002246	-0.002256	-0.002247	-0.002369	-0.002174
306.000000	-0.007139	-0.007022	-0.007044	-0.006743	-0.006916	-0.006949	-0.006627
307.000000	-0.011281	-0.011262	-0.011311	-0.010892	-0.011169	-0.011078	-0.010806
308.000000	-0.015036	-0.015077	-0.015069	-0.014842	-0.015035	-0.014878	-0.014818
309.000000	-0.018714	-0.018686	-0.018634	-0.018607	-0.018620	-0.018480	-0.018531
310.000000	-0.022446	-0.022204	-0.022186	-0.022166	-0.022009	-0.021954	-0.021885
311.000000	-0.025926	-0.025475	-0.025528	-0.025425	-0.025231	-0.025231	-0.025031
312.000000	-0.028899	-0.028380	-0.028488	-0.028340	-0.028291	-0.028249	-0.028094
313.000000	-0.031515	-0.031058	-0.031162	-0.031053	-0.031147	-0.031050	-0.030994
314.000000	-0.033999	-0.033688	-0.033698	-0.033718	-0.033773	-0.033696	-0.033646
315.000000	-0.036497	-0.036357	-0.036202	-0.036309	-0.036298	-0.036252	-0.036157
316.000000	-0.039103	-0.039091	-0.038744	-0.038746	-0.038875	-0.038762	-0.038675
317.000000	-0.041650	-0.041673	-0.041201	-0.040997	-0.041390	-0.041105	-0.041132
318.000000	-0.043865	-0.043789	-0.043368	-0.043064	-0.043608	-0.043101	-0.043360
319.000000	-0.045806	-0.045555	-0.045328	-0.045061	-0.045556	-0.044934	-0.045388
320.000000	-0.047783	-0.047403	-0.047373	-0.047185	-0.047451	-0.047043	-0.047387
321.000000	-0.049872	-0.049490	-0.049543	-0.049429	-0.049377	-0.049450	-0.049402
322.000000	-0.051887	-0.051658	-0.051598	-0.051566	-0.051273	-0.051701	-0.051338
323.000000	-0.053728	-0.053755	-0.053438	-0.053471	-0.053121	-0.053587	-0.053180
324.000000	-0.055459	-0.055660	-0.055230	-0.055208	-0.054996	-0.055347	-0.055063
325.000000	-0.057150	-0.057323	-0.057083	-0.056862	-0.056914	-0.057131	-0.057018
326.000000	-0.058851	-0.058846	-0.058917	-0.058526	-0.058721	-0.058782	-0.058783
327.000000	-0.060596	-0.060357	-0.060648	-0.060260	-0.060311	-0.060189	-0.060191
328.000000	-0.062384	-0.061988	-0.062278	-0.061995	-0.061868	-0.061608	-0.061603
329.000000	-0.064177	-0.063812	-0.063827	-0.063645	-0.063578	-0.063298	-0.063381
330.000000	-0.065782	-0.065545	-0.065289	-0.065195	-0.065259	-0.065035	-0.065185
331.000000	-0.066995	-0.066836	-0.066655	-0.066658	-0.066640	-0.066472	-0.066495
332.000000	-0.068040	-0.067930	-0.067943	-0.068045	-0.067854	-0.067746	-0.067538
333.000000	-0.069348	-0.069365	-0.069192	-0.069374	-0.069234	-0.069233	-0.068908
334.000000	-0.070915	-0.071064	-0.070489	-0.070681	-0.070762	-0.070874	-0.070570
335.000000	-0.072398	-0.072466	-0.071953	-0.072021	-0.072132	-0.072265	-0.071988
336.000000	-0.073671	-0.073446	-0.073476	-0.073364	-0.073268	-0.073323	-0.073035
337.000000	-0.074881	-0.074410	-0.074685	-0.074580	-0.074362	-0.074350	-0.074083
338.000000	-0.076086	-0.075560	-0.075491	-0.075623	-0.075513	-0.075499	-0.075321
339.000000	-0.077159	-0.076685	-0.076329	-0.076608	-0.076617	-0.076617	-0.076568
340.000000	-0.078049	-0.077648	-0.077489	-0.077629	-0.077615	-0.077599	-0.077686
341.000000	-0.078949	-0.078611	-0.078746	-0.078679	-0.078611	-0.078544	-0.078746
342.000000	-0.079996	-0.079703	-0.079844	-0.079723	-0.079673	-0.079536	-0.079802
343.000000	-0.080942	-0.080726	-0.080739	-0.080665	-0.080611	-0.080468	-0.080686
344.000000	-0.081530	-0.081459	-0.081454	-0.081421	-0.081234	-0.081216	-0.081245
345.000000	-0.082059	-0.082035	-0.082088	-0.082079	-0.081766	-0.081842	-0.081755
346.000000	-0.082972	-0.082700	-0.082759	-0.082781	-0.082544	-0.082479	-0.082601
347.000000	-0.084040	-0.083431	-0.083474	-0.083500	-0.083478	-0.083195	-0.083579
348.000000	-0.084683	-0.084060	-0.084180	-0.084117	-0.084242	-0.084015	-0.084177
349.000000	-0.084938	-0.084627	-0.084860	-0.084666	-0.084808	-0.084823	-0.084445
350.000000	-0.085367	-0.085347	-0.085534	-0.085300	-0.085395	-0.085387	-0.084910
351.000000	-0.086114	-0.086224	-0.086177	-0.086014	-0.086066	-0.085724	-0.085693
352.000000	-0.086794	-0.086991	-0.086712	-0.086604	-0.086675	-0.086158	-0.086403
353.000000	-0.087213	-0.087501	-0.087103	-0.086982	-0.087141	-0.086830	-0.086826
354.000000	-0.087589	-0.087848	-0.087405	-0.087304	-0.087527	-0.087500	-0.087135
355.000000	-0.088080	-0.088133	-0.087694	-0.087687	-0.087890	-0.087975	-0.087486
356.000000	-0.088557	-0.088400	-0.088077	-0.088079	-0.088239	-0.088293	-0.087865
357.000000	-0.088897	-0.088689	-0.088619	-0.088428	-0.088578	-0.088540	-0.088247
358.000000	-0.089235	-0.089072	-0.089174	-0.088814	-0.088932	-0.088829	-0.088660
359.000000	-0.089722	-0.089592	-0.089567	-0.089321	-0.089322	-0.089253	-0.089133
360.000000	-0.090191	-0.090080	-0.089816	-0.089815	-0.089715	-0.089709	-0.089600
361.000000	-0.090386	-0.090314	-0.090020	-0.090102	-0.090062	-0.090037	-0.089971
362.000000	-0.090457	-0.090413	-0.090284	-0.090281	-0.090389	-0.090300	-0.090313
363.000000	-0.090772	-0.090690	-0.090704	-0.090614	-0.090769	-0.090687	-0.090776
364.000000	-0.091331	-0.091164	-0.091203	-0.091091	-0.091160	-0.091163	-0.091301
365.000000	-0.091803	-0.091599	-0.091552	-0.091468	-0.091428	-0.091496	-0.091646
366.000000	-0.092071	-0.091898	-0.091726	-0.091693	-0.091580	-0.091651	-0.091765
367.000000	-0.092306	-0.092154	-0.091965	-0.091973	-0.091809	-0.091852	-0.091872
368.000000	-0.092653	-0.092473	-0.092416	-0.092433	-0.092241	-0.092267	-0.092144
369.000000	-0.093162	-0.092955	-0.093012	-0.093009	-0.092865	-0.092924	-0.092651
370.000000	-0.093809	-0.093618	-0.093659	-0.093612	-0.093602	-0.093746	-0.093366
371.000000	-0.094395	-0.094237	-0.094237	-0.094134	-0.094237	-0.094397	-0.094026
372.000000	-0.094760	-0.094624	-0.094661	-0.094506	-0.094604	-0.094620	-0.094411
373.000000	-0.095056	-0.094944	-0.095005	-0.094839	-0.094855	-0.094710	-0.094687
374.000000	-0.095493	-0.095421	-0.095377	-0.095270	-0.095206	-0.095046	-0.095096
375.000000	-0.096039	-0.096021	-0.095800	-0.095778	-0.095703	-0.095594	-0.095676
376.000000	-0.096574	-0.096609	-0.096258	-0.096283	-0.096315	-0.096156	-0.096369
377.000000	-0.097040	-0.097101	-0.096708	-0.096750	-0.096930	-0.096669	-0.097036
378.000000	-0.097423	-0.097453	-0.097092	-0.097173	-0.097397	-0.097155	-0.097495
379.000000	-0.097759	-0.097726	-0.097465	-0.097568	-0.097705	-0.097631	-0.097745
380.000000	-0.098131	-0.098076	-0.097979	-0.097968	-0.097972	-0.098108	-0.097949
381.000000	-0.098566	-0.098544	-0.098628	-0.098423	-0.098312	-0.098578	-0.098253
382.000000	-0.099014	-0.099015	-0.099196	-0.099009	-0.098826	-0.099004	-0.098776
383.000000	-0.099460	-0.099435	-0.099584	-0.099696	-0.099495	-0.099405	-0.099508
384.000000	-0.099965	-0.099904	-0.099950	-0.100236	-0.100069	-0.099912	-0.100199
385.000000	-0.100548	-0.100474	-0.100423	-0.100487	-0.100387	-0.100568	-0.100661
386.000000	-0.101079	-0.101020	-0.100960	-0.100682	-0.100624	-0.101138	-0.100971
387.000000	-0.101450	-0.101426	-0.101488	-0.101051	-0.100970	-0.101419	-0.101241
388.000000	-0.101764	-0.101763	-0.101933	-0.101515	-0.101401	-0.101606	-0.101536
389.000000	-0.102146	-0.102128	-0.102235	-0.101922	-0.101836	-0.101954	-0.101895
390.000000	-0.102476	-0.102424	-0.102425	-0.102228	-0.102208	-0.102335	-0.102259
391.000000	-0.102555	-0.102500	-0.102580	-0.102439	-0.102468	-0.102494	-0.102540
392.000000	-0.102546	-0.102499	-0.102775	-0.102649	-0.102700	-0.102516	-0.102776
393.000000	-0.102815	-0.102732	-0.103080	-0.102996	-0.103059	-0.102689	-0.103072
394.000000	-0.103314	-0.103185	-0.103398	-0.103377	-0.103462	-0.103008	-0.103379
395.000000	-0.103612	-0.103542	-0.103480	-0.103478	-0.103612	-0.103203	-0.103508
396.000000	-0.103593	-0.103665	-0.103335	-0.103299	-0.103495	-0.103242	-0.103457
397.000000	-0.103579	-0.103670	-0.103319	-0.103266	-0.103481	-0.103418	-0.103482
398.000000	-0.103772	-0.103679	-0.103606	-0.103607	-0.103754	-0.103825	-0.103718
399.000000	-0.104080	-0.103798	-0.103973	-0.104095	-0.104073	-0.104113	-0.104023
400.000000	-0.104392	-0.104065	-0.104223	-0.104488	-0.104241	-0.104066	-0.104265
401.000000	-0.104645	-0.104328	-0.104384	-0.104653	-0.104333	-0.104015	-0.104436
402.000000	-0.104790	-0.104451	-0.104512	-0.104548	-0.104452	-0.104272	-0.104556
403.000000	-0.104808	-0.104519	-0.104622	-0.104429	-0.104609	-0.104603	-0.104669
404.000000	-0.104708	-0.104658	-0.104717	-0.104584	-0.104781	-0.104680	-0.104810
405.000000	-0.104641	-0.104823	-0.104793	-0.104886	-0.104901	-0.104614	-0.104910
406.000000	-0.104796	-0.104911	-0.104849	-0.105056	-0.104900	-0.104680	-0.104871
407.000000	-0.105107	-0.104933	-0.104907	-0.105105	-0.104890	-0.104912	-0.104789
408.000000	-0.105350	-0.104974	-0.105003	-0.105221	-0.105083	-0.105190	-0.104874
409.000000	-0.105447	-0.105061	-0.105135	-0.105414	-0.105433	-0.105419	-0.105138
410.000000	-0.105454	-0.105166	-0.105270	-0.105534	-0.105653	-0.105532	-0.105412
411.000000	-0.105440	-0.105278	-0.105376	-0.105534	-0.105638	-0.105544	-0.105578
412.000000	-0.105490	-0.105412	-0.105429	-0.105512	-0.105535	-0.105576	-0.105593
413.000000	-0.105641	-0.105583	-0.105464	-0.105565	-0.105494	-0.105693	-0.105514
414.000000	-0.105841	-0.105801	-0.105629	-0.105761	-0.105626	-0.105834	-0.105578
415.000000	-0.106032	-0.106051	-0.105982	-0.106091	-0.105948	-0.105933	-0.105910
416.000000	-0.106166	-0.106248	-0.106288	-0.106333	-0.106207	-0.105962	-0.106245
417.000000	-0.106218	-0.106328	-0.106339	-0.106306	-0.106198	-0.105929	-0.106326
418.000000	-0.106256	-0.106373	-0.106303	-0.106196	-0.106168	-0.105994	-0.106275
419.000000	-0.106352	-0.106481	-0.106403	-0.106245	-0.106411	-0.106299	-0.106285
420.000000	-0.106416	-0.106561	-0.106519	-0.106357	-0.106664	-0.106599	-0.106329
421.000000	-0.106311	-0.106464	-0.106414	-0.106316	-0.106481	-0.106530	-0.106292
422.000000	-0.106145	-0.106292	-0.106214	-0.106199	-0.106056	-0.106236	-0.106209
423.000000	-0.106163	-0.106293	-0.106258	-0.106246	-0.105960	-0.106165	-0.106198
424.000000	-0.106328	-0.106426	-0.106489	-0.106402	-0.106205	-0.106328	-0.106244
425.000000	-0.106350	-0.106392	-0.106494	-0.106341	-0.106299	-0.106340	-0.106214
426.000000	-0.106165	-0.106147	-0.106189	-0.106036	-0.106094	-0.106129	-0.106087
427.000000	-0.106022	-0.105996	-0.105940	-0.105876	-0.105925	-0.106053	-0.105996
428.000000	-0.106046	-0.106085	-0.105966	-0.106033	-0.105978	-0.106256	-0.106011
429.000000	-0.106079	-0.106208	-0.106130	-0.106210	-0.106089	-0.106414	-0.106054
430.000000	-0.106010	-0.106208	-0.106275	-0.106189	-0.106123	-0.106300	-0.106072
431.000000	-0.105956	-0.106184	-0.106301	-0.106128	-0.106154	-0.106131	-0.106124
432.000000	-0.106033	-0.106244	-0.106163	-0.106193	-0.106256	-0.106129	-0.106253
433.000000	-0.106160	-0.106331	-0.106022	-0.106282	-0.106339	-0.106199	-0.106342
434.000000	-0.106219	-0.106357	-0.106057	-0.106250	-0.106295	-0.106186	-0.106267
435.000000	-0.106224	-0.106337	-0.106207	-0.106161	-0.106208	-0.106143	-0.106153
436.000000	-0.106237	-0.106322	-0.106316	-0.106155	-0.106226	-0.106193	-0.106203
437.000000	-0.106250	-0.106274	-0.106335	-0.106218	-0.106305	-0.106293	-0.106342
438.000000	-0.106213	-0.106108	-0.106280	-0.106247	-0.106291	-0.106309	-0.106336
439.000000	-0.106142	-0.105908	-0.106188	-0.106199	-0.106168	-0.106224	-0.106169
440.000000	-0.106111	-0.105901	-0.106117	-0.106089	-0.106051	-0.106132	-0.106018
441.000000	-0.106141	-0.106100	-0.106095	-0.105969	-0.106001	-0.106084	-0.105979
442.000000	-0.106180	-0.106232	-0.106106	-0.105940	-0.106014	-0.106079	-0.106023
443.000000	-0.106202	-0.106169	-0.106143	-0.106048	-0.106071	-0.106115	-0.106106
444.000000	-0.106238	-0.106089	-0.106220	-0.106232	-0.106148	-0.106198	-0.106166
445.000000	-0.106313	-0.106140	-0.106333	-0.106417	-0.106226	-0.106317	-0.106170
446.000000	-0.106416	-0.106278	-0.106418	-0.106532	-0.106302	-0.106417	-0.106167
447.000000	-0.106519	-0.106427	-0.106421	-0.106525	-0.106375	-0.106452	-0.106203
448.000000	-0.106554	-0.106520	-0.106393	-0.106449	-0.106412	-0.106456	-0.106266
449.000000	-0.106465	-0.106505	-0.106389	-0.106370	-0.106382	-0.106471	-0.106321
450.000000	-0.106318	-0.106407	-0.106356	-0.106287	-0.106293	-0.106445	-0.106321
451.000000	-0.106222	-0.106283	-0.106207	-0.106179	-0.106168	-0.106304	-0.106222
452.000000	-0.106165	-0.106149	-0.105990	-0.106062	-0.106031	-0.106108	-0.106063
453.000000	-0.106070	-0.106004	-0.105831	-0.105978	-0.105907	-0.105993	-0.105929
454.000000	-0.105963	-0.105899	-0.105792	-0.105958	-0.105840	-0.105987	-0.105877
455.000000	-0.105956	-0.105930	-0.105879	-0.106023	-0.105887	-0.106024	-0.105933
456.000000	-0.106039	-0.106068	-0.106032	-0.106133	-0.106018	-0.106043	-0.106041
457.000000	-0.106046	-0.106124	-0.106112	-0.106168	-0.106088	-0.105993	-0.106042
458.000000	-0.105915	-0.106007	-0.106051	-0.106072	-0.106029	-0.105872	-0.105884
459.000000	-0.105793	-0.105824	-0.105917	-0.105914	-0.105923	-0.105772	-0.105721
460.000000	-0.105785	-0.105680	-0.105788	-0.105764	-0.105838	-0.105749	-0.105665
461.000000	-0.105809	-0.105632	-0.105721	-0.105655	-0.105765	-0.105743	-0.105654
462.000000	-0.105779	-0.105691	-0.105739	-0.105603	-0.105687	-0.105686	-0.105616
463.000000	-0.105708	-0.105725	-0.105747	-0.105587	-0.105616	-0.105565	-0.105552
464.000000	-0.105632	-0.105607	-0.105649	-0.105578	-0.105570	-0.105394	-0.105485
465.000000	-0.105568	-0.105445	-0.105513	-0.105574	-0.105552	-0.105285	-0.105457
466.000000	-0.105520	-0.105422	-0.105461	-0.105578	-0.105560	-0.105364	-0.105508
467.000000	-0.105484	-0.105505	-0.105482	-0.105562	-0.105556	-0.105535	-0.105576
468.000000	-0.105451	-0.105552	-0.105493	-0.105482	-0.105488	-0.105587	-0.105552
469.000000	-0.105413	-0.105517	-0.105454	-0.105367	-0.105375	-0.105497	-0.105444
470.000000	-0.105367	-0.105443	-0.105367	-0.105305	-0.105293	-0.105395	-0.105361
471.000000	-0.105311	-0.105350	-0.105266	-0.105303	-0.105256	-0.105326	-0.105333
472.000000	-0.105250	-0.105229	-0.105219	-0.105274	-0.105202	-0.105235	-0.105297
473.000000	-0.105196	-0.105107	-0.105244	-0.105188	-0.105118	-0.105116	-0.105232
474.000000	-0.105175	-0.105066	-0.105263	-0.105126	-0.105088	-0.105064	-0.105196
475.000000	-0.105188	-0.105128	-0.105218	-0.105124	-0.105142	-0.105126	-0.105213
476.000000	-0.105173	-0.105151	-0.105128	-0.105084	-0.105151	-0.105196	-0.105195
477.000000	-0.105082	-0.105031	-0.105030	-0.104944	-0.105024	-0.105176	-0.105075
478.000000	-0.104974	-0.104922	-0.104967	-0.104853	-0.104903	-0.105086	-0.104951
479.000000	-0.104920	-0.104993	-0.104970	-0.104963	-0.104946	-0.104976	-0.104928
480.000000	-0.104912	-0.105127	-0.104983	-0.105126	-0.105048	-0.104913	-0.104941
481.000000	-0.104912	-0.105126	-0.104924	-0.105111	-0.105034	-0.104949	-0.104874
482.000000	-0.104887	-0.104992	-0.104808	-0.104930	-0.104894	-0.104989	-0.104736
483.000000	-0.104807	-0.104827	-0.104697	-0.104721	-0.104712	-0.104864	-0.104602
484.000000	-0.104667	-0.104666	-0.104589	-0.104540	-0.104544	-0.104605	-0.104506
485.000000	-0.104484	-0.104486	-0.104431	-0.104383	-0.104426	-0.104390	-0.104452
486.000000	-0.104299	-0.104296	-0.104236	-0.104258	-0.104336	-0.104291	-0.104406
487.000000	-0.104176	-0.104144	-0.104090	-0.104191	-0.104184	-0.104255	-0.104295
488.000000	-0.104139	-0.104047	-0.104029	-0.104181	-0.103974	-0.104218	-0.104112
489.000000	-0.104141	-0.103970	-0.103997	-0.104177	-0.103861	-0.104115	-0.103966
490.000000	-0.104148	-0.103912	-0.103965	-0.104148	-0.103928	-0.103953	-0.103933
491.000000	-0.104172	-0.103961	-0.103977	-0.104131	-0.104057	-0.103920	-0.103999
492.000000	-0.104198	-0.104136	-0.104045	-0.104134	-0.104113	-0.104110	-0.104098
493.000000	-0.104105	-0.104160	-0.104020	-0.104028	-0.104009	-0.104177	-0.104047
494.000000	-0.103796	-0.103790	-0.103774	-0.103715	-0.103713	-0.103803	-0.103708
495.000000	-0.103463	-0.103343	-0.103479	-0.103398	-0.103416	-0.103340	-0.103345
496.000000	-0.103358	-0.103255	-0.103373	-0.103338	-0.103348	-0.103289	-0.103302
497.000000	-0.103399	-0.103405	-0.103391	-0.103418	-0.103424	-0.103491	-0.103448
498.000000	-0.103357	-0.103411	-0.103326	-0.103351	-0.103412	-0.103484	-0.103437
499.000000	-0.103199	-0.103222	-0.103168	-0.103123	-0.103273	-0.103223	-0.103231
500.000000	-0.103039	-0.103025	-0.103043	-0.102914	-0.103102	-0.102964	-0.103017
501.000000	-0.102902	-0.102875	-0.102963	-0.102784	-0.102941	-0.102801	-0.102861
502.000000	-0.102726	-0.102685	-0.102819	-0.102661	-0.102767	-0.102652	-0.102700
503.000000	-0.102513	-0.102453	-0.102589	-0.102510	-0.102582	-0.102486	-0.102520
504.000000	-0.102378	-0.102310	-0.102398	-0.102367	-0.102438	-0.102356	-0.102393
505.000000	-0.102361	-0.102309	-0.102310	-0.102257	-0.102352	-0.102286	-0.102340
506.000000	-0.102311	-0.102298	-0.102228	-0.102182	-0.102262	-0.102213	-0.102261
507.000000	-0.102122	-0.102153	-0.102072	-0.102125	-0.102117	-0.102082	-0.102084
508.000000	-0.101904	-0.101925	-0.101888	-0.102017	-0.101937	-0.101919	-0.101887
509.000000	-0.101784	-0.101696	-0.101738	-0.101812	-0.101758	-0.101767	-0.101755
510.000000	-0.101733	-0.101535	-0.101652	-0.101620	-0.101628	-0.101669	-0.101663
511.000000	-0.101675	-0.101490	-0.101635	-0.101566	-0.101585	-0.101654	-0.101561
512.000000	-0.101564	-0.101472	-0.101596	-0.101529	-0.101562	-0.101626	-0.101441
513.000000	-0.101373	-0.101344	-0.101419	-0.101295	-0.101454	-0.101447	-0.101317
514.000000	-0.101160	-0.101130	-0.101171	-0.100974	-0.101267	-0.101182	-0.101191
515.000000	-0.101032	-0.100963	-0.101035	-0.100875	-0.101085	-0.101024	-0.101060
516.000000	-0.100970	-0.100857	-0.100993	-0.100966	-0.100923	-0.100969	-0.100914
517.000000	-0.100831	-0.100721	-0.100826	-0.100892	-0.100734	-0.100824	-0.100743
518.000000	-0.100582	-0.100525	-0.100498	-0.100555	-0.100506	-0.100541	-0.100550
519.000000	-0.100344	-0.100338	-0.100229	-0.100229	-0.100285	-0.100285	-0.100366
520.000000	-0.100190	-0.100203	-0.100132	-0.100076	-0.100103	-0.100148	-0.100204
521.000000	-0.100073	-0.100088	-0.100060	-0.099973	-0.099958	-0.100045	-0.100039
522.000000	-0.099942	-0.099956	-0.099892	-0.099812	-0.099840	-0.099896	-0.099854
523.000000	-0.099788	-0.099776	-0.099678	-0.099635	-0.099717	-0.099719	-0.099663
524.000000	-0.099615	-0.099537	-0.099487	-0.099498	-0.099570	-0.099544	-0.099486
525.000000	-0.099460	-0.099318	-0.099347	-0.099409	-0.099431	-0.099403	-0.099328
526.000000	-0.099358	-0.099202	-0.099269	-0.099354	-0.099340	-0.099319	-0.099194
527.000000	-0.099264	-0.099157	-0.099209	-0.099285	-0.099274	-0.099251	-0.099098
528.000000	-0.099106	-0.099103	-0.099110	-0.099144	-0.099185	-0.099143	-0.099049
529.000000	-0.098905	-0.099001	-0.098980	-0.098966	-0.099063	-0.099017	-0.098992
530.000000	-0.098732	-0.098841	-0.098859	-0.098832	-0.098917	-0.098941	-0.098832
531.000000	-0.098604	-0.098647	-0.098687	-0.098687	-0.098696	-0.098822	-0.098592
532.000000	-0.098495	-0.098475	-0.098325	-0.098367	-0.098306	-0.098444	-0.098395
533.000000	-0.098394	-0.098362	-0.098030	-0.098086	-0.097998	-0.098062	-0.098291
534.000000	-0.098321	-0.098321	-0.098549	-0.098529	-0.098447	-0.098514	-0.098239
535.000000	-0.098266	-0.098272	-0.099369	-0.099261	-0.099197	-0.099335	-0.098194
536.000000	-0.098173	-0.097983	-0.097643	-0.097767	-0.097705	-0.097633	-0.098117
537.000000	-0.097982	-0.097499	-0.093818	-0.094405	-0.094329	-0.093812	-0.097961
538.000000	-0.097641	-0.097654	-0.097751	-0.097773	-0.097726	-0.097716	-0.097653
539.000000	-0.097231	-0.098678	-0.111864	-0.109990	-0.110048	-0.111771	-0.097248
540.000000	-0.097350	-0.097864	-0.102792	-0.102001	-0.102111	-0.102664	-0.097344
541.000000	-0.098314	-0.092735	-0.041885	-0.048838	-0.048840	-0.041798	-0.098266
542.000000	-0.097967	-0.086612	0.017279	0.002935	0.002961	0.017284	-0.097889
543.000000	-0.093711	-0.084361	0.001121	-0.010663	-0.010965	0.001067	-0.093647
544.000000	-0.087452	-0.085057	-0.063633	-0.066556	-0.066927	-0.063712	-0.087427
545.000000	-0.083404	-0.084877	-0.099491	-0.097590	-0.096841	-0.099567	-0.083403
546.000000	-0.083415	-0.084294	-0.093054	-0.092048	-0.090777	-0.093116	-0.083408
547.000000	-0.087380	-0.087047	-0.081184	-0.081696	-0.084246	-0.081237	-0.087339
548.000000	-0.093262	-0.092847	-0.081205	-0.081632	-0.090710	-0.081255	-0.093180
549.000000	-0.096943	-0.096801	-0.086888	-0.086842	-0.097480	-0.086927	-0.096847
550.000000	-0.096832	-0.096790	-0.092671	-0.092541	-0.097580	-0.092690	-0.096757
551.000000	-0.095598	-0.095568	-0.096117	-0.096065	-0.095526	-0.096128	-0.095548
552.000000	-0.095259	-0.095246	-0.096329	-0.096298	-0.095011	-0.096347	-0.095215
553.000000	-0.095384	-0.095384	-0.095366	-0.095313	-0.095318	-0.095375	-0.095331
554.000000	-0.095355	-0.095346	-0.095083	-0.095010	-0.095386	-0.095052	-0.095286
555.000000	-0.095138	-0.095100	-0.095148	-0.095075	-0.095162	-0.095095	-0.095057
556.000000	-0.094841	-0.094769	-0.094918	-0.094872	-0.094827	-0.094910	-0.094761
557.000000	-0.094663	-0.094579	-0.094638	-0.094630	-0.094623	-0.094691	-0.094612
558.000000	-0.094753	-0.094702	-0.094725	-0.094745	-0.094728	-0.094785	-0.094761
559.000000	-0.094602	-0.094596	-0.094648	-0.094662	-0.094607	-0.094677	-0.094649
560.000000	-0.093552	-0.093543	-0.093597	-0.093555	-0.093556	-0.093613	-0.093545
561.000000	-0.093125	-0.093092	-0.093108	-0.092993	-0.093104	-0.093131	-0.093025
562.000000	-0.096068	-0.096063	-0.096055	-0.095915	-0.096039	-0.096062	-0.095969
563.000000	-0.098151	-0.098216	-0.098219	-0.098104	-0.098144	-0.098190	-0.098146
564.000000	-0.088586	-0.088665	-0.088713	-0.088604	-0.088603	-0.088660	-0.088627
565.000000	-0.077597	-0.077608	-0.077714	-0.077572	-0.077625	-0.077667	-0.077594
566.000000	-0.105564	-0.105506	-0.105637	-0.105479	-0.105591	-0.105617	-0.105524
567.000000	-0.175962	-0.175884	-0.175983	-0.175864	-0.175972	-0.176002	-0.175947
568.000000	-0.211453	-0.211381	-0.211410	-0.211374	-0.211421	-0.211479	-0.211473
569.000000	-0.162645	-0.162580	-0.162530	-0.162596	-0.162551	-0.162651	-0.162667
570.000000	-0.095141	-0.095087	-0.094991	-0.095114	-0.095034	-0.095140	-0.095150
571.000000	-0.077210	-0.077178	-0.077096	-0.077184	-0.077187	-0.077226	-0.077212
572.000000	-0.090470	-0.090453	-0.090425	-0.090443	-0.090539	-0.090491	-0.090451
573.000000	-0.096972	-0.096946	-0.096977	-0.096964	-0.097039	-0.096952	-0.096902
574.000000	-0.093595	-0.093544	-0.093619	-0.093604	-0.093601	-0.093530	-0.093480
575.000000	-0.091098	-0.091028	-0.091119	-0.091089	-0.091079	-0.091054	-0.091003
576.000000	-0.091664	-0.091596	-0.091674	-0.091612	-0.091666	-0.091687	-0.091624
577.000000	-0.092304	-0.092267	-0.092315	-0.092231	-0.092336	-0.092372	-0.092279
578.000000	-0.092031	-0.092039	-0.092065	-0.091980	-0.092093	-0.092109	-0.091990
579.000000	-0.091661	-0.091690	-0.091740	-0.091680	-0.091761	-0.091750	-0.091654
580.000000	-0.091477	-0.091500	-0.091609	-0.091583	-0.091618	-0.091583	-0.091558
581.000000	-0.091030	-0.091061	-0.091190	-0.091171	-0.091187	-0.091132	-0.091157
582.000000	-0.090510	-0.090568	-0.090652	-0.090604	-0.090640	-0.090575	-0.090596
583.000000	-0.091318	-0.091372	-0.091399	-0.091342	-0.091382	-0.091348	-0.091345
584.000000	-0.093112	-0.093103	-0.093106	-0.093091	-0.093089	-0.093132	-0.093110
585.000000	-0.090667	-0.090597	-0.090606	-0.090641	-0.090598	-0.090692	-0.090658
586.000000	-0.084100	-0.084026	-0.084057	-0.084108	-0.084061	-0.084131	-0.084089
587.000000	-0.097260	-0.097213	-0.097264	-0.097288	-0.097260	-0.097281	-0.097258
588.000000	-0.148728	-0.148699	-0.148756	-0.148715	-0.148700	-0.148712	-0.148750
589.000000	-0.192897	-0.192882	-0.192937	-0.192824	-0.192837	-0.192840	-0.192947
590.000000	-0.170598	-0.170610	-0.170670	-0.170512	-0.170596	-0.170525	-0.170663
591.000000	-0.108945	-0.108981	-0.109052	-0.108895	-0.109029	-0.108881	-0.108997
592.000000	-0.076515	-0.076545	-0.076628	-0.076519	-0.076584	-0.076469	-0.076521
593.000000	-0.082589	-0.082583	-0.082677	-0.082628	-0.082572	-0.082553	-0.082546
594.000000	-0.092072	-0.092023	-0.092125	-0.092098	-0.092046	-0.092024	-0.092036
595.000000	-0.090864	-0.090795	-0.090888	-0.090842	-0.090919	-0.090803	-0.090886
596.000000	-0.088567	-0.088537	-0.088572	-0.088527	-0.088658	-0.088551	-0.088623
597.000000	-0.089383	-0.089430	-0.089379	-0.089368	-0.089410	-0.089462	-0.089416
598.000000	-0.087443	-0.087497	-0.087430	-0.087426	-0.087385	-0.087556	-0.087435
599.000000	-0.080541	-0.080496	-0.080517	-0.080464	-0.080442	-0.080579	-0.080509
600.000000	-0.076472	-0.076358	-0.076450	-0.076359	-0.076384	-0.076436	-0.076439
601.000000	-0.080752	-0.080698	-0.080751	-0.080685	-0.080719	-0.080732	-0.080738
602.000000	-0.087093	-0.087125	-0.087105	-0.087101	-0.087114	-0.087125	-0.087083
603.000000	-0.088574	-0.088599	-0.088567	-0.088615	-0.088604	-0.088623	-0.088520
604.000000	-0.086893	-0.086839	-0.086860	-0.086897	-0.086882	-0.086914	-0.086765
605.000000	-0.085889	-0.085749	-0.085856	-0.085788	-0.085804	-0.085855	-0.085688
606.000000	-0.085872	-0.085693	-0.085862	-0.085687	-0.085749	-0.085784	-0.085635
607.000000	-0.085656	-0.085526	-0.085674	-0.085524	-0.085610	-0.085549	-0.085448
608.000000	-0.085059	-0.085015	-0.085095	-0.085053	-0.085142	-0.084963	-0.084919
609.000000	-0.084541	-0.084507	-0.084576	-0.084558	-0.084649	-0.084457	-0.084441
610.000000	-0.084234	-0.084146	-0.084250	-0.084167	-0.084254	-0.084155	-0.084130
611.000000	-0.083967	-0.083873	-0.083955	-0.083862	-0.083901	-0.083889	-0.083840
612.000000	-0.083650	-0.083624	-0.083616	-0.083601	-0.083564	-0.083574	-0.083504
613.000000	-0.083318	-0.083334	-0.083280	-0.083329	-0.083264	-0.083236	-0.083177
614.000000	-0.083012	-0.082998	-0.082987	-0.083028	-0.083011	-0.082918	-0.082905
615.000000	-0.082778	-0.082720	-0.082748	-0.082758	-0.082788	-0.082668	-0.082716
616.000000	-0.082626	-0.082560	-0.082563	-0.082563	-0.082586	-0.082510	-0.082603
617.000000	-0.082468	-0.082426	-0.082413	-0.082413	-0.082413	-0.082399	-0.082481
618.000000	-0.082236	-0.082230	-0.082273	-0.082266	-0.082269	-0.082284	-0.082280
619.000000	-0.082012	-0.081993	-0.082122	-0.082076	-0.082122	-0.082137	-0.082036
620.000000	-0.081891	-0.081765	-0.081947	-0.081818	-0.081941	-0.081947	-0.081809
621.000000	-0.081832	-0.081601	-0.081772	-0.081604	-0.081749	-0.081749	-0.081654
622.000000	-0.081746	-0.081543	-0.081632	-0.081568	-0.081588	-0.081591	-0.081607
623.000000	-0.081601	-0.081509	-0.081509	-0.081589	-0.081438	-0.081457	-0.081566
624.000000	-0.081396	-0.081359	-0.081359	-0.081423	-0.081251	-0.081296	-0.081368
625.000000	-0.081171	-0.081115	-0.081174	-0.081108	-0.081052	-0.081109	-0.081067
626.000000	-0.080996	-0.080920	-0.080976	-0.080894	-0.080916	-0.080931	-0.080874
627.000000	-0.080866	-0.080803	-0.080783	-0.080827	-0.080831	-0.080774	-0.080816
628.000000	-0.080697	-0.080665	-0.080604	-0.080731	-0.080687	-0.080627	-0.080712
629.000000	-0.080463	-0.080466	-0.080435	-0.080528	-0.080462	-0.080477	-0.080489
630.000000	-0.080242	-0.080277	-0.080259	-0.080316	-0.080285	-0.080322	-0.080254
631.000000	-0.080083	-0.080134	-0.080074	-0.080154	-0.080211	-0.080163	-0.080088
632.000000	-0.079961	-0.079987	-0.079932	-0.079985	-0.080104	-0.080019	-0.079977
633.000000	-0.079845	-0.079802	-0.079859	-0.079774	-0.079868	-0.079901	-0.079894
634.000000	-0.079726	-0.079637	-0.079784	-0.079593	-0.079626	-0.079798	-0.079812
635.000000	-0.079594	-0.079542	-0.079635	-0.079509	-0.079506	-0.079690	-0.079704
636.000000	-0.079432	-0.079450	-0.079435	-0.079434	-0.079431	-0.079538	-0.079540
637.000000	-0.079221	-0.079273	-0.079228	-0.079252	-0.079274	-0.079302	-0.079299
638.000000	-0.078997	-0.079046	-0.079001	-0.078989	-0.079042	-0.079012	-0.079028
639.000000	-0.078811	-0.078850	-0.078722	-0.078731	-0.078798	-0.078728	-0.078796
640.000000	-0.078685	-0.078697	-0.078477	-0.078538	-0.078601	-0.078517	-0.078622
641.000000	-0.078618	-0.078556	-0.078416	-0.078443	-0.078501	-0.078448	-0.078489
642.000000	-0.078563	-0.078431	-0.078490	-0.078422	-0.078463	-0.078473	-0.078390
643.000000	-0.078438	-0.078358	-0.078468	-0.078392	-0.078380	-0.078445	-0.078328
644.000000	-0.078236	-0.078320	-0.078281	-0.078309	-0.078224	-0.078310	-0.078284
645.000000	-0.078050	-0.078228	-0.078076	-0.078177	-0.078073	-0.078142	-0.078204
646.000000	-0.077958	-0.078075	-0.077964	-0.078041	-0.077988	-0.078016	-0.078084
647.000000	-0.077987	-0.078008	-0.077967	-0.078013	-0.077978	-0.077996	-0.078020
648.000000	-0.078119	-0.078108	-0.078065	-0.078136	-0.078031	-0.078094	-0.078063
649.000000	-0.078229	-0.078230	-0.078168	-0.078245	-0.078090	-0.078183	-0.078137
650.000000	-0.078212	-0.078229	-0.078188	-0.078194	-0.078105	-0.078153	-0.078158
651.000000	-0.078112	-0.078105	-0.078113	-0.078054	-0.078074	-0.078050	-0.078121
652.000000	-0.077994	-0.077894	-0.077953	-0.077923	-0.077996	-0.077943	-0.078028
653.000000	-0.077827	-0.077641	-0.077729	-0.077765	-0.077822	-0.077802	-0.077839
654.000000	-0.077553	-0.077392	-0.077467	-0.077502	-0.077500	-0.077573	-0.077512
655.000000	-0.077194	-0.077139	-0.077186	-0.077158	-0.077119	-0.077256	-0.077119
656.000000	-0.076821	-0.076854	-0.076903	-0.076809	-0.076833	-0.076890	-0.076786
657.000000	-0.076516	-0.076591	-0.076666	-0.076533	-0.076659	-0.076565	-0.076556
658.000000	-0.076369	-0.076457	-0.076540	-0.076403	-0.076512	-0.076412	-0.076412
659.000000	-0.076366	-0.076451	-0.076511	-0.076401	-0.076382	-0.076431	-0.076347
660.000000	-0.076381	-0.076448	-0.076486	-0.076407	-0.076333	-0.076485	-0.076369
661.000000	-0.076340	-0.076375	-0.076403	-0.076354	-0.076352	-0.076472	-0.076430
662.000000	-0.076255	-0.076244	-0.076255	-0.076251	-0.076300	-0.076353	-0.076401
663.000000	-0.076132	-0.076069	-0.076052	-0.076099	-0.076108	-0.076127	-0.076210
664.000000	-0.075943	-0.075858	-0.075824	-0.075871	-0.075876	-0.075874	-0.075939
665.000000	-0.075665	-0.075609	-0.075582	-0.075550	-0.075668	-0.075641	-0.075651
666.000000	-0.075296	-0.075277	-0.075259	-0.075172	-0.075366	-0.075346	-0.075312
667.000000	-0.074857	-0.074844	-0.074816	-0.074785	-0.074877	-0.074923	-0.074891
668.000000	-0.074458	-0.074427	-0.074403	-0.074451	-0.074407	-0.074499	-0.074469
669.000000	-0.074209	-0.074155	-0.074186	-0.074214	-0.074192	-0.074226	-0.074142
670.000000	-0.074026	-0.073956	-0.074064	-0.074001	-0.074077	-0.074019	-0.073887
671.000000	-0.073759	-0.073686	-0.073837	-0.073703	-0.073777	-0.073713	-0.073633
672.000000	-0.073425	-0.073362	-0.073499	-0.073362	-0.073353	-0.073358	-0.073367
673.000000	-0.073140	-0.073096	-0.073160	-0.073105	-0.073062	-0.073125	-0.073109
674.000000	-0.072929	-0.072925	-0.072899	-0.072950	-0.072951	-0.073008	-0.072880
675.000000	-0.072741	-0.072820	-0.072762	-0.072819	-0.072879	-0.072852	-0.072692
676.000000	-0.072576	-0.072746	-0.072733	-0.072693	-0.072786	-0.072640	-0.072565
677.000000	-0.072496	-0.072665	-0.072723	-0.072626	-0.072713	-0.072532	-0.072523
678.000000	-0.072525	-0.072576	-0.072685	-0.072638	-0.072682	-0.072593	-0.072564
679.000000	-0.072615	-0.072544	-0.072650	-0.072679	-0.072671	-0.072708	-0.072651
680.000000	-0.072692	-0.072587	-0.072629	-0.072687	-0.072649	-0.072767	-0.072725
681.000000	-0.072639	-0.072586	-0.072566	-0.072582	-0.072585	-0.072715	-0.072697
682.000000	-0.072402	-0.072457	-0.072430	-0.072344	-0.072469	-0.072542	-0.072526
683.000000	-0.072194	-0.072339	-0.072337	-0.072170	-0.072377	-0.072382	-0.072378
684.000000	-0.072225	-0.072375	-0.072396	-0.072248	-0.072385	-0.072365	-0.072412
685.000000	-0.072393	-0.072472	-0.072521	-0.072435	-0.072464	-0.072433	-0.072512
686.000000	-0.072503	-0.072481	-0.072570	-0.072503	-0.072549	-0.072472	-0.072496
687.000000	-0.072495	-0.072413	-0.072520	-0.072431	-0.072556	-0.072448	-0.072377
688.000000	-0.072377	-0.072352	-0.072399	-0.072300	-0.072402	-0.072367	-0.072256
689.000000	-0.072221	-0.072301	-0.072252	-0.072180	-0.072170	-0.072256	-0.072166
690.000000	-0.072137	-0.072208	-0.072128	-0.072137	-0.072052	-0.072160	-0.072089
691.000000	-0.072133	-0.072101	-0.072066	-0.072152	-0.072072	-0.072116	-0.072043
692.000000	-0.072118	-0.072077	-0.072092	-0.072133	-0.072088	-0.072158	-0.072075
693.000000	-0.072078	-0.072153	-0.072181	-0.072068	-0.072066	-0.072265	-0.072179
694.000000	-0.072112	-0.072224	-0.072240	-0.072060	-0.072118	-0.072347	-0.072270
695.000000	-0.072248	-0.072236	-0.072219	-0.072145	-0.072269	-0.072353	-0.072295
696.000000	-0.072358	-0.072251	-0.072156	-0.072207	-0.072351	-0.072327	-0.072261
697.000000	-0.072359	-0.072311	-0.072099	-0.072182	-0.072270	-0.072315	-0.072202
698.000000	-0.072338	-0.072360	-0.072102	-0.072188	-0.072210	-0.072338	-0.072188
699.000000	-0.072384	-0.072349	-0.072198	-0.072327	-0.072332	-0.072399	-0.072272
700.000000	-0.072452	-0.072326	-0.072314	-0.072489	-0.072509	-0.072456	-0.072399
701.000000	-0.072485	-0.072353	-0.072373	-0.072538	-0.072568	-0.072464	-0.072496
702.000000	-0.072514	-0.072432	-0.072417	-0.072512	-0.072539	-0.072471	-0.072546
703.000000	-0.072592	-0.072541	-0.072513	-0.072509	-0.072517	-0.072544	-0.072559
704.000000	-0.072663	-0.072614	-0.072593	-0.072533	-0.072516	-0.072641	-0.072559
705.000000	-0.072614	-0.072569	-0.072524	-0.072539	-0.072507	-0.072658	-0.072580
706.000000	-0.072467	-0.072424	-0.072354	-0.072494	-0.072462	-0.072551	-0.072594
707.000000	-0.072338	-0.072270	-0.072264	-0.072377	-0.072361	-0.072318	-0.072526
708.000000	-0.072251	-0.072153	-0.072266	-0.072207	-0.072225	-0.072053	-0.072356
709.000000	-0.072126	-0.072068	-0.072186	-0.072042	-0.072121	-0.071949	-0.072120
710.000000	-0.071937	-0.071978	-0.071968	-0.071905	-0.072047	-0.072020	-0.071860
711.000000	-0.071751	-0.071796	-0.071746	-0.071750	-0.071892	-0.072002	-0.071619
712.000000	-0.071611	-0.071528	-0.071608	-0.071562	-0.071624	-0.071762	-0.071436
713.000000	-0.071505	-0.071378	-0.071504	-0.071404	-0.071401	-0.071496	-0.071344
714.000000	-0.071390	-0.071445	-0.071367	-0.071308	-0.071316	-0.071362	-0.071327
715.000000	-0.071158	-0.071411	-0.071121	-0.071187	-0.071190	-0.071260	-0.071226
716.000000	-0.070748	-0.071004	-0.070734	-0.070960	-0.070859	-0.071059	-0.070911
717.000000	-0.070372	-0.070517	-0.070374	-0.070675	-0.070471	-0.070737	-0.070518
718.000000	-0.070256	-0.070327	-0.070221	-0.070409	-0.070230	-0.070321	-0.070231
719.000000	-0.070195	-0.070246	-0.070135	-0.070159	-0.070083	-0.069985	-0.070009
720.000000	-0.069857	-0.069906	-0.069878	-0.069899	-0.069886	-0.069933	-0.069741
721.000000	-0.069424	-0.069505	-0.069570	-0.069706	-0.069678	-0.070054	-0.069526
722.000000	-0.069358	-0.069540	-0.069523	-0.069705	-0.069592	-0.070056	-0.069564
723.000000	-0.069571	-0.069827	-0.069637	-0.069732	-0.069556	-0.069825	-0.069685
724.000000	-0.069520	-0.069627	-0.069479	-0.069392	-0.069333	-0.069401	-0.069415
725.000000	-0.069053	-0.068893	-0.068986	-0.068735	-0.068942	-0.068913	-0.068790
726.000000	-0.068498	-0.068411	-0.068555	-0.068342	-0.068705	-0.068586	-0.068449
727.000000	-0.068159	-0.068498	-0.068401	-0.068418	-0.068723	-0.068504	-0.068629
728.000000	-0.068246	-0.068611	-0.068410	-0.068502	-0.068700	-0.068509	-0.068846
729.000000	-0.068782	-0.068437	-0.068511	-0.068354	-0.068492	-0.068518	-0.068801
730.000000	-0.069365	-0.068405	-0.068824	-0.068411	-0.068398	-0.068680	-0.068809
731.000000	-0.069659	-0.068884	-0.069436	-0.069040	-0.068674	-0.069113	-0.069151
732.000000	-0.069755	-0.069691	-0.070225	-0.070030	-0.069184	-0.069710	-0.069712
