[HEADER]
Format	J&M ASCII Table
Comment	
Date	2/12/1980 5:59:03 AM
Order	Y (evenX)
TechType	UV
NumPoints	483
FirstX	250.00
LastX	732.00
XType	NMetr
YType	Absrb
ZType	Secs
NumSubFile	7
Matrix	Z vs X
[DATA]
	0.000000	5.000064	10.000192	15.000256	20.000320	25.000448	30.000511
250.000000	0.842686	0.842686	0.842674	0.841007	0.841926	0.840250	0.840937
251.000000	0.817210	0.816563	0.816569	0.814659	0.816038	0.814192	0.814580
252.000000	0.792332	0.790863	0.790900	0.789946	0.789885	0.789370	0.789033
253.000000	0.767845	0.765989	0.765984	0.766517	0.765099	0.765569	0.764628
254.000000	0.743679	0.742299	0.742171	0.743909	0.742790	0.742510	0.741550
255.000000	0.720417	0.719902	0.719866	0.721681	0.721592	0.719971	0.719475
256.000000	0.698649	0.698792	0.699276	0.699548	0.699949	0.697833	0.698033
257.000000	0.678232	0.678631	0.679462	0.678070	0.678228	0.676485	0.677213
258.000000	0.658774	0.658994	0.659272	0.657986	0.657378	0.656420	0.657119
259.000000	0.639862	0.639669	0.639101	0.639063	0.637754	0.637554	0.637782
260.000000	0.621106	0.620583	0.620065	0.620597	0.619365	0.619495	0.619186
261.000000	0.602641	0.602004	0.602050	0.602368	0.601671	0.601739	0.601120
262.000000	0.584978	0.584432	0.584016	0.584517	0.583737	0.583709	0.583223
263.000000	0.567796	0.567444	0.565607	0.566785	0.565332	0.565242	0.565149
264.000000	0.549827	0.549570	0.547280	0.548452	0.547037	0.546644	0.546578
265.000000	0.530708	0.530367	0.529268	0.529406	0.529095	0.528179	0.527666
266.000000	0.511702	0.511238	0.511351	0.510607	0.511097	0.509995	0.509363
267.000000	0.493629	0.493133	0.493335	0.492632	0.492783	0.492109	0.492106
268.000000	0.475784	0.475398	0.475204	0.474818	0.474431	0.474239	0.474819
269.000000	0.457466	0.457301	0.456948	0.456503	0.456268	0.456108	0.456514
270.000000	0.438953	0.438817	0.438477	0.437816	0.437959	0.437634	0.437527
271.000000	0.420663	0.420102	0.419723	0.419070	0.419155	0.418820	0.418468
272.000000	0.402377	0.401346	0.400895	0.400488	0.400252	0.399870	0.399631
273.000000	0.383681	0.382727	0.382269	0.382210	0.381849	0.381046	0.381152
274.000000	0.364648	0.364169	0.363738	0.363900	0.363665	0.362395	0.362803
275.000000	0.345622	0.345457	0.344988	0.344983	0.344946	0.343836	0.344163
276.000000	0.326747	0.326514	0.326014	0.325601	0.325660	0.325265	0.325146
277.000000	0.307986	0.307381	0.307074	0.306505	0.306396	0.306567	0.305963
278.000000	0.289305	0.288273	0.288313	0.287967	0.287483	0.287785	0.286915
279.000000	0.270673	0.269611	0.269716	0.269626	0.268899	0.269170	0.268406
280.000000	0.252161	0.251560	0.251308	0.251296	0.250673	0.250891	0.250560
281.000000	0.234029	0.233763	0.233195	0.233198	0.232980	0.232933	0.232955
282.000000	0.216500	0.216034	0.215530	0.215571	0.215888	0.215327	0.215365
283.000000	0.199637	0.198833	0.198556	0.198560	0.199105	0.198291	0.198288
284.000000	0.183444	0.182597	0.182447	0.182273	0.182421	0.182021	0.182183
285.000000	0.167804	0.167119	0.166991	0.166717	0.166276	0.166466	0.166743
286.000000	0.152610	0.152080	0.151925	0.151862	0.151204	0.151527	0.151543
287.000000	0.138098	0.137620	0.137403	0.137619	0.137139	0.137228	0.136832
288.000000	0.124609	0.124047	0.123737	0.123890	0.123776	0.123649	0.123106
289.000000	0.112034	0.111359	0.110996	0.110809	0.110996	0.110831	0.110462
290.000000	0.099991	0.099358	0.099088	0.098642	0.098806	0.098792	0.098730
291.000000	0.088394	0.087958	0.087880	0.087399	0.087332	0.087483	0.087698
292.000000	0.077447	0.077187	0.077197	0.076843	0.076810	0.076795	0.077120
293.000000	0.067345	0.067106	0.067077	0.066905	0.067225	0.066777	0.067010
294.000000	0.058255	0.057815	0.057850	0.057758	0.058205	0.057697	0.057747
295.000000	0.050113	0.049344	0.049621	0.049451	0.049546	0.049574	0.049462
296.000000	0.042379	0.041557	0.041976	0.041722	0.041456	0.041880	0.041715
297.000000	0.034684	0.034316	0.034568	0.034346	0.034094	0.034246	0.034176
298.000000	0.027404	0.027533	0.027479	0.027326	0.027308	0.027027	0.027094
299.000000	0.020971	0.021166	0.020877	0.020743	0.020940	0.020631	0.020753
300.000000	0.015357	0.015339	0.014942	0.014850	0.015127	0.015024	0.015064
301.000000	0.010383	0.010185	0.009813	0.009884	0.010043	0.010021	0.009833
302.000000	0.005779	0.005495	0.005282	0.005512	0.005426	0.005370	0.005002
303.000000	0.001261	0.000928	0.000993	0.001176	0.000846	0.000808	0.000568
304.000000	-0.003126	-0.003476	-0.003191	-0.003189	-0.003647	-0.003636	-0.003544
305.000000	-0.007108	-0.007413	-0.007246	-0.007299	-0.007678	-0.007730	-0.007455
306.000000	-0.010626	-0.010840	-0.011060	-0.010993	-0.011154	-0.011359	-0.011136
307.000000	-0.013840	-0.013976	-0.014435	-0.014247	-0.014279	-0.014535	-0.014400
308.000000	-0.016869	-0.016960	-0.017353	-0.017148	-0.017206	-0.017363	-0.017240
309.000000	-0.019748	-0.019785	-0.020079	-0.019948	-0.019979	-0.020082	-0.019923
310.000000	-0.022479	-0.022442	-0.022780	-0.022775	-0.022643	-0.022824	-0.022626
311.000000	-0.024999	-0.024952	-0.025347	-0.025450	-0.025256	-0.025449	-0.025253
312.000000	-0.027273	-0.027325	-0.027665	-0.027806	-0.027818	-0.027820	-0.027688
313.000000	-0.029379	-0.029524	-0.029737	-0.029885	-0.030123	-0.029933	-0.029877
314.000000	-0.031411	-0.031532	-0.031620	-0.031786	-0.032005	-0.031839	-0.031816
315.000000	-0.033422	-0.033480	-0.033521	-0.033684	-0.033761	-0.033733	-0.033693
316.000000	-0.035441	-0.035517	-0.035650	-0.035750	-0.035784	-0.035817	-0.035724
317.000000	-0.037386	-0.037531	-0.037785	-0.037857	-0.037943	-0.037928	-0.037780
318.000000	-0.039138	-0.039295	-0.039518	-0.039746	-0.039863	-0.039744	-0.039580
319.000000	-0.040777	-0.040897	-0.040942	-0.041423	-0.041490	-0.041323	-0.041165
320.000000	-0.042523	-0.042648	-0.042524	-0.043094	-0.043017	-0.043009	-0.042816
321.000000	-0.044362	-0.044535	-0.044375	-0.044791	-0.044562	-0.044834	-0.044588
322.000000	-0.046010	-0.046174	-0.046201	-0.046353	-0.046155	-0.046489	-0.046277
323.000000	-0.047394	-0.047466	-0.047826	-0.047722	-0.047771	-0.047868	-0.047789
324.000000	-0.048806	-0.048798	-0.049295	-0.049026	-0.049303	-0.049235	-0.049238
325.000000	-0.050400	-0.050399	-0.050656	-0.050374	-0.050687	-0.050741	-0.050698
326.000000	-0.051913	-0.051981	-0.051910	-0.051782	-0.051977	-0.052175	-0.052111
327.000000	-0.053137	-0.053308	-0.053096	-0.053248	-0.053262	-0.053377	-0.053434
328.000000	-0.054313	-0.054632	-0.054423	-0.054761	-0.054688	-0.054581	-0.054776
329.000000	-0.055713	-0.056217	-0.056046	-0.056282	-0.056341	-0.056033	-0.056238
330.000000	-0.057161	-0.057745	-0.057602	-0.057633	-0.057885	-0.057514	-0.057662
331.000000	-0.058359	-0.058760	-0.058617	-0.058629	-0.058901	-0.058682	-0.058839
332.000000	-0.059386	-0.059514	-0.059365	-0.059519	-0.059656	-0.059668	-0.059909
333.000000	-0.060510	-0.060606	-0.060490	-0.060755	-0.060755	-0.060837	-0.061181
334.000000	-0.061735	-0.062014	-0.061997	-0.062234	-0.062193	-0.062180	-0.062597
335.000000	-0.062854	-0.063223	-0.063379	-0.063413	-0.063479	-0.063385	-0.063807
336.000000	-0.063813	-0.064115	-0.064424	-0.064217	-0.064460	-0.064390	-0.064725
337.000000	-0.064744	-0.065054	-0.065281	-0.065132	-0.065396	-0.065434	-0.065586
338.000000	-0.065731	-0.066188	-0.066108	-0.066341	-0.066429	-0.066598	-0.066520
339.000000	-0.066753	-0.067232	-0.067031	-0.067447	-0.067453	-0.067660	-0.067439
340.000000	-0.067795	-0.068043	-0.068112	-0.068213	-0.068393	-0.068505	-0.068300
341.000000	-0.068897	-0.068967	-0.069243	-0.068967	-0.069313	-0.069382	-0.069243
342.000000	-0.070047	-0.070250	-0.070298	-0.069993	-0.070260	-0.070479	-0.070352
343.000000	-0.070980	-0.071425	-0.071173	-0.071020	-0.071108	-0.071499	-0.071363
344.000000	-0.071467	-0.071978	-0.071806	-0.071720	-0.071734	-0.072117	-0.072010
345.000000	-0.071875	-0.072222	-0.072347	-0.072270	-0.072316	-0.072596	-0.072527
346.000000	-0.072734	-0.072736	-0.073005	-0.073005	-0.073115	-0.073373	-0.073298
347.000000	-0.073872	-0.073554	-0.073780	-0.073885	-0.074053	-0.074356	-0.074244
348.000000	-0.074743	-0.074405	-0.074553	-0.074664	-0.074869	-0.075169	-0.075036
349.000000	-0.075240	-0.075172	-0.075286	-0.075319	-0.075523	-0.075773	-0.075646
350.000000	-0.075640	-0.075875	-0.076012	-0.076012	-0.076163	-0.076420	-0.076303
351.000000	-0.076127	-0.076544	-0.076726	-0.076784	-0.076827	-0.077169	-0.077072
352.000000	-0.076757	-0.077222	-0.077377	-0.077512	-0.077413	-0.077836	-0.077801
353.000000	-0.077499	-0.077880	-0.077938	-0.078114	-0.077879	-0.078321	-0.078384
354.000000	-0.078167	-0.078364	-0.078434	-0.078597	-0.078319	-0.078700	-0.078812
355.000000	-0.078637	-0.078616	-0.078899	-0.079001	-0.078804	-0.079055	-0.079120
356.000000	-0.078990	-0.078881	-0.079368	-0.079422	-0.079313	-0.079424	-0.079425
357.000000	-0.079329	-0.079372	-0.079861	-0.079932	-0.079821	-0.079831	-0.079834
358.000000	-0.079699	-0.079944	-0.080330	-0.080434	-0.080359	-0.080272	-0.080357
359.000000	-0.080120	-0.080390	-0.080714	-0.080809	-0.080945	-0.080730	-0.080958
360.000000	-0.080548	-0.080697	-0.081010	-0.081070	-0.081416	-0.081139	-0.081457
361.000000	-0.080921	-0.080939	-0.081242	-0.081287	-0.081575	-0.081431	-0.081656
362.000000	-0.081249	-0.081222	-0.081498	-0.081546	-0.081636	-0.081697	-0.081743
363.000000	-0.081584	-0.081660	-0.081891	-0.081942	-0.082038	-0.082114	-0.082118
364.000000	-0.081938	-0.082170	-0.082386	-0.082417	-0.082726	-0.082644	-0.082747
365.000000	-0.082285	-0.082504	-0.082816	-0.082787	-0.083216	-0.083056	-0.083217
366.000000	-0.082576	-0.082623	-0.083085	-0.083014	-0.083336	-0.083274	-0.083383
367.000000	-0.082743	-0.082770	-0.083196	-0.083253	-0.083343	-0.083430	-0.083466
368.000000	-0.082840	-0.083102	-0.083250	-0.083607	-0.083458	-0.083645	-0.083637
369.000000	-0.083162	-0.083586	-0.083524	-0.084052	-0.083786	-0.083994	-0.083934
370.000000	-0.083843	-0.084143	-0.084142	-0.084527	-0.084331	-0.084487	-0.084349
371.000000	-0.084465	-0.084627	-0.084734	-0.084899	-0.084842	-0.084950	-0.084788
372.000000	-0.084661	-0.084926	-0.084969	-0.085075	-0.085107	-0.085234	-0.085166
373.000000	-0.084692	-0.085119	-0.085066	-0.085181	-0.085277	-0.085439	-0.085524
374.000000	-0.084928	-0.085330	-0.085347	-0.085384	-0.085569	-0.085716	-0.085919
375.000000	-0.085299	-0.085622	-0.085803	-0.085719	-0.085953	-0.086067	-0.086303
376.000000	-0.085569	-0.086021	-0.086290	-0.086159	-0.086308	-0.086434	-0.086590
377.000000	-0.085758	-0.086442	-0.086695	-0.086604	-0.086624	-0.086762	-0.086796
378.000000	-0.086033	-0.086744	-0.086936	-0.086919	-0.086955	-0.087002	-0.086999
379.000000	-0.086424	-0.086942	-0.087076	-0.087100	-0.087276	-0.087184	-0.087227
380.000000	-0.086836	-0.087195	-0.087308	-0.087265	-0.087491	-0.087410	-0.087457
381.000000	-0.087205	-0.087542	-0.087682	-0.087497	-0.087611	-0.087717	-0.087711
382.000000	-0.087512	-0.087863	-0.088049	-0.087826	-0.087794	-0.088048	-0.088071
383.000000	-0.087786	-0.088114	-0.088327	-0.088243	-0.088128	-0.088361	-0.088538
384.000000	-0.088132	-0.088424	-0.088591	-0.088661	-0.088547	-0.088649	-0.088950
385.000000	-0.088591	-0.088856	-0.088900	-0.089007	-0.088973	-0.088921	-0.089199
386.000000	-0.088982	-0.089220	-0.089218	-0.089279	-0.089336	-0.089217	-0.089398
387.000000	-0.089151	-0.089365	-0.089501	-0.089496	-0.089602	-0.089570	-0.089668
388.000000	-0.089251	-0.089521	-0.089764	-0.089710	-0.089871	-0.089972	-0.089990
389.000000	-0.089483	-0.089947	-0.090029	-0.089968	-0.090245	-0.090392	-0.090303
390.000000	-0.089782	-0.090386	-0.090236	-0.090215	-0.090573	-0.090698	-0.090529
391.000000	-0.089991	-0.090412	-0.090306	-0.090364	-0.090630	-0.090744	-0.090594
392.000000	-0.090136	-0.090197	-0.090312	-0.090482	-0.090526	-0.090672	-0.090595
393.000000	-0.090361	-0.090264	-0.090417	-0.090722	-0.090575	-0.090789	-0.090724
394.000000	-0.090633	-0.090647	-0.090605	-0.091008	-0.090778	-0.091077	-0.090948
395.000000	-0.090768	-0.090930	-0.090703	-0.091062	-0.090856	-0.091217	-0.091028
396.000000	-0.090743	-0.090964	-0.090710	-0.090876	-0.090775	-0.091147	-0.090935
397.000000	-0.090762	-0.090983	-0.090861	-0.090815	-0.090847	-0.091163	-0.090933
398.000000	-0.090932	-0.091107	-0.091249	-0.091069	-0.091207	-0.091410	-0.091151
399.000000	-0.091142	-0.091178	-0.091655	-0.091435	-0.091598	-0.091701	-0.091424
400.000000	-0.091301	-0.091110	-0.091896	-0.091710	-0.091807	-0.091862	-0.091614
401.000000	-0.091450	-0.091123	-0.091999	-0.091836	-0.091890	-0.091893	-0.091776
402.000000	-0.091631	-0.091406	-0.092027	-0.091813	-0.091938	-0.091842	-0.091972
403.000000	-0.091782	-0.091753	-0.092016	-0.091788	-0.091997	-0.091836	-0.092149
404.000000	-0.091823	-0.091888	-0.091997	-0.091919	-0.092094	-0.091993	-0.092234
405.000000	-0.091783	-0.091843	-0.092008	-0.092127	-0.092203	-0.092194	-0.092269
406.000000	-0.091736	-0.091778	-0.092086	-0.092249	-0.092283	-0.092246	-0.092340
407.000000	-0.091775	-0.091819	-0.092228	-0.092311	-0.092336	-0.092224	-0.092455
408.000000	-0.091997	-0.092061	-0.092408	-0.092451	-0.092393	-0.092364	-0.092575
409.000000	-0.092291	-0.092397	-0.092569	-0.092645	-0.092467	-0.092626	-0.092691
410.000000	-0.092360	-0.092539	-0.092627	-0.092728	-0.092562	-0.092718	-0.092820
411.000000	-0.092181	-0.092440	-0.092585	-0.092651	-0.092646	-0.092576	-0.092929
412.000000	-0.092097	-0.092376	-0.092565	-0.092537	-0.092643	-0.092453	-0.092920
413.000000	-0.092295	-0.092507	-0.092644	-0.092509	-0.092576	-0.092526	-0.092801
414.000000	-0.092588	-0.092717	-0.092806	-0.092681	-0.092676	-0.092773	-0.092799
415.000000	-0.092798	-0.092883	-0.093006	-0.093059	-0.093048	-0.093119	-0.093045
416.000000	-0.092888	-0.092974	-0.093145	-0.093358	-0.093358	-0.093399	-0.093313
417.000000	-0.092879	-0.092992	-0.093160	-0.093339	-0.093312	-0.093484	-0.093388
418.000000	-0.092918	-0.093043	-0.093173	-0.093231	-0.093157	-0.093473	-0.093415
419.000000	-0.093140	-0.093224	-0.093323	-0.093332	-0.093228	-0.093507	-0.093586
420.000000	-0.093339	-0.093378	-0.093481	-0.093511	-0.093418	-0.093563	-0.093757
421.000000	-0.093207	-0.093276	-0.093433	-0.093484	-0.093458	-0.093560	-0.093667
422.000000	-0.092919	-0.093054	-0.093283	-0.093363	-0.093400	-0.093522	-0.093449
423.000000	-0.092931	-0.093058	-0.093324	-0.093483	-0.093481	-0.093538	-0.093462
424.000000	-0.093210	-0.093279	-0.093511	-0.093766	-0.093658	-0.093599	-0.093681
425.000000	-0.093286	-0.093384	-0.093501	-0.093761	-0.093636	-0.093610	-0.093734
426.000000	-0.093052	-0.093270	-0.093237	-0.093409	-0.093375	-0.093547	-0.093534
427.000000	-0.092907	-0.093158	-0.093058	-0.093191	-0.093181	-0.093488	-0.093386
428.000000	-0.093057	-0.093181	-0.093152	-0.093345	-0.093223	-0.093473	-0.093451
429.000000	-0.093260	-0.093250	-0.093358	-0.093569	-0.093348	-0.093457	-0.093560
430.000000	-0.093314	-0.093286	-0.093518	-0.093604	-0.093423	-0.093425	-0.093577
431.000000	-0.093276	-0.093304	-0.093597	-0.093514	-0.093478	-0.093476	-0.093568
432.000000	-0.093242	-0.093327	-0.093593	-0.093407	-0.093556	-0.093675	-0.093613
433.000000	-0.093259	-0.093351	-0.093556	-0.093353	-0.093628	-0.093851	-0.093682
434.000000	-0.093350	-0.093363	-0.093544	-0.093401	-0.093651	-0.093807	-0.093723
435.000000	-0.093447	-0.093373	-0.093561	-0.093508	-0.093649	-0.093656	-0.093733
436.000000	-0.093448	-0.093399	-0.093589	-0.093604	-0.093666	-0.093616	-0.093731
437.000000	-0.093355	-0.093415	-0.093611	-0.093658	-0.093691	-0.093687	-0.093724
438.000000	-0.093233	-0.093371	-0.093610	-0.093665	-0.093684	-0.093739	-0.093714
439.000000	-0.093155	-0.093301	-0.093587	-0.093631	-0.093662	-0.093725	-0.093703
440.000000	-0.093202	-0.093309	-0.093559	-0.093567	-0.093694	-0.093673	-0.093693
441.000000	-0.093354	-0.093409	-0.093544	-0.093514	-0.093770	-0.093618	-0.093697
442.000000	-0.093469	-0.093488	-0.093556	-0.093545	-0.093787	-0.093599	-0.093736
443.000000	-0.093478	-0.093504	-0.093602	-0.093688	-0.093717	-0.093641	-0.093815
444.000000	-0.093473	-0.093553	-0.093671	-0.093875	-0.093690	-0.093750	-0.093913
445.000000	-0.093531	-0.093695	-0.093752	-0.094041	-0.093793	-0.093909	-0.094008
446.000000	-0.093629	-0.093840	-0.093841	-0.094147	-0.093934	-0.094052	-0.094100
447.000000	-0.093724	-0.093902	-0.093924	-0.094167	-0.094011	-0.094117	-0.094186
448.000000	-0.093773	-0.093912	-0.093962	-0.094096	-0.094013	-0.094107	-0.094237
449.000000	-0.093740	-0.093919	-0.093916	-0.093949	-0.093953	-0.094044	-0.094222
450.000000	-0.093640	-0.093872	-0.093832	-0.093811	-0.093862	-0.093968	-0.094146
451.000000	-0.093510	-0.093700	-0.093780	-0.093781	-0.093774	-0.093923	-0.094025
452.000000	-0.093387	-0.093493	-0.093734	-0.093800	-0.093688	-0.093896	-0.093889
453.000000	-0.093310	-0.093425	-0.093614	-0.093725	-0.093590	-0.093844	-0.093769
454.000000	-0.093299	-0.093503	-0.093481	-0.093590	-0.093539	-0.093798	-0.093707
455.000000	-0.093362	-0.093583	-0.093504	-0.093579	-0.093655	-0.093849	-0.093754
456.000000	-0.093461	-0.093593	-0.093682	-0.093702	-0.093883	-0.093964	-0.093877
457.000000	-0.093505	-0.093561	-0.093787	-0.093748	-0.093948	-0.093962	-0.093943
458.000000	-0.093451	-0.093514	-0.093714	-0.093633	-0.093754	-0.093785	-0.093879
459.000000	-0.093352	-0.093475	-0.093605	-0.093545	-0.093554	-0.093627	-0.093730
460.000000	-0.093258	-0.093453	-0.093568	-0.093601	-0.093534	-0.093620	-0.093566
461.000000	-0.093190	-0.093418	-0.093554	-0.093667	-0.093599	-0.093667	-0.093485
462.000000	-0.093155	-0.093343	-0.093507	-0.093614	-0.093624	-0.093660	-0.093547
463.000000	-0.093145	-0.093250	-0.093448	-0.093501	-0.093570	-0.093609	-0.093622
464.000000	-0.093142	-0.093166	-0.093414	-0.093426	-0.093434	-0.093552	-0.093567
465.000000	-0.093113	-0.093120	-0.093410	-0.093395	-0.093312	-0.093498	-0.093456
466.000000	-0.093025	-0.093134	-0.093428	-0.093383	-0.093325	-0.093442	-0.093433
467.000000	-0.092930	-0.093197	-0.093442	-0.093375	-0.093415	-0.093378	-0.093497
468.000000	-0.092918	-0.093278	-0.093418	-0.093359	-0.093433	-0.093300	-0.093564
469.000000	-0.092973	-0.093320	-0.093348	-0.093325	-0.093362	-0.093226	-0.093561
470.000000	-0.092993	-0.093243	-0.093251	-0.093264	-0.093294	-0.093197	-0.093424
471.000000	-0.092944	-0.093057	-0.093160	-0.093190	-0.093265	-0.093211	-0.093213
472.000000	-0.092882	-0.092875	-0.093128	-0.093143	-0.093231	-0.093220	-0.093128
473.000000	-0.092848	-0.092784	-0.093156	-0.093134	-0.093178	-0.093206	-0.093227
474.000000	-0.092849	-0.092814	-0.093163	-0.093116	-0.093141	-0.093219	-0.093306
475.000000	-0.092867	-0.092942	-0.093095	-0.093055	-0.093135	-0.093270	-0.093229
476.000000	-0.092831	-0.093013	-0.092989	-0.092966	-0.093102	-0.093261	-0.093102
477.000000	-0.092701	-0.092914	-0.092895	-0.092879	-0.093006	-0.093126	-0.093037
478.000000	-0.092600	-0.092785	-0.092863	-0.092842	-0.092934	-0.092986	-0.093022
479.000000	-0.092654	-0.092785	-0.092922	-0.092889	-0.092975	-0.092976	-0.093020
480.000000	-0.092765	-0.092856	-0.093007	-0.092965	-0.093068	-0.093033	-0.093035
481.000000	-0.092771	-0.092867	-0.093026	-0.092983	-0.093105	-0.093037	-0.093073
482.000000	-0.092646	-0.092780	-0.092946	-0.092916	-0.093045	-0.092958	-0.093060
483.000000	-0.092444	-0.092605	-0.092774	-0.092771	-0.092887	-0.092820	-0.092889
484.000000	-0.092242	-0.092392	-0.092550	-0.092587	-0.092679	-0.092657	-0.092625
485.000000	-0.092132	-0.092218	-0.092345	-0.092426	-0.092503	-0.092515	-0.092462
486.000000	-0.092112	-0.092114	-0.092210	-0.092313	-0.092385	-0.092405	-0.092434
487.000000	-0.092069	-0.092058	-0.092173	-0.092228	-0.092278	-0.092299	-0.092388
488.000000	-0.091958	-0.092024	-0.092217	-0.092158	-0.092175	-0.092192	-0.092263
489.000000	-0.091851	-0.091976	-0.092249	-0.092097	-0.092125	-0.092119	-0.092155
490.000000	-0.091805	-0.091913	-0.092216	-0.092063	-0.092154	-0.092107	-0.092148
491.000000	-0.091810	-0.091912	-0.092169	-0.092114	-0.092212	-0.092153	-0.092257
492.000000	-0.091826	-0.091994	-0.092136	-0.092254	-0.092226	-0.092219	-0.092430
493.000000	-0.091734	-0.091953	-0.091997	-0.092248	-0.092079	-0.092151	-0.092411
494.000000	-0.091451	-0.091609	-0.091658	-0.091898	-0.091704	-0.091836	-0.091995
495.000000	-0.091184	-0.091240	-0.091333	-0.091487	-0.091353	-0.091521	-0.091515
496.000000	-0.091191	-0.091212	-0.091293	-0.091403	-0.091332	-0.091522	-0.091419
497.000000	-0.091330	-0.091366	-0.091417	-0.091539	-0.091499	-0.091694	-0.091575
498.000000	-0.091284	-0.091309	-0.091408	-0.091559	-0.091514	-0.091688	-0.091586
499.000000	-0.091048	-0.091053	-0.091240	-0.091394	-0.091340	-0.091475	-0.091394
500.000000	-0.090842	-0.090897	-0.091082	-0.091168	-0.091167	-0.091257	-0.091186
501.000000	-0.090732	-0.090875	-0.090967	-0.090949	-0.091048	-0.091110	-0.091039
502.000000	-0.090621	-0.090733	-0.090789	-0.090738	-0.090890	-0.090978	-0.090907
503.000000	-0.090460	-0.090422	-0.090543	-0.090560	-0.090680	-0.090833	-0.090769
504.000000	-0.090287	-0.090213	-0.090395	-0.090471	-0.090529	-0.090700	-0.090652
505.000000	-0.090135	-0.090245	-0.090414	-0.090476	-0.090486	-0.090590	-0.090565
506.000000	-0.090004	-0.090303	-0.090419	-0.090452	-0.090434	-0.090465	-0.090467
507.000000	-0.089892	-0.090195	-0.090271	-0.090308	-0.090278	-0.090301	-0.090329
508.000000	-0.089798	-0.089977	-0.090072	-0.090107	-0.090059	-0.090137	-0.090186
509.000000	-0.089718	-0.089745	-0.089943	-0.089936	-0.089850	-0.090014	-0.090077
510.000000	-0.089638	-0.089587	-0.089865	-0.089840	-0.089725	-0.089928	-0.089995
511.000000	-0.089541	-0.089560	-0.089774	-0.089834	-0.089742	-0.089862	-0.089917
512.000000	-0.089412	-0.089552	-0.089642	-0.089814	-0.089787	-0.089772	-0.089810
513.000000	-0.089243	-0.089388	-0.089454	-0.089635	-0.089685	-0.089616	-0.089641
514.000000	-0.089063	-0.089123	-0.089261	-0.089355	-0.089459	-0.089427	-0.089452
515.000000	-0.088927	-0.088958	-0.089149	-0.089159	-0.089256	-0.089289	-0.089331
516.000000	-0.088821	-0.088913	-0.089082	-0.089062	-0.089121	-0.089196	-0.089252
517.000000	-0.088671	-0.088829	-0.088914	-0.088910	-0.088992	-0.089057	-0.089086
518.000000	-0.088458	-0.088649	-0.088625	-0.088671	-0.088834	-0.088847	-0.088822
519.000000	-0.088245	-0.088462	-0.088382	-0.088485	-0.088652	-0.088635	-0.088617
520.000000	-0.088074	-0.088312	-0.088270	-0.088409	-0.088459	-0.088472	-0.088538
521.000000	-0.087934	-0.088130	-0.088185	-0.088313	-0.088282	-0.088363	-0.088445
522.000000	-0.087806	-0.087880	-0.088042	-0.088111	-0.088137	-0.088289	-0.088236
523.000000	-0.087671	-0.087657	-0.087885	-0.087914	-0.088000	-0.088172	-0.088002
524.000000	-0.087518	-0.087553	-0.087764	-0.087832	-0.087851	-0.087961	-0.087845
525.000000	-0.087367	-0.087516	-0.087656	-0.087799	-0.087702	-0.087747	-0.087748
526.000000	-0.087241	-0.087465	-0.087527	-0.087711	-0.087575	-0.087641	-0.087667
527.000000	-0.087148	-0.087386	-0.087402	-0.087577	-0.087493	-0.087603	-0.087594
528.000000	-0.087084	-0.087289	-0.087321	-0.087445	-0.087471	-0.087535	-0.087536
529.000000	-0.086995	-0.087161	-0.087253	-0.087307	-0.087447	-0.087409	-0.087465
530.000000	-0.086808	-0.086975	-0.087122	-0.087123	-0.087310	-0.087240	-0.087337
531.000000	-0.086561	-0.086769	-0.086936	-0.086913	-0.087075	-0.087048	-0.087146
532.000000	-0.086393	-0.086638	-0.086774	-0.086751	-0.086857	-0.086864	-0.086920
533.000000	-0.086350	-0.086568	-0.086638	-0.086673	-0.086728	-0.086718	-0.086726
534.000000	-0.086358	-0.086408	-0.086443	-0.086660	-0.086698	-0.086649	-0.086678
535.000000	-0.086313	-0.086209	-0.086282	-0.086630	-0.086683	-0.086633	-0.086737
536.000000	-0.086069	-0.086412	-0.086591	-0.086388	-0.086449	-0.086543	-0.086580
537.000000	-0.085701	-0.086905	-0.087180	-0.085981	-0.086014	-0.086329	-0.086165
538.000000	-0.085876	-0.086018	-0.086102	-0.086130	-0.086118	-0.086178	-0.086263
539.000000	-0.086739	-0.083363	-0.082954	-0.087024	-0.086977	-0.086193	-0.087125
540.000000	-0.085955	-0.084705	-0.084645	-0.086274	-0.086233	-0.085969	-0.086368
541.000000	-0.082088	-0.093646	-0.095462	-0.082384	-0.082405	-0.085240	-0.082490
542.000000	-0.082855	-0.091483	-0.092880	-0.083092	-0.083170	-0.085322	-0.083215
543.000000	-0.095996	-0.055227	-0.049477	-0.096188	-0.096244	-0.087529	-0.096326
544.000000	-0.097416	0.000213	0.014204	-0.097618	-0.097621	-0.087595	-0.097769
545.000000	-0.049876	0.040229	0.053177	-0.050169	-0.050197	-0.078907	-0.050343
546.000000	0.017556	0.046333	0.050454	0.017152	0.017054	-0.065779	0.016970
547.000000	0.025906	0.013629	0.011796	0.025496	0.025423	-0.060823	0.025367
548.000000	-0.032506	-0.041918	-0.043396	-0.032822	-0.032771	-0.066923	-0.032854
549.000000	-0.084019	-0.081569	-0.081335	-0.084291	-0.084172	-0.075785	-0.084275
550.000000	-0.091285	-0.088515	-0.088164	-0.091615	-0.091556	-0.081782	-0.091636
551.000000	-0.082685	-0.083345	-0.083469	-0.083054	-0.083107	-0.084570	-0.083142
552.000000	-0.081295	-0.082354	-0.082618	-0.081613	-0.081757	-0.084748	-0.081749
553.000000	-0.083638	-0.083711	-0.083888	-0.083893	-0.084064	-0.083998	-0.084054
554.000000	-0.084156	-0.084018	-0.084094	-0.084409	-0.084530	-0.083705	-0.084573
555.000000	-0.083370	-0.083507	-0.083530	-0.083643	-0.083700	-0.083666	-0.083793
556.000000	-0.082861	-0.083077	-0.083112	-0.083134	-0.083175	-0.083448	-0.083262
557.000000	-0.082837	-0.082966	-0.083055	-0.083111	-0.083156	-0.083235	-0.083233
558.000000	-0.083014	-0.083128	-0.083280	-0.083333	-0.083350	-0.083311	-0.083484
559.000000	-0.082824	-0.082988	-0.083190	-0.083195	-0.083183	-0.083166	-0.083384
560.000000	-0.081722	-0.081887	-0.082114	-0.082089	-0.082107	-0.082080	-0.082276
561.000000	-0.081281	-0.081411	-0.081621	-0.081606	-0.081684	-0.081607	-0.081768
562.000000	-0.084251	-0.084408	-0.084545	-0.084565	-0.084645	-0.084588	-0.084739
563.000000	-0.086379	-0.086611	-0.086666	-0.086724	-0.086745	-0.086782	-0.086940
564.000000	-0.076827	-0.077056	-0.077130	-0.077196	-0.077180	-0.077284	-0.077414
565.000000	-0.065816	-0.065944	-0.066137	-0.066171	-0.066172	-0.066274	-0.066336
566.000000	-0.093786	-0.093863	-0.094111	-0.094102	-0.094123	-0.094192	-0.094219
567.000000	-0.164229	-0.164375	-0.164541	-0.164499	-0.164521	-0.164563	-0.164616
568.000000	-0.199735	-0.199953	-0.200044	-0.199976	-0.200017	-0.200067	-0.200130
569.000000	-0.150867	-0.151069	-0.151198	-0.151113	-0.151212	-0.151309	-0.151316
570.000000	-0.083314	-0.083461	-0.083666	-0.083584	-0.083719	-0.083854	-0.083810
571.000000	-0.065424	-0.065536	-0.065770	-0.065723	-0.065819	-0.065936	-0.065913
572.000000	-0.078762	-0.078854	-0.079083	-0.079097	-0.079118	-0.079194	-0.079209
573.000000	-0.085305	-0.085371	-0.085598	-0.085685	-0.085654	-0.085710	-0.085710
574.000000	-0.081934	-0.081979	-0.082190	-0.082345	-0.082290	-0.082348	-0.082305
575.000000	-0.079447	-0.079498	-0.079648	-0.079842	-0.079772	-0.079839	-0.079788
576.000000	-0.080032	-0.080115	-0.080192	-0.080373	-0.080300	-0.080381	-0.080359
577.000000	-0.080693	-0.080818	-0.080877	-0.080975	-0.080921	-0.081032	-0.081035
578.000000	-0.080437	-0.080605	-0.080689	-0.080685	-0.080670	-0.080804	-0.080820
579.000000	-0.080077	-0.080287	-0.080355	-0.080344	-0.080368	-0.080474	-0.080508
580.000000	-0.079900	-0.080133	-0.080141	-0.080222	-0.080271	-0.080306	-0.080364
581.000000	-0.079466	-0.079671	-0.079670	-0.079812	-0.079858	-0.079856	-0.079923
582.000000	-0.078960	-0.079087	-0.079164	-0.079272	-0.079290	-0.079319	-0.079371
583.000000	-0.079765	-0.079828	-0.079981	-0.080035	-0.080023	-0.080108	-0.080129
584.000000	-0.081526	-0.081588	-0.081749	-0.081787	-0.081766	-0.081885	-0.081872
585.000000	-0.079055	-0.079171	-0.079276	-0.079329	-0.079321	-0.079426	-0.079409
586.000000	-0.072494	-0.072692	-0.072709	-0.072791	-0.072806	-0.072852	-0.072868
587.000000	-0.085650	-0.085897	-0.085883	-0.085983	-0.086003	-0.086026	-0.086049
588.000000	-0.137069	-0.137278	-0.137358	-0.137449	-0.137434	-0.137534	-0.137489
589.000000	-0.181220	-0.181381	-0.181565	-0.181640	-0.181587	-0.181706	-0.181672
590.000000	-0.159027	-0.159226	-0.159367	-0.159450	-0.159413	-0.159306	-0.159531
591.000000	-0.097448	-0.097658	-0.097731	-0.097770	-0.097848	-0.097581	-0.097931
592.000000	-0.064822	-0.064824	-0.065036	-0.064882	-0.065184	-0.065318	-0.065090
593.000000	-0.070783	-0.070668	-0.070951	-0.070756	-0.071079	-0.071521	-0.070947
594.000000	-0.080981	-0.081468	-0.081151	-0.081621	-0.081250	-0.080503	-0.081721
595.000000	-0.080355	-0.081361	-0.080561	-0.081576	-0.080645	-0.078881	-0.081553
596.000000	-0.075734	-0.074894	-0.075954	-0.075143	-0.076040	-0.078282	-0.075063
597.000000	-0.070962	-0.067752	-0.071159	-0.068000	-0.071257	-0.078510	-0.067965
598.000000	-0.063643	-0.065788	-0.063838	-0.066020	-0.063938	-0.059420	-0.066071
599.000000	-0.054553	-0.070991	-0.054792	-0.071208	-0.054873	-0.019256	-0.071326
600.000000	-0.052662	-0.076750	-0.052927	-0.076968	-0.052986	-0.000745	-0.077090
601.000000	-0.063163	-0.077670	-0.063393	-0.077904	-0.063443	-0.032026	-0.077963
602.000000	-0.075370	-0.076078	-0.075561	-0.076295	-0.075619	-0.074242	-0.076339
603.000000	-0.078322	-0.075214	-0.078529	-0.075347	-0.078607	-0.085669	-0.075513
604.000000	-0.075479	-0.075096	-0.075729	-0.075168	-0.075818	-0.077087	-0.075449
605.000000	-0.073828	-0.074866	-0.074106	-0.075005	-0.074173	-0.072346	-0.075208
606.000000	-0.074037	-0.074426	-0.074319	-0.074675	-0.074366	-0.073874	-0.074704
607.000000	-0.074077	-0.073999	-0.074348	-0.074250	-0.074428	-0.074953	-0.074211
608.000000	-0.073514	-0.073632	-0.073769	-0.073791	-0.073904	-0.074100	-0.073812
609.000000	-0.072934	-0.073258	-0.073175	-0.073349	-0.073306	-0.073182	-0.073460
610.000000	-0.072567	-0.072858	-0.072799	-0.072962	-0.072878	-0.072876	-0.073129
611.000000	-0.072304	-0.072462	-0.072527	-0.072649	-0.072604	-0.072713	-0.072812
612.000000	-0.072048	-0.072103	-0.072265	-0.072383	-0.072409	-0.072427	-0.072495
613.000000	-0.071742	-0.071820	-0.071962	-0.072083	-0.072160	-0.072075	-0.072161
614.000000	-0.071395	-0.071623	-0.071626	-0.071736	-0.071815	-0.071740	-0.071830
615.000000	-0.071137	-0.071474	-0.071371	-0.071467	-0.071517	-0.071514	-0.071595
616.000000	-0.071036	-0.071333	-0.071258	-0.071348	-0.071365	-0.071432	-0.071498
617.000000	-0.070948	-0.071159	-0.071173	-0.071271	-0.071285	-0.071370	-0.071412
618.000000	-0.070745	-0.070933	-0.071011	-0.071128	-0.071192	-0.071215	-0.071221
619.000000	-0.070506	-0.070694	-0.070805	-0.070945	-0.071046	-0.071006	-0.070958
620.000000	-0.070343	-0.070492	-0.070620	-0.070773	-0.070833	-0.070809	-0.070695
621.000000	-0.070239	-0.070326	-0.070476	-0.070616	-0.070601	-0.070643	-0.070503
622.000000	-0.070133	-0.070179	-0.070370	-0.070459	-0.070416	-0.070505	-0.070440
623.000000	-0.070001	-0.070039	-0.070255	-0.070298	-0.070273	-0.070376	-0.070416
624.000000	-0.069841	-0.069901	-0.070062	-0.070133	-0.070131	-0.070230	-0.070272
625.000000	-0.069668	-0.069761	-0.069829	-0.069972	-0.069983	-0.070073	-0.070033
626.000000	-0.069515	-0.069620	-0.069672	-0.069827	-0.069844	-0.069933	-0.069854
627.000000	-0.069380	-0.069475	-0.069592	-0.069687	-0.069710	-0.069795	-0.069760
628.000000	-0.069229	-0.069317	-0.069465	-0.069518	-0.069553	-0.069589	-0.069627
629.000000	-0.069053	-0.069142	-0.069250	-0.069323	-0.069370	-0.069328	-0.069414
630.000000	-0.068890	-0.068957	-0.069051	-0.069163	-0.069204	-0.069153	-0.069215
631.000000	-0.068759	-0.068780	-0.068932	-0.069066	-0.069071	-0.069122	-0.069096
632.000000	-0.068631	-0.068648	-0.068844	-0.068962	-0.068931	-0.069085	-0.069010
633.000000	-0.068484	-0.068581	-0.068739	-0.068799	-0.068755	-0.068923	-0.068911
634.000000	-0.068349	-0.068515	-0.068622	-0.068611	-0.068579	-0.068718	-0.068777
635.000000	-0.068249	-0.068385	-0.068502	-0.068443	-0.068441	-0.068565	-0.068598
636.000000	-0.068126	-0.068196	-0.068335	-0.068290	-0.068306	-0.068429	-0.068393
637.000000	-0.067911	-0.067969	-0.068076	-0.068133	-0.068128	-0.068244	-0.068188
638.000000	-0.067642	-0.067728	-0.067790	-0.067950	-0.067918	-0.068001	-0.067990
639.000000	-0.067402	-0.067494	-0.067586	-0.067724	-0.067717	-0.067723	-0.067802
640.000000	-0.067241	-0.067305	-0.067478	-0.067520	-0.067553	-0.067491	-0.067651
641.000000	-0.067178	-0.067205	-0.067423	-0.067444	-0.067446	-0.067418	-0.067574
642.000000	-0.067167	-0.067174	-0.067375	-0.067465	-0.067393	-0.067469	-0.067552
643.000000	-0.067102	-0.067136	-0.067286	-0.067420	-0.067367	-0.067473	-0.067510
644.000000	-0.066953	-0.067054	-0.067148	-0.067264	-0.067325	-0.067366	-0.067417
645.000000	-0.066798	-0.066949	-0.067006	-0.067097	-0.067204	-0.067228	-0.067291
646.000000	-0.066704	-0.066851	-0.066911	-0.066996	-0.067020	-0.067130	-0.067173
647.000000	-0.066701	-0.066805	-0.066909	-0.066965	-0.066934	-0.067112	-0.067124
648.000000	-0.066784	-0.066833	-0.067007	-0.066998	-0.067035	-0.067179	-0.067171
649.000000	-0.066849	-0.066881	-0.067103	-0.067072	-0.067183	-0.067246	-0.067230
650.000000	-0.066808	-0.066894	-0.067105	-0.067149	-0.067230	-0.067235	-0.067222
651.000000	-0.066698	-0.066862	-0.067038	-0.067149	-0.067143	-0.067152	-0.067150
652.000000	-0.066571	-0.066781	-0.066948	-0.066997	-0.066930	-0.067019	-0.067034
653.000000	-0.066414	-0.066621	-0.066799	-0.066741	-0.066660	-0.066823	-0.066852
654.000000	-0.066195	-0.066350	-0.066542	-0.066463	-0.066418	-0.066549	-0.066576
655.000000	-0.065921	-0.066003	-0.066188	-0.066180	-0.066198	-0.066231	-0.066248
656.000000	-0.065622	-0.065653	-0.065793	-0.065878	-0.065955	-0.065927	-0.065943
657.000000	-0.065343	-0.065379	-0.065452	-0.065601	-0.065706	-0.065685	-0.065710
658.000000	-0.065137	-0.065262	-0.065289	-0.065436	-0.065517	-0.065541	-0.065573
659.000000	-0.065020	-0.065260	-0.065304	-0.065391	-0.065410	-0.065475	-0.065517
660.000000	-0.064967	-0.065204	-0.065363	-0.065392	-0.065367	-0.065410	-0.065487
661.000000	-0.064942	-0.065044	-0.065364	-0.065362	-0.065340	-0.065309	-0.065440
662.000000	-0.064897	-0.064907	-0.065258	-0.065237	-0.065245	-0.065205	-0.065351
663.000000	-0.064792	-0.064854	-0.065038	-0.065004	-0.065040	-0.065097	-0.065206
664.000000	-0.064600	-0.064764	-0.064772	-0.064758	-0.064791	-0.064913	-0.065001
665.000000	-0.064311	-0.064530	-0.064503	-0.064555	-0.064546	-0.064602	-0.064729
666.000000	-0.063959	-0.064160	-0.064159	-0.064266	-0.064263	-0.064229	-0.064358
667.000000	-0.063585	-0.063703	-0.063692	-0.063793	-0.063902	-0.063871	-0.063886
668.000000	-0.063227	-0.063283	-0.063261	-0.063336	-0.063524	-0.063551	-0.063449
669.000000	-0.062913	-0.063014	-0.063042	-0.063130	-0.063209	-0.063276	-0.063190
670.000000	-0.062633	-0.062801	-0.062921	-0.063044	-0.062946	-0.063022	-0.063011
671.000000	-0.062359	-0.062477	-0.062679	-0.062817	-0.062687	-0.062753	-0.062734
672.000000	-0.062099	-0.062104	-0.062322	-0.062472	-0.062435	-0.062473	-0.062390
673.000000	-0.061875	-0.061872	-0.061988	-0.062201	-0.062219	-0.062210	-0.062135
674.000000	-0.061689	-0.061786	-0.061752	-0.062037	-0.062036	-0.061997	-0.062009
675.000000	-0.061523	-0.061697	-0.061633	-0.061882	-0.061856	-0.061876	-0.061952
676.000000	-0.061374	-0.061547	-0.061603	-0.061721	-0.061683	-0.061826	-0.061909
677.000000	-0.061261	-0.061404	-0.061585	-0.061641	-0.061569	-0.061756	-0.061831
678.000000	-0.061207	-0.061325	-0.061555	-0.061673	-0.061546	-0.061648	-0.061726
679.000000	-0.061249	-0.061339	-0.061591	-0.061740	-0.061614	-0.061622	-0.061697
680.000000	-0.061369	-0.061428	-0.061704	-0.061764	-0.061725	-0.061718	-0.061770
681.000000	-0.061422	-0.061460	-0.061707	-0.061687	-0.061726	-0.061746	-0.061764
682.000000	-0.061310	-0.061353	-0.061488	-0.061501	-0.061531	-0.061582	-0.061560
683.000000	-0.061181	-0.061271	-0.061312	-0.061371	-0.061371	-0.061446	-0.061375
684.000000	-0.061196	-0.061375	-0.061439	-0.061443	-0.061471	-0.061563	-0.061434
685.000000	-0.061279	-0.061540	-0.061657	-0.061584	-0.061658	-0.061755	-0.061610
686.000000	-0.061293	-0.061567	-0.061640	-0.061594	-0.061659	-0.061749	-0.061684
687.000000	-0.061224	-0.061437	-0.061439	-0.061488	-0.061515	-0.061574	-0.061635
688.000000	-0.061118	-0.061223	-0.061268	-0.061379	-0.061402	-0.061397	-0.061535
689.000000	-0.061002	-0.061032	-0.061170	-0.061318	-0.061351	-0.061291	-0.061422
690.000000	-0.060894	-0.060990	-0.061074	-0.061306	-0.061290	-0.061258	-0.061309
691.000000	-0.060827	-0.061072	-0.060992	-0.061311	-0.061211	-0.061276	-0.061228
692.000000	-0.060851	-0.061115	-0.061020	-0.061272	-0.061162	-0.061305	-0.061225
693.000000	-0.060940	-0.061072	-0.061154	-0.061196	-0.061168	-0.061327	-0.061312
694.000000	-0.060968	-0.061066	-0.061259	-0.061194	-0.061217	-0.061356	-0.061444
695.000000	-0.060895	-0.061149	-0.061264	-0.061296	-0.061287	-0.061388	-0.061556
696.000000	-0.060852	-0.061215	-0.061257	-0.061362	-0.061345	-0.061377	-0.061541
697.000000	-0.060931	-0.061192	-0.061305	-0.061308	-0.061375	-0.061316	-0.061374
698.000000	-0.061054	-0.061165	-0.061384	-0.061253	-0.061406	-0.061318	-0.061275
699.000000	-0.061138	-0.061213	-0.061456	-0.061315	-0.061466	-0.061471	-0.061418
700.000000	-0.061207	-0.061281	-0.061492	-0.061450	-0.061530	-0.061674	-0.061631
701.000000	-0.061301	-0.061296	-0.061478	-0.061579	-0.061573	-0.061795	-0.061697
702.000000	-0.061379	-0.061303	-0.061472	-0.061677	-0.061611	-0.061821	-0.061673
703.000000	-0.061376	-0.061378	-0.061545	-0.061735	-0.061674	-0.061784	-0.061707
704.000000	-0.061336	-0.061469	-0.061641	-0.061745	-0.061716	-0.061714	-0.061786
705.000000	-0.061349	-0.061461	-0.061643	-0.061698	-0.061658	-0.061637	-0.061815
706.000000	-0.061378	-0.061361	-0.061559	-0.061603	-0.061514	-0.061559	-0.061750
707.000000	-0.061293	-0.061257	-0.061487	-0.061482	-0.061373	-0.061471	-0.061583
708.000000	-0.061082	-0.061174	-0.061424	-0.061355	-0.061270	-0.061362	-0.061365
709.000000	-0.060863	-0.061054	-0.061252	-0.061233	-0.061190	-0.061220	-0.061201
710.000000	-0.060705	-0.060882	-0.060958	-0.061102	-0.061099	-0.061044	-0.061111
711.000000	-0.060596	-0.060704	-0.060694	-0.060905	-0.060946	-0.060853	-0.060979
712.000000	-0.060502	-0.060547	-0.060540	-0.060641	-0.060723	-0.060664	-0.060751
713.000000	-0.060355	-0.060391	-0.060389	-0.060426	-0.060528	-0.060493	-0.060525
714.000000	-0.060118	-0.060217	-0.060157	-0.060332	-0.060421	-0.060344	-0.060375
715.000000	-0.059850	-0.060036	-0.059888	-0.060225	-0.060301	-0.060187	-0.060226
716.000000	-0.059610	-0.059851	-0.059642	-0.059976	-0.060067	-0.059994	-0.060001
717.000000	-0.059369	-0.059596	-0.059407	-0.059640	-0.059764	-0.059757	-0.059750
718.000000	-0.059078	-0.059211	-0.059159	-0.059318	-0.059465	-0.059480	-0.059546
719.000000	-0.058769	-0.058821	-0.058906	-0.059021	-0.059145	-0.059207	-0.059353
720.000000	-0.058506	-0.058607	-0.058677	-0.058736	-0.058757	-0.058991	-0.059104
721.000000	-0.058358	-0.058545	-0.058537	-0.058546	-0.058450	-0.058856	-0.058876
722.000000	-0.058389	-0.058486	-0.058566	-0.058575	-0.058465	-0.058804	-0.058815
723.000000	-0.058475	-0.058322	-0.058638	-0.058715	-0.058654	-0.058748	-0.058791
724.000000	-0.058342	-0.057985	-0.058463	-0.058667	-0.058548	-0.058537	-0.058452
725.000000	-0.057958	-0.057553	-0.058010	-0.058337	-0.058056	-0.058177	-0.057834
726.000000	-0.057578	-0.057274	-0.057557	-0.057889	-0.057541	-0.057861	-0.057433
727.000000	-0.057342	-0.057247	-0.057288	-0.057490	-0.057252	-0.057672	-0.057471
728.000000	-0.057166	-0.057319	-0.057192	-0.057293	-0.057207	-0.057485	-0.057666
729.000000	-0.057037	-0.057392	-0.057245	-0.057386	-0.057382	-0.057274	-0.057812
730.000000	-0.057154	-0.057569	-0.057429	-0.057715	-0.057714	-0.057288	-0.057983
731.000000	-0.057659	-0.057936	-0.057719	-0.058205	-0.058136	-0.057718	-0.058263
732.000000	-0.058398	-0.058420	-0.058068	-0.058777	-0.058604	-0.058402	-0.058613
