[HEADER]
Format	J&M ASCII Table
Comment	0.2064 mg/L
Date	2/12/1980 5:42:34 AM
Order	Y (evenX)
TechType	UV
NumPoints	483
FirstX	250.00
LastX	732.00
XType	NMetr
YType	Absrb
ZType	Secs
NumSubFile	7
Matrix	Z vs X
[DATA]
	0.000000	5.000064	10.000128	15.000256	20.000320	25.000383	30.000511
250.000000	0.911541	0.910152	0.912408	0.911899	0.910965	0.911461	0.912183
251.000000	0.903640	0.901771	0.903366	0.904172	0.902247	0.903555	0.904083
252.000000	0.896550	0.894557	0.894793	0.896215	0.894150	0.895582	0.895676
253.000000	0.889064	0.887906	0.886618	0.887810	0.886654	0.887197	0.887211
254.000000	0.880528	0.881335	0.878885	0.879106	0.879864	0.878457	0.879094
255.000000	0.872798	0.875194	0.872142	0.871559	0.874440	0.870934	0.872143
256.000000	0.867730	0.869842	0.866863	0.866493	0.870761	0.866078	0.867019
257.000000	0.864204	0.864685	0.862530	0.862950	0.867008	0.862864	0.863046
258.000000	0.860324	0.859009	0.858402	0.859338	0.861045	0.859599	0.859185
259.000000	0.856212	0.853883	0.854748	0.855285	0.854457	0.856098	0.855193
260.000000	0.852956	0.851123	0.852282	0.851081	0.850531	0.852915	0.851264
261.000000	0.850391	0.849908	0.850549	0.847464	0.849085	0.849996	0.847940
262.000000	0.847403	0.847444	0.848209	0.845451	0.847303	0.846821	0.845982
263.000000	0.843648	0.843069	0.844742	0.844257	0.843905	0.843155	0.844685
264.000000	0.839678	0.838597	0.840585	0.841058	0.839447	0.839097	0.841686
265.000000	0.835758	0.834925	0.836021	0.835070	0.834532	0.834743	0.836145
266.000000	0.831586	0.831165	0.830985	0.829156	0.829674	0.830140	0.829957
267.000000	0.826793	0.826409	0.825407	0.825029	0.825006	0.825233	0.824520
268.000000	0.820992	0.820134	0.819282	0.820566	0.819710	0.819710	0.819284
269.000000	0.813949	0.812234	0.812592	0.813743	0.813058	0.813291	0.813448
270.000000	0.806055	0.804010	0.805213	0.805340	0.805273	0.805996	0.806419
271.000000	0.797766	0.796749	0.797038	0.796672	0.796788	0.797910	0.797828
272.000000	0.789002	0.789467	0.788216	0.788064	0.787848	0.789048	0.788341
273.000000	0.779514	0.780479	0.778977	0.779425	0.778603	0.779416	0.778914
274.000000	0.769446	0.769849	0.769331	0.770341	0.768971	0.769182	0.769375
275.000000	0.759144	0.758639	0.759156	0.760232	0.758742	0.758597	0.758929
276.000000	0.748500	0.747508	0.748292	0.748958	0.747838	0.747714	0.747442
277.000000	0.737031	0.736747	0.736562	0.736775	0.736302	0.736415	0.735357
278.000000	0.724971	0.726140	0.724435	0.724321	0.724373	0.724834	0.723384
279.000000	0.713477	0.714843	0.713196	0.712693	0.712537	0.713423	0.712532
280.000000	0.702995	0.702769	0.703348	0.702375	0.701201	0.702519	0.702915
281.000000	0.692507	0.691332	0.693817	0.692627	0.690599	0.692197	0.692920
282.000000	0.681443	0.681568	0.683748	0.682872	0.680842	0.682486	0.681674
283.000000	0.670989	0.672951	0.673427	0.673387	0.671763	0.673373	0.670989
284.000000	0.662252	0.664727	0.663305	0.664447	0.663136	0.664741	0.662512
285.000000	0.654566	0.656371	0.653674	0.655634	0.654720	0.656042	0.655011
286.000000	0.646902	0.647531	0.644762	0.646495	0.646314	0.646783	0.646751
287.000000	0.639123	0.638622	0.636694	0.637667	0.638050	0.637731	0.638114
288.000000	0.631458	0.630332	0.629510	0.630138	0.630170	0.630049	0.630289
289.000000	0.623909	0.622705	0.622799	0.623515	0.622515	0.623280	0.623249
290.000000	0.616342	0.615377	0.615889	0.616572	0.614699	0.615984	0.616210
291.000000	0.608788	0.608196	0.608658	0.609099	0.606925	0.608110	0.608854
292.000000	0.601433	0.601219	0.601507	0.601861	0.599948	0.600922	0.601324
293.000000	0.594395	0.594418	0.594648	0.595168	0.593850	0.594697	0.593908
294.000000	0.587684	0.587632	0.587998	0.588637	0.587742	0.588271	0.587069
295.000000	0.581251	0.580849	0.581454	0.581974	0.581103	0.581083	0.580942
296.000000	0.574939	0.574374	0.574919	0.575184	0.574341	0.574059	0.574953
297.000000	0.568594	0.568330	0.568316	0.568340	0.567813	0.567848	0.568598
298.000000	0.562122	0.562122	0.561623	0.561612	0.561351	0.561616	0.561887
299.000000	0.555468	0.555215	0.554841	0.555122	0.554753	0.554544	0.554951
300.000000	0.548715	0.548068	0.548033	0.548671	0.548184	0.547339	0.548033
301.000000	0.541975	0.541363	0.541286	0.542010	0.541866	0.541011	0.541372
302.000000	0.535278	0.535090	0.534738	0.535265	0.535603	0.535219	0.534948
303.000000	0.528616	0.528919	0.528524	0.528714	0.529029	0.529048	0.528623
304.000000	0.522078	0.522659	0.522428	0.522317	0.522168	0.522419	0.522289
305.000000	0.515809	0.516227	0.516007	0.515822	0.515321	0.515838	0.515869
306.000000	0.509719	0.509702	0.509290	0.509281	0.508729	0.509472	0.509382
307.000000	0.503485	0.503333	0.502796	0.503065	0.502562	0.503128	0.502945
308.000000	0.497001	0.497188	0.496725	0.497209	0.496724	0.496725	0.496624
309.000000	0.490516	0.491047	0.490757	0.491213	0.490722	0.490376	0.490395
310.000000	0.484247	0.484790	0.484672	0.484844	0.484317	0.484197	0.484230
311.000000	0.478271	0.478571	0.478575	0.478575	0.477939	0.478273	0.478100
312.000000	0.472558	0.472531	0.472574	0.472775	0.471948	0.472588	0.472015
313.000000	0.466788	0.466624	0.466631	0.467087	0.466151	0.466794	0.466139
314.000000	0.460667	0.460759	0.460691	0.461080	0.460281	0.460582	0.460577
315.000000	0.454403	0.454833	0.454791	0.454775	0.454343	0.454246	0.454961
316.000000	0.448348	0.448764	0.448988	0.448360	0.448429	0.448235	0.448857
317.000000	0.442655	0.442695	0.443258	0.442167	0.442612	0.442555	0.442654
318.000000	0.437350	0.436873	0.437535	0.436568	0.436948	0.436993	0.437102
319.000000	0.432155	0.431321	0.431805	0.431384	0.431388	0.431420	0.432043
320.000000	0.426576	0.425891	0.426091	0.426038	0.425806	0.425774	0.426646
321.000000	0.420531	0.420400	0.420342	0.420326	0.420170	0.420007	0.420678
322.000000	0.414401	0.414632	0.414432	0.414472	0.414553	0.414092	0.414586
323.000000	0.408497	0.408647	0.408478	0.408650	0.408997	0.408165	0.408707
324.000000	0.402974	0.402957	0.403006	0.402914	0.403479	0.402627	0.403136
325.000000	0.397847	0.397859	0.398208	0.397339	0.398001	0.397655	0.397888
326.000000	0.392820	0.393007	0.393370	0.392087	0.392632	0.392823	0.392821
327.000000	0.387639	0.388047	0.387925	0.387218	0.387428	0.387746	0.387793
328.000000	0.382383	0.382937	0.382389	0.382359	0.382356	0.382559	0.382738
329.000000	0.377199	0.377731	0.377374	0.377155	0.377360	0.377483	0.377631
330.000000	0.372165	0.372575	0.372563	0.371967	0.372377	0.372536	0.372560
331.000000	0.367316	0.367624	0.367390	0.367329	0.367352	0.367666	0.367647
332.000000	0.362556	0.362785	0.362085	0.362998	0.362292	0.362887	0.362889
333.000000	0.357733	0.357848	0.357280	0.358339	0.357245	0.358243	0.358215
334.000000	0.352956	0.352897	0.352981	0.353353	0.352322	0.353631	0.353576
335.000000	0.348536	0.348241	0.348692	0.348546	0.347679	0.348842	0.348940
336.000000	0.344319	0.343864	0.344125	0.344054	0.343278	0.343863	0.344262
337.000000	0.339609	0.339356	0.339259	0.339559	0.338852	0.338920	0.339483
338.000000	0.334279	0.334557	0.334233	0.334880	0.334262	0.334171	0.334610
339.000000	0.329260	0.329781	0.329441	0.330122	0.329608	0.329638	0.329762
340.000000	0.325119	0.325228	0.325095	0.325386	0.325003	0.325294	0.325076
341.000000	0.321199	0.320691	0.320860	0.320691	0.320521	0.321030	0.320690
342.000000	0.316846	0.316013	0.316434	0.316070	0.316189	0.316736	0.316653
343.000000	0.312217	0.311507	0.312005	0.311667	0.311858	0.312352	0.312636
344.000000	0.307630	0.307498	0.307816	0.307585	0.307384	0.307854	0.308301
345.000000	0.303117	0.303617	0.303672	0.303516	0.302915	0.303381	0.303840
346.000000	0.298610	0.299299	0.299248	0.299056	0.298680	0.299111	0.299601
347.000000	0.294136	0.294653	0.294637	0.294428	0.294598	0.294942	0.295433
348.000000	0.289775	0.290163	0.290162	0.290187	0.290417	0.290630	0.290931
349.000000	0.285587	0.285938	0.285919	0.286280	0.286126	0.286196	0.286186
350.000000	0.281601	0.281771	0.281809	0.282142	0.281917	0.281881	0.281709
351.000000	0.277725	0.277618	0.277724	0.277659	0.277826	0.277769	0.277663
352.000000	0.273712	0.273647	0.273551	0.273288	0.273694	0.273733	0.273769
353.000000	0.269458	0.269829	0.269295	0.269257	0.269464	0.269692	0.269793
354.000000	0.265137	0.265756	0.265175	0.265296	0.265284	0.265670	0.265638
355.000000	0.260922	0.261249	0.261308	0.261207	0.261231	0.261668	0.261322
356.000000	0.256888	0.256890	0.257477	0.257125	0.257129	0.257599	0.257125
357.000000	0.253056	0.253153	0.253469	0.253189	0.252846	0.253404	0.253255
358.000000	0.249286	0.249525	0.249341	0.249304	0.248642	0.249220	0.249427
359.000000	0.245423	0.245377	0.245215	0.245338	0.244808	0.245209	0.245312
360.000000	0.241508	0.241033	0.241189	0.241323	0.241205	0.241363	0.241180
361.000000	0.237644	0.237135	0.237338	0.237354	0.237536	0.237608	0.237482
362.000000	0.233780	0.233606	0.233591	0.233488	0.233736	0.233839	0.234038
363.000000	0.229781	0.229953	0.229796	0.229752	0.229878	0.229949	0.230322
364.000000	0.225738	0.226106	0.225970	0.226112	0.226095	0.226012	0.226307
365.000000	0.221944	0.222362	0.222271	0.222476	0.222558	0.222263	0.222418
366.000000	0.218518	0.218828	0.218736	0.218879	0.219216	0.218797	0.218853
367.000000	0.215345	0.215348	0.215242	0.215519	0.215731	0.215519	0.215501
368.000000	0.212224	0.211806	0.211718	0.212360	0.211962	0.212252	0.212196
369.000000	0.208811	0.208191	0.208210	0.208903	0.208186	0.208692	0.208708
370.000000	0.204949	0.204518	0.204744	0.204881	0.204600	0.204726	0.204934
371.000000	0.201050	0.200840	0.201251	0.200845	0.201046	0.200840	0.201151
372.000000	0.197509	0.197236	0.197677	0.197329	0.197389	0.197460	0.197631
373.000000	0.194188	0.193853	0.194116	0.194156	0.193872	0.194285	0.194291
374.000000	0.190842	0.190804	0.190679	0.190986	0.190764	0.190896	0.190978
375.000000	0.187475	0.187831	0.187296	0.187700	0.187815	0.187456	0.187671
376.000000	0.184186	0.184562	0.183846	0.184282	0.184601	0.184328	0.184400
377.000000	0.180989	0.181093	0.180464	0.180852	0.181183	0.181422	0.181146
378.000000	0.177842	0.177797	0.177434	0.177610	0.177907	0.178385	0.177867
379.000000	0.174783	0.174776	0.174730	0.174622	0.174845	0.175168	0.174683
380.000000	0.171913	0.171881	0.172047	0.171830	0.171817	0.171994	0.171851
381.000000	0.169158	0.168988	0.169182	0.169080	0.168775	0.168974	0.169281
382.000000	0.166212	0.166020	0.166078	0.166096	0.165851	0.166046	0.166419
383.000000	0.162985	0.162988	0.162800	0.162839	0.163080	0.163155	0.163077
384.000000	0.159846	0.160073	0.159631	0.159753	0.160275	0.160274	0.159844
385.000000	0.157050	0.157358	0.156780	0.157116	0.157318	0.157399	0.157134
386.000000	0.154373	0.154588	0.154159	0.154578	0.154378	0.154583	0.154578
387.000000	0.151587	0.151556	0.151628	0.151782	0.151617	0.151851	0.151782
388.000000	0.148826	0.148549	0.149039	0.148867	0.148939	0.149074	0.148867
389.000000	0.146301	0.145934	0.146283	0.146086	0.146218	0.146134	0.146084
390.000000	0.144023	0.143641	0.143551	0.143513	0.143604	0.143326	0.143568
391.000000	0.141901	0.141420	0.141127	0.141136	0.141326	0.141065	0.141378
392.000000	0.139651	0.139101	0.138912	0.138845	0.139206	0.139122	0.139294
393.000000	0.136898	0.136579	0.136580	0.136475	0.136829	0.136896	0.136940
394.000000	0.133899	0.134011	0.134158	0.134073	0.134217	0.134361	0.134367
395.000000	0.131485	0.131795	0.131991	0.131867	0.131794	0.132024	0.132018
396.000000	0.129788	0.129943	0.130095	0.129862	0.129681	0.130041	0.130025
397.000000	0.127980	0.127950	0.128025	0.127749	0.127576	0.128071	0.128084
398.000000	0.125615	0.125585	0.125603	0.125412	0.125330	0.125910	0.125989
399.000000	0.123129	0.123238	0.123238	0.123156	0.123162	0.123694	0.123779
400.000000	0.120923	0.121210	0.121228	0.121173	0.121224	0.121546	0.121543
401.000000	0.118983	0.119339	0.119341	0.119173	0.119341	0.119437	0.119432
402.000000	0.117208	0.117419	0.117326	0.116917	0.117352	0.117337	0.117554
403.000000	0.115430	0.115451	0.115280	0.114811	0.115418	0.115345	0.115767
404.000000	0.113503	0.113493	0.113380	0.113317	0.113735	0.113570	0.113894
405.000000	0.111564	0.111628	0.111663	0.112047	0.112123	0.111925	0.111990
406.000000	0.109843	0.109935	0.110095	0.110314	0.110269	0.110254	0.110196
407.000000	0.108255	0.108330	0.108521	0.108198	0.108204	0.108529	0.108469
408.000000	0.106527	0.106637	0.106726	0.106245	0.106178	0.106800	0.106656
409.000000	0.104637	0.104858	0.104776	0.104548	0.104369	0.105083	0.104796
410.000000	0.102799	0.103162	0.102994	0.102780	0.102881	0.103363	0.103095
411.000000	0.101145	0.101589	0.101482	0.100929	0.101624	0.101670	0.101631
412.000000	0.099688	0.099993	0.100033	0.099417	0.100248	0.100099	0.100291
413.000000	0.098345	0.098322	0.098505	0.098364	0.098597	0.098651	0.098939
414.000000	0.096854	0.096727	0.096930	0.097235	0.096929	0.097138	0.097412
415.000000	0.095109	0.095315	0.095369	0.095653	0.095458	0.095471	0.095645
416.000000	0.093522	0.093985	0.093920	0.093931	0.094117	0.093921	0.093867
417.000000	0.092434	0.092620	0.092638	0.092424	0.092796	0.092713	0.092309
418.000000	0.091447	0.091188	0.091357	0.091092	0.091427	0.091584	0.090962
419.000000	0.090058	0.089701	0.089899	0.089807	0.089978	0.090204	0.089748
420.000000	0.088489	0.088310	0.088445	0.088579	0.088600	0.088747	0.088618
421.000000	0.087223	0.087191	0.087290	0.087465	0.087487	0.087559	0.087533
422.000000	0.086194	0.086199	0.086279	0.086360	0.086487	0.086537	0.086434
423.000000	0.085011	0.084999	0.085002	0.085071	0.085245	0.085313	0.085262
424.000000	0.083655	0.083634	0.083521	0.083666	0.083799	0.083896	0.084034
425.000000	0.082453	0.082483	0.082326	0.082451	0.082544	0.082643	0.082843
426.000000	0.081486	0.081607	0.081504	0.081486	0.081590	0.081671	0.081724
427.000000	0.080493	0.080629	0.080594	0.080491	0.080657	0.080770	0.080631
428.000000	0.079319	0.079374	0.079374	0.079328	0.079574	0.079768	0.079542
429.000000	0.078058	0.078115	0.078169	0.078168	0.078441	0.078612	0.078498
430.000000	0.076825	0.077070	0.077203	0.077141	0.077348	0.077323	0.077517
431.000000	0.075712	0.076142	0.076234	0.076146	0.076277	0.076105	0.076536
432.000000	0.074775	0.075201	0.075036	0.075081	0.075203	0.075126	0.075497
433.000000	0.073934	0.074214	0.073814	0.074040	0.074137	0.074271	0.074429
434.000000	0.073075	0.073181	0.072844	0.073133	0.073105	0.073365	0.073378
435.000000	0.072127	0.072130	0.072050	0.072237	0.072131	0.072393	0.072334
436.000000	0.071051	0.071098	0.071225	0.071155	0.071237	0.071402	0.071271
437.000000	0.069957	0.070101	0.070336	0.070006	0.070375	0.070449	0.070243
438.000000	0.069038	0.069149	0.069452	0.069089	0.069458	0.069592	0.069347
439.000000	0.068287	0.068270	0.068561	0.068388	0.068487	0.068802	0.068564
440.000000	0.067517	0.067518	0.067576	0.067613	0.067541	0.067975	0.067770
441.000000	0.066655	0.066843	0.066529	0.066690	0.066669	0.067064	0.066920
442.000000	0.065782	0.066068	0.065612	0.065839	0.065878	0.066110	0.066072
443.000000	0.064948	0.065128	0.064889	0.065145	0.065128	0.065158	0.065270
444.000000	0.064127	0.064188	0.064166	0.064401	0.064288	0.064260	0.064516
445.000000	0.063303	0.063372	0.063309	0.063477	0.063312	0.063451	0.063790
446.000000	0.062512	0.062613	0.062445	0.062547	0.062411	0.062713	0.063019
447.000000	0.061779	0.061840	0.061704	0.061785	0.061762	0.062020	0.062162
448.000000	0.061065	0.061094	0.061050	0.061121	0.061210	0.061353	0.061334
449.000000	0.060320	0.060428	0.060409	0.060441	0.060547	0.060696	0.060665
450.000000	0.059576	0.059793	0.059759	0.059758	0.059810	0.060030	0.060097
451.000000	0.058896	0.059107	0.059098	0.059130	0.059126	0.059341	0.059500
452.000000	0.058287	0.058398	0.058430	0.058566	0.058519	0.058654	0.058853
453.000000	0.057725	0.057751	0.057760	0.058039	0.057949	0.058014	0.058193
454.000000	0.057132	0.057141	0.057087	0.057474	0.057361	0.057386	0.057521
455.000000	0.056386	0.056449	0.056402	0.056756	0.056689	0.056666	0.056810
456.000000	0.055520	0.055673	0.055726	0.055911	0.055947	0.055886	0.056073
457.000000	0.054762	0.054958	0.055107	0.055142	0.055250	0.055249	0.055376
458.000000	0.054209	0.054375	0.054560	0.054557	0.054652	0.054819	0.054748
459.000000	0.053707	0.053831	0.054025	0.054066	0.054085	0.054383	0.054145
460.000000	0.053132	0.053256	0.053454	0.053565	0.053493	0.053787	0.053529
461.000000	0.052529	0.052688	0.052848	0.052976	0.052880	0.053103	0.052911
462.000000	0.051954	0.052162	0.052216	0.052267	0.052263	0.052430	0.052311
463.000000	0.051411	0.051636	0.051583	0.051580	0.051671	0.051802	0.051758
464.000000	0.050886	0.051057	0.050973	0.051062	0.051122	0.051231	0.051273
465.000000	0.050354	0.050420	0.050390	0.050621	0.050581	0.050697	0.050792
466.000000	0.049793	0.049745	0.049834	0.050086	0.049997	0.050170	0.050232
467.000000	0.049222	0.049116	0.049303	0.049454	0.049408	0.049649	0.049652
468.000000	0.048686	0.048642	0.048792	0.048816	0.048900	0.049150	0.049181
469.000000	0.048206	0.048267	0.048299	0.048241	0.048476	0.048661	0.048776
470.000000	0.047786	0.047801	0.047818	0.047774	0.048070	0.048151	0.048252
471.000000	0.047392	0.047219	0.047347	0.047393	0.047638	0.047625	0.047611
472.000000	0.046941	0.046689	0.046886	0.046988	0.047162	0.047139	0.047080
473.000000	0.046392	0.046282	0.046422	0.046504	0.046643	0.046701	0.046724
474.000000	0.045778	0.045868	0.045920	0.045984	0.046108	0.046241	0.046299
475.000000	0.045164	0.045368	0.045379	0.045475	0.045588	0.045722	0.045681
476.000000	0.044689	0.044874	0.044906	0.044999	0.045123	0.045216	0.045123
477.000000	0.044429	0.044471	0.044565	0.044561	0.044731	0.044781	0.044827
478.000000	0.044181	0.044096	0.044196	0.044107	0.044318	0.044349	0.044554
479.000000	0.043725	0.043671	0.043641	0.043589	0.043798	0.043848	0.044031
480.000000	0.043137	0.043218	0.043051	0.043074	0.043239	0.043341	0.043398
481.000000	0.042585	0.042787	0.042655	0.042655	0.042759	0.042927	0.042918
482.000000	0.042109	0.042353	0.042365	0.042291	0.042380	0.042586	0.042566
483.000000	0.041680	0.041856	0.041939	0.041873	0.042067	0.042236	0.042177
484.000000	0.041285	0.041335	0.041400	0.041419	0.041757	0.041854	0.041743
485.000000	0.040926	0.040909	0.040972	0.041038	0.041363	0.041462	0.041378
486.000000	0.040592	0.040593	0.040701	0.040756	0.040908	0.041062	0.041082
487.000000	0.040254	0.040290	0.040432	0.040497	0.040535	0.040632	0.040729
488.000000	0.039896	0.039952	0.040091	0.040211	0.040282	0.040196	0.040286
489.000000	0.039534	0.039624	0.039762	0.039893	0.040002	0.039845	0.039892
490.000000	0.039171	0.039320	0.039468	0.039526	0.039591	0.039594	0.039603
491.000000	0.038796	0.038957	0.039062	0.039062	0.039089	0.039255	0.039255
492.000000	0.038412	0.038499	0.038471	0.038502	0.038581	0.038718	0.038749
493.000000	0.038100	0.038104	0.037973	0.038052	0.038229	0.038263	0.038340
494.000000	0.037916	0.037915	0.037831	0.037892	0.038145	0.038160	0.038260
495.000000	0.037688	0.037713	0.037761	0.037805	0.038058	0.038139	0.038210
496.000000	0.037209	0.037215	0.037363	0.037483	0.037624	0.037805	0.037778
497.000000	0.036627	0.036587	0.036768	0.036987	0.036990	0.037228	0.037148
498.000000	0.036246	0.036194	0.036354	0.036549	0.036524	0.036699	0.036770
499.000000	0.036059	0.036029	0.036153	0.036209	0.036261	0.036316	0.036629
500.000000	0.035842	0.035813	0.035954	0.035869	0.035999	0.036038	0.036385
501.000000	0.035516	0.035476	0.035652	0.035530	0.035677	0.035806	0.035972
502.000000	0.035168	0.035166	0.035264	0.035293	0.035387	0.035553	0.035617
503.000000	0.034853	0.034937	0.034854	0.035160	0.035142	0.035244	0.035391
504.000000	0.034567	0.034680	0.034554	0.034970	0.034829	0.034904	0.035116
505.000000	0.034297	0.034339	0.034403	0.034636	0.034418	0.034567	0.034708
506.000000	0.034023	0.033999	0.034231	0.034271	0.034096	0.034276	0.034343
507.000000	0.033740	0.033728	0.033913	0.033979	0.033982	0.034052	0.034146
508.000000	0.033486	0.033488	0.033560	0.033752	0.033884	0.033843	0.033977
509.000000	0.033290	0.033225	0.033295	0.033549	0.033603	0.033593	0.033678
510.000000	0.033068	0.032924	0.033047	0.033278	0.033201	0.033293	0.033302
511.000000	0.032727	0.032588	0.032710	0.032861	0.032818	0.032956	0.032956
512.000000	0.032341	0.032272	0.032350	0.032436	0.032517	0.032648	0.032670
513.000000	0.032049	0.032046	0.032096	0.032218	0.032317	0.032444	0.032440
514.000000	0.031814	0.031847	0.031893	0.032110	0.032134	0.032264	0.032217
515.000000	0.031489	0.031534	0.031565	0.031818	0.031823	0.031933	0.031929
516.000000	0.031084	0.031133	0.031147	0.031352	0.031404	0.031497	0.031602
517.000000	0.030764	0.030838	0.030873	0.031013	0.031057	0.031217	0.031354
518.000000	0.030584	0.030696	0.030793	0.030882	0.030851	0.031142	0.031200
519.000000	0.030438	0.030550	0.030695	0.030715	0.030694	0.031020	0.031013
520.000000	0.030250	0.030316	0.030457	0.030388	0.030519	0.030718	0.030723
521.000000	0.030024	0.030086	0.030175	0.030059	0.030338	0.030384	0.030402
522.000000	0.029776	0.029922	0.029936	0.029855	0.030154	0.030141	0.030123
523.000000	0.029537	0.029743	0.029724	0.029721	0.029914	0.029930	0.029910
524.000000	0.029326	0.029473	0.029508	0.029572	0.029585	0.029682	0.029759
525.000000	0.029112	0.029174	0.029291	0.029369	0.029263	0.029423	0.029586
526.000000	0.028855	0.028928	0.029079	0.029096	0.029054	0.029199	0.029306
527.000000	0.028574	0.028706	0.028852	0.028802	0.028900	0.028986	0.028994
528.000000	0.028310	0.028440	0.028578	0.028559	0.028685	0.028740	0.028784
529.000000	0.028105	0.028164	0.028286	0.028367	0.028434	0.028488	0.028657
530.000000	0.027998	0.027966	0.028037	0.028186	0.028249	0.028293	0.028509
531.000000	0.027940	0.027840	0.027862	0.028008	0.028122	0.028146	0.028304
532.000000	0.027814	0.027695	0.027766	0.027856	0.027952	0.027968	0.028068
533.000000	0.027574	0.027482	0.027683	0.027711	0.027707	0.027732	0.027828
534.000000	0.027264	0.027206	0.027471	0.027497	0.027449	0.027483	0.027609
535.000000	0.026946	0.026907	0.027103	0.027198	0.027221	0.027255	0.027420
536.000000	0.026706	0.026675	0.026778	0.026904	0.027028	0.027061	0.027236
537.000000	0.026574	0.026552	0.026627	0.026680	0.026860	0.026893	0.027039
538.000000	0.026434	0.026434	0.026544	0.026497	0.026669	0.026700	0.026842
539.000000	0.026187	0.026230	0.026408	0.026314	0.026426	0.026449	0.026651
540.000000	0.025909	0.025984	0.026212	0.026118	0.026181	0.026209	0.026443
541.000000	0.025698	0.025766	0.025976	0.025906	0.025989	0.026053	0.026199
542.000000	0.025543	0.025590	0.025731	0.025703	0.025822	0.025942	0.025972
543.000000	0.025391	0.025445	0.025512	0.025539	0.025628	0.025800	0.025832
544.000000	0.025200	0.025294	0.025314	0.025413	0.025410	0.025613	0.025731
545.000000	0.024938	0.025091	0.025117	0.025301	0.025203	0.025404	0.025566
546.000000	0.024672	0.024865	0.024933	0.025179	0.025035	0.025204	0.025342
547.000000	0.024542	0.024705	0.024799	0.025018	0.024926	0.025048	0.025148
548.000000	0.024536	0.024604	0.024696	0.024811	0.024847	0.024925	0.025002
549.000000	0.024478	0.024453	0.024536	0.024580	0.024716	0.024768	0.024839
550.000000	0.024291	0.024229	0.024310	0.024360	0.024516	0.024570	0.024646
551.000000	0.024078	0.024067	0.024132	0.024204	0.024339	0.024413	0.024499
552.000000	0.023909	0.024020	0.024053	0.024129	0.024232	0.024326	0.024420
553.000000	0.023737	0.023915	0.023944	0.024057	0.024109	0.024190	0.024286
554.000000	0.023526	0.023636	0.023720	0.023929	0.023912	0.023934	0.024023
555.000000	0.023352	0.023381	0.023538	0.023808	0.023742	0.023728	0.023809
556.000000	0.023268	0.023337	0.023530	0.023738	0.023683	0.023718	0.023796
557.000000	0.023098	0.023275	0.023439	0.023545	0.023544	0.023645	0.023706
558.000000	0.022681	0.022922	0.022983	0.023072	0.023134	0.023219	0.023240
559.000000	0.022607	0.022789	0.022764	0.022889	0.022976	0.023002	0.023038
560.000000	0.023628	0.023592	0.023613	0.023733	0.023771	0.023787	0.023987
561.000000	0.023853	0.023781	0.023840	0.023966	0.023975	0.024023	0.024274
562.000000	0.019924	0.020535	0.020333	0.020609	0.020788	0.020824	0.020559
563.000000	0.017060	0.018080	0.017748	0.018087	0.018413	0.018395	0.017775
564.000000	0.028552	0.027281	0.028050	0.027794	0.027646	0.027612	0.028644
565.000000	0.041810	0.038022	0.039960	0.039060	0.038349	0.038368	0.041271
566.000000	0.007135	0.010069	0.008850	0.009549	0.010337	0.010424	0.008447
567.000000	-0.074629	-0.060255	-0.066816	-0.063360	-0.060027	-0.059902	-0.070251
568.000000	-0.092635	-0.096550	-0.094514	-0.095456	-0.096324	-0.096209	-0.093263
569.000000	0.015590	-0.049340	-0.018696	-0.034333	-0.049069	-0.049011	-0.001598
570.000000	0.124621	0.019232	0.068838	0.043442	0.019551	0.019574	0.096455
571.000000	0.113485	0.043165	0.076329	0.059354	0.043498	0.043561	0.094808
572.000000	0.042847	0.034801	0.038764	0.036771	0.035107	0.035227	0.041043
573.000000	0.010760	0.025241	0.018622	0.022072	0.025485	0.025608	0.015090
574.000000	0.017345	0.021500	0.019698	0.020697	0.021690	0.021796	0.018920
575.000000	0.024154	0.020552	0.022379	0.021539	0.020751	0.020888	0.023656
576.000000	0.022045	0.020594	0.021421	0.021103	0.020847	0.021035	0.022141
577.000000	0.019586	0.020633	0.020297	0.020559	0.020931	0.021103	0.020364
578.000000	0.019790	0.020456	0.020297	0.020440	0.020763	0.020873	0.020473
579.000000	0.020612	0.020503	0.020690	0.020663	0.020786	0.020894	0.021104
580.000000	0.020735	0.020667	0.020810	0.020847	0.020904	0.021077	0.021254
581.000000	0.019965	0.020141	0.020162	0.020279	0.020332	0.020513	0.020532
582.000000	0.019065	0.019259	0.019294	0.019379	0.019428	0.019521	0.019586
583.000000	0.020364	0.020470	0.020592	0.020618	0.020674	0.020705	0.020850
584.000000	0.025124	0.025170	0.025366	0.025387	0.025461	0.025534	0.025656
585.000000	0.031388	0.031434	0.031638	0.031707	0.031764	0.031912	0.031980
586.000000	0.033486	0.033588	0.033712	0.033866	0.033844	0.034021	0.034085
587.000000	0.013364	0.013494	0.013552	0.013776	0.013706	0.013851	0.013912
588.000000	-0.040450	-0.040396	-0.040290	-0.040061	-0.040058	-0.039993	-0.039988
589.000000	-0.083615	-0.083639	-0.083455	-0.083288	-0.083159	-0.083164	-0.083211
590.000000	-0.060870	-0.060830	-0.060670	-0.060611	-0.060419	-0.060419	-0.060429
591.000000	0.000171	0.000347	0.000426	0.000391	0.000575	0.000618	0.000693
592.000000	0.032158	0.032368	0.032439	0.032402	0.032552	0.032589	0.032696
593.000000	0.025952	0.026101	0.026232	0.026268	0.026369	0.026379	0.026458
594.000000	0.015994	0.016125	0.016276	0.016377	0.016398	0.016468	0.016525
595.000000	0.016644	0.016830	0.016931	0.017056	0.016995	0.017194	0.017261
596.000000	0.019531	0.019763	0.019793	0.019927	0.019858	0.020107	0.020191
597.000000	0.019640	0.019859	0.019846	0.019975	0.019988	0.020162	0.020253
598.000000	0.018825	0.018989	0.019001	0.019082	0.019176	0.019277	0.019354
599.000000	0.018658	0.018753	0.018853	0.018844	0.018959	0.019068	0.019110
600.000000	0.018791	0.018847	0.019004	0.018947	0.019045	0.019173	0.019186
601.000000	0.018779	0.018841	0.018965	0.018959	0.019030	0.019133	0.019150
602.000000	0.018693	0.018741	0.018829	0.018899	0.018958	0.019033	0.019101
603.000000	0.018669	0.018627	0.018763	0.018859	0.018933	0.019021	0.019184
604.000000	0.018657	0.018516	0.018722	0.018803	0.018905	0.019024	0.019241
605.000000	0.018563	0.018408	0.018616	0.018677	0.018796	0.018922	0.019070
606.000000	0.018406	0.018331	0.018480	0.018530	0.018646	0.018760	0.018796
607.000000	0.018251	0.018320	0.018404	0.018450	0.018543	0.018646	0.018669
608.000000	0.018135	0.018334	0.018374	0.018444	0.018491	0.018589	0.018672
609.000000	0.018071	0.018288	0.018322	0.018464	0.018439	0.018536	0.018619
610.000000	0.018018	0.018164	0.018223	0.018446	0.018361	0.018464	0.018484
611.000000	0.017891	0.018006	0.018104	0.018311	0.018255	0.018382	0.018390
612.000000	0.017698	0.017862	0.017990	0.018083	0.018134	0.018297	0.018366
613.000000	0.017571	0.017777	0.017907	0.017909	0.018037	0.018225	0.018325
614.000000	0.017561	0.017748	0.017846	0.017861	0.017964	0.018157	0.018213
615.000000	0.017553	0.017679	0.017744	0.017842	0.017842	0.018050	0.018065
616.000000	0.017458	0.017515	0.017571	0.017773	0.017643	0.017883	0.017919
617.000000	0.017315	0.017350	0.017419	0.017660	0.017470	0.017712	0.017798
618.000000	0.017181	0.017268	0.017362	0.017529	0.017414	0.017591	0.017709
619.000000	0.017086	0.017225	0.017345	0.017421	0.017398	0.017521	0.017618
620.000000	0.017046	0.017153	0.017284	0.017364	0.017324	0.017489	0.017489
621.000000	0.017000	0.017055	0.017160	0.017304	0.017203	0.017452	0.017357
622.000000	0.016872	0.016958	0.016984	0.017167	0.017089	0.017369	0.017277
623.000000	0.016722	0.016874	0.016827	0.017010	0.017017	0.017260	0.017246
624.000000	0.016673	0.016811	0.016784	0.016955	0.017013	0.017178	0.017230
625.000000	0.016684	0.016752	0.016811	0.016966	0.017032	0.017115	0.017189
626.000000	0.016596	0.016666	0.016760	0.016892	0.016977	0.017019	0.017083
627.000000	0.016403	0.016546	0.016609	0.016715	0.016835	0.016886	0.016929
628.000000	0.016267	0.016416	0.016479	0.016564	0.016683	0.016768	0.016806
629.000000	0.016244	0.016300	0.016422	0.016500	0.016567	0.016691	0.016753
630.000000	0.016212	0.016211	0.016378	0.016475	0.016484	0.016633	0.016731
631.000000	0.016098	0.016149	0.016304	0.016438	0.016416	0.016569	0.016695
632.000000	0.015967	0.016078	0.016226	0.016351	0.016334	0.016480	0.016607
633.000000	0.015878	0.015972	0.016159	0.016200	0.016216	0.016354	0.016454
634.000000	0.015806	0.015846	0.016067	0.016033	0.016086	0.016199	0.016306
635.000000	0.015718	0.015729	0.015920	0.015902	0.015973	0.016037	0.016231
636.000000	0.015636	0.015663	0.015774	0.015819	0.015907	0.015929	0.016190
637.000000	0.015591	0.015683	0.015705	0.015783	0.015908	0.015933	0.016126
638.000000	0.015580	0.015728	0.015694	0.015761	0.015923	0.015985	0.016039
639.000000	0.015580	0.015699	0.015682	0.015711	0.015876	0.015975	0.015959
640.000000	0.015523	0.015582	0.015622	0.015620	0.015761	0.015885	0.015876
641.000000	0.015324	0.015415	0.015473	0.015491	0.015622	0.015759	0.015764
642.000000	0.015043	0.015238	0.015277	0.015357	0.015480	0.015645	0.015640
643.000000	0.014875	0.015095	0.015146	0.015275	0.015335	0.015591	0.015560
644.000000	0.014874	0.015019	0.015119	0.015260	0.015212	0.015590	0.015544
645.000000	0.014908	0.015030	0.015138	0.015268	0.015171	0.015555	0.015558
646.000000	0.014883	0.015101	0.015149	0.015256	0.015215	0.015451	0.015561
647.000000	0.014802	0.015117	0.015114	0.015185	0.015235	0.015340	0.015491
648.000000	0.014691	0.015009	0.015018	0.015048	0.015161	0.015270	0.015333
649.000000	0.014619	0.014848	0.014887	0.014925	0.015060	0.015213	0.015194
650.000000	0.014633	0.014721	0.014759	0.014890	0.014999	0.015145	0.015163
651.000000	0.014666	0.014667	0.014688	0.014925	0.014973	0.015089	0.015194
652.000000	0.014643	0.014698	0.014714	0.014989	0.014958	0.015073	0.015214
653.000000	0.014585	0.014738	0.014780	0.015018	0.014955	0.015071	0.015180
654.000000	0.014546	0.014692	0.014800	0.014955	0.014967	0.015039	0.015072
655.000000	0.014524	0.014595	0.014764	0.014844	0.014955	0.014968	0.014963
656.000000	0.014492	0.014544	0.014695	0.014776	0.014864	0.014864	0.014967
657.000000	0.014443	0.014532	0.014612	0.014748	0.014734	0.014760	0.015032
658.000000	0.014382	0.014483	0.014528	0.014683	0.014673	0.014704	0.014993
659.000000	0.014338	0.014396	0.014471	0.014597	0.014699	0.014712	0.014854
660.000000	0.014358	0.014355	0.014484	0.014593	0.014733	0.014766	0.014801
661.000000	0.014420	0.014376	0.014552	0.014670	0.014722	0.014821	0.014877
662.000000	0.014398	0.014367	0.014569	0.014655	0.014656	0.014799	0.014907
663.000000	0.014234	0.014279	0.014484	0.014478	0.014550	0.014674	0.014791
664.000000	0.014031	0.014163	0.014373	0.014309	0.014459	0.014539	0.014643
665.000000	0.013895	0.014079	0.014304	0.014281	0.014421	0.014477	0.014564
666.000000	0.013877	0.014072	0.014270	0.014311	0.014399	0.014483	0.014549
667.000000	0.013984	0.014147	0.014240	0.014295	0.014348	0.014519	0.014559
668.000000	0.014072	0.014157	0.014162	0.014221	0.014249	0.014489	0.014512
669.000000	0.013989	0.013957	0.013991	0.014113	0.014104	0.014309	0.014339
670.000000	0.013823	0.013712	0.013816	0.014022	0.013994	0.014107	0.014164
671.000000	0.013746	0.013686	0.013768	0.014007	0.014017	0.014080	0.014169
672.000000	0.013736	0.013815	0.013824	0.014032	0.014095	0.014179	0.014289
673.000000	0.013660	0.013839	0.013869	0.014004	0.014051	0.014212	0.014319
674.000000	0.013532	0.013713	0.013849	0.013903	0.013906	0.014136	0.014227
675.000000	0.013491	0.013572	0.013760	0.013772	0.013846	0.014036	0.014135
676.000000	0.013546	0.013497	0.013640	0.013661	0.013887	0.013961	0.014095
677.000000	0.013542	0.013499	0.013571	0.013627	0.013842	0.013906	0.014071
678.000000	0.013409	0.013522	0.013556	0.013653	0.013645	0.013855	0.014020
679.000000	0.013233	0.013406	0.013459	0.013604	0.013467	0.013762	0.013889
680.000000	0.013103	0.013118	0.013237	0.013428	0.013429	0.013625	0.013690
681.000000	0.013069	0.012954	0.013114	0.013318	0.013480	0.013546	0.013592
682.000000	0.013142	0.013122	0.013250	0.013409	0.013542	0.013584	0.013699
683.000000	0.013212	0.013322	0.013414	0.013491	0.013540	0.013589	0.013789
684.000000	0.013166	0.013229	0.013349	0.013342	0.013425	0.013411	0.013635
685.000000	0.013022	0.012982	0.013127	0.013079	0.013282	0.013165	0.013359
686.000000	0.012842	0.012848	0.012922	0.012917	0.013222	0.013031	0.013183
687.000000	0.012715	0.012874	0.012820	0.012931	0.013232	0.013042	0.013163
688.000000	0.012726	0.012997	0.012859	0.013121	0.013236	0.013157	0.013274
689.000000	0.012811	0.013107	0.012984	0.013345	0.013208	0.013299	0.013412
690.000000	0.012809	0.013067	0.013082	0.013377	0.013153	0.013373	0.013431
691.000000	0.012731	0.012905	0.013104	0.013198	0.013099	0.013359	0.013342
692.000000	0.012757	0.012798	0.013066	0.012992	0.013091	0.013305	0.013304
693.000000	0.012890	0.012805	0.012992	0.012877	0.013124	0.013240	0.013357
694.000000	0.012881	0.012804	0.012918	0.012869	0.013124	0.013158	0.013369
695.000000	0.012650	0.012736	0.012869	0.012935	0.013057	0.013071	0.013281
696.000000	0.012474	0.012681	0.012862	0.012958	0.012979	0.013038	0.013211
697.000000	0.012535	0.012690	0.012895	0.012869	0.012932	0.013085	0.013231
698.000000	0.012630	0.012683	0.012917	0.012761	0.012891	0.013125	0.013230
699.000000	0.012563	0.012594	0.012881	0.012728	0.012833	0.013084	0.013116
700.000000	0.012455	0.012507	0.012789	0.012764	0.012778	0.013000	0.012997
701.000000	0.012466	0.012516	0.012660	0.012834	0.012755	0.012937	0.012999
702.000000	0.012519	0.012551	0.012542	0.012885	0.012767	0.012914	0.013053
703.000000	0.012470	0.012496	0.012491	0.012865	0.012800	0.012933	0.013029
704.000000	0.012356	0.012386	0.012525	0.012797	0.012829	0.012954	0.012946
705.000000	0.012310	0.012334	0.012637	0.012741	0.012818	0.012922	0.012901
706.000000	0.012359	0.012379	0.012756	0.012708	0.012787	0.012861	0.012918
707.000000	0.012450	0.012503	0.012774	0.012670	0.012796	0.012856	0.012966
708.000000	0.012546	0.012646	0.012700	0.012655	0.012857	0.012910	0.013017
709.000000	0.012626	0.012710	0.012675	0.012754	0.012928	0.012943	0.013048
710.000000	0.012679	0.012688	0.012765	0.012960	0.012986	0.012944	0.013073
711.000000	0.012699	0.012714	0.012913	0.013122	0.013037	0.013016	0.013164
712.000000	0.012706	0.012859	0.013053	0.013143	0.013086	0.013193	0.013325
713.000000	0.012776	0.013017	0.013129	0.013080	0.013130	0.013334	0.013408
714.000000	0.012947	0.013099	0.013121	0.013017	0.013174	0.013350	0.013338
715.000000	0.013117	0.013123	0.013121	0.013071	0.013253	0.013387	0.013341
716.000000	0.013190	0.013135	0.013215	0.013321	0.013394	0.013580	0.013618
717.000000	0.013221	0.013205	0.013358	0.013640	0.013559	0.013812	0.013993
718.000000	0.013295	0.013393	0.013484	0.013860	0.013707	0.013921	0.014217
719.000000	0.013398	0.013647	0.013614	0.013953	0.013886	0.013949	0.014301
720.000000	0.013479	0.013873	0.013795	0.013948	0.014163	0.014010	0.014352
721.000000	0.013528	0.013978	0.013914	0.013871	0.014382	0.014089	0.014353
722.000000	0.013560	0.013887	0.013782	0.013758	0.014278	0.014100	0.014225
723.000000	0.013632	0.013729	0.013556	0.013724	0.014041	0.014127	0.014100
724.000000	0.013832	0.013799	0.013671	0.013947	0.014224	0.014384	0.014277
725.000000	0.014106	0.014089	0.014117	0.014351	0.014832	0.014826	0.014689
726.000000	0.014242	0.014236	0.014346	0.014559	0.015213	0.015100	0.014836
727.000000	0.014190	0.014149	0.014172	0.014466	0.015101	0.015088	0.014582
728.000000	0.014189	0.014217	0.014050	0.014453	0.014935	0.015092	0.014439
729.000000	0.014396	0.014634	0.014289	0.014760	0.015016	0.015298	0.014730
730.000000	0.014694	0.015019	0.014700	0.015193	0.015178	0.015507	0.015194
731.000000	0.014967	0.015041	0.015080	0.015554	0.015243	0.015541	0.015565
732.000000	0.015214	0.014823	0.015422	0.015856	0.015234	0.015456	0.015857
