[HEADER]
Format	J&M ASCII Table
Comment	
Date	2/21/2023 4:09:53 AM
Order	Y (evenX)
TechType	UV
NumPoints	483
FirstX	250.00
LastX	732.00
XType	NMetr
YType	Absrb
ZType	Secs
NumSubFile	7
Matrix	Z vs X
[DATA]
	0.000000	5.000064	10.000192	15.000256	20.000383	25.000448	30.000511
250.000000	0.860470	0.858846	0.856601	0.858153	0.858383	0.857631	0.856068
251.000000	0.833326	0.831419	0.829691	0.831402	0.831445	0.831115	0.829134
252.000000	0.805893	0.804362	0.803767	0.803395	0.804080	0.804675	0.802448
253.000000	0.779493	0.778632	0.778628	0.776361	0.777712	0.778582	0.776851
254.000000	0.755104	0.754823	0.754101	0.752040	0.753396	0.753197	0.752853
255.000000	0.731963	0.731959	0.730345	0.729423	0.730308	0.729098	0.729538
256.000000	0.709221	0.709061	0.707600	0.707209	0.707521	0.706756	0.706082
257.000000	0.687604	0.686988	0.686148	0.685773	0.685770	0.685765	0.683880
258.000000	0.668171	0.667031	0.666213	0.665926	0.666163	0.665509	0.664742
259.000000	0.650191	0.648789	0.647390	0.647317	0.648119	0.646094	0.647575
260.000000	0.632097	0.631039	0.628997	0.629051	0.630258	0.627955	0.629920
261.000000	0.613697	0.613369	0.611100	0.611029	0.612298	0.610888	0.611445
262.000000	0.595856	0.596002	0.594326	0.593764	0.594803	0.594201	0.593449
263.000000	0.578980	0.579196	0.578578	0.577419	0.577953	0.577604	0.576581
264.000000	0.562923	0.563234	0.562924	0.561740	0.561464	0.561277	0.560701
265.000000	0.547460	0.547989	0.546883	0.546427	0.545201	0.545301	0.545463
266.000000	0.532275	0.532649	0.530828	0.531136	0.529328	0.529541	0.530254
267.000000	0.517172	0.516784	0.515130	0.515720	0.513989	0.513987	0.514744
268.000000	0.502284	0.501122	0.499966	0.500544	0.499197	0.499005	0.499388
269.000000	0.487649	0.486284	0.485346	0.485856	0.484823	0.484761	0.484570
270.000000	0.472723	0.471754	0.470743	0.471118	0.470245	0.470400	0.469880
271.000000	0.456995	0.456840	0.455629	0.455747	0.454889	0.455039	0.454795
272.000000	0.441069	0.441524	0.440311	0.440092	0.439257	0.439185	0.439329
273.000000	0.425858	0.426026	0.425337	0.424788	0.424155	0.423779	0.423698
274.000000	0.411083	0.410364	0.410503	0.409678	0.409309	0.408716	0.408078
275.000000	0.395813	0.394454	0.395191	0.394180	0.393865	0.393317	0.392615
276.000000	0.379917	0.378449	0.379273	0.378245	0.377760	0.377464	0.377219
277.000000	0.363958	0.362706	0.363047	0.362287	0.361618	0.361533	0.361609
278.000000	0.348278	0.347302	0.346877	0.346589	0.345836	0.345822	0.345823
279.000000	0.332909	0.331962	0.331191	0.331251	0.330500	0.330506	0.330307
280.000000	0.317802	0.316581	0.316128	0.316234	0.315576	0.315571	0.315259
281.000000	0.302799	0.301423	0.301280	0.301263	0.300839	0.300653	0.300356
282.000000	0.287820	0.286711	0.286392	0.286223	0.286129	0.285589	0.285404
283.000000	0.273049	0.272421	0.271818	0.271518	0.271524	0.270907	0.270758
284.000000	0.258718	0.258498	0.257918	0.257537	0.257168	0.257088	0.256751
285.000000	0.245050	0.244933	0.244588	0.244153	0.243317	0.243850	0.243177
286.000000	0.232215	0.231750	0.231625	0.231142	0.230221	0.230780	0.229776
287.000000	0.220038	0.219122	0.219033	0.218570	0.217896	0.218044	0.216969
288.000000	0.208220	0.207260	0.206910	0.206615	0.206251	0.206028	0.205391
289.000000	0.196782	0.196118	0.195411	0.195284	0.195122	0.194795	0.194718
290.000000	0.185948	0.185492	0.184714	0.184479	0.184318	0.184205	0.184051
291.000000	0.175785	0.175328	0.174751	0.174224	0.173924	0.174167	0.173415
292.000000	0.166211	0.165715	0.165224	0.164655	0.164285	0.164641	0.163704
293.000000	0.157090	0.156612	0.155993	0.155740	0.155413	0.155535	0.155075
294.000000	0.148223	0.147793	0.147153	0.147198	0.146847	0.146685	0.146613
295.000000	0.139578	0.139188	0.138783	0.138854	0.138359	0.138091	0.137860
296.000000	0.131483	0.131083	0.130893	0.130775	0.130293	0.130108	0.129486
297.000000	0.124153	0.123682	0.123455	0.123072	0.122911	0.122929	0.122032
298.000000	0.117305	0.116774	0.116347	0.115894	0.115980	0.116075	0.115177
299.000000	0.110615	0.110107	0.109467	0.109313	0.109223	0.109087	0.108511
300.000000	0.104051	0.103630	0.102904	0.102996	0.102623	0.102240	0.102032
301.000000	0.097672	0.097347	0.096765	0.096555	0.096245	0.095959	0.095840
302.000000	0.091532	0.091215	0.090868	0.090162	0.090144	0.090069	0.089866
303.000000	0.085679	0.085182	0.084930	0.084224	0.084370	0.084145	0.083979
304.000000	0.080119	0.079357	0.079109	0.078788	0.078928	0.078292	0.078289
305.000000	0.074828	0.073948	0.073859	0.073647	0.073790	0.072968	0.073061
306.000000	0.069757	0.068949	0.069127	0.068672	0.068822	0.068180	0.068220
307.000000	0.064834	0.064129	0.064338	0.063817	0.063784	0.063471	0.063344
308.000000	0.060065	0.059407	0.059348	0.059105	0.058739	0.058677	0.058367
309.000000	0.055582	0.054946	0.054704	0.054655	0.054216	0.054120	0.053789
310.000000	0.051451	0.050835	0.050705	0.050523	0.050437	0.050000	0.049870
311.000000	0.047572	0.046945	0.046946	0.046603	0.046836	0.046152	0.046214
312.000000	0.043848	0.043173	0.043090	0.042805	0.042953	0.042419	0.042478
313.000000	0.040272	0.039631	0.039363	0.039188	0.039093	0.038844	0.038845
314.000000	0.036855	0.036431	0.036042	0.035827	0.035641	0.035500	0.035543
315.000000	0.033625	0.033462	0.033009	0.032717	0.032506	0.032377	0.032452
316.000000	0.030602	0.030546	0.030036	0.029821	0.029463	0.029430	0.029363
317.000000	0.027733	0.027610	0.027092	0.027014	0.026517	0.026554	0.026319
318.000000	0.024927	0.024634	0.024247	0.024141	0.023782	0.023628	0.023475
319.000000	0.022136	0.021674	0.021482	0.021220	0.021175	0.020718	0.020772
320.000000	0.019349	0.018838	0.018717	0.018396	0.018471	0.018032	0.017996
321.000000	0.016611	0.016208	0.015984	0.015761	0.015706	0.015585	0.015205
322.000000	0.014027	0.013827	0.013442	0.013339	0.013202	0.013179	0.012763
323.000000	0.011634	0.011605	0.011139	0.011071	0.011018	0.010728	0.010699
324.000000	0.009344	0.009233	0.008930	0.008761	0.008757	0.008347	0.008466
325.000000	0.007092	0.006590	0.006688	0.006315	0.006193	0.006084	0.005788
326.000000	0.004885	0.004070	0.004364	0.003922	0.003624	0.003773	0.003184
327.000000	0.002745	0.001999	0.001965	0.001751	0.001337	0.001322	0.001099
328.000000	0.000708	0.000158	-0.000337	-0.000280	-0.000737	-0.000964	-0.000752
329.000000	-0.001200	-0.001738	-0.002374	-0.002284	-0.002728	-0.002780	-0.002749
330.000000	-0.003041	-0.003613	-0.004224	-0.004217	-0.004620	-0.004354	-0.004806
331.000000	-0.004901	-0.005293	-0.006045	-0.006005	-0.006361	-0.006078	-0.006701
332.000000	-0.006807	-0.006976	-0.007881	-0.007814	-0.008062	-0.008066	-0.008541
333.000000	-0.008751	-0.009027	-0.009717	-0.009918	-0.009906	-0.010269	-0.010589
334.000000	-0.010651	-0.011262	-0.011528	-0.012140	-0.011858	-0.012464	-0.012722
335.000000	-0.012368	-0.013069	-0.013283	-0.013955	-0.013704	-0.014297	-0.014517
336.000000	-0.013890	-0.014356	-0.014943	-0.015265	-0.015329	-0.015724	-0.015900
337.000000	-0.015355	-0.015654	-0.016459	-0.016486	-0.016742	-0.017071	-0.017227
338.000000	-0.016843	-0.017241	-0.017850	-0.017889	-0.018048	-0.018534	-0.018696
339.000000	-0.018319	-0.018886	-0.019255	-0.019429	-0.019510	-0.020041	-0.020192
340.000000	-0.019746	-0.020393	-0.020754	-0.021023	-0.021244	-0.021529	-0.021620
341.000000	-0.021110	-0.021797	-0.022253	-0.022558	-0.022938	-0.023014	-0.023014
342.000000	-0.022415	-0.023151	-0.023641	-0.023942	-0.024311	-0.024497	-0.024412
343.000000	-0.023704	-0.024451	-0.024847	-0.025198	-0.025497	-0.025858	-0.025772
344.000000	-0.025023	-0.025680	-0.025855	-0.026375	-0.026704	-0.026985	-0.027040
345.000000	-0.026340	-0.026869	-0.026916	-0.027521	-0.027975	-0.028029	-0.028230
346.000000	-0.027602	-0.028063	-0.028338	-0.028681	-0.029282	-0.029221	-0.029383
347.000000	-0.028796	-0.029293	-0.029951	-0.029870	-0.030558	-0.030589	-0.030584
348.000000	-0.029935	-0.030581	-0.031333	-0.031087	-0.031722	-0.032043	-0.031933
349.000000	-0.031064	-0.031881	-0.032439	-0.032355	-0.032834	-0.033451	-0.033352
350.000000	-0.032254	-0.033097	-0.033544	-0.033710	-0.034066	-0.034655	-0.034616
351.000000	-0.033499	-0.034196	-0.034725	-0.035080	-0.035381	-0.035648	-0.035673
352.000000	-0.034695	-0.035229	-0.035791	-0.036255	-0.036481	-0.036619	-0.036694
353.000000	-0.035813	-0.036252	-0.036697	-0.037194	-0.037275	-0.037680	-0.037787
354.000000	-0.036968	-0.037323	-0.037689	-0.038175	-0.038095	-0.038788	-0.038911
355.000000	-0.038190	-0.038453	-0.038889	-0.039349	-0.039163	-0.039878	-0.040008
356.000000	-0.039231	-0.039524	-0.039997	-0.040411	-0.040289	-0.040881	-0.040999
357.000000	-0.039895	-0.040432	-0.040751	-0.041111	-0.041265	-0.041750	-0.041843
358.000000	-0.040414	-0.041240	-0.041372	-0.041755	-0.042101	-0.042555	-0.042659
359.000000	-0.041100	-0.042049	-0.042167	-0.042717	-0.042878	-0.043388	-0.043587
360.000000	-0.042067	-0.042956	-0.043194	-0.043876	-0.043744	-0.044308	-0.044621
361.000000	-0.043331	-0.044038	-0.044399	-0.044934	-0.044845	-0.045345	-0.045692
362.000000	-0.044669	-0.045176	-0.045607	-0.045853	-0.046042	-0.046412	-0.046716
363.000000	-0.045740	-0.046147	-0.046586	-0.046745	-0.047035	-0.047355	-0.047601
364.000000	-0.046520	-0.046958	-0.047344	-0.047624	-0.047794	-0.048155	-0.048351
365.000000	-0.047266	-0.047810	-0.048095	-0.048414	-0.048523	-0.048911	-0.049052
366.000000	-0.048135	-0.048768	-0.048967	-0.049162	-0.049363	-0.049722	-0.049821
367.000000	-0.049136	-0.049708	-0.049965	-0.050066	-0.050355	-0.050680	-0.050808
368.000000	-0.050207	-0.050572	-0.051044	-0.051189	-0.051455	-0.051772	-0.052011
369.000000	-0.051165	-0.051453	-0.052076	-0.052309	-0.052460	-0.052800	-0.053144
370.000000	-0.051925	-0.052432	-0.052992	-0.053271	-0.053282	-0.053653	-0.054020
371.000000	-0.052715	-0.053509	-0.053913	-0.054198	-0.054195	-0.054540	-0.054828
372.000000	-0.053740	-0.054646	-0.054941	-0.055225	-0.055416	-0.055636	-0.055764
373.000000	-0.054855	-0.055694	-0.055933	-0.056306	-0.056613	-0.056732	-0.056738
374.000000	-0.055849	-0.056518	-0.056729	-0.057348	-0.057395	-0.057561	-0.057613
375.000000	-0.056741	-0.057278	-0.057499	-0.058253	-0.058014	-0.058222	-0.058450
376.000000	-0.057637	-0.058231	-0.058518	-0.058942	-0.058937	-0.058953	-0.059379
377.000000	-0.058577	-0.059321	-0.059676	-0.059570	-0.060086	-0.059884	-0.060398
378.000000	-0.059556	-0.060307	-0.060636	-0.060416	-0.061058	-0.061061	-0.061419
379.000000	-0.060492	-0.061105	-0.061353	-0.061417	-0.061777	-0.062277	-0.062314
380.000000	-0.061241	-0.061772	-0.062045	-0.062210	-0.062467	-0.063103	-0.062928
381.000000	-0.061884	-0.062442	-0.062842	-0.062776	-0.063264	-0.063534	-0.063371
382.000000	-0.062805	-0.063335	-0.063740	-0.063568	-0.064171	-0.064131	-0.064112
383.000000	-0.064084	-0.064472	-0.064660	-0.064726	-0.065115	-0.065134	-0.065287
384.000000	-0.065164	-0.065473	-0.065385	-0.065711	-0.065884	-0.066085	-0.066335
385.000000	-0.065664	-0.066074	-0.065818	-0.066165	-0.066379	-0.066642	-0.066869
386.000000	-0.065944	-0.066497	-0.066245	-0.066496	-0.066862	-0.067053	-0.067238
387.000000	-0.066404	-0.066988	-0.066938	-0.067123	-0.067572	-0.067609	-0.067820
388.000000	-0.067046	-0.067514	-0.067767	-0.067902	-0.068343	-0.068325	-0.068527
389.000000	-0.067758	-0.067987	-0.068519	-0.068568	-0.068936	-0.069123	-0.069164
390.000000	-0.068441	-0.068464	-0.069172	-0.069096	-0.069403	-0.069818	-0.069701
391.000000	-0.069003	-0.069052	-0.069779	-0.069563	-0.069899	-0.070203	-0.070179
392.000000	-0.069435	-0.069692	-0.070308	-0.070031	-0.070387	-0.070368	-0.070616
393.000000	-0.069780	-0.070232	-0.070683	-0.070551	-0.070715	-0.070578	-0.071014
394.000000	-0.070122	-0.070638	-0.070917	-0.071091	-0.070946	-0.070937	-0.071390
395.000000	-0.070580	-0.070992	-0.071108	-0.071549	-0.071334	-0.071396	-0.071775
396.000000	-0.071117	-0.071312	-0.071331	-0.071879	-0.071879	-0.071846	-0.072129
397.000000	-0.071489	-0.071522	-0.071622	-0.072117	-0.072230	-0.072101	-0.072324
398.000000	-0.071581	-0.071632	-0.071985	-0.072309	-0.072262	-0.072154	-0.072361
399.000000	-0.071574	-0.071832	-0.072352	-0.072511	-0.072339	-0.072355	-0.072519
400.000000	-0.071655	-0.072235	-0.072680	-0.072765	-0.072729	-0.072917	-0.072983
401.000000	-0.071939	-0.072673	-0.073012	-0.073069	-0.073232	-0.073513	-0.073566
402.000000	-0.072469	-0.072984	-0.073388	-0.073412	-0.073619	-0.073822	-0.074051
403.000000	-0.073037	-0.073278	-0.073773	-0.073774	-0.073904	-0.073975	-0.074398
404.000000	-0.073402	-0.073700	-0.074116	-0.074135	-0.074164	-0.074204	-0.074624
405.000000	-0.073613	-0.074121	-0.074373	-0.074484	-0.074441	-0.074531	-0.074800
406.000000	-0.073837	-0.074323	-0.074524	-0.074810	-0.074758	-0.074887	-0.075015
407.000000	-0.074135	-0.074437	-0.074732	-0.075110	-0.075115	-0.075238	-0.075320
408.000000	-0.074504	-0.074802	-0.075252	-0.075381	-0.075498	-0.075571	-0.075736
409.000000	-0.074919	-0.075400	-0.075927	-0.075631	-0.075858	-0.075889	-0.076179
410.000000	-0.075330	-0.075884	-0.076225	-0.075877	-0.076118	-0.076209	-0.076472
411.000000	-0.075701	-0.076146	-0.076083	-0.076131	-0.076297	-0.076545	-0.076589
412.000000	-0.076009	-0.076404	-0.076083	-0.076394	-0.076552	-0.076904	-0.076707
413.000000	-0.076267	-0.076773	-0.076529	-0.076687	-0.076947	-0.077278	-0.076958
414.000000	-0.076556	-0.077107	-0.077083	-0.077080	-0.077349	-0.077622	-0.077360
415.000000	-0.076916	-0.077310	-0.077457	-0.077583	-0.077658	-0.077910	-0.077879
416.000000	-0.077237	-0.077503	-0.077723	-0.078029	-0.077942	-0.078165	-0.078379
417.000000	-0.077429	-0.077804	-0.077994	-0.078266	-0.078275	-0.078419	-0.078737
418.000000	-0.077620	-0.078123	-0.078254	-0.078366	-0.078615	-0.078669	-0.078972
419.000000	-0.077964	-0.078339	-0.078472	-0.078464	-0.078899	-0.078914	-0.079148
420.000000	-0.078378	-0.078530	-0.078734	-0.078690	-0.079133	-0.079183	-0.079352
421.000000	-0.078691	-0.078843	-0.079153	-0.079143	-0.079353	-0.079513	-0.079667
422.000000	-0.078889	-0.079207	-0.079587	-0.079639	-0.079571	-0.079829	-0.080004
423.000000	-0.079055	-0.079428	-0.079746	-0.079831	-0.079783	-0.079993	-0.080182
424.000000	-0.079228	-0.079514	-0.079694	-0.079748	-0.079976	-0.080057	-0.080227
425.000000	-0.079406	-0.079655	-0.079809	-0.079760	-0.080126	-0.080243	-0.080359
426.000000	-0.079595	-0.079926	-0.080175	-0.080003	-0.080256	-0.080571	-0.080649
427.000000	-0.079822	-0.080235	-0.080478	-0.080292	-0.080452	-0.080789	-0.080964
428.000000	-0.080077	-0.080508	-0.080572	-0.080512	-0.080739	-0.080806	-0.081201
429.000000	-0.080284	-0.080728	-0.080700	-0.080734	-0.081017	-0.080885	-0.081348
430.000000	-0.080413	-0.080902	-0.081029	-0.081010	-0.081217	-0.081207	-0.081435
431.000000	-0.080595	-0.081077	-0.081373	-0.081284	-0.081405	-0.081609	-0.081584
432.000000	-0.080933	-0.081294	-0.081544	-0.081504	-0.081647	-0.081911	-0.081885
433.000000	-0.081285	-0.081545	-0.081629	-0.081719	-0.081895	-0.082128	-0.082205
434.000000	-0.081475	-0.081800	-0.081770	-0.081988	-0.082089	-0.082323	-0.082384
435.000000	-0.081581	-0.082016	-0.081957	-0.082252	-0.082275	-0.082494	-0.082493
436.000000	-0.081766	-0.082153	-0.082123	-0.082416	-0.082527	-0.082621	-0.082682
437.000000	-0.082013	-0.082247	-0.082262	-0.082501	-0.082771	-0.082726	-0.082926
438.000000	-0.082200	-0.082382	-0.082406	-0.082599	-0.082849	-0.082859	-0.083101
439.000000	-0.082320	-0.082588	-0.082573	-0.082742	-0.082824	-0.083059	-0.083223
440.000000	-0.082474	-0.082844	-0.082767	-0.082908	-0.082948	-0.083359	-0.083430
441.000000	-0.082689	-0.083108	-0.082996	-0.083104	-0.083281	-0.083702	-0.083744
442.000000	-0.082893	-0.083313	-0.083270	-0.083374	-0.083619	-0.083931	-0.084029
443.000000	-0.083049	-0.083436	-0.083567	-0.083702	-0.083837	-0.083985	-0.084197
444.000000	-0.083196	-0.083529	-0.083807	-0.083950	-0.083996	-0.084009	-0.084275
445.000000	-0.083373	-0.083648	-0.083950	-0.084048	-0.084151	-0.084129	-0.084310
446.000000	-0.083586	-0.083825	-0.084089	-0.084160	-0.084281	-0.084349	-0.084376
447.000000	-0.083829	-0.084073	-0.084304	-0.084424	-0.084375	-0.084639	-0.084532
448.000000	-0.084061	-0.084338	-0.084535	-0.084700	-0.084511	-0.084909	-0.084761
449.000000	-0.084234	-0.084551	-0.084690	-0.084810	-0.084756	-0.085068	-0.085020
450.000000	-0.084309	-0.084656	-0.084738	-0.084804	-0.084981	-0.085125	-0.085216
451.000000	-0.084265	-0.084621	-0.084682	-0.084814	-0.084999	-0.085130	-0.085254
452.000000	-0.084226	-0.084568	-0.084635	-0.084858	-0.084938	-0.085159	-0.085206
453.000000	-0.084388	-0.084695	-0.084765	-0.084887	-0.085094	-0.085292	-0.085236
454.000000	-0.084678	-0.084947	-0.085022	-0.084911	-0.085411	-0.085480	-0.085354
455.000000	-0.084794	-0.085049	-0.085166	-0.084990	-0.085540	-0.085568	-0.085436
456.000000	-0.084703	-0.084953	-0.085143	-0.085138	-0.085421	-0.085541	-0.085470
457.000000	-0.084720	-0.084898	-0.085137	-0.085313	-0.085368	-0.085563	-0.085592
458.000000	-0.084980	-0.085016	-0.085254	-0.085478	-0.085534	-0.085709	-0.085843
459.000000	-0.085251	-0.085202	-0.085433	-0.085606	-0.085727	-0.085862	-0.086077
460.000000	-0.085338	-0.085344	-0.085589	-0.085673	-0.085791	-0.085924	-0.086171
461.000000	-0.085256	-0.085371	-0.085624	-0.085647	-0.085761	-0.085899	-0.086107
462.000000	-0.085075	-0.085261	-0.085486	-0.085531	-0.085704	-0.085822	-0.085916
463.000000	-0.084945	-0.085170	-0.085340	-0.085464	-0.085675	-0.085786	-0.085772
464.000000	-0.085005	-0.085259	-0.085370	-0.085583	-0.085716	-0.085876	-0.085847
465.000000	-0.085187	-0.085461	-0.085547	-0.085776	-0.085809	-0.086030	-0.086069
466.000000	-0.085354	-0.085629	-0.085762	-0.085860	-0.085915	-0.086137	-0.086286
467.000000	-0.085463	-0.085736	-0.085935	-0.085880	-0.086035	-0.086203	-0.086419
468.000000	-0.085526	-0.085819	-0.086009	-0.085998	-0.086188	-0.086291	-0.086442
469.000000	-0.085589	-0.085904	-0.086023	-0.086205	-0.086332	-0.086407	-0.086422
470.000000	-0.085726	-0.085999	-0.086091	-0.086351	-0.086377	-0.086503	-0.086494
471.000000	-0.085901	-0.086089	-0.086221	-0.086377	-0.086330	-0.086546	-0.086654
472.000000	-0.085951	-0.086123	-0.086292	-0.086341	-0.086312	-0.086527	-0.086728
473.000000	-0.085844	-0.086099	-0.086259	-0.086306	-0.086375	-0.086480	-0.086661
474.000000	-0.085794	-0.086091	-0.086226	-0.086328	-0.086441	-0.086519	-0.086621
475.000000	-0.085927	-0.086153	-0.086268	-0.086425	-0.086456	-0.086688	-0.086715
476.000000	-0.086079	-0.086262	-0.086352	-0.086511	-0.086465	-0.086830	-0.086830
477.000000	-0.086105	-0.086380	-0.086438	-0.086525	-0.086520	-0.086826	-0.086866
478.000000	-0.086104	-0.086463	-0.086524	-0.086548	-0.086630	-0.086818	-0.086887
479.000000	-0.086198	-0.086475	-0.086616	-0.086668	-0.086782	-0.086962	-0.086975
480.000000	-0.086305	-0.086465	-0.086695	-0.086801	-0.086896	-0.087142	-0.087084
481.000000	-0.086284	-0.086498	-0.086730	-0.086812	-0.086881	-0.087168	-0.087123
482.000000	-0.086158	-0.086513	-0.086673	-0.086699	-0.086758	-0.087041	-0.087054
483.000000	-0.086031	-0.086389	-0.086477	-0.086526	-0.086607	-0.086868	-0.086870
484.000000	-0.085926	-0.086154	-0.086225	-0.086360	-0.086476	-0.086696	-0.086641
485.000000	-0.085807	-0.085946	-0.086101	-0.086265	-0.086381	-0.086529	-0.086491
486.000000	-0.085687	-0.085840	-0.086134	-0.086243	-0.086334	-0.086407	-0.086465
487.000000	-0.085643	-0.085836	-0.086176	-0.086220	-0.086339	-0.086412	-0.086513
488.000000	-0.085705	-0.085922	-0.086172	-0.086188	-0.086394	-0.086557	-0.086594
489.000000	-0.085825	-0.086075	-0.086225	-0.086249	-0.086488	-0.086741	-0.086687
490.000000	-0.085956	-0.086255	-0.086377	-0.086433	-0.086596	-0.086870	-0.086774
491.000000	-0.086061	-0.086384	-0.086483	-0.086585	-0.086664	-0.086882	-0.086825
492.000000	-0.086109	-0.086405	-0.086432	-0.086574	-0.086654	-0.086764	-0.086819
493.000000	-0.086065	-0.086359	-0.086339	-0.086465	-0.086598	-0.086638	-0.086776
494.000000	-0.085917	-0.086296	-0.086329	-0.086353	-0.086536	-0.086625	-0.086716
495.000000	-0.085749	-0.086213	-0.086335	-0.086264	-0.086463	-0.086644	-0.086639
496.000000	-0.085669	-0.086095	-0.086244	-0.086204	-0.086367	-0.086567	-0.086539
497.000000	-0.085666	-0.085963	-0.086097	-0.086191	-0.086280	-0.086425	-0.086431
498.000000	-0.085669	-0.085855	-0.086006	-0.086245	-0.086253	-0.086318	-0.086344
499.000000	-0.085643	-0.085779	-0.085972	-0.086299	-0.086259	-0.086281	-0.086285
500.000000	-0.085580	-0.085716	-0.085917	-0.086228	-0.086216	-0.086297	-0.086253
501.000000	-0.085474	-0.085651	-0.085818	-0.086023	-0.086099	-0.086315	-0.086222
502.000000	-0.085330	-0.085571	-0.085710	-0.085802	-0.085944	-0.086254	-0.086146
503.000000	-0.085187	-0.085485	-0.085627	-0.085651	-0.085809	-0.086103	-0.086030
504.000000	-0.085140	-0.085430	-0.085594	-0.085592	-0.085778	-0.085959	-0.085959
505.000000	-0.085212	-0.085417	-0.085598	-0.085601	-0.085855	-0.085882	-0.085959
506.000000	-0.085254	-0.085389	-0.085539	-0.085558	-0.085869	-0.085836	-0.085919
507.000000	-0.085151	-0.085300	-0.085361	-0.085388	-0.085700	-0.085776	-0.085756
508.000000	-0.084963	-0.085161	-0.085191	-0.085209	-0.085482	-0.085664	-0.085564
509.000000	-0.084777	-0.085002	-0.085149	-0.085146	-0.085360	-0.085488	-0.085449
510.000000	-0.084633	-0.084863	-0.085135	-0.085152	-0.085298	-0.085334	-0.085414
511.000000	-0.084549	-0.084778	-0.085003	-0.085131	-0.085206	-0.085299	-0.085425
512.000000	-0.084472	-0.084689	-0.084782	-0.085034	-0.085049	-0.085284	-0.085390
513.000000	-0.084325	-0.084510	-0.084577	-0.084838	-0.084822	-0.085124	-0.085208
514.000000	-0.084142	-0.084278	-0.084426	-0.084611	-0.084598	-0.084880	-0.084945
515.000000	-0.084024	-0.084109	-0.084322	-0.084474	-0.084495	-0.084755	-0.084772
516.000000	-0.083971	-0.084027	-0.084243	-0.084411	-0.084490	-0.084742	-0.084708
517.000000	-0.083884	-0.083961	-0.084149	-0.084272	-0.084423	-0.084628	-0.084622
518.000000	-0.083726	-0.083866	-0.084040	-0.084039	-0.084245	-0.084375	-0.084465
519.000000	-0.083546	-0.083733	-0.083967	-0.083883	-0.084061	-0.084194	-0.084305
520.000000	-0.083408	-0.083592	-0.083950	-0.083888	-0.083953	-0.084195	-0.084205
521.000000	-0.083386	-0.083545	-0.083936	-0.083942	-0.083925	-0.084250	-0.084209
522.000000	-0.083486	-0.083631	-0.083878	-0.083937	-0.083950	-0.084231	-0.084298
523.000000	-0.083498	-0.083681	-0.083771	-0.083856	-0.083940	-0.084102	-0.084286
524.000000	-0.083258	-0.083548	-0.083627	-0.083712	-0.083827	-0.083874	-0.084035
525.000000	-0.082971	-0.083356	-0.083500	-0.083572	-0.083696	-0.083683	-0.083762
526.000000	-0.082900	-0.083277	-0.083443	-0.083507	-0.083651	-0.083666	-0.083728
527.000000	-0.082973	-0.083279	-0.083424	-0.083490	-0.083653	-0.083733	-0.083799
528.000000	-0.082994	-0.083255	-0.083380	-0.083455	-0.083605	-0.083713	-0.083710
529.000000	-0.082910	-0.083181	-0.083301	-0.083395	-0.083499	-0.083597	-0.083515
530.000000	-0.082756	-0.083085	-0.083205	-0.083328	-0.083378	-0.083472	-0.083447
531.000000	-0.082618	-0.083002	-0.083116	-0.083253	-0.083285	-0.083397	-0.083517
532.000000	-0.082623	-0.082968	-0.083060	-0.083145	-0.083258	-0.083402	-0.083534
533.000000	-0.082707	-0.082949	-0.083024	-0.083017	-0.083250	-0.083429	-0.083436
534.000000	-0.082568	-0.082819	-0.082943	-0.082933	-0.083099	-0.083310	-0.083329
535.000000	-0.082248	-0.082592	-0.082805	-0.082888	-0.082825	-0.083042	-0.083264
536.000000	-0.082428	-0.082548	-0.082695	-0.082750	-0.082775	-0.082935	-0.083170
537.000000	-0.083074	-0.082704	-0.082640	-0.082520	-0.083004	-0.083059	-0.083014
538.000000	-0.082066	-0.082311	-0.082481	-0.082591	-0.082686	-0.082771	-0.082905
539.000000	-0.078882	-0.081164	-0.082166	-0.083052	-0.081544	-0.081857	-0.082898
540.000000	-0.080728	-0.081734	-0.082165	-0.082515	-0.082054	-0.082280	-0.082737
541.000000	-0.092084	-0.085560	-0.082786	-0.080141	-0.085794	-0.085289	-0.082257
542.000000	-0.089387	-0.084571	-0.082556	-0.080622	-0.084777	-0.084563	-0.082330
543.000000	-0.044166	-0.068158	-0.078528	-0.088172	-0.068474	-0.072762	-0.083342
544.000000	0.019852	-0.035588	-0.060192	-0.083161	-0.036052	-0.059482	-0.077505
545.000000	0.052750	0.007378	-0.015316	-0.036575	0.006918	-0.062192	-0.054088
546.000000	0.041422	0.038049	0.030734	0.023763	0.037711	-0.076635	-0.026128
547.000000	0.002131	0.021864	0.024805	0.027421	0.021565	-0.081959	-0.024428
548.000000	-0.044919	-0.034721	-0.032562	-0.030578	-0.035104	-0.074425	-0.051132
549.000000	-0.076206	-0.079070	-0.079924	-0.080649	-0.079506	-0.069953	-0.075758
550.000000	-0.082859	-0.086194	-0.087120	-0.087857	-0.086584	-0.075516	-0.082312
551.000000	-0.079984	-0.079786	-0.079807	-0.079728	-0.080116	-0.081921	-0.081031
552.000000	-0.079428	-0.078799	-0.078668	-0.078544	-0.079118	-0.082656	-0.080702
553.000000	-0.080239	-0.080605	-0.080723	-0.080871	-0.080950	-0.080975	-0.081068
554.000000	-0.080312	-0.080881	-0.081135	-0.081316	-0.081261	-0.080427	-0.080971
555.000000	-0.079948	-0.080196	-0.080462	-0.080543	-0.080597	-0.080689	-0.080650
556.000000	-0.079826	-0.079923	-0.080162	-0.080217	-0.080310	-0.080767	-0.080548
557.000000	-0.079862	-0.080015	-0.080213	-0.080294	-0.080360	-0.080600	-0.080584
558.000000	-0.079759	-0.080008	-0.080158	-0.080230	-0.080300	-0.080413	-0.080529
559.000000	-0.079529	-0.079817	-0.079932	-0.079993	-0.080090	-0.080240	-0.080354
560.000000	-0.079332	-0.079548	-0.079672	-0.079791	-0.079889	-0.080042	-0.080130
561.000000	-0.079311	-0.079415	-0.079573	-0.079775	-0.079847	-0.079949	-0.080038
562.000000	-0.079575	-0.079673	-0.079848	-0.080029	-0.080083	-0.080184	-0.080302
563.000000	-0.079676	-0.079876	-0.080042	-0.080113	-0.080169	-0.080323	-0.080468
564.000000	-0.078649	-0.078916	-0.079071	-0.079104	-0.079164	-0.079338	-0.079438
565.000000	-0.077531	-0.077776	-0.077924	-0.078040	-0.078100	-0.078226	-0.078225
566.000000	-0.080216	-0.080435	-0.080562	-0.080754	-0.080825	-0.080890	-0.080857
567.000000	-0.087008	-0.087249	-0.087342	-0.087526	-0.087618	-0.087658	-0.087711
568.000000	-0.090365	-0.090626	-0.090733	-0.090857	-0.090948	-0.091030	-0.091152
569.000000	-0.085476	-0.085718	-0.085912	-0.085969	-0.086022	-0.086210	-0.086296
570.000000	-0.078755	-0.078972	-0.079225	-0.079235	-0.079279	-0.079531	-0.079584
571.000000	-0.076879	-0.077097	-0.077294	-0.077296	-0.077408	-0.077597	-0.077727
572.000000	-0.078061	-0.078295	-0.078402	-0.078423	-0.078616	-0.078680	-0.078908
573.000000	-0.078603	-0.078848	-0.078936	-0.078986	-0.079188	-0.079169	-0.079393
574.000000	-0.078185	-0.078449	-0.078554	-0.078637	-0.078781	-0.078762	-0.078917
575.000000	-0.077836	-0.078142	-0.078215	-0.078335	-0.078403	-0.078472	-0.078589
576.000000	-0.077759	-0.078093	-0.078113	-0.078250	-0.078272	-0.078445	-0.078558
577.000000	-0.077662	-0.077937	-0.077981	-0.078076	-0.078130	-0.078313	-0.078410
578.000000	-0.077513	-0.077681	-0.077811	-0.077843	-0.077972	-0.078085	-0.078146
579.000000	-0.077503	-0.077641	-0.077817	-0.077863	-0.078008	-0.078091	-0.078124
580.000000	-0.077439	-0.077637	-0.077788	-0.077921	-0.078016	-0.078134	-0.078172
581.000000	-0.076659	-0.076869	-0.076991	-0.077155	-0.077237	-0.077368	-0.077454
582.000000	-0.075694	-0.075824	-0.075946	-0.076042	-0.076188	-0.076271	-0.076435
583.000000	-0.077256	-0.077354	-0.077461	-0.077513	-0.077713	-0.077753	-0.077960
584.000000	-0.080719	-0.080912	-0.080964	-0.081075	-0.081258	-0.081312	-0.081487
585.000000	-0.076180	-0.076462	-0.076453	-0.076647	-0.076779	-0.076885	-0.076990
586.000000	-0.061576	-0.061818	-0.061795	-0.062021	-0.062112	-0.062279	-0.062320
587.000000	-0.070999	-0.071102	-0.071208	-0.071450	-0.071516	-0.071716	-0.071726
588.000000	-0.132749	-0.132721	-0.133107	-0.133389	-0.133442	-0.133622	-0.133648
589.000000	-0.190357	-0.190543	-0.190815	-0.191038	-0.191110	-0.191237	-0.191321
590.000000	-0.168509	-0.169497	-0.168776	-0.168720	-0.168857	-0.168940	-0.169102
591.000000	-0.097461	-0.098443	-0.097758	-0.097596	-0.097742	-0.097848	-0.098022
592.000000	-0.058533	-0.056860	-0.059829	-0.060294	-0.060260	-0.060503	-0.060533
593.000000	-0.065261	-0.062494	-0.066913	-0.067720	-0.067654	-0.067943	-0.067885
594.000000	-0.080126	-0.085889	-0.078381	-0.077213	-0.077895	-0.077775	-0.078100
595.000000	-0.081573	-0.094110	-0.077162	-0.074408	-0.075635	-0.075158	-0.075842
596.000000	-0.066753	-0.052551	-0.072850	-0.076500	-0.075427	-0.076051	-0.075637
597.000000	-0.041432	0.025661	-0.069223	-0.080785	-0.076901	-0.078977	-0.077112
598.000000	-0.023151	0.054249	-0.059136	-0.051776	-0.054626	-0.053488	-0.054874
599.000000	-0.023165	-0.005878	-0.042400	0.014700	-0.005824	0.003944	-0.006156
600.000000	-0.036598	-0.075551	-0.036288	0.047309	0.017408	0.031790	0.016995
601.000000	-0.055753	-0.088556	-0.051691	-0.001552	-0.019487	-0.010922	-0.019934
602.000000	-0.070808	-0.072634	-0.071069	-0.069084	-0.069882	-0.069693	-0.070313
603.000000	-0.074129	-0.066585	-0.075961	-0.087455	-0.083560	-0.085712	-0.083938
604.000000	-0.070863	-0.069932	-0.071623	-0.073754	-0.073302	-0.073823	-0.073638
605.000000	-0.069051	-0.071589	-0.069172	-0.066261	-0.067605	-0.067250	-0.067952
606.000000	-0.069413	-0.070361	-0.069711	-0.068918	-0.069439	-0.069443	-0.069804
607.000000	-0.069556	-0.069287	-0.070069	-0.070996	-0.070868	-0.071134	-0.071176
608.000000	-0.069011	-0.069090	-0.069551	-0.070072	-0.070092	-0.070248	-0.070303
609.000000	-0.068533	-0.069013	-0.069038	-0.069033	-0.069241	-0.069310	-0.069421
610.000000	-0.068338	-0.068748	-0.068825	-0.068889	-0.069053	-0.069179	-0.069286
611.000000	-0.068133	-0.068431	-0.068643	-0.068849	-0.068932	-0.069124	-0.069242
612.000000	-0.067816	-0.068159	-0.068378	-0.068544	-0.068619	-0.068817	-0.068983
613.000000	-0.067559	-0.067963	-0.068145	-0.068243	-0.068348	-0.068538	-0.068729
614.000000	-0.067452	-0.067843	-0.068008	-0.068115	-0.068240	-0.068440	-0.068612
615.000000	-0.067405	-0.067744	-0.067912	-0.068071	-0.068141	-0.068366	-0.068535
616.000000	-0.067345	-0.067633	-0.067815	-0.068025	-0.067956	-0.068211	-0.068423
617.000000	-0.067304	-0.067558	-0.067755	-0.067980	-0.067839	-0.068106	-0.068317
618.000000	-0.067315	-0.067560	-0.067760	-0.067950	-0.067921	-0.068165	-0.068264
619.000000	-0.067348	-0.067615	-0.067781	-0.067927	-0.068067	-0.068250	-0.068230
620.000000	-0.067362	-0.067678	-0.067760	-0.067899	-0.068105	-0.068201	-0.068173
621.000000	-0.067320	-0.067687	-0.067703	-0.067849	-0.068024	-0.068076	-0.068115
622.000000	-0.067198	-0.067586	-0.067641	-0.067769	-0.067882	-0.068002	-0.068096
623.000000	-0.067075	-0.067443	-0.067615	-0.067696	-0.067769	-0.067996	-0.068104
624.000000	-0.067070	-0.067387	-0.067661	-0.067687	-0.067781	-0.068016	-0.068099
625.000000	-0.067153	-0.067422	-0.067738	-0.067731	-0.067868	-0.068021	-0.068070
626.000000	-0.067175	-0.067455	-0.067740	-0.067763	-0.067865	-0.067972	-0.068026
627.000000	-0.067108	-0.067445	-0.067647	-0.067741	-0.067744	-0.067874	-0.067970
628.000000	-0.067056	-0.067406	-0.067534	-0.067649	-0.067627	-0.067778	-0.067899
629.000000	-0.067053	-0.067349	-0.067438	-0.067508	-0.067572	-0.067711	-0.067817
630.000000	-0.067010	-0.067281	-0.067331	-0.067399	-0.067520	-0.067657	-0.067744
631.000000	-0.066883	-0.067193	-0.067195	-0.067351	-0.067424	-0.067588	-0.067684
632.000000	-0.066741	-0.067053	-0.067039	-0.067283	-0.067279	-0.067459	-0.067598
633.000000	-0.066646	-0.066853	-0.066886	-0.067134	-0.067104	-0.067256	-0.067464
634.000000	-0.066585	-0.066680	-0.066795	-0.066982	-0.066966	-0.067087	-0.067330
635.000000	-0.066529	-0.066617	-0.066806	-0.066908	-0.066921	-0.067049	-0.067243
636.000000	-0.066469	-0.066622	-0.066828	-0.066875	-0.066939	-0.067067	-0.067195
637.000000	-0.066401	-0.066619	-0.066751	-0.066823	-0.066959	-0.067028	-0.067158
638.000000	-0.066329	-0.066560	-0.066619	-0.066739	-0.066924	-0.066929	-0.067085
639.000000	-0.066261	-0.066415	-0.066537	-0.066635	-0.066788	-0.066814	-0.066931
640.000000	-0.066196	-0.066247	-0.066507	-0.066539	-0.066612	-0.066707	-0.066738
641.000000	-0.066129	-0.066177	-0.066464	-0.066485	-0.066523	-0.066617	-0.066601
642.000000	-0.066051	-0.066189	-0.066367	-0.066447	-0.066513	-0.066540	-0.066537
643.000000	-0.065947	-0.066151	-0.066196	-0.066348	-0.066458	-0.066461	-0.066487
644.000000	-0.065825	-0.066022	-0.065995	-0.066187	-0.066316	-0.066378	-0.066414
645.000000	-0.065715	-0.065882	-0.065886	-0.066066	-0.066160	-0.066308	-0.066310
646.000000	-0.065641	-0.065801	-0.065919	-0.066041	-0.066055	-0.066263	-0.066198
647.000000	-0.065617	-0.065815	-0.065988	-0.066063	-0.066031	-0.066250	-0.066156
648.000000	-0.065651	-0.065920	-0.066021	-0.066093	-0.066100	-0.066270	-0.066229
649.000000	-0.065755	-0.066023	-0.066071	-0.066134	-0.066229	-0.066324	-0.066371
650.000000	-0.065914	-0.066049	-0.066181	-0.066193	-0.066376	-0.066397	-0.066520
651.000000	-0.066018	-0.066037	-0.066281	-0.066250	-0.066483	-0.066443	-0.066599
652.000000	-0.065952	-0.066029	-0.066271	-0.066267	-0.066485	-0.066407	-0.066537
653.000000	-0.065702	-0.065909	-0.066078	-0.066138	-0.066304	-0.066251	-0.066315
654.000000	-0.065303	-0.065533	-0.065654	-0.065760	-0.065877	-0.065947	-0.065942
655.000000	-0.064842	-0.065015	-0.065136	-0.065253	-0.065336	-0.065549	-0.065498
656.000000	-0.064435	-0.064596	-0.064745	-0.064850	-0.064906	-0.065152	-0.065100
657.000000	-0.064116	-0.064328	-0.064520	-0.064601	-0.064631	-0.064816	-0.064798
658.000000	-0.063862	-0.064127	-0.064360	-0.064426	-0.064425	-0.064575	-0.064588
659.000000	-0.063682	-0.063962	-0.064221	-0.064283	-0.064265	-0.064435	-0.064463
660.000000	-0.063628	-0.063863	-0.064114	-0.064173	-0.064195	-0.064375	-0.064406
661.000000	-0.063668	-0.063812	-0.064017	-0.064081	-0.064186	-0.064340	-0.064373
662.000000	-0.063648	-0.063721	-0.063852	-0.063968	-0.064094	-0.064223	-0.064281
663.000000	-0.063463	-0.063532	-0.063586	-0.063792	-0.063842	-0.063973	-0.064080
664.000000	-0.063135	-0.063263	-0.063301	-0.063522	-0.063522	-0.063661	-0.063801
665.000000	-0.062722	-0.062949	-0.063065	-0.063164	-0.063222	-0.063361	-0.063487
666.000000	-0.062342	-0.062646	-0.062858	-0.062842	-0.062950	-0.063109	-0.063184
667.000000	-0.062084	-0.062392	-0.062639	-0.062653	-0.062692	-0.062914	-0.062925
668.000000	-0.061871	-0.062123	-0.062364	-0.062464	-0.062402	-0.062688	-0.062668
669.000000	-0.061598	-0.061772	-0.062008	-0.062121	-0.062046	-0.062345	-0.062370
670.000000	-0.061343	-0.061449	-0.061689	-0.061769	-0.061739	-0.062000	-0.062097
671.000000	-0.061237	-0.061320	-0.061566	-0.061652	-0.061640	-0.061836	-0.061954
672.000000	-0.061227	-0.061326	-0.061548	-0.061679	-0.061676	-0.061817	-0.061898
673.000000	-0.061153	-0.061284	-0.061406	-0.061571	-0.061643	-0.061781	-0.061807
674.000000	-0.060990	-0.061156	-0.061159	-0.061318	-0.061484	-0.061672	-0.061651
675.000000	-0.060830	-0.061036	-0.061040	-0.061141	-0.061272	-0.061526	-0.061482
676.000000	-0.060720	-0.060961	-0.061097	-0.061120	-0.061095	-0.061390	-0.061348
677.000000	-0.060654	-0.060895	-0.061145	-0.061151	-0.061057	-0.061323	-0.061285
678.000000	-0.060626	-0.060839	-0.061090	-0.061167	-0.061167	-0.061339	-0.061304
679.000000	-0.060632	-0.060871	-0.061019	-0.061183	-0.061263	-0.061373	-0.061360
680.000000	-0.060670	-0.061009	-0.061005	-0.061209	-0.061241	-0.061377	-0.061417
681.000000	-0.060734	-0.061114	-0.061038	-0.061227	-0.061188	-0.061360	-0.061456
682.000000	-0.060817	-0.061084	-0.061101	-0.061228	-0.061194	-0.061344	-0.061479
683.000000	-0.060911	-0.061035	-0.061181	-0.061259	-0.061273	-0.061374	-0.061526
684.000000	-0.061002	-0.061096	-0.061262	-0.061359	-0.061408	-0.061473	-0.061627
685.000000	-0.061053	-0.061195	-0.061306	-0.061452	-0.061498	-0.061554	-0.061682
686.000000	-0.061029	-0.061212	-0.061274	-0.061439	-0.061440	-0.061510	-0.061573
687.000000	-0.060968	-0.061143	-0.061205	-0.061363	-0.061314	-0.061395	-0.061411
688.000000	-0.060942	-0.061046	-0.061175	-0.061332	-0.061274	-0.061336	-0.061398
689.000000	-0.060975	-0.061020	-0.061219	-0.061388	-0.061332	-0.061385	-0.061531
690.000000	-0.061059	-0.061180	-0.061337	-0.061525	-0.061396	-0.061534	-0.061665
691.000000	-0.061130	-0.061425	-0.061461	-0.061642	-0.061424	-0.061694	-0.061719
692.000000	-0.061078	-0.061446	-0.061458	-0.061556	-0.061413	-0.061696	-0.061675
693.000000	-0.060913	-0.061198	-0.061312	-0.061283	-0.061374	-0.061531	-0.061567
694.000000	-0.060819	-0.061008	-0.061170	-0.061122	-0.061331	-0.061408	-0.061497
695.000000	-0.060869	-0.061037	-0.061126	-0.061212	-0.061300	-0.061428	-0.061504
696.000000	-0.060910	-0.061079	-0.061149	-0.061345	-0.061294	-0.061435	-0.061500
697.000000	-0.060837	-0.060985	-0.061198	-0.061355	-0.061314	-0.061333	-0.061430
698.000000	-0.060759	-0.060891	-0.061240	-0.061306	-0.061349	-0.061262	-0.061371
699.000000	-0.060780	-0.060924	-0.061249	-0.061275	-0.061376	-0.061338	-0.061391
700.000000	-0.060807	-0.060984	-0.061219	-0.061242	-0.061357	-0.061417	-0.061418
701.000000	-0.060725	-0.060936	-0.061148	-0.061168	-0.061260	-0.061330	-0.061363
702.000000	-0.060585	-0.060819	-0.061038	-0.061073	-0.061144	-0.061174	-0.061264
703.000000	-0.060486	-0.060726	-0.060898	-0.060996	-0.061088	-0.061121	-0.061194
704.000000	-0.060405	-0.060636	-0.060755	-0.060909	-0.061033	-0.061138	-0.061139
705.000000	-0.060255	-0.060470	-0.060646	-0.060752	-0.060857	-0.061084	-0.061037
706.000000	-0.060051	-0.060258	-0.060540	-0.060540	-0.060598	-0.060920	-0.060886
707.000000	-0.059879	-0.060103	-0.060353	-0.060339	-0.060410	-0.060678	-0.060724
708.000000	-0.059692	-0.059962	-0.060054	-0.060127	-0.060277	-0.060370	-0.060532
709.000000	-0.059301	-0.059637	-0.059670	-0.059783	-0.059997	-0.059977	-0.060226
710.000000	-0.058683	-0.059084	-0.059230	-0.059286	-0.059516	-0.059522	-0.059785
711.000000	-0.058075	-0.058509	-0.058771	-0.058762	-0.059017	-0.059091	-0.059285
712.000000	-0.057596	-0.058022	-0.058297	-0.058286	-0.058597	-0.058696	-0.058780
713.000000	-0.057063	-0.057469	-0.057743	-0.057783	-0.058121	-0.058183	-0.058258
714.000000	-0.056351	-0.056757	-0.057075	-0.057203	-0.057493	-0.057475	-0.057711
715.000000	-0.055653	-0.056071	-0.056380	-0.056639	-0.056834	-0.056793	-0.057171
716.000000	-0.055137	-0.055564	-0.055730	-0.056157	-0.056247	-0.056324	-0.056650
717.000000	-0.054568	-0.054970	-0.055016	-0.055602	-0.055579	-0.055818	-0.056041
718.000000	-0.053656	-0.053980	-0.054104	-0.054787	-0.054648	-0.054966	-0.055230
719.000000	-0.052528	-0.052785	-0.053065	-0.053777	-0.053572	-0.053915	-0.054296
720.000000	-0.051476	-0.051763	-0.052052	-0.052733	-0.052585	-0.052984	-0.053397
721.000000	-0.050628	-0.051012	-0.051211	-0.051778	-0.051801	-0.052297	-0.052670
722.000000	-0.050004	-0.050455	-0.050662	-0.050997	-0.051254	-0.051848	-0.052214
723.000000	-0.049390	-0.049844	-0.050215	-0.050266	-0.050752	-0.051350	-0.051788
724.000000	-0.048385	-0.048803	-0.049429	-0.049300	-0.049927	-0.050306	-0.050877
725.000000	-0.047065	-0.047466	-0.048290	-0.048223	-0.048825	-0.048882	-0.049528
726.000000	-0.046070	-0.046561	-0.047292	-0.047640	-0.047975	-0.048034	-0.048453
727.000000	-0.045609	-0.046265	-0.046641	-0.047584	-0.047539	-0.048013	-0.047937
728.000000	-0.045135	-0.045780	-0.046017	-0.047092	-0.047024	-0.047834	-0.047493
729.000000	-0.044304	-0.044670	-0.045242	-0.045711	-0.046175	-0.046907	-0.046832
730.000000	-0.043435	-0.043574	-0.044592	-0.044430	-0.045448	-0.045856	-0.046311
731.000000	-0.042828	-0.043061	-0.044305	-0.044102	-0.045234	-0.045270	-0.046242
732.000000	-0.042401	-0.042937	-0.044245	-0.044398	-0.045350	-0.045007	-0.046460
