[HEADER]
Format	J&M ASCII Table
Comment	
Date	2/21/2023 4:31:57 AM
Order	Y (evenX)
TechType	UV
NumPoints	483
FirstX	250.00
LastX	732.00
XType	NMetr
YType	Absrb
ZType	Secs
NumSubFile	7
Matrix	Z vs X
[DATA]
	0.000000	5.000064	10.000192	15.000256	20.000320	25.000448	30.000511
250.000000	1.140601	1.138355	1.138343	1.135034	1.138824	1.133728	1.135545
251.000000	1.110284	1.109668	1.109462	1.106098	1.109414	1.104244	1.106894
252.000000	1.077956	1.078468	1.076453	1.075491	1.076444	1.073471	1.074835
253.000000	1.046814	1.047633	1.044317	1.045160	1.044305	1.042654	1.042620
254.000000	1.019215	1.019412	1.016728	1.016682	1.016349	1.013082	1.013047
255.000000	0.993037	0.992354	0.990167	0.989339	0.990053	0.985511	0.985572
256.000000	0.965810	0.964677	0.960819	0.962169	0.962438	0.960268	0.959092
257.000000	0.938449	0.937158	0.931774	0.935605	0.934986	0.935979	0.933441
258.000000	0.912822	0.911273	0.907722	0.910433	0.910292	0.910942	0.908729
259.000000	0.889048	0.886998	0.886803	0.886426	0.887409	0.885651	0.884735
260.000000	0.866323	0.863540	0.864082	0.862862	0.863716	0.861626	0.861077
261.000000	0.843601	0.840202	0.839376	0.839467	0.839057	0.838769	0.837584
262.000000	0.819710	0.816398	0.816100	0.816318	0.815146	0.815759	0.814255
263.000000	0.795026	0.792458	0.794954	0.793448	0.792575	0.792255	0.791131
264.000000	0.771677	0.769742	0.773443	0.770831	0.770601	0.769063	0.768302
265.000000	0.750308	0.748604	0.750362	0.748407	0.748623	0.746644	0.745823
266.000000	0.728891	0.727596	0.726985	0.726058	0.726401	0.724767	0.723692
267.000000	0.706199	0.705742	0.704434	0.703794	0.703924	0.703166	0.701909
268.000000	0.683715	0.683715	0.682835	0.681955	0.681661	0.681662	0.680494
269.000000	0.662742	0.662178	0.661977	0.660724	0.659993	0.660082	0.659355
270.000000	0.642160	0.640719	0.640955	0.639442	0.638636	0.638234	0.637944
271.000000	0.620531	0.618797	0.618926	0.617428	0.617186	0.616014	0.615766
272.000000	0.598205	0.596717	0.596535	0.595157	0.595545	0.593922	0.593368
273.000000	0.576128	0.575042	0.574853	0.573448	0.573727	0.572582	0.571602
274.000000	0.554369	0.553626	0.553518	0.552120	0.551746	0.551506	0.550342
275.000000	0.532501	0.531940	0.531403	0.530448	0.529626	0.529633	0.528923
276.000000	0.510471	0.509915	0.508666	0.508410	0.507547	0.507131	0.507163
277.000000	0.488547	0.487885	0.486564	0.486590	0.485818	0.485217	0.485306
278.000000	0.466979	0.466199	0.465559	0.465281	0.464649	0.464329	0.463716
279.000000	0.445971	0.445199	0.445061	0.444383	0.444112	0.443881	0.442889
280.000000	0.425549	0.424958	0.424623	0.423793	0.424074	0.423487	0.422913
281.000000	0.405404	0.405037	0.404205	0.403445	0.404035	0.403270	0.403089
282.000000	0.385377	0.385158	0.383965	0.383383	0.383771	0.383392	0.383015
283.000000	0.365839	0.365652	0.364508	0.363950	0.363961	0.363957	0.363391
284.000000	0.347141	0.346872	0.346291	0.345435	0.345258	0.345047	0.344884
285.000000	0.329131	0.328776	0.328735	0.327650	0.327462	0.326678	0.327130
286.000000	0.311562	0.311238	0.311134	0.310317	0.310183	0.308881	0.309588
287.000000	0.294532	0.294323	0.293875	0.293481	0.293346	0.291915	0.292501
288.000000	0.278268	0.278166	0.277736	0.277310	0.277021	0.276087	0.276395
289.000000	0.262805	0.262710	0.262534	0.261805	0.261346	0.261144	0.261138
290.000000	0.248059	0.247787	0.247505	0.246862	0.246493	0.246496	0.246197
291.000000	0.233971	0.233413	0.232665	0.232529	0.232438	0.232089	0.231585
292.000000	0.220506	0.219775	0.218771	0.218987	0.218966	0.218378	0.217837
293.000000	0.207535	0.206800	0.205995	0.206128	0.205888	0.205451	0.205045
294.000000	0.194791	0.194037	0.193641	0.193429	0.193060	0.192857	0.192659
295.000000	0.182212	0.181353	0.181305	0.180708	0.180502	0.180394	0.180365
296.000000	0.170184	0.169326	0.169312	0.168556	0.168568	0.168458	0.168452
297.000000	0.158978	0.158347	0.157972	0.157416	0.157491	0.157345	0.157170
298.000000	0.148308	0.147916	0.147253	0.146957	0.146964	0.146777	0.146407
299.000000	0.137862	0.137493	0.137041	0.136768	0.136648	0.136443	0.136011
300.000000	0.127753	0.127217	0.127160	0.126822	0.126530	0.126407	0.125989
301.000000	0.118182	0.117404	0.117447	0.117198	0.116706	0.116821	0.116380
302.000000	0.109008	0.108095	0.107996	0.107860	0.107254	0.107598	0.107138
303.000000	0.099956	0.099203	0.099014	0.098743	0.098249	0.098562	0.098182
304.000000	0.091101	0.090719	0.090528	0.090015	0.089748	0.089813	0.089595
305.000000	0.082753	0.082677	0.082441	0.082000	0.081794	0.081635	0.081565
306.000000	0.074976	0.075006	0.074672	0.074624	0.074301	0.074053	0.074036
307.000000	0.067570	0.067527	0.067161	0.067411	0.067056	0.066824	0.066710
308.000000	0.060500	0.060290	0.059995	0.060241	0.060038	0.059861	0.059564
309.000000	0.053999	0.053708	0.053485	0.053564	0.053531	0.053346	0.053014
310.000000	0.048175	0.047962	0.047766	0.047651	0.047687	0.047410	0.047266
311.000000	0.042810	0.042639	0.042534	0.042246	0.042303	0.042027	0.041967
312.000000	0.037713	0.037410	0.037514	0.037122	0.037196	0.037121	0.036821
313.000000	0.032966	0.032522	0.032749	0.032398	0.032412	0.032518	0.032014
314.000000	0.028674	0.028271	0.028344	0.028210	0.028036	0.028077	0.027770
315.000000	0.024771	0.024511	0.024364	0.024378	0.024081	0.023942	0.023957
316.000000	0.021138	0.020968	0.020838	0.020648	0.020522	0.020318	0.020346
317.000000	0.017716	0.017552	0.017578	0.017080	0.017250	0.017070	0.016894
318.000000	0.014481	0.014269	0.014307	0.013878	0.014112	0.013910	0.013654
319.000000	0.011449	0.011170	0.011062	0.010991	0.011044	0.010789	0.010642
320.000000	0.008670	0.008340	0.008111	0.008187	0.008050	0.007844	0.007846
321.000000	0.006138	0.005795	0.005538	0.005469	0.005218	0.005193	0.005256
322.000000	0.003793	0.003477	0.003209	0.003100	0.002729	0.002930	0.002865
323.000000	0.001592	0.001318	0.001030	0.001107	0.000627	0.000987	0.000648
324.000000	-0.000471	-0.000755	-0.001023	-0.000905	-0.001278	-0.000959	-0.001446
325.000000	-0.002409	-0.002766	-0.002968	-0.003145	-0.003140	-0.003094	-0.003451
326.000000	-0.004256	-0.004616	-0.004835	-0.005271	-0.004980	-0.005200	-0.005341
327.000000	-0.006023	-0.006233	-0.006625	-0.006965	-0.006770	-0.007048	-0.007086
328.000000	-0.007622	-0.007701	-0.008226	-0.008325	-0.008376	-0.008606	-0.008669
329.000000	-0.008966	-0.009113	-0.009526	-0.009525	-0.009681	-0.009893	-0.010080
330.000000	-0.010104	-0.010392	-0.010590	-0.010639	-0.010840	-0.010972	-0.011318
331.000000	-0.011137	-0.011431	-0.011543	-0.011704	-0.012078	-0.011929	-0.012391
332.000000	-0.012155	-0.012387	-0.012530	-0.012806	-0.013391	-0.012954	-0.013370
333.000000	-0.013234	-0.013535	-0.013689	-0.014039	-0.014646	-0.014265	-0.014350
334.000000	-0.014274	-0.014755	-0.014894	-0.015247	-0.015681	-0.015652	-0.015363
335.000000	-0.015040	-0.015611	-0.015812	-0.016081	-0.016320	-0.016568	-0.016381
336.000000	-0.015489	-0.016012	-0.016345	-0.016507	-0.016625	-0.016940	-0.017297
337.000000	-0.015813	-0.016279	-0.016678	-0.016867	-0.016940	-0.017260	-0.017910
338.000000	-0.016134	-0.016619	-0.016952	-0.017355	-0.017433	-0.017776	-0.018185
339.000000	-0.016426	-0.016988	-0.017208	-0.017867	-0.017942	-0.018241	-0.018377
340.000000	-0.016660	-0.017315	-0.017470	-0.018293	-0.018327	-0.018485	-0.018669
341.000000	-0.016817	-0.017511	-0.017741	-0.018586	-0.018586	-0.018663	-0.018970
342.000000	-0.016890	-0.017521	-0.018010	-0.018720	-0.018742	-0.018923	-0.019172
343.000000	-0.016886	-0.017423	-0.018213	-0.018698	-0.018824	-0.019178	-0.019273
344.000000	-0.016824	-0.017325	-0.018284	-0.018553	-0.018867	-0.019309	-0.019307
345.000000	-0.016761	-0.017313	-0.018240	-0.018433	-0.018916	-0.019359	-0.019348
346.000000	-0.016760	-0.017453	-0.018125	-0.018502	-0.019016	-0.019426	-0.019473
347.000000	-0.016800	-0.017695	-0.017993	-0.018673	-0.019153	-0.019489	-0.019611
348.000000	-0.016814	-0.017917	-0.017897	-0.018722	-0.019279	-0.019469	-0.019613
349.000000	-0.016780	-0.017990	-0.017875	-0.018636	-0.019346	-0.019407	-0.019536
350.000000	-0.016718	-0.017781	-0.017953	-0.018580	-0.019308	-0.019441	-0.019599
351.000000	-0.016647	-0.017388	-0.018063	-0.018595	-0.019170	-0.019575	-0.019810
352.000000	-0.016592	-0.017184	-0.018024	-0.018569	-0.019005	-0.019642	-0.019901
353.000000	-0.016558	-0.017333	-0.017822	-0.018500	-0.018905	-0.019592	-0.019810
354.000000	-0.016523	-0.017579	-0.017755	-0.018606	-0.018981	-0.019607	-0.019880
355.000000	-0.016483	-0.017709	-0.018007	-0.018978	-0.019262	-0.019802	-0.020280
356.000000	-0.016499	-0.017744	-0.018359	-0.019291	-0.019538	-0.020032	-0.020590
357.000000	-0.016633	-0.017760	-0.018599	-0.019285	-0.019639	-0.020170	-0.020471
358.000000	-0.016896	-0.017881	-0.018836	-0.019279	-0.019754	-0.020348	-0.020367
359.000000	-0.017294	-0.018234	-0.019245	-0.019678	-0.020130	-0.020748	-0.020823
360.000000	-0.017904	-0.018855	-0.019871	-0.020432	-0.020798	-0.021398	-0.021704
361.000000	-0.018806	-0.019733	-0.020703	-0.021315	-0.021694	-0.022260	-0.022628
362.000000	-0.019879	-0.020762	-0.021664	-0.022225	-0.022704	-0.023239	-0.023535
363.000000	-0.020888	-0.021784	-0.022644	-0.023132	-0.023693	-0.024208	-0.024550
364.000000	-0.021853	-0.022813	-0.023653	-0.024125	-0.024689	-0.025182	-0.025691
365.000000	-0.023016	-0.024014	-0.024799	-0.025389	-0.025863	-0.026295	-0.026883
366.000000	-0.024495	-0.025470	-0.026164	-0.026970	-0.027296	-0.027651	-0.028171
367.000000	-0.026232	-0.027149	-0.027781	-0.028732	-0.028943	-0.029308	-0.029764
368.000000	-0.028155	-0.028999	-0.029653	-0.030559	-0.030734	-0.031234	-0.031703
369.000000	-0.030188	-0.030943	-0.031728	-0.032396	-0.032573	-0.033233	-0.033696
370.000000	-0.032286	-0.032954	-0.033946	-0.034261	-0.034444	-0.035186	-0.035567
371.000000	-0.034502	-0.035156	-0.036229	-0.036348	-0.036583	-0.037242	-0.037595
372.000000	-0.036882	-0.037639	-0.038519	-0.038799	-0.039161	-0.039539	-0.040014
373.000000	-0.039373	-0.040217	-0.040845	-0.041366	-0.041881	-0.041973	-0.042524
374.000000	-0.041910	-0.042676	-0.043258	-0.043758	-0.044379	-0.044398	-0.044763
375.000000	-0.044505	-0.045134	-0.045788	-0.046124	-0.046718	-0.046848	-0.046950
376.000000	-0.047198	-0.047819	-0.048453	-0.048759	-0.049130	-0.049416	-0.049501
377.000000	-0.049960	-0.050695	-0.051193	-0.051590	-0.051701	-0.052075	-0.052324
378.000000	-0.052722	-0.053558	-0.053906	-0.054323	-0.054419	-0.054722	-0.055026
379.000000	-0.055449	-0.056272	-0.056505	-0.056848	-0.057136	-0.057289	-0.057485
380.000000	-0.058136	-0.058770	-0.058928	-0.059226	-0.059587	-0.059739	-0.059829
381.000000	-0.060791	-0.061142	-0.061233	-0.061579	-0.061804	-0.062130	-0.062208
382.000000	-0.063431	-0.063683	-0.063639	-0.064100	-0.064208	-0.064642	-0.064788
383.000000	-0.066028	-0.066440	-0.066215	-0.066787	-0.066935	-0.067288	-0.067527
384.000000	-0.068459	-0.068940	-0.068710	-0.069246	-0.069502	-0.069738	-0.069973
385.000000	-0.070642	-0.070892	-0.070940	-0.071230	-0.071553	-0.071774	-0.071856
386.000000	-0.072642	-0.072704	-0.073004	-0.073070	-0.073320	-0.073620	-0.073561
387.000000	-0.074541	-0.074774	-0.075018	-0.075084	-0.075088	-0.075502	-0.075477
388.000000	-0.076372	-0.076885	-0.076918	-0.077086	-0.076907	-0.077302	-0.077446
389.000000	-0.078140	-0.078690	-0.078602	-0.078791	-0.078741	-0.078845	-0.079187
390.000000	-0.079750	-0.080155	-0.080040	-0.080211	-0.080407	-0.080202	-0.080636
391.000000	-0.081084	-0.081375	-0.081242	-0.081476	-0.081687	-0.081536	-0.081831
392.000000	-0.082207	-0.082430	-0.082319	-0.082652	-0.082676	-0.082817	-0.082901
393.000000	-0.083296	-0.083390	-0.083435	-0.083762	-0.083653	-0.083898	-0.084025
394.000000	-0.084397	-0.084311	-0.084599	-0.084780	-0.084699	-0.084797	-0.085152
395.000000	-0.085434	-0.085233	-0.085668	-0.085643	-0.085713	-0.085681	-0.086023
396.000000	-0.086324	-0.086133	-0.086533	-0.086339	-0.086611	-0.086567	-0.086572
397.000000	-0.086979	-0.086903	-0.087132	-0.086926	-0.087342	-0.087270	-0.087009
398.000000	-0.087407	-0.087504	-0.087511	-0.087460	-0.087901	-0.087717	-0.087493
399.000000	-0.087810	-0.088039	-0.087926	-0.087983	-0.088360	-0.088078	-0.088044
400.000000	-0.088350	-0.088599	-0.088554	-0.088538	-0.088806	-0.088521	-0.088663
401.000000	-0.089010	-0.089178	-0.089281	-0.089173	-0.089339	-0.089119	-0.089336
402.000000	-0.089725	-0.089754	-0.089955	-0.089901	-0.090005	-0.089881	-0.090034
403.000000	-0.090359	-0.090304	-0.090523	-0.090567	-0.090590	-0.090609	-0.090670
404.000000	-0.090790	-0.090810	-0.090964	-0.091004	-0.090873	-0.091092	-0.091161
405.000000	-0.091129	-0.091270	-0.091310	-0.091307	-0.091082	-0.091411	-0.091549
406.000000	-0.091569	-0.091692	-0.091616	-0.091668	-0.091592	-0.091763	-0.091927
407.000000	-0.092077	-0.092097	-0.091950	-0.092119	-0.092282	-0.092207	-0.092336
408.000000	-0.092486	-0.092513	-0.092386	-0.092587	-0.092725	-0.092715	-0.092780
409.000000	-0.092747	-0.092909	-0.092865	-0.093019	-0.092861	-0.093172	-0.093200
410.000000	-0.092928	-0.093202	-0.093216	-0.093381	-0.092965	-0.093398	-0.093484
411.000000	-0.093123	-0.093393	-0.093419	-0.093671	-0.093197	-0.093422	-0.093640
412.000000	-0.093457	-0.093603	-0.093664	-0.093933	-0.093543	-0.093557	-0.093838
413.000000	-0.093931	-0.093905	-0.094047	-0.094192	-0.093957	-0.093955	-0.094159
414.000000	-0.094300	-0.094270	-0.094446	-0.094432	-0.094358	-0.094406	-0.094483
415.000000	-0.094416	-0.094635	-0.094753	-0.094649	-0.094687	-0.094731	-0.094717
416.000000	-0.094506	-0.094890	-0.094974	-0.094886	-0.094970	-0.094972	-0.094929
417.000000	-0.094788	-0.094958	-0.095138	-0.095168	-0.095228	-0.095194	-0.095185
418.000000	-0.095126	-0.094966	-0.095273	-0.095393	-0.095401	-0.095387	-0.095423
419.000000	-0.095322	-0.095071	-0.095399	-0.095455	-0.095432	-0.095531	-0.095562
420.000000	-0.095419	-0.095269	-0.095505	-0.095487	-0.095452	-0.095666	-0.095648
421.000000	-0.095552	-0.095484	-0.095566	-0.095697	-0.095648	-0.095851	-0.095772
422.000000	-0.095705	-0.095660	-0.095611	-0.095989	-0.095923	-0.096044	-0.095916
423.000000	-0.095769	-0.095753	-0.095698	-0.096090	-0.096015	-0.096146	-0.095996
424.000000	-0.095741	-0.095789	-0.095822	-0.096010	-0.095938	-0.096145	-0.096012
425.000000	-0.095714	-0.095853	-0.095919	-0.096018	-0.095954	-0.096113	-0.096039
426.000000	-0.095743	-0.095954	-0.095959	-0.096183	-0.096140	-0.096095	-0.096114
427.000000	-0.095833	-0.095997	-0.095964	-0.096298	-0.096320	-0.096095	-0.096217
428.000000	-0.095959	-0.095957	-0.095973	-0.096258	-0.096387	-0.096117	-0.096319
429.000000	-0.096051	-0.095960	-0.096060	-0.096194	-0.096413	-0.096175	-0.096383
430.000000	-0.096074	-0.096094	-0.096257	-0.096218	-0.096465	-0.096280	-0.096399
431.000000	-0.096113	-0.096283	-0.096457	-0.096314	-0.096546	-0.096428	-0.096458
432.000000	-0.096246	-0.096442	-0.096559	-0.096438	-0.096642	-0.096602	-0.096630
433.000000	-0.096414	-0.096561	-0.096579	-0.096539	-0.096731	-0.096752	-0.096807
434.000000	-0.096531	-0.096645	-0.096568	-0.096578	-0.096791	-0.096829	-0.096864
435.000000	-0.096591	-0.096683	-0.096583	-0.096622	-0.096831	-0.096860	-0.096861
436.000000	-0.096617	-0.096661	-0.096673	-0.096769	-0.096872	-0.096897	-0.096924
437.000000	-0.096616	-0.096616	-0.096785	-0.096937	-0.096896	-0.096924	-0.097034
438.000000	-0.096590	-0.096615	-0.096812	-0.096946	-0.096868	-0.096887	-0.097091
439.000000	-0.096590	-0.096679	-0.096770	-0.096846	-0.096836	-0.096848	-0.097105
440.000000	-0.096709	-0.096791	-0.096790	-0.096891	-0.096921	-0.096966	-0.097188
441.000000	-0.096932	-0.096930	-0.096911	-0.097125	-0.097123	-0.097224	-0.097352
442.000000	-0.097094	-0.097083	-0.097052	-0.097316	-0.097291	-0.097369	-0.097473
443.000000	-0.097115	-0.097219	-0.097153	-0.097331	-0.097328	-0.097296	-0.097487
444.000000	-0.097084	-0.097275	-0.097208	-0.097267	-0.097263	-0.097199	-0.097460
445.000000	-0.097091	-0.097229	-0.097234	-0.097224	-0.097172	-0.097239	-0.097455
446.000000	-0.097173	-0.097177	-0.097290	-0.097244	-0.097218	-0.097380	-0.097498
447.000000	-0.097334	-0.097210	-0.097418	-0.097342	-0.097498	-0.097555	-0.097598
448.000000	-0.097463	-0.097313	-0.097549	-0.097474	-0.097754	-0.097688	-0.097709
449.000000	-0.097446	-0.097439	-0.097593	-0.097578	-0.097700	-0.097716	-0.097772
450.000000	-0.097320	-0.097508	-0.097551	-0.097594	-0.097483	-0.097649	-0.097743
451.000000	-0.097184	-0.097442	-0.097460	-0.097476	-0.097404	-0.097535	-0.097591
452.000000	-0.097130	-0.097320	-0.097376	-0.097333	-0.097488	-0.097441	-0.097439
453.000000	-0.097234	-0.097300	-0.097364	-0.097353	-0.097600	-0.097446	-0.097486
454.000000	-0.097397	-0.097366	-0.097406	-0.097493	-0.097648	-0.097523	-0.097665
455.000000	-0.097375	-0.097346	-0.097415	-0.097514	-0.097578	-0.097559	-0.097689
456.000000	-0.097163	-0.097212	-0.097375	-0.097379	-0.097428	-0.097527	-0.097528
457.000000	-0.097063	-0.097116	-0.097355	-0.097310	-0.097348	-0.097516	-0.097484
458.000000	-0.097206	-0.097145	-0.097394	-0.097408	-0.097404	-0.097564	-0.097674
459.000000	-0.097373	-0.097237	-0.097456	-0.097526	-0.097505	-0.097608	-0.097839
460.000000	-0.097387	-0.097314	-0.097492	-0.097535	-0.097559	-0.097594	-0.097786
461.000000	-0.097280	-0.097280	-0.097437	-0.097437	-0.097526	-0.097526	-0.097616
462.000000	-0.097124	-0.097088	-0.097257	-0.097264	-0.097396	-0.097420	-0.097456
463.000000	-0.096995	-0.096889	-0.097069	-0.097092	-0.097246	-0.097310	-0.097350
464.000000	-0.096959	-0.096854	-0.097006	-0.097000	-0.097165	-0.097234	-0.097317
465.000000	-0.096991	-0.096962	-0.097064	-0.097021	-0.097169	-0.097232	-0.097347
466.000000	-0.097037	-0.097113	-0.097182	-0.097162	-0.097244	-0.097336	-0.097415
467.000000	-0.097068	-0.097220	-0.097283	-0.097348	-0.097339	-0.097469	-0.097494
468.000000	-0.097073	-0.097207	-0.097284	-0.097463	-0.097382	-0.097504	-0.097555
469.000000	-0.097073	-0.097135	-0.097219	-0.097491	-0.097378	-0.097449	-0.097600
470.000000	-0.097106	-0.097166	-0.097208	-0.097497	-0.097391	-0.097425	-0.097655
471.000000	-0.097163	-0.097303	-0.097273	-0.097491	-0.097425	-0.097459	-0.097696
472.000000	-0.097168	-0.097351	-0.097316	-0.097415	-0.097414	-0.097464	-0.097645
473.000000	-0.097100	-0.097231	-0.097292	-0.097270	-0.097345	-0.097405	-0.097499
474.000000	-0.097032	-0.097091	-0.097262	-0.097166	-0.097309	-0.097349	-0.097391
475.000000	-0.097014	-0.097047	-0.097262	-0.097175	-0.097353	-0.097338	-0.097401
476.000000	-0.097016	-0.097083	-0.097237	-0.097239	-0.097393	-0.097326	-0.097438
477.000000	-0.097009	-0.097159	-0.097154	-0.097289	-0.097358	-0.097282	-0.097419
478.000000	-0.097042	-0.097223	-0.097113	-0.097313	-0.097298	-0.097284	-0.097417
479.000000	-0.097152	-0.097227	-0.097210	-0.097312	-0.097281	-0.097400	-0.097510
480.000000	-0.097230	-0.097153	-0.097311	-0.097295	-0.097289	-0.097490	-0.097578
481.000000	-0.097136	-0.096998	-0.097227	-0.097269	-0.097273	-0.097367	-0.097456
482.000000	-0.096912	-0.096816	-0.096997	-0.097190	-0.097179	-0.097103	-0.097204
483.000000	-0.096694	-0.096688	-0.096779	-0.096997	-0.096962	-0.096897	-0.096996
484.000000	-0.096524	-0.096600	-0.096634	-0.096746	-0.096692	-0.096788	-0.096873
485.000000	-0.096369	-0.096472	-0.096545	-0.096587	-0.096525	-0.096694	-0.096776
486.000000	-0.096233	-0.096304	-0.096482	-0.096552	-0.096492	-0.096593	-0.096687
487.000000	-0.096163	-0.096190	-0.096403	-0.096545	-0.096485	-0.096543	-0.096640
488.000000	-0.096176	-0.096193	-0.096325	-0.096511	-0.096460	-0.096563	-0.096640
489.000000	-0.096244	-0.096320	-0.096370	-0.096484	-0.096502	-0.096613	-0.096643
490.000000	-0.096327	-0.096513	-0.096558	-0.096489	-0.096635	-0.096652	-0.096621
491.000000	-0.096380	-0.096573	-0.096653	-0.096518	-0.096713	-0.096653	-0.096594
492.000000	-0.096363	-0.096375	-0.096483	-0.096547	-0.096629	-0.096610	-0.096580
493.000000	-0.096277	-0.096126	-0.096243	-0.096524	-0.096489	-0.096559	-0.096559
494.000000	-0.096132	-0.096050	-0.096156	-0.096402	-0.096417	-0.096532	-0.096508
495.000000	-0.095973	-0.096071	-0.096154	-0.096202	-0.096361	-0.096453	-0.096421
496.000000	-0.095842	-0.096030	-0.096087	-0.095973	-0.096226	-0.096238	-0.096302
497.000000	-0.095735	-0.095914	-0.095963	-0.095799	-0.096040	-0.095994	-0.096170
498.000000	-0.095621	-0.095779	-0.095859	-0.095770	-0.095887	-0.095912	-0.096054
499.000000	-0.095512	-0.095656	-0.095778	-0.095819	-0.095801	-0.095963	-0.095971
500.000000	-0.095447	-0.095550	-0.095665	-0.095774	-0.095773	-0.095964	-0.095929
501.000000	-0.095395	-0.095454	-0.095517	-0.095592	-0.095748	-0.095844	-0.095875
502.000000	-0.095250	-0.095348	-0.095379	-0.095362	-0.095632	-0.095653	-0.095693
503.000000	-0.095020	-0.095229	-0.095275	-0.095161	-0.095426	-0.095455	-0.095398
504.000000	-0.094889	-0.095119	-0.095193	-0.095036	-0.095276	-0.095330	-0.095205
505.000000	-0.094927	-0.095028	-0.095119	-0.094996	-0.095249	-0.095298	-0.095221
506.000000	-0.094924	-0.094941	-0.095043	-0.094979	-0.095210	-0.095243	-0.095266
507.000000	-0.094726	-0.094835	-0.094946	-0.094922	-0.095049	-0.095079	-0.095188
508.000000	-0.094494	-0.094691	-0.094792	-0.094805	-0.094840	-0.094873	-0.095035
509.000000	-0.094400	-0.094501	-0.094560	-0.094629	-0.094675	-0.094708	-0.094882
510.000000	-0.094356	-0.094319	-0.094349	-0.094471	-0.094552	-0.094584	-0.094737
511.000000	-0.094213	-0.094203	-0.094268	-0.094408	-0.094442	-0.094476	-0.094583
512.000000	-0.094002	-0.094090	-0.094216	-0.094347	-0.094299	-0.094341	-0.094400
513.000000	-0.093829	-0.093870	-0.094019	-0.094136	-0.094081	-0.094140	-0.094175
514.000000	-0.093701	-0.093613	-0.093739	-0.093847	-0.093845	-0.093913	-0.093958
515.000000	-0.093563	-0.093496	-0.093585	-0.093695	-0.093709	-0.093752	-0.093838
516.000000	-0.093391	-0.093483	-0.093557	-0.093676	-0.093652	-0.093649	-0.093776
517.000000	-0.093194	-0.093337	-0.093449	-0.093568	-0.093519	-0.093509	-0.093607
518.000000	-0.092988	-0.093010	-0.093206	-0.093307	-0.093276	-0.093303	-0.093316
519.000000	-0.092799	-0.092734	-0.092994	-0.093056	-0.093067	-0.093109	-0.093102
520.000000	-0.092663	-0.092657	-0.092913	-0.092926	-0.092981	-0.092993	-0.093074
521.000000	-0.092624	-0.092718	-0.092893	-0.092895	-0.092967	-0.092986	-0.093131
522.000000	-0.092676	-0.092813	-0.092857	-0.092905	-0.092954	-0.093057	-0.093160
523.000000	-0.092659	-0.092773	-0.092758	-0.092842	-0.092871	-0.093012	-0.093094
524.000000	-0.092445	-0.092491	-0.092575	-0.092628	-0.092674	-0.092710	-0.092900
525.000000	-0.092187	-0.092177	-0.092376	-0.092380	-0.092478	-0.092391	-0.092659
526.000000	-0.092079	-0.092081	-0.092240	-0.092248	-0.092412	-0.092345	-0.092472
527.000000	-0.092061	-0.092115	-0.092154	-0.092213	-0.092416	-0.092439	-0.092362
528.000000	-0.091984	-0.092064	-0.092067	-0.092193	-0.092359	-0.092394	-0.092316
529.000000	-0.091832	-0.091911	-0.091970	-0.092145	-0.092218	-0.092196	-0.092271
530.000000	-0.091676	-0.091757	-0.091879	-0.092055	-0.092030	-0.091993	-0.092142
531.000000	-0.091580	-0.091665	-0.091809	-0.091951	-0.091875	-0.091879	-0.091974
532.000000	-0.091603	-0.091665	-0.091767	-0.091891	-0.091860	-0.091891	-0.091920
533.000000	-0.091647	-0.091661	-0.091708	-0.091812	-0.091898	-0.091923	-0.091946
534.000000	-0.091420	-0.091403	-0.091514	-0.091506	-0.091664	-0.091694	-0.091780
535.000000	-0.091020	-0.091006	-0.091266	-0.091122	-0.091254	-0.091322	-0.091463
536.000000	-0.091266	-0.091252	-0.091403	-0.091481	-0.091561	-0.091660	-0.091626
537.000000	-0.092091	-0.092052	-0.091844	-0.092432	-0.092494	-0.092590	-0.092232
538.000000	-0.090876	-0.090804	-0.091020	-0.091053	-0.091125	-0.091196	-0.091316
539.000000	-0.086963	-0.086873	-0.088566	-0.086650	-0.086740	-0.086778	-0.088371
540.000000	-0.089188	-0.089094	-0.089892	-0.089209	-0.089304	-0.089308	-0.089980
541.000000	-0.103059	-0.102974	-0.097574	-0.104938	-0.105007	-0.104982	-0.099463
542.000000	-0.099744	-0.099686	-0.088382	-0.101188	-0.101233	-0.101182	-0.089800
543.000000	-0.045581	-0.045575	-0.036318	-0.039866	-0.039932	-0.039860	-0.030578
544.000000	0.018149	0.018117	0.020278	0.032097	0.031995	0.032068	0.034228
545.000000	0.014671	0.014671	0.012924	0.027532	0.027438	0.027467	0.025768
546.000000	-0.047202	-0.047127	-0.048219	-0.043221	-0.043266	-0.043315	-0.044276
547.000000	-0.092597	-0.092493	-0.092363	-0.094568	-0.094583	-0.094701	-0.094440
548.000000	-0.095595	-0.095535	-0.095392	-0.097168	-0.097186	-0.097338	-0.097148
549.000000	-0.087300	-0.087312	-0.087469	-0.087173	-0.087192	-0.087337	-0.087500
550.000000	-0.086862	-0.086939	-0.087125	-0.086697	-0.086705	-0.086808	-0.086975
551.000000	-0.089172	-0.089296	-0.089386	-0.089502	-0.089517	-0.089573	-0.089619
552.000000	-0.089408	-0.089555	-0.089580	-0.089784	-0.089843	-0.089866	-0.089871
553.000000	-0.088614	-0.088749	-0.088783	-0.088840	-0.088959	-0.088946	-0.088968
554.000000	-0.088241	-0.088335	-0.088446	-0.088443	-0.088611	-0.088554	-0.088605
555.000000	-0.088225	-0.088288	-0.088463	-0.088463	-0.088658	-0.088584	-0.088647
556.000000	-0.088222	-0.088298	-0.088445	-0.088434	-0.088624	-0.088597	-0.088638
557.000000	-0.088152	-0.088246	-0.088328	-0.088312	-0.088460	-0.088507	-0.088527
558.000000	-0.088026	-0.088086	-0.088149	-0.088179	-0.088251	-0.088343	-0.088384
559.000000	-0.087837	-0.087835	-0.087924	-0.088013	-0.088032	-0.088123	-0.088200
560.000000	-0.087589	-0.087553	-0.087670	-0.087766	-0.087822	-0.087873	-0.087939
561.000000	-0.087448	-0.087417	-0.087547	-0.087611	-0.087742	-0.087756	-0.087771
562.000000	-0.087666	-0.087660	-0.087780	-0.087851	-0.087958	-0.088007	-0.087980
563.000000	-0.087812	-0.087835	-0.087923	-0.088046	-0.088040	-0.088171	-0.088142
564.000000	-0.086814	-0.086860	-0.086899	-0.087063	-0.086999	-0.087144	-0.087173
565.000000	-0.085661	-0.085719	-0.085713	-0.085875	-0.085858	-0.085927	-0.086046
566.000000	-0.088308	-0.088362	-0.088360	-0.088493	-0.088528	-0.088543	-0.088689
567.000000	-0.095093	-0.095133	-0.095191	-0.095287	-0.095320	-0.095361	-0.095441
568.000000	-0.098445	-0.098472	-0.098584	-0.098657	-0.098674	-0.098748	-0.098785
569.000000	-0.093530	-0.093554	-0.093671	-0.093743	-0.093768	-0.093828	-0.093918
570.000000	-0.086785	-0.086812	-0.086926	-0.086981	-0.087033	-0.087077	-0.087210
571.000000	-0.084905	-0.084931	-0.085078	-0.085071	-0.085157	-0.085230	-0.085296
572.000000	-0.086080	-0.086093	-0.086272	-0.086220	-0.086330	-0.086433	-0.086407
573.000000	-0.086581	-0.086564	-0.086726	-0.086720	-0.086825	-0.086906	-0.086878
574.000000	-0.086106	-0.086065	-0.086179	-0.086266	-0.086339	-0.086383	-0.086411
575.000000	-0.085717	-0.085690	-0.085773	-0.085909	-0.085933	-0.085995	-0.086049
576.000000	-0.085602	-0.085624	-0.085699	-0.085832	-0.085815	-0.085924	-0.085960
577.000000	-0.085431	-0.085515	-0.085589	-0.085702	-0.085682	-0.085784	-0.085797
578.000000	-0.085210	-0.085335	-0.085411	-0.085503	-0.085517	-0.085562	-0.085574
579.000000	-0.085231	-0.085338	-0.085428	-0.085487	-0.085546	-0.085554	-0.085614
580.000000	-0.085279	-0.085323	-0.085433	-0.085462	-0.085555	-0.085572	-0.085706
581.000000	-0.084510	-0.084527	-0.084641	-0.084685	-0.084783	-0.084820	-0.084972
582.000000	-0.083401	-0.083461	-0.083549	-0.083659	-0.083737	-0.083782	-0.083869
583.000000	-0.084863	-0.084968	-0.085011	-0.085176	-0.085244	-0.085285	-0.085303
584.000000	-0.088385	-0.088491	-0.088486	-0.088648	-0.088738	-0.088772	-0.088777
585.000000	-0.083900	-0.083978	-0.083960	-0.084072	-0.084203	-0.084229	-0.084264
586.000000	-0.069214	-0.069260	-0.069292	-0.069333	-0.069495	-0.069522	-0.069604
587.000000	-0.078590	-0.078624	-0.078725	-0.078732	-0.078875	-0.078931	-0.079039
588.000000	-0.140484	-0.140547	-0.140682	-0.140742	-0.140788	-0.140909	-0.140994
589.000000	-0.198081	-0.198209	-0.198319	-0.198480	-0.198433	-0.198577	-0.198645
590.000000	-0.175695	-0.175898	-0.175931	-0.176161	-0.176131	-0.176176	-0.176294
591.000000	-0.104621	-0.104761	-0.104832	-0.104968	-0.105031	-0.105036	-0.105131
592.000000	-0.067651	-0.067419	-0.067849	-0.067612	-0.067738	-0.068035	-0.067829
593.000000	-0.075176	-0.074808	-0.075385	-0.075021	-0.075152	-0.075580	-0.075298
594.000000	-0.083599	-0.084314	-0.083828	-0.084502	-0.084608	-0.084027	-0.084839
595.000000	-0.079915	-0.081530	-0.080164	-0.081651	-0.081725	-0.080355	-0.082022
596.000000	-0.085091	-0.083510	-0.085353	-0.083622	-0.083663	-0.085539	-0.083946
597.000000	-0.095980	-0.087703	-0.096262	-0.087887	-0.087916	-0.096447	-0.088106
598.000000	-0.070004	-0.059223	-0.070359	-0.059459	-0.059545	-0.070525	-0.059657
599.000000	0.000534	0.006068	0.000058	0.005853	0.005649	-0.000071	0.005541
600.000000	0.038681	0.038143	0.038167	0.037951	0.037686	0.038031	0.037551
601.000000	-0.008105	-0.009741	-0.008494	-0.009968	-0.010157	-0.008717	-0.010303
602.000000	-0.075757	-0.075990	-0.075998	-0.076268	-0.076344	-0.076311	-0.076485
603.000000	-0.094294	-0.094048	-0.094504	-0.094346	-0.094381	-0.094833	-0.094511
604.000000	-0.080534	-0.080638	-0.080766	-0.080923	-0.080977	-0.081073	-0.081108
605.000000	-0.073021	-0.073264	-0.073218	-0.073519	-0.073606	-0.073525	-0.073764
606.000000	-0.075707	-0.075813	-0.075843	-0.076050	-0.076159	-0.076173	-0.076353
607.000000	-0.077770	-0.077807	-0.077902	-0.078064	-0.078176	-0.078255	-0.078380
608.000000	-0.076790	-0.076874	-0.076966	-0.077160	-0.077275	-0.077323	-0.077470
609.000000	-0.075726	-0.075827	-0.075926	-0.076088	-0.076245	-0.076254	-0.076441
610.000000	-0.075584	-0.075649	-0.075775	-0.075848	-0.076050	-0.076057	-0.076266
611.000000	-0.075511	-0.075570	-0.075695	-0.075764	-0.075907	-0.075955	-0.076159
612.000000	-0.075136	-0.075241	-0.075326	-0.075492	-0.075486	-0.075605	-0.075775
613.000000	-0.074813	-0.074950	-0.074996	-0.075210	-0.075124	-0.075316	-0.075435
614.000000	-0.074737	-0.074854	-0.074887	-0.075039	-0.075021	-0.075248	-0.075319
615.000000	-0.074719	-0.074779	-0.074822	-0.074932	-0.075027	-0.075204	-0.075260
616.000000	-0.074611	-0.074604	-0.074679	-0.074840	-0.075001	-0.075045	-0.075134
617.000000	-0.074487	-0.074459	-0.074583	-0.074777	-0.074944	-0.074902	-0.075027
618.000000	-0.074436	-0.074462	-0.074644	-0.074754	-0.074876	-0.074898	-0.075019
619.000000	-0.074444	-0.074526	-0.074738	-0.074734	-0.074830	-0.074938	-0.075039
620.000000	-0.074470	-0.074533	-0.074712	-0.074679	-0.074823	-0.074900	-0.074994
621.000000	-0.074463	-0.074491	-0.074614	-0.074617	-0.074789	-0.074794	-0.074901
622.000000	-0.074380	-0.074445	-0.074553	-0.074591	-0.074646	-0.074681	-0.074815
623.000000	-0.074280	-0.074413	-0.074530	-0.074584	-0.074488	-0.074611	-0.074753
624.000000	-0.074266	-0.074392	-0.074491	-0.074552	-0.074484	-0.074623	-0.074713
625.000000	-0.074314	-0.074370	-0.074439	-0.074500	-0.074593	-0.074670	-0.074691
626.000000	-0.074301	-0.074327	-0.074420	-0.074475	-0.074613	-0.074638	-0.074678
627.000000	-0.074199	-0.074266	-0.074418	-0.074465	-0.074500	-0.074505	-0.074646
628.000000	-0.074093	-0.074208	-0.074352	-0.074396	-0.074385	-0.074354	-0.074547
629.000000	-0.074019	-0.074149	-0.074205	-0.074242	-0.074327	-0.074242	-0.074388
630.000000	-0.073935	-0.074046	-0.074064	-0.074069	-0.074261	-0.074182	-0.074259
631.000000	-0.073815	-0.073881	-0.073977	-0.073930	-0.074137	-0.074156	-0.074201
632.000000	-0.073691	-0.073702	-0.073882	-0.073842	-0.073967	-0.074090	-0.074119
633.000000	-0.073590	-0.073558	-0.073729	-0.073801	-0.073779	-0.073939	-0.073948
634.000000	-0.073510	-0.073478	-0.073561	-0.073749	-0.073631	-0.073782	-0.073782
635.000000	-0.073445	-0.073472	-0.073432	-0.073638	-0.073571	-0.073701	-0.073714
636.000000	-0.073397	-0.073472	-0.073375	-0.073525	-0.073548	-0.073667	-0.073696
637.000000	-0.073365	-0.073401	-0.073401	-0.073484	-0.073489	-0.073619	-0.073646
638.000000	-0.073306	-0.073279	-0.073414	-0.073468	-0.073403	-0.073526	-0.073558
639.000000	-0.073162	-0.073166	-0.073284	-0.073382	-0.073326	-0.073370	-0.073462
640.000000	-0.072968	-0.073069	-0.073070	-0.073219	-0.073264	-0.073188	-0.073362
641.000000	-0.072807	-0.072962	-0.072942	-0.073024	-0.073201	-0.073048	-0.073250
642.000000	-0.072706	-0.072825	-0.072908	-0.072841	-0.073121	-0.072968	-0.073114
643.000000	-0.072631	-0.072643	-0.072832	-0.072706	-0.073014	-0.072920	-0.072940
644.000000	-0.072555	-0.072457	-0.072672	-0.072629	-0.072874	-0.072861	-0.072758
645.000000	-0.072458	-0.072371	-0.072511	-0.072587	-0.072702	-0.072741	-0.072660
646.000000	-0.072354	-0.072417	-0.072421	-0.072564	-0.072531	-0.072571	-0.072668
647.000000	-0.072307	-0.072484	-0.072423	-0.072556	-0.072444	-0.072475	-0.072678
648.000000	-0.072354	-0.072496	-0.072513	-0.072569	-0.072490	-0.072528	-0.072633
649.000000	-0.072441	-0.072518	-0.072628	-0.072628	-0.072612	-0.072643	-0.072643
650.000000	-0.072513	-0.072605	-0.072702	-0.072737	-0.072739	-0.072728	-0.072793
651.000000	-0.072574	-0.072673	-0.072710	-0.072824	-0.072811	-0.072765	-0.072955
652.000000	-0.072617	-0.072616	-0.072629	-0.072797	-0.072773	-0.072748	-0.072964
653.000000	-0.072490	-0.072398	-0.072422	-0.072604	-0.072575	-0.072606	-0.072761
654.000000	-0.072022	-0.072015	-0.072061	-0.072218	-0.072186	-0.072263	-0.072340
655.000000	-0.071403	-0.071556	-0.071620	-0.071727	-0.071703	-0.071802	-0.071832
656.000000	-0.070986	-0.071149	-0.071227	-0.071279	-0.071289	-0.071381	-0.071428
657.000000	-0.070793	-0.070832	-0.070910	-0.070932	-0.070976	-0.071056	-0.071159
658.000000	-0.070603	-0.070573	-0.070632	-0.070682	-0.070706	-0.070804	-0.070940
659.000000	-0.070369	-0.070373	-0.070406	-0.070520	-0.070503	-0.070621	-0.070750
660.000000	-0.070238	-0.070271	-0.070307	-0.070437	-0.070473	-0.070526	-0.070642
661.000000	-0.070234	-0.070233	-0.070300	-0.070392	-0.070579	-0.070494	-0.070593
662.000000	-0.070186	-0.070123	-0.070179	-0.070292	-0.070553	-0.070432	-0.070458
663.000000	-0.069973	-0.069869	-0.069856	-0.070085	-0.070254	-0.070264	-0.070165
664.000000	-0.069624	-0.069564	-0.069513	-0.069803	-0.069847	-0.069970	-0.069818
665.000000	-0.069203	-0.069290	-0.069295	-0.069487	-0.069492	-0.069572	-0.069518
666.000000	-0.068837	-0.069031	-0.069100	-0.069174	-0.069207	-0.069209	-0.069292
667.000000	-0.068619	-0.068753	-0.068812	-0.068887	-0.068970	-0.068991	-0.069130
668.000000	-0.068427	-0.068455	-0.068476	-0.068599	-0.068696	-0.068805	-0.068922
669.000000	-0.068112	-0.068144	-0.068173	-0.068283	-0.068314	-0.068504	-0.068568
670.000000	-0.067788	-0.067875	-0.067941	-0.068025	-0.067989	-0.068181	-0.068213
671.000000	-0.067653	-0.067714	-0.067791	-0.067940	-0.067949	-0.068008	-0.068083
672.000000	-0.067649	-0.067630	-0.067702	-0.067947	-0.068049	-0.067947	-0.068078
673.000000	-0.067569	-0.067542	-0.067630	-0.067861	-0.067934	-0.067834	-0.067924
674.000000	-0.067372	-0.067411	-0.067540	-0.067653	-0.067602	-0.067640	-0.067626
675.000000	-0.067158	-0.067245	-0.067402	-0.067438	-0.067352	-0.067446	-0.067430
676.000000	-0.067014	-0.067098	-0.067246	-0.067288	-0.067302	-0.067314	-0.067419
677.000000	-0.067005	-0.067079	-0.067167	-0.067224	-0.067339	-0.067267	-0.067471
678.000000	-0.067112	-0.067195	-0.067198	-0.067223	-0.067369	-0.067291	-0.067492
679.000000	-0.067175	-0.067270	-0.067257	-0.067204	-0.067355	-0.067303	-0.067466
680.000000	-0.067105	-0.067201	-0.067275	-0.067129	-0.067290	-0.067263	-0.067405
681.000000	-0.067017	-0.067111	-0.067243	-0.067095	-0.067224	-0.067245	-0.067376
682.000000	-0.067024	-0.067121	-0.067177	-0.067176	-0.067210	-0.067312	-0.067428
683.000000	-0.067101	-0.067213	-0.067163	-0.067307	-0.067270	-0.067422	-0.067502
684.000000	-0.067192	-0.067335	-0.067265	-0.067403	-0.067403	-0.067510	-0.067532
685.000000	-0.067225	-0.067407	-0.067391	-0.067457	-0.067513	-0.067531	-0.067538
686.000000	-0.067141	-0.067359	-0.067411	-0.067481	-0.067493	-0.067454	-0.067561
687.000000	-0.067025	-0.067258	-0.067352	-0.067467	-0.067388	-0.067352	-0.067594
688.000000	-0.067019	-0.067235	-0.067315	-0.067397	-0.067309	-0.067337	-0.067606
689.000000	-0.067134	-0.067308	-0.067352	-0.067343	-0.067318	-0.067422	-0.067625
690.000000	-0.067282	-0.067423	-0.067477	-0.067431	-0.067439	-0.067543	-0.067710
691.000000	-0.067383	-0.067495	-0.067611	-0.067581	-0.067593	-0.067615	-0.067809
692.000000	-0.067361	-0.067412	-0.067592	-0.067526	-0.067604	-0.067531	-0.067760
693.000000	-0.067221	-0.067197	-0.067400	-0.067241	-0.067442	-0.067315	-0.067543
694.000000	-0.067081	-0.067049	-0.067217	-0.067046	-0.067282	-0.067174	-0.067330
695.000000	-0.067013	-0.067051	-0.067146	-0.067105	-0.067219	-0.067203	-0.067234
696.000000	-0.066986	-0.067044	-0.067108	-0.067229	-0.067167	-0.067263	-0.067219
697.000000	-0.066970	-0.066924	-0.067041	-0.067260	-0.067071	-0.067242	-0.067238
698.000000	-0.066968	-0.066839	-0.066990	-0.067227	-0.067012	-0.067184	-0.067249
699.000000	-0.066981	-0.066912	-0.066993	-0.067184	-0.067054	-0.067150	-0.067222
700.000000	-0.066966	-0.067001	-0.066987	-0.067143	-0.067095	-0.067138	-0.067185
701.000000	-0.066880	-0.066936	-0.066902	-0.067102	-0.067020	-0.067130	-0.067173
702.000000	-0.066761	-0.066803	-0.066797	-0.067053	-0.066911	-0.067114	-0.067176
703.000000	-0.066669	-0.066760	-0.066762	-0.066982	-0.066905	-0.067077	-0.067170
704.000000	-0.066597	-0.066761	-0.066744	-0.066883	-0.066944	-0.067003	-0.067097
705.000000	-0.066505	-0.066654	-0.066621	-0.066756	-0.066870	-0.066876	-0.066893
706.000000	-0.066347	-0.066431	-0.066387	-0.066591	-0.066665	-0.066707	-0.066611
707.000000	-0.066075	-0.066184	-0.066122	-0.066368	-0.066413	-0.066525	-0.066393
708.000000	-0.065714	-0.065914	-0.065850	-0.066067	-0.066130	-0.066295	-0.066229
709.000000	-0.065367	-0.065520	-0.065528	-0.065664	-0.065758	-0.065914	-0.065946
710.000000	-0.065034	-0.064981	-0.065138	-0.065173	-0.065293	-0.065380	-0.065478
711.000000	-0.064559	-0.064410	-0.064708	-0.064665	-0.064828	-0.064848	-0.064925
712.000000	-0.063872	-0.063872	-0.064232	-0.064180	-0.064388	-0.064389	-0.064373
713.000000	-0.063129	-0.063306	-0.063634	-0.063681	-0.063838	-0.063877	-0.063849
714.000000	-0.062463	-0.062677	-0.062878	-0.063133	-0.063108	-0.063226	-0.063361
715.000000	-0.061858	-0.062081	-0.062091	-0.062535	-0.062386	-0.062571	-0.062867
716.000000	-0.061258	-0.061581	-0.061393	-0.061886	-0.061833	-0.062021	-0.062311
717.000000	-0.060549	-0.060973	-0.060737	-0.061148	-0.061259	-0.061367	-0.061587
718.000000	-0.059635	-0.060030	-0.060030	-0.060283	-0.060421	-0.060380	-0.060615
719.000000	-0.058629	-0.058912	-0.059213	-0.059332	-0.059429	-0.059310	-0.059573
720.000000	-0.057727	-0.057922	-0.058261	-0.058374	-0.058526	-0.058564	-0.058728
721.000000	-0.057027	-0.057170	-0.057346	-0.057575	-0.057814	-0.058108	-0.058129
722.000000	-0.056556	-0.056635	-0.056736	-0.057121	-0.057298	-0.057646	-0.057682
723.000000	-0.056070	-0.056058	-0.056252	-0.056721	-0.056773	-0.056980	-0.057126
724.000000	-0.055113	-0.054994	-0.055358	-0.055700	-0.055868	-0.056004	-0.056078
725.000000	-0.053761	-0.053594	-0.054125	-0.054156	-0.054676	-0.054911	-0.054713
726.000000	-0.052713	-0.052702	-0.053343	-0.053100	-0.053832	-0.054236	-0.053855
727.000000	-0.052236	-0.052544	-0.053191	-0.052893	-0.053521	-0.054056	-0.053699
728.000000	-0.051813	-0.052245	-0.052760	-0.052724	-0.053124	-0.053659	-0.053323
729.000000	-0.051111	-0.051314	-0.051591	-0.052053	-0.052298	-0.052688	-0.052263
730.000000	-0.050401	-0.050398	-0.050538	-0.051239	-0.051529	-0.051808	-0.051393
731.000000	-0.049942	-0.050085	-0.050340	-0.050646	-0.051246	-0.051595	-0.051465
732.000000	-0.049652	-0.050173	-0.050702	-0.050217	-0.051283	-0.051818	-0.052147
