[HEADER]
Format	J&M ASCII Table
Comment	20 ml miliQ plus 5 ml sample
Date	2/21/2023 4:23:16 AM
Order	Y (evenX)
TechType	UV
NumPoints	483
FirstX	250.00
LastX	732.00
XType	NMetr
YType	Absrb
ZType	Secs
NumSubFile	7
Matrix	Z vs X
[DATA]
	0.000000	5.000064	10.000128	15.000256	20.000320	25.000383	30.000511
250.000000	1.421320	1.415271	1.419005	1.420089	1.411939	1.417099	1.422279
251.000000	1.407799	1.399006	1.403963	1.406300	1.397726	1.400333	1.403361
252.000000	1.387113	1.382033	1.382182	1.388601	1.382804	1.379652	1.379593
253.000000	1.367955	1.368153	1.362812	1.371430	1.367996	1.362949	1.359379
254.000000	1.357199	1.359572	1.352683	1.358395	1.354282	1.355656	1.349076
255.000000	1.350933	1.351374	1.345972	1.347893	1.342747	1.350999	1.343947
256.000000	1.343916	1.338836	1.335986	1.337825	1.334323	1.341381	1.337966
257.000000	1.336447	1.326753	1.326292	1.329548	1.328959	1.329183	1.331257
258.000000	1.330624	1.322238	1.323080	1.325338	1.326263	1.319925	1.325986
259.000000	1.327789	1.324430	1.325021	1.325224	1.325768	1.316947	1.323973
260.000000	1.328745	1.328473	1.327145	1.327997	1.326963	1.322051	1.326588
261.000000	1.332122	1.331527	1.328300	1.331361	1.329256	1.330833	1.331126
262.000000	1.334930	1.332396	1.330253	1.332283	1.332000	1.334370	1.331937
263.000000	1.335928	1.331646	1.333061	1.330742	1.334579	1.331552	1.329111
264.000000	1.335923	1.331787	1.334762	1.330145	1.336419	1.330262	1.329314
265.000000	1.335683	1.333805	1.334642	1.331761	1.337197	1.333585	1.334325
266.000000	1.335729	1.335934	1.334287	1.332919	1.337001	1.335656	1.337044
267.000000	1.336344	1.336684	1.334672	1.331947	1.336026	1.332834	1.333615
268.000000	1.337279	1.335951	1.334635	1.330705	1.334633	1.329399	1.330706
269.000000	1.337657	1.333702	1.332781	1.330471	1.332841	1.328868	1.333435
270.000000	1.334450	1.329303	1.328145	1.327995	1.329222	1.326764	1.334173
271.000000	1.325012	1.322247	1.320200	1.319851	1.322271	1.317998	1.324275
272.000000	1.312395	1.313740	1.310496	1.308523	1.312243	1.306050	1.308448
273.000000	1.301305	1.305317	1.301086	1.298239	1.300039	1.296904	1.295608
274.000000	1.290971	1.295163	1.290999	1.287853	1.286273	1.288503	1.285200
275.000000	1.277601	1.279736	1.277629	1.273325	1.271360	1.274466	1.271439
276.000000	1.260406	1.259508	1.260506	1.254791	1.255117	1.254645	1.253497
277.000000	1.241207	1.238384	1.241033	1.235961	1.236888	1.234252	1.234837
278.000000	1.221479	1.218605	1.220993	1.218533	1.217419	1.216061	1.217303
279.000000	1.202142	1.200144	1.202558	1.201500	1.199239	1.199515	1.200497
280.000000	1.183768	1.182604	1.186066	1.184076	1.183108	1.183490	1.183761
281.000000	1.166342	1.165152	1.168345	1.166232	1.166222	1.166192	1.166217
282.000000	1.149524	1.147343	1.147551	1.147946	1.146748	1.146695	1.147369
283.000000	1.132218	1.129974	1.126791	1.128976	1.126787	1.126790	1.127887
284.000000	1.113443	1.113441	1.108835	1.109182	1.108356	1.108162	1.108465
285.000000	1.093327	1.095356	1.091024	1.089048	1.089968	1.089859	1.088979
286.000000	1.072468	1.073386	1.070009	1.069239	1.069715	1.070503	1.069256
287.000000	1.052558	1.051063	1.048273	1.050480	1.049640	1.050887	1.050399
288.000000	1.035523	1.033813	1.030364	1.033384	1.033085	1.032609	1.033857
289.000000	1.020489	1.019802	1.015761	1.017002	1.018768	1.015771	1.018807
290.000000	1.004868	1.002809	1.000788	0.999478	1.002606	0.999523	1.003031
291.000000	0.987937	0.982656	0.984122	0.981089	0.984306	0.983373	0.985875
292.000000	0.970765	0.964902	0.966732	0.964107	0.967179	0.967185	0.968188
293.000000	0.953883	0.951210	0.949517	0.949051	0.952104	0.950863	0.950653
294.000000	0.936976	0.937478	0.933151	0.933863	0.936376	0.934345	0.933639
295.000000	0.920087	0.921184	0.917861	0.917455	0.918771	0.917675	0.917362
296.000000	0.904133	0.904002	0.902980	0.901159	0.901732	0.901108	0.901780
297.000000	0.889650	0.887688	0.887975	0.886136	0.887064	0.884948	0.886774
298.000000	0.875608	0.872577	0.873098	0.872031	0.873086	0.869583	0.872085
299.000000	0.860917	0.858556	0.858635	0.858217	0.857933	0.855262	0.857478
300.000000	0.845737	0.844670	0.844272	0.844222	0.842271	0.841495	0.842949
301.000000	0.830606	0.829921	0.829604	0.829710	0.827424	0.827641	0.828572
302.000000	0.816015	0.814988	0.814974	0.815040	0.813747	0.813700	0.814461
303.000000	0.802381	0.801229	0.801038	0.800873	0.801093	0.799966	0.800747
304.000000	0.789496	0.788494	0.787870	0.787505	0.788800	0.786627	0.787531
305.000000	0.776733	0.775617	0.775136	0.774959	0.775883	0.773793	0.774883
306.000000	0.764023	0.762473	0.762710	0.762946	0.762426	0.761457	0.762682
307.000000	0.751877	0.750027	0.750676	0.750870	0.749610	0.749494	0.750610
308.000000	0.740466	0.738725	0.739047	0.738620	0.737965	0.737863	0.738636
309.000000	0.729404	0.728147	0.727710	0.726858	0.726952	0.726659	0.727182
310.000000	0.718446	0.717895	0.716712	0.716036	0.716208	0.715950	0.716478
311.000000	0.707768	0.707785	0.706504	0.705981	0.705976	0.705710	0.706223
312.000000	0.697544	0.697713	0.697259	0.696441	0.696398	0.695896	0.696104
313.000000	0.687735	0.687759	0.688001	0.687186	0.686974	0.686439	0.686017
314.000000	0.678281	0.678053	0.677856	0.678016	0.677216	0.677249	0.675989
315.000000	0.669270	0.668810	0.667870	0.668878	0.667461	0.668138	0.666539
316.000000	0.660801	0.660214	0.659468	0.659785	0.658255	0.658930	0.658202
317.000000	0.652663	0.651971	0.651754	0.650860	0.649543	0.649859	0.650252
318.000000	0.644495	0.643580	0.642808	0.642280	0.640985	0.641335	0.641423
319.000000	0.636133	0.635138	0.633127	0.634051	0.632667	0.633367	0.632080
320.000000	0.627574	0.627174	0.624978	0.626051	0.624968	0.625658	0.623776
321.000000	0.619128	0.619694	0.618546	0.618136	0.617660	0.617904	0.616705
322.000000	0.611436	0.612110	0.611663	0.610142	0.609842	0.609809	0.609520
323.000000	0.604491	0.604138	0.603379	0.602068	0.601373	0.601425	0.601537
324.000000	0.597196	0.596047	0.594941	0.594192	0.593428	0.593371	0.593300
325.000000	0.588920	0.588060	0.587212	0.586586	0.586532	0.585941	0.585264
326.000000	0.580428	0.580158	0.579603	0.578764	0.579324	0.578495	0.577385
327.000000	0.572456	0.572306	0.571557	0.570400	0.570731	0.570499	0.569565
328.000000	0.564827	0.564556	0.563464	0.562082	0.561856	0.562360	0.561778
329.000000	0.557217	0.556943	0.555833	0.554473	0.554029	0.554610	0.554031
330.000000	0.549717	0.549292	0.548567	0.547396	0.546893	0.547208	0.546421
331.000000	0.542509	0.541385	0.541350	0.540379	0.539562	0.539896	0.539050
332.000000	0.535220	0.533367	0.533881	0.533037	0.531915	0.532316	0.531775
333.000000	0.527240	0.525571	0.525902	0.525075	0.524243	0.524105	0.524329
334.000000	0.518996	0.518164	0.517745	0.516902	0.516718	0.515682	0.516667
335.000000	0.511723	0.511175	0.510197	0.509473	0.509413	0.508077	0.508929
336.000000	0.505575	0.504470	0.503470	0.503016	0.502397	0.501599	0.501449
337.000000	0.499404	0.497728	0.497079	0.496883	0.495747	0.495682	0.494782
338.000000	0.492630	0.490889	0.490753	0.490595	0.489461	0.489802	0.488970
339.000000	0.485799	0.484361	0.484658	0.484057	0.483407	0.483591	0.483146
340.000000	0.479398	0.478402	0.478852	0.477377	0.477462	0.476940	0.476766
341.000000	0.473463	0.472748	0.472987	0.471086	0.471560	0.470376	0.470376
342.000000	0.467942	0.467135	0.466840	0.465584	0.465696	0.464414	0.464557
343.000000	0.462727	0.461636	0.460965	0.460472	0.460061	0.459098	0.459321
344.000000	0.457723	0.456416	0.455960	0.455287	0.454874	0.454341	0.454526
345.000000	0.453001	0.451673	0.451495	0.450397	0.450188	0.449947	0.449998
346.000000	0.448684	0.447585	0.446949	0.446399	0.445979	0.445700	0.445573
347.000000	0.444742	0.443996	0.442367	0.442896	0.442104	0.441584	0.441358
348.000000	0.441055	0.440559	0.438166	0.438970	0.438353	0.437698	0.437600
349.000000	0.437501	0.437028	0.434556	0.434604	0.434585	0.434035	0.434174
350.000000	0.433957	0.433242	0.431552	0.430547	0.430727	0.430499	0.430651
351.000000	0.430438	0.429288	0.428859	0.427115	0.426895	0.427020	0.426943
352.000000	0.427122	0.425548	0.425801	0.424063	0.423439	0.423568	0.423393
353.000000	0.424004	0.422196	0.422168	0.421066	0.420400	0.420092	0.420103
354.000000	0.420720	0.419000	0.418642	0.417728	0.417231	0.416500	0.416682
355.000000	0.417045	0.415723	0.415589	0.413890	0.413570	0.412769	0.412870
356.000000	0.413249	0.412243	0.412247	0.410076	0.409747	0.409079	0.408920
357.000000	0.409564	0.408465	0.407945	0.406690	0.406061	0.405546	0.405078
358.000000	0.405708	0.404312	0.403227	0.403133	0.402201	0.401851	0.401216
359.000000	0.401325	0.399722	0.398807	0.398685	0.397761	0.397618	0.397101
360.000000	0.396471	0.394701	0.394389	0.393598	0.392820	0.392816	0.392490
361.000000	0.391351	0.389298	0.389329	0.388452	0.387627	0.387549	0.387175
362.000000	0.385978	0.383716	0.383617	0.383176	0.382247	0.381927	0.381302
363.000000	0.380250	0.378227	0.377607	0.377327	0.376620	0.376048	0.375221
364.000000	0.374080	0.372588	0.371359	0.370868	0.370597	0.369880	0.369000
365.000000	0.367402	0.366117	0.364666	0.364122	0.363945	0.363278	0.362457
366.000000	0.360146	0.358659	0.357415	0.357121	0.356618	0.356130	0.355407
367.000000	0.352241	0.350754	0.349633	0.349506	0.348801	0.348375	0.347672
368.000000	0.343753	0.342662	0.341392	0.341124	0.340611	0.340069	0.339258
369.000000	0.335011	0.334027	0.332837	0.332254	0.332003	0.331479	0.330513
370.000000	0.326156	0.324649	0.324021	0.323121	0.322908	0.322720	0.321641
371.000000	0.316726	0.314979	0.314714	0.313650	0.313260	0.313388	0.312323
372.000000	0.306388	0.305426	0.304748	0.303781	0.303087	0.303184	0.302313
373.000000	0.295868	0.295707	0.294455	0.293754	0.292855	0.292661	0.292089
374.000000	0.285993	0.285441	0.284237	0.283840	0.283036	0.282486	0.282211
375.000000	0.276328	0.274857	0.274033	0.273937	0.273304	0.272550	0.272429
376.000000	0.265995	0.264401	0.263614	0.263809	0.263069	0.262449	0.262218
377.000000	0.255087	0.254094	0.253064	0.253433	0.252470	0.252147	0.251702
378.000000	0.244281	0.243707	0.242647	0.242921	0.242077	0.241833	0.241395
379.000000	0.233887	0.233323	0.232458	0.232459	0.231994	0.231637	0.231417
380.000000	0.223871	0.223303	0.222431	0.222292	0.221902	0.221629	0.221528
381.000000	0.214092	0.213663	0.212523	0.212460	0.211772	0.211801	0.211629
382.000000	0.204290	0.203958	0.202728	0.202730	0.201975	0.202049	0.201823
383.000000	0.194476	0.194080	0.193110	0.193074	0.192708	0.192413	0.192254
384.000000	0.185210	0.184638	0.183874	0.183891	0.183781	0.183229	0.183119
385.000000	0.176823	0.176053	0.175188	0.175437	0.175070	0.174719	0.174547
386.000000	0.168793	0.167942	0.167085	0.167408	0.166775	0.166666	0.166454
387.000000	0.160639	0.159928	0.159522	0.159499	0.159079	0.158853	0.158728
388.000000	0.152782	0.152328	0.152245	0.151859	0.151815	0.151409	0.151325
389.000000	0.145798	0.145559	0.145016	0.144741	0.144766	0.144525	0.144231
390.000000	0.139562	0.139391	0.138132	0.138234	0.138037	0.138146	0.137537
391.000000	0.133684	0.133364	0.132073	0.132342	0.131857	0.132129	0.131376
392.000000	0.128090	0.127560	0.126747	0.126918	0.126260	0.126484	0.125820
393.000000	0.122898	0.122376	0.121717	0.121733	0.121152	0.121315	0.120896
394.000000	0.118094	0.117760	0.116849	0.116740	0.116421	0.116522	0.116421
395.000000	0.113535	0.113242	0.112291	0.112064	0.111932	0.111828	0.112027
396.000000	0.109167	0.108664	0.108085	0.107759	0.107634	0.107247	0.107622
397.000000	0.105055	0.104304	0.104117	0.103775	0.103584	0.103192	0.103494
398.000000	0.101202	0.100330	0.100302	0.100027	0.099785	0.099778	0.099770
399.000000	0.097461	0.096627	0.096628	0.096370	0.096118	0.096479	0.096211
400.000000	0.093723	0.093072	0.093061	0.092711	0.092496	0.092884	0.092619
401.000000	0.090031	0.089613	0.089460	0.089126	0.088961	0.089136	0.089046
402.000000	0.086453	0.086208	0.085741	0.085699	0.085560	0.085455	0.085568
403.000000	0.083024	0.082805	0.082159	0.082384	0.082233	0.081933	0.082165
404.000000	0.079768	0.079377	0.078998	0.079115	0.078914	0.078615	0.078803
405.000000	0.076662	0.076078	0.076052	0.075926	0.075692	0.075464	0.075553
406.000000	0.073665	0.073108	0.072944	0.072882	0.072704	0.072415	0.072516
407.000000	0.070687	0.070321	0.069715	0.069895	0.069839	0.069421	0.069582
408.000000	0.067621	0.067368	0.066661	0.066799	0.066849	0.066455	0.066523
409.000000	0.064547	0.064281	0.063859	0.063669	0.063781	0.063536	0.063397
410.000000	0.061712	0.061441	0.061182	0.060805	0.060958	0.060722	0.060524
411.000000	0.059127	0.058921	0.058506	0.058256	0.058423	0.058006	0.057957
412.000000	0.056479	0.056371	0.055732	0.055725	0.055833	0.055297	0.055381
413.000000	0.053630	0.053606	0.052859	0.053041	0.053019	0.052563	0.052631
414.000000	0.050828	0.050826	0.050083	0.050332	0.050200	0.049905	0.049898
415.000000	0.048271	0.048207	0.047548	0.047709	0.047573	0.047400	0.047345
416.000000	0.045886	0.045714	0.045181	0.045133	0.045124	0.045007	0.044947
417.000000	0.043560	0.043294	0.042888	0.042576	0.042795	0.042669	0.042646
418.000000	0.041213	0.040968	0.040675	0.040190	0.040489	0.040370	0.040411
419.000000	0.038803	0.038766	0.038557	0.038128	0.038129	0.038105	0.038215
420.000000	0.036456	0.036608	0.036418	0.036194	0.035800	0.035886	0.036009
421.000000	0.034356	0.034383	0.034114	0.034080	0.033647	0.033733	0.033748
422.000000	0.032473	0.032168	0.031799	0.031852	0.031682	0.031677	0.031512
423.000000	0.030648	0.030146	0.029793	0.029798	0.029834	0.029752	0.029454
424.000000	0.028783	0.028293	0.028059	0.027952	0.028019	0.027902	0.027569
425.000000	0.026835	0.026404	0.026235	0.026116	0.026146	0.025995	0.025708
426.000000	0.024824	0.024419	0.024199	0.024198	0.024200	0.024006	0.023823
427.000000	0.022850	0.022485	0.022164	0.022264	0.022268	0.022057	0.022007
428.000000	0.020977	0.020669	0.020271	0.020365	0.020389	0.020209	0.020287
429.000000	0.019188	0.018862	0.018473	0.018505	0.018497	0.018387	0.018552
430.000000	0.017444	0.016985	0.016709	0.016680	0.016558	0.016536	0.016716
431.000000	0.015671	0.015111	0.014924	0.014885	0.014663	0.014700	0.014815
432.000000	0.013817	0.013321	0.013094	0.013116	0.012895	0.012931	0.012915
433.000000	0.011957	0.011612	0.011327	0.011373	0.011192	0.011223	0.011117
434.000000	0.010190	0.009953	0.009738	0.009661	0.009471	0.009554	0.009510
435.000000	0.008554	0.008294	0.008241	0.007999	0.007769	0.007906	0.007983
436.000000	0.007053	0.006586	0.006679	0.006407	0.006167	0.006262	0.006369
437.000000	0.005613	0.004921	0.005056	0.004877	0.004663	0.004661	0.004700
438.000000	0.004117	0.003467	0.003469	0.003381	0.003208	0.003166	0.003128
439.000000	0.002533	0.002152	0.001928	0.001883	0.001758	0.001743	0.001660
440.000000	0.000906	0.000692	0.000366	0.000342	0.000271	0.000271	0.000175
441.000000	-0.000703	-0.000957	-0.001217	-0.001225	-0.001244	-0.001274	-0.001349
442.000000	-0.002214	-0.002516	-0.002725	-0.002723	-0.002722	-0.002791	-0.002799
443.000000	-0.003586	-0.003845	-0.004104	-0.004097	-0.004126	-0.004208	-0.004120
444.000000	-0.004856	-0.005091	-0.005380	-0.005381	-0.005478	-0.005530	-0.005382
445.000000	-0.006081	-0.006386	-0.006602	-0.006620	-0.006800	-0.006785	-0.006659
446.000000	-0.007345	-0.007714	-0.007857	-0.007858	-0.008085	-0.008056	-0.007997
447.000000	-0.008704	-0.009038	-0.009204	-0.009136	-0.009333	-0.009395	-0.009406
448.000000	-0.010070	-0.010331	-0.010550	-0.010457	-0.010582	-0.010701	-0.010754
449.000000	-0.011330	-0.011566	-0.011776	-0.011801	-0.011861	-0.011852	-0.011907
450.000000	-0.012469	-0.012700	-0.012855	-0.013028	-0.013089	-0.012897	-0.012963
451.000000	-0.013517	-0.013696	-0.013806	-0.013983	-0.014154	-0.013944	-0.014095
452.000000	-0.014533	-0.014649	-0.014737	-0.014819	-0.015112	-0.015027	-0.015294
453.000000	-0.015588	-0.015723	-0.015801	-0.015858	-0.016110	-0.016132	-0.016447
454.000000	-0.016658	-0.016884	-0.016970	-0.017085	-0.017164	-0.017209	-0.017479
455.000000	-0.017641	-0.017930	-0.018065	-0.018196	-0.018175	-0.018180	-0.018355
456.000000	-0.018539	-0.018825	-0.019027	-0.019107	-0.019121	-0.019070	-0.019145
457.000000	-0.019488	-0.019752	-0.019958	-0.020013	-0.020073	-0.020033	-0.020051
458.000000	-0.020534	-0.020793	-0.020916	-0.021013	-0.021061	-0.021118	-0.021135
459.000000	-0.021546	-0.021815	-0.021862	-0.021998	-0.022023	-0.022162	-0.022189
460.000000	-0.022419	-0.022713	-0.022753	-0.022879	-0.022902	-0.023035	-0.023061
461.000000	-0.023161	-0.023505	-0.023558	-0.023690	-0.023691	-0.023744	-0.023823
462.000000	-0.023817	-0.024236	-0.024274	-0.024472	-0.024400	-0.024352	-0.024568
463.000000	-0.024509	-0.024962	-0.024987	-0.025227	-0.025097	-0.025032	-0.025307
464.000000	-0.025351	-0.025736	-0.025791	-0.025957	-0.025858	-0.025944	-0.026041
465.000000	-0.026293	-0.026577	-0.026675	-0.026739	-0.026720	-0.026969	-0.026823
466.000000	-0.027231	-0.027480	-0.027587	-0.027660	-0.027691	-0.027896	-0.027718
467.000000	-0.028100	-0.028388	-0.028488	-0.028621	-0.028668	-0.028698	-0.028674
468.000000	-0.028862	-0.029220	-0.029347	-0.029431	-0.029495	-0.029448	-0.029581
469.000000	-0.029549	-0.029982	-0.030147	-0.030113	-0.030194	-0.030194	-0.030401
470.000000	-0.030246	-0.030753	-0.030883	-0.030863	-0.030932	-0.030960	-0.031157
471.000000	-0.030978	-0.031534	-0.031576	-0.031712	-0.031747	-0.031740	-0.031869
472.000000	-0.031691	-0.032230	-0.032274	-0.032486	-0.032517	-0.032492	-0.032555
473.000000	-0.032375	-0.032814	-0.032992	-0.033110	-0.033176	-0.033196	-0.033222
474.000000	-0.033099	-0.033387	-0.033684	-0.033701	-0.033776	-0.033864	-0.033859
475.000000	-0.033888	-0.034029	-0.034333	-0.034355	-0.034380	-0.034521	-0.034480
476.000000	-0.034632	-0.034735	-0.035017	-0.035068	-0.035042	-0.035196	-0.035171
477.000000	-0.035248	-0.035481	-0.035790	-0.035813	-0.035792	-0.035912	-0.035987
478.000000	-0.035858	-0.036228	-0.036577	-0.036535	-0.036555	-0.036653	-0.036823
479.000000	-0.036587	-0.036938	-0.037285	-0.037185	-0.037243	-0.037391	-0.037556
480.000000	-0.037331	-0.037621	-0.037913	-0.037789	-0.037848	-0.038077	-0.038154
481.000000	-0.037920	-0.038293	-0.038489	-0.038391	-0.038389	-0.038657	-0.038627
482.000000	-0.038382	-0.038878	-0.038988	-0.038944	-0.038888	-0.039130	-0.039024
483.000000	-0.038845	-0.039260	-0.039364	-0.039359	-0.039371	-0.039523	-0.039414
484.000000	-0.039328	-0.039502	-0.039678	-0.039682	-0.039829	-0.039871	-0.039834
485.000000	-0.039770	-0.039799	-0.040069	-0.040064	-0.040232	-0.040216	-0.040293
486.000000	-0.040183	-0.040241	-0.040574	-0.040564	-0.040615	-0.040613	-0.040778
487.000000	-0.040662	-0.040795	-0.041117	-0.041129	-0.041091	-0.041124	-0.041249
488.000000	-0.041242	-0.041424	-0.041654	-0.041715	-0.041699	-0.041753	-0.041725
489.000000	-0.041859	-0.042094	-0.042209	-0.042300	-0.042359	-0.042398	-0.042316
490.000000	-0.042449	-0.042761	-0.042790	-0.042869	-0.042993	-0.042990	-0.043046
491.000000	-0.042977	-0.043357	-0.043357	-0.043424	-0.043556	-0.043558	-0.043714
492.000000	-0.043430	-0.043839	-0.043880	-0.043964	-0.044034	-0.044131	-0.044170
493.000000	-0.043862	-0.044259	-0.044382	-0.044472	-0.044493	-0.044686	-0.044563
494.000000	-0.044326	-0.044678	-0.044888	-0.044931	-0.044998	-0.045188	-0.045062
495.000000	-0.044812	-0.045090	-0.045376	-0.045362	-0.045502	-0.045627	-0.045574
496.000000	-0.045288	-0.045477	-0.045809	-0.045792	-0.045936	-0.045999	-0.045946
497.000000	-0.045758	-0.045875	-0.046207	-0.046241	-0.046328	-0.046356	-0.046268
498.000000	-0.046240	-0.046348	-0.046611	-0.046724	-0.046755	-0.046770	-0.046732
499.000000	-0.046726	-0.046887	-0.047042	-0.047225	-0.047236	-0.047253	-0.047315
500.000000	-0.047193	-0.047439	-0.047502	-0.047709	-0.047750	-0.047775	-0.047835
501.000000	-0.047628	-0.047941	-0.047973	-0.048156	-0.048240	-0.048275	-0.048241
502.000000	-0.048031	-0.048329	-0.048420	-0.048565	-0.048621	-0.048662	-0.048620
503.000000	-0.048426	-0.048633	-0.048833	-0.048946	-0.048907	-0.048946	-0.049030
504.000000	-0.048870	-0.049021	-0.049240	-0.049333	-0.049262	-0.049300	-0.049482
505.000000	-0.049376	-0.049560	-0.049661	-0.049743	-0.049769	-0.049815	-0.049963
506.000000	-0.049849	-0.050074	-0.050092	-0.050166	-0.050301	-0.050379	-0.050428
507.000000	-0.050224	-0.050428	-0.050524	-0.050587	-0.050750	-0.050880	-0.050845
508.000000	-0.050570	-0.050735	-0.050932	-0.051003	-0.051165	-0.051296	-0.051240
509.000000	-0.050961	-0.051127	-0.051301	-0.051416	-0.051605	-0.051638	-0.051641
510.000000	-0.051373	-0.051575	-0.051685	-0.051854	-0.052018	-0.051991	-0.052045
511.000000	-0.051754	-0.052006	-0.052146	-0.052335	-0.052336	-0.052437	-0.052439
512.000000	-0.052116	-0.052404	-0.052627	-0.052778	-0.052617	-0.052892	-0.052812
513.000000	-0.052493	-0.052783	-0.053031	-0.053074	-0.052972	-0.053205	-0.053159
514.000000	-0.052887	-0.053159	-0.053368	-0.053308	-0.053410	-0.053432	-0.053511
515.000000	-0.053277	-0.053554	-0.053722	-0.053692	-0.053872	-0.053755	-0.053925
516.000000	-0.053660	-0.053951	-0.054108	-0.054214	-0.054306	-0.054204	-0.054379
517.000000	-0.054046	-0.054305	-0.054479	-0.054650	-0.054667	-0.054655	-0.054780
518.000000	-0.054432	-0.054618	-0.054824	-0.054930	-0.054970	-0.055043	-0.055102
519.000000	-0.054795	-0.054962	-0.055189	-0.055203	-0.055319	-0.055385	-0.055417
520.000000	-0.055142	-0.055386	-0.055609	-0.055585	-0.055767	-0.055728	-0.055786
521.000000	-0.055543	-0.055879	-0.056079	-0.056085	-0.056269	-0.056158	-0.056236
522.000000	-0.056034	-0.056394	-0.056573	-0.056665	-0.056759	-0.056703	-0.056755
523.000000	-0.056516	-0.056810	-0.057006	-0.057172	-0.057160	-0.057203	-0.057219
524.000000	-0.056901	-0.057053	-0.057322	-0.057493	-0.057431	-0.057524	-0.057530
525.000000	-0.057254	-0.057323	-0.057617	-0.057755	-0.057693	-0.057807	-0.057799
526.000000	-0.057665	-0.057847	-0.058006	-0.058124	-0.058086	-0.058232	-0.058168
527.000000	-0.058100	-0.058459	-0.058444	-0.058551	-0.058543	-0.058715	-0.058601
528.000000	-0.058481	-0.058864	-0.058830	-0.058910	-0.058926	-0.059081	-0.058997
529.000000	-0.058816	-0.059089	-0.059178	-0.059215	-0.059262	-0.059361	-0.059365
530.000000	-0.059160	-0.059352	-0.059572	-0.059558	-0.059666	-0.059704	-0.059780
531.000000	-0.059533	-0.059732	-0.060013	-0.059968	-0.060127	-0.060139	-0.060223
532.000000	-0.059921	-0.060186	-0.060432	-0.060408	-0.060526	-0.060581	-0.060598
533.000000	-0.060301	-0.060640	-0.060792	-0.060833	-0.060831	-0.060967	-0.060880
534.000000	-0.060636	-0.060990	-0.061095	-0.061181	-0.061129	-0.061259	-0.061145
535.000000	-0.060922	-0.061212	-0.061361	-0.061439	-0.061463	-0.061477	-0.061446
536.000000	-0.061207	-0.061436	-0.061635	-0.061682	-0.061778	-0.061743	-0.061787
537.000000	-0.061519	-0.061751	-0.061937	-0.061966	-0.062043	-0.062114	-0.062153
538.000000	-0.061815	-0.062095	-0.062221	-0.062272	-0.062310	-0.062450	-0.062501
539.000000	-0.062061	-0.062392	-0.062456	-0.062562	-0.062611	-0.062642	-0.062779
540.000000	-0.062294	-0.062605	-0.062710	-0.062750	-0.062843	-0.062827	-0.062929
541.000000	-0.062561	-0.062749	-0.063048	-0.062821	-0.062945	-0.063158	-0.062967
542.000000	-0.062820	-0.063085	-0.063366	-0.063233	-0.063277	-0.063521	-0.063350
543.000000	-0.063015	-0.063838	-0.063520	-0.064398	-0.064189	-0.063728	-0.064485
544.000000	-0.063222	-0.064008	-0.063625	-0.064634	-0.064436	-0.063857	-0.064714
545.000000	-0.063572	-0.062217	-0.063914	-0.061592	-0.062260	-0.064113	-0.061731
546.000000	-0.063918	-0.061618	-0.064232	-0.060348	-0.061427	-0.064396	-0.060577
547.000000	-0.063914	-0.068426	-0.064149	-0.071023	-0.069451	-0.064390	-0.071280
548.000000	-0.063812	-0.074121	-0.064006	-0.080057	-0.076219	-0.064396	-0.080273
549.000000	-0.064526	-0.053885	-0.064993	-0.047697	-0.052112	-0.065395	-0.047893
550.000000	-0.065533	-0.009930	-0.066360	0.022166	0.000125	-0.066583	0.021949
551.000000	-0.063938	0.010488	-0.064162	0.052943	0.023834	-0.064223	0.052767
552.000000	-0.058647	-0.017277	-0.057602	0.005430	-0.010291	-0.057657	0.005392
553.000000	-0.053316	-0.055030	-0.053981	-0.056053	-0.055653	-0.054098	-0.055983
554.000000	-0.051449	-0.068131	-0.058559	-0.073970	-0.070257	-0.058707	-0.073928
555.000000	-0.053626	-0.065943	-0.065373	-0.066539	-0.066346	-0.065517	-0.066596
556.000000	-0.059265	-0.064667	-0.067576	-0.063242	-0.064418	-0.067695	-0.063377
557.000000	-0.065009	-0.065857	-0.066555	-0.065709	-0.066034	-0.066653	-0.065886
558.000000	-0.067148	-0.066581	-0.065999	-0.067161	-0.066995	-0.066104	-0.067352
559.000000	-0.066479	-0.066460	-0.066365	-0.066745	-0.066765	-0.066501	-0.066918
560.000000	-0.065833	-0.066318	-0.066622	-0.066372	-0.066526	-0.066786	-0.066493
561.000000	-0.066103	-0.066513	-0.066685	-0.066661	-0.066740	-0.066855	-0.066726
562.000000	-0.066807	-0.067050	-0.067106	-0.067302	-0.067341	-0.067234	-0.067358
563.000000	-0.067226	-0.067430	-0.067560	-0.067671	-0.067775	-0.067629	-0.067765
564.000000	-0.066470	-0.066690	-0.066879	-0.066889	-0.067056	-0.066953	-0.067020
565.000000	-0.065617	-0.065860	-0.066013	-0.066044	-0.066208	-0.066152	-0.066179
566.000000	-0.068539	-0.068813	-0.068959	-0.069019	-0.069132	-0.069107	-0.069129
567.000000	-0.075539	-0.075846	-0.076072	-0.076099	-0.076144	-0.076129	-0.076171
568.000000	-0.079125	-0.079439	-0.079716	-0.079716	-0.079725	-0.079716	-0.079774
569.000000	-0.074518	-0.074798	-0.075020	-0.075043	-0.075077	-0.075087	-0.075135
570.000000	-0.068091	-0.068324	-0.068482	-0.068520	-0.068601	-0.068629	-0.068666
571.000000	-0.066473	-0.066676	-0.066859	-0.066849	-0.066955	-0.066987	-0.067032
572.000000	-0.067865	-0.068068	-0.068306	-0.068251	-0.068353	-0.068381	-0.068429
573.000000	-0.068575	-0.068807	-0.069039	-0.069029	-0.069106	-0.069128	-0.069142
574.000000	-0.068336	-0.068592	-0.068774	-0.068845	-0.068890	-0.068928	-0.068890
575.000000	-0.068242	-0.068473	-0.068616	-0.068709	-0.068729	-0.068827	-0.068754
576.000000	-0.068438	-0.068629	-0.068758	-0.068810	-0.068827	-0.068985	-0.068912
577.000000	-0.068510	-0.068724	-0.068857	-0.068854	-0.068900	-0.069043	-0.069008
578.000000	-0.068448	-0.068746	-0.068888	-0.068853	-0.068945	-0.069015	-0.069033
579.000000	-0.068593	-0.068956	-0.069102	-0.069079	-0.069196	-0.069238	-0.069272
580.000000	-0.068781	-0.069160	-0.069296	-0.069327	-0.069427	-0.069506	-0.069515
581.000000	-0.068226	-0.068590	-0.068703	-0.068797	-0.068849	-0.068940	-0.068929
582.000000	-0.067410	-0.067749	-0.067832	-0.067974	-0.067967	-0.068011	-0.068007
583.000000	-0.069148	-0.069458	-0.069528	-0.069696	-0.069661	-0.069668	-0.069666
584.000000	-0.072870	-0.073155	-0.073241	-0.073407	-0.073396	-0.073426	-0.073404
585.000000	-0.068564	-0.068842	-0.068959	-0.069084	-0.069111	-0.069192	-0.069147
586.000000	-0.054083	-0.054381	-0.054526	-0.054574	-0.054619	-0.054737	-0.054689
587.000000	-0.063654	-0.063954	-0.064134	-0.064104	-0.064180	-0.064289	-0.064257
588.000000	-0.125704	-0.125955	-0.126180	-0.126114	-0.126270	-0.126301	-0.126303
589.000000	-0.183576	-0.183779	-0.184031	-0.183986	-0.184205	-0.184151	-0.184190
590.000000	-0.161725	-0.161956	-0.162178	-0.162213	-0.162396	-0.162325	-0.162391
591.000000	-0.090823	-0.091123	-0.091293	-0.091404	-0.091498	-0.091469	-0.091547
592.000000	-0.052822	-0.053147	-0.053307	-0.053404	-0.053466	-0.053479	-0.053558
593.000000	-0.060072	-0.060381	-0.060564	-0.060587	-0.060678	-0.060717	-0.060787
594.000000	-0.072705	-0.073025	-0.073198	-0.073202	-0.073303	-0.073366	-0.073419
595.000000	-0.072386	-0.072741	-0.072871	-0.072930	-0.073003	-0.073083	-0.073133
596.000000	-0.065371	-0.065706	-0.065828	-0.065933	-0.065981	-0.066046	-0.066144
597.000000	-0.058312	-0.058570	-0.058734	-0.058837	-0.058885	-0.058908	-0.059090
598.000000	-0.056583	-0.056832	-0.057012	-0.057101	-0.057160	-0.057176	-0.057373
599.000000	-0.061804	-0.062157	-0.062296	-0.062388	-0.062466	-0.062524	-0.062626
600.000000	-0.067531	-0.067934	-0.068063	-0.068168	-0.068301	-0.068368	-0.068376
601.000000	-0.068534	-0.068822	-0.069033	-0.069151	-0.069373	-0.069364	-0.069371
602.000000	-0.067086	-0.067236	-0.067534	-0.067655	-0.067910	-0.067838	-0.067895
603.000000	-0.066341	-0.066485	-0.066786	-0.066891	-0.067050	-0.067025	-0.067122
604.000000	-0.066304	-0.066534	-0.066800	-0.066871	-0.066918	-0.067007	-0.067093
605.000000	-0.066134	-0.066449	-0.066710	-0.066738	-0.066801	-0.066988	-0.066991
606.000000	-0.065789	-0.066148	-0.066399	-0.066413	-0.066562	-0.066779	-0.066705
607.000000	-0.065566	-0.065911	-0.066073	-0.066151	-0.066316	-0.066466	-0.066430
608.000000	-0.065478	-0.065771	-0.065825	-0.066004	-0.066111	-0.066161	-0.066227
609.000000	-0.065367	-0.065602	-0.065670	-0.065894	-0.065951	-0.065986	-0.066072
610.000000	-0.065180	-0.065380	-0.065577	-0.065771	-0.065814	-0.065925	-0.065944
611.000000	-0.064963	-0.065179	-0.065476	-0.065617	-0.065656	-0.065840	-0.065824
612.000000	-0.064776	-0.065045	-0.065347	-0.065453	-0.065490	-0.065678	-0.065706
613.000000	-0.064687	-0.064994	-0.065234	-0.065353	-0.065397	-0.065504	-0.065605
614.000000	-0.064708	-0.065018	-0.065168	-0.065342	-0.065403	-0.065378	-0.065533
615.000000	-0.064742	-0.065068	-0.065144	-0.065355	-0.065425	-0.065342	-0.065508
616.000000	-0.064734	-0.065114	-0.065164	-0.065352	-0.065414	-0.065415	-0.065539
617.000000	-0.064774	-0.065185	-0.065256	-0.065397	-0.065454	-0.065553	-0.065610
618.000000	-0.064939	-0.065303	-0.065432	-0.065540	-0.065610	-0.065708	-0.065703
619.000000	-0.065136	-0.065430	-0.065613	-0.065701	-0.065798	-0.065846	-0.065805
620.000000	-0.065251	-0.065524	-0.065711	-0.065787	-0.065909	-0.065939	-0.065902
621.000000	-0.065288	-0.065593	-0.065740	-0.065820	-0.065917	-0.065984	-0.065967
622.000000	-0.065295	-0.065665	-0.065749	-0.065864	-0.065836	-0.065993	-0.065975
623.000000	-0.065317	-0.065739	-0.065788	-0.065929	-0.065776	-0.066016	-0.065979
624.000000	-0.065395	-0.065800	-0.065904	-0.065996	-0.065888	-0.066115	-0.066064
625.000000	-0.065530	-0.065858	-0.066063	-0.066070	-0.066125	-0.066262	-0.066206
626.000000	-0.065694	-0.065938	-0.066174	-0.066167	-0.066297	-0.066358	-0.066295
627.000000	-0.065834	-0.066029	-0.066207	-0.066268	-0.066331	-0.066366	-0.066316
628.000000	-0.065877	-0.066081	-0.066201	-0.066315	-0.066293	-0.066319	-0.066361
629.000000	-0.065811	-0.066079	-0.066187	-0.066286	-0.066249	-0.066265	-0.066461
630.000000	-0.065728	-0.066070	-0.066172	-0.066221	-0.066258	-0.066275	-0.066545
631.000000	-0.065695	-0.066077	-0.066155	-0.066157	-0.066322	-0.066358	-0.066553
632.000000	-0.065696	-0.066053	-0.066113	-0.066116	-0.066323	-0.066385	-0.066470
633.000000	-0.065708	-0.065973	-0.066045	-0.066112	-0.066191	-0.066276	-0.066319
634.000000	-0.065730	-0.065902	-0.066032	-0.066139	-0.066069	-0.066161	-0.066219
635.000000	-0.065763	-0.065907	-0.066140	-0.066186	-0.066106	-0.066179	-0.066271
636.000000	-0.065805	-0.065979	-0.066272	-0.066234	-0.066244	-0.066293	-0.066391
637.000000	-0.065853	-0.066076	-0.066302	-0.066268	-0.066370	-0.066410	-0.066449
638.000000	-0.065869	-0.066128	-0.066250	-0.066295	-0.066430	-0.066456	-0.066422
639.000000	-0.065814	-0.066064	-0.066195	-0.066330	-0.066396	-0.066376	-0.066337
640.000000	-0.065739	-0.065954	-0.066175	-0.066355	-0.066317	-0.066232	-0.066255
641.000000	-0.065755	-0.065952	-0.066200	-0.066333	-0.066279	-0.066155	-0.066260
642.000000	-0.065841	-0.066049	-0.066245	-0.066274	-0.066289	-0.066177	-0.066335
643.000000	-0.065858	-0.066084	-0.066255	-0.066231	-0.066280	-0.066235	-0.066373
644.000000	-0.065779	-0.066016	-0.066218	-0.066230	-0.066231	-0.066282	-0.066346
645.000000	-0.065718	-0.065953	-0.066173	-0.066255	-0.066192	-0.066291	-0.066324
646.000000	-0.065745	-0.065970	-0.066159	-0.066289	-0.066200	-0.066275	-0.066346
647.000000	-0.065818	-0.066060	-0.066195	-0.066315	-0.066261	-0.066307	-0.066380
648.000000	-0.065910	-0.066202	-0.066299	-0.066344	-0.066379	-0.066436	-0.066420
649.000000	-0.066056	-0.066372	-0.066482	-0.066466	-0.066545	-0.066624	-0.066545
650.000000	-0.066272	-0.066546	-0.066732	-0.066733	-0.066748	-0.066819	-0.066804
651.000000	-0.066472	-0.066707	-0.066943	-0.066986	-0.066951	-0.066976	-0.067061
652.000000	-0.066551	-0.066824	-0.066999	-0.067045	-0.067105	-0.067049	-0.067155
653.000000	-0.066446	-0.066784	-0.066879	-0.066881	-0.067084	-0.066977	-0.067028
654.000000	-0.066128	-0.066471	-0.066603	-0.066533	-0.066771	-0.066710	-0.066677
655.000000	-0.065732	-0.066026	-0.066260	-0.066135	-0.066316	-0.066341	-0.066246
656.000000	-0.065466	-0.065712	-0.065966	-0.065858	-0.065995	-0.066030	-0.065949
657.000000	-0.065331	-0.065557	-0.065741	-0.065700	-0.065841	-0.065819	-0.065809
658.000000	-0.065180	-0.065419	-0.065533	-0.065528	-0.065705	-0.065662	-0.065716
659.000000	-0.065001	-0.065277	-0.065361	-0.065362	-0.065554	-0.065568	-0.065625
660.000000	-0.064930	-0.065246	-0.065318	-0.065381	-0.065485	-0.065598	-0.065574
661.000000	-0.064988	-0.065326	-0.065399	-0.065578	-0.065517	-0.065707	-0.065563
662.000000	-0.065012	-0.065334	-0.065445	-0.065649	-0.065545	-0.065682	-0.065535
663.000000	-0.064896	-0.065163	-0.065349	-0.065431	-0.065477	-0.065431	-0.065445
664.000000	-0.064693	-0.064896	-0.065141	-0.065101	-0.065258	-0.065142	-0.065284
665.000000	-0.064468	-0.064630	-0.064880	-0.064834	-0.064898	-0.064969	-0.065062
666.000000	-0.064256	-0.064432	-0.064665	-0.064647	-0.064595	-0.064843	-0.064846
667.000000	-0.064070	-0.064330	-0.064560	-0.064518	-0.064511	-0.064670	-0.064686
668.000000	-0.063856	-0.064210	-0.064434	-0.064374	-0.064472	-0.064441	-0.064510
669.000000	-0.063564	-0.063954	-0.064139	-0.064150	-0.064257	-0.064180	-0.064235
670.000000	-0.063318	-0.063686	-0.063814	-0.063925	-0.063976	-0.063982	-0.063978
671.000000	-0.063295	-0.063610	-0.063691	-0.063826	-0.063856	-0.063948	-0.063916
672.000000	-0.063392	-0.063654	-0.063719	-0.063813	-0.063862	-0.063992	-0.063977
673.000000	-0.063358	-0.063587	-0.063689	-0.063751	-0.063807	-0.063925	-0.063947
674.000000	-0.063182	-0.063398	-0.063561	-0.063628	-0.063670	-0.063747	-0.063799
675.000000	-0.063063	-0.063259	-0.063452	-0.063533	-0.063572	-0.063620	-0.063669
676.000000	-0.063077	-0.063254	-0.063417	-0.063513	-0.063565	-0.063604	-0.063620
677.000000	-0.063148	-0.063351	-0.063438	-0.063560	-0.063615	-0.063619	-0.063618
678.000000	-0.063213	-0.063498	-0.063495	-0.063643	-0.063689	-0.063631	-0.063641
679.000000	-0.063246	-0.063617	-0.063580	-0.063703	-0.063765	-0.063694	-0.063687
680.000000	-0.063245	-0.063667	-0.063677	-0.063719	-0.063832	-0.063831	-0.063756
681.000000	-0.063242	-0.063698	-0.063756	-0.063776	-0.063908	-0.063966	-0.063832
682.000000	-0.063282	-0.063760	-0.063806	-0.063933	-0.064008	-0.064036	-0.063909
683.000000	-0.063408	-0.063854	-0.063890	-0.064100	-0.064120	-0.064087	-0.064022
684.000000	-0.063636	-0.063965	-0.064060	-0.064181	-0.064226	-0.064170	-0.064193
685.000000	-0.063830	-0.064037	-0.064216	-0.064207	-0.064300	-0.064257	-0.064334
686.000000	-0.063829	-0.064021	-0.064226	-0.064248	-0.064323	-0.064303	-0.064339
687.000000	-0.063732	-0.064004	-0.064146	-0.064302	-0.064339	-0.064336	-0.064294
688.000000	-0.063749	-0.064128	-0.064120	-0.064342	-0.064418	-0.064416	-0.064361
689.000000	-0.063910	-0.064351	-0.064213	-0.064402	-0.064553	-0.064548	-0.064543
690.000000	-0.064119	-0.064506	-0.064436	-0.064559	-0.064684	-0.064697	-0.064732
691.000000	-0.064281	-0.064523	-0.064670	-0.064748	-0.064764	-0.064811	-0.064846
692.000000	-0.064300	-0.064428	-0.064679	-0.064776	-0.064764	-0.064825	-0.064833
693.000000	-0.064187	-0.064298	-0.064470	-0.064628	-0.064702	-0.064749	-0.064730
694.000000	-0.064102	-0.064262	-0.064389	-0.064537	-0.064660	-0.064702	-0.064688
695.000000	-0.064124	-0.064368	-0.064582	-0.064620	-0.064677	-0.064733	-0.064768
696.000000	-0.064162	-0.064485	-0.064757	-0.064738	-0.064710	-0.064745	-0.064835
697.000000	-0.064156	-0.064521	-0.064712	-0.064779	-0.064726	-0.064687	-0.064799
698.000000	-0.064178	-0.064547	-0.064634	-0.064786	-0.064763	-0.064677	-0.064764
699.000000	-0.064290	-0.064630	-0.064709	-0.064812	-0.064849	-0.064811	-0.064829
700.000000	-0.064410	-0.064708	-0.064819	-0.064845	-0.064932	-0.064970	-0.064928
701.000000	-0.064439	-0.064706	-0.064805	-0.064859	-0.064949	-0.065002	-0.064975
702.000000	-0.064398	-0.064655	-0.064742	-0.064842	-0.064914	-0.064928	-0.065004
703.000000	-0.064348	-0.064621	-0.064770	-0.064791	-0.064865	-0.064831	-0.065079
704.000000	-0.064307	-0.064601	-0.064860	-0.064742	-0.064810	-0.064768	-0.065141
705.000000	-0.064264	-0.064556	-0.064891	-0.064747	-0.064746	-0.064774	-0.065069
706.000000	-0.064201	-0.064471	-0.064822	-0.064759	-0.064669	-0.064810	-0.064882
707.000000	-0.064088	-0.064351	-0.064676	-0.064660	-0.064576	-0.064774	-0.064701
708.000000	-0.063894	-0.064178	-0.064450	-0.064420	-0.064439	-0.064623	-0.064537
709.000000	-0.063592	-0.063917	-0.064116	-0.064102	-0.064206	-0.064372	-0.064279
710.000000	-0.063192	-0.063556	-0.063689	-0.063743	-0.063864	-0.064027	-0.063899
711.000000	-0.062763	-0.063122	-0.063251	-0.063343	-0.063468	-0.063568	-0.063505
712.000000	-0.062340	-0.062643	-0.062831	-0.062897	-0.063054	-0.063029	-0.063144
713.000000	-0.061871	-0.062140	-0.062337	-0.062408	-0.062614	-0.062551	-0.062711
714.000000	-0.061324	-0.061632	-0.061721	-0.061891	-0.062146	-0.062218	-0.062150
715.000000	-0.060764	-0.061138	-0.061139	-0.061400	-0.061699	-0.061886	-0.061625
716.000000	-0.060237	-0.060647	-0.060712	-0.060961	-0.061289	-0.061397	-0.061261
717.000000	-0.059597	-0.060024	-0.060220	-0.060434	-0.060745	-0.060715	-0.060817
718.000000	-0.058698	-0.059144	-0.059410	-0.059668	-0.059896	-0.059861	-0.060012
719.000000	-0.057737	-0.058191	-0.058453	-0.058760	-0.058943	-0.058980	-0.059020
720.000000	-0.057024	-0.057458	-0.057674	-0.057906	-0.058209	-0.058256	-0.058181
721.000000	-0.056528	-0.056968	-0.057146	-0.057241	-0.057675	-0.057738	-0.057615
722.000000	-0.056020	-0.056578	-0.056780	-0.056842	-0.057126	-0.057382	-0.057291
723.000000	-0.055332	-0.056038	-0.056330	-0.056481	-0.056463	-0.056957	-0.056936
724.000000	-0.054359	-0.055025	-0.055436	-0.055692	-0.055695	-0.056094	-0.056091
725.000000	-0.053268	-0.053721	-0.054228	-0.054549	-0.054886	-0.054913	-0.054913
726.000000	-0.052540	-0.052888	-0.053408	-0.053772	-0.054163	-0.054119	-0.054285
727.000000	-0.052277	-0.052734	-0.053191	-0.053593	-0.053597	-0.053931	-0.054398
728.000000	-0.051924	-0.052481	-0.052930	-0.053378	-0.053161	-0.053706	-0.054228
729.000000	-0.051165	-0.051696	-0.052236	-0.052719	-0.052794	-0.053077	-0.053246
730.000000	-0.050400	-0.050971	-0.051529	-0.051943	-0.052374	-0.052522	-0.052375
731.000000	-0.049993	-0.050833	-0.051194	-0.051373	-0.051812	-0.052465	-0.052421
732.000000	-0.049826	-0.051081	-0.051109	-0.050953	-0.051159	-0.052734	-0.053066
