[HEADER]
Format	J&M ASCII Table
Comment	
Date	2/21/2023 4:36:12 AM
Order	Y (evenX)
TechType	UV
NumPoints	483
FirstX	250.00
LastX	732.00
XType	NMetr
YType	Absrb
ZType	Secs
NumSubFile	7
Matrix	Z vs X
[DATA]
	0.000000	5.000064	10.000128	15.000256	20.000320	25.000383	30.000511
250.000000	1.257354	1.260022	1.260079	1.255946	1.257804	1.261701	1.253462
251.000000	1.233221	1.235357	1.236501	1.233157	1.234144	1.237493	1.228227
252.000000	1.207889	1.207785	1.207361	1.205723	1.205657	1.206726	1.201821
253.000000	1.182881	1.180550	1.179475	1.178315	1.178368	1.177174	1.176130
254.000000	1.159353	1.156336	1.157931	1.154720	1.156682	1.154782	1.152578
255.000000	1.136401	1.134158	1.138297	1.133108	1.136291	1.135106	1.130076
256.000000	1.113107	1.112544	1.115413	1.111076	1.112440	1.112743	1.107441
257.000000	1.090891	1.091711	1.091407	1.089757	1.088308	1.089383	1.085965
258.000000	1.071645	1.072365	1.070422	1.071151	1.069018	1.068719	1.067454
259.000000	1.054445	1.054460	1.052585	1.054355	1.053181	1.050899	1.050858
260.000000	1.037025	1.037520	1.035976	1.037067	1.036273	1.034268	1.033767
261.000000	1.018916	1.020473	1.019275	1.018638	1.017351	1.017657	1.015527
262.000000	1.001019	1.001852	1.001668	0.999707	0.998234	1.000307	0.996851
263.000000	0.983666	0.982118	0.983215	0.980988	0.979982	0.982259	0.978569
264.000000	0.966485	0.963915	0.964955	0.963238	0.962695	0.964439	0.961588
265.000000	0.948957	0.947894	0.947166	0.946370	0.945909	0.947009	0.945724
266.000000	0.930376	0.931126	0.928747	0.928869	0.928297	0.928755	0.928936
267.000000	0.910707	0.911845	0.909253	0.909902	0.909257	0.909155	0.910003
268.000000	0.891684	0.892156	0.890262	0.890734	0.890261	0.889788	0.890258
269.000000	0.874488	0.873939	0.872910	0.872447	0.872467	0.871894	0.871031
270.000000	0.856999	0.855770	0.855315	0.854089	0.854493	0.854043	0.852031
271.000000	0.836866	0.835807	0.835345	0.834446	0.834704	0.834505	0.832631
272.000000	0.815415	0.814694	0.813979	0.813850	0.813843	0.813833	0.812624
273.000000	0.795100	0.793896	0.793200	0.793143	0.793389	0.793309	0.791988
274.000000	0.775496	0.773483	0.773040	0.772337	0.773020	0.772729	0.770933
275.000000	0.754601	0.752735	0.752428	0.750989	0.751452	0.751086	0.749791
276.000000	0.732199	0.731234	0.730900	0.729227	0.728910	0.728474	0.728643
277.000000	0.709615	0.708855	0.708546	0.707668	0.706906	0.705939	0.707361
278.000000	0.687738	0.686210	0.686060	0.686580	0.686005	0.684312	0.686053
279.000000	0.666826	0.664830	0.664880	0.665778	0.665511	0.664107	0.665135
280.000000	0.646725	0.645189	0.645404	0.645124	0.644991	0.645086	0.644779
281.000000	0.626568	0.625644	0.625978	0.624631	0.624658	0.625631	0.624664
282.000000	0.605860	0.605108	0.605495	0.604315	0.604663	0.604816	0.604530
283.000000	0.585398	0.584762	0.585080	0.584152	0.584771	0.584145	0.584460
284.000000	0.565972	0.565763	0.565852	0.564209	0.564856	0.565058	0.564628
285.000000	0.547340	0.547374	0.547140	0.544992	0.545583	0.546756	0.545342
286.000000	0.529036	0.528565	0.528007	0.527011	0.527647	0.528063	0.526902
287.000000	0.511069	0.509991	0.509204	0.509957	0.510427	0.509489	0.509269
288.000000	0.493639	0.492898	0.492059	0.493213	0.492857	0.492162	0.492255
289.000000	0.476730	0.477039	0.476261	0.476622	0.475298	0.475934	0.475646
290.000000	0.460203	0.461240	0.460485	0.460324	0.458973	0.459871	0.459224
291.000000	0.444166	0.445178	0.444426	0.444368	0.443954	0.443758	0.443048
292.000000	0.428958	0.429339	0.428760	0.428709	0.429209	0.428073	0.427432
293.000000	0.414431	0.413926	0.413745	0.413356	0.414150	0.412991	0.412458
294.000000	0.399745	0.398696	0.399002	0.398399	0.398867	0.398214	0.397872
295.000000	0.384582	0.383647	0.384333	0.383902	0.383630	0.383590	0.383490
296.000000	0.369829	0.369352	0.370017	0.369861	0.368973	0.369332	0.369330
297.000000	0.356158	0.356127	0.356255	0.356227	0.355219	0.355597	0.355425
298.000000	0.343081	0.343234	0.342809	0.342808	0.341909	0.342206	0.341775
299.000000	0.329999	0.329935	0.329410	0.329435	0.328557	0.328958	0.328383
300.000000	0.316900	0.316541	0.316052	0.316154	0.315336	0.315855	0.315308
301.000000	0.303945	0.303606	0.302834	0.303077	0.302566	0.302961	0.302603
302.000000	0.291196	0.291049	0.289997	0.290282	0.290174	0.290336	0.290125
303.000000	0.278679	0.278525	0.277822	0.277831	0.277918	0.278033	0.277669
304.000000	0.266480	0.266144	0.266183	0.265787	0.265837	0.266039	0.265429
305.000000	0.254726	0.254323	0.254683	0.254210	0.254170	0.254302	0.253860
306.000000	0.243491	0.243179	0.243264	0.243075	0.243015	0.242924	0.242964
307.000000	0.232788	0.232508	0.232222	0.232274	0.232333	0.232156	0.232278
308.000000	0.222645	0.222269	0.221830	0.221869	0.222131	0.222078	0.221756
309.000000	0.213110	0.212698	0.212299	0.212180	0.212506	0.212492	0.212026
310.000000	0.204196	0.203906	0.203669	0.203385	0.203529	0.203302	0.203404
311.000000	0.195831	0.195674	0.195600	0.195283	0.195195	0.194706	0.195357
312.000000	0.187956	0.187811	0.187807	0.187661	0.187484	0.186873	0.187442
313.000000	0.180618	0.180392	0.180393	0.180457	0.180361	0.179731	0.179922
314.000000	0.173866	0.173541	0.173520	0.173653	0.173775	0.173157	0.173133
315.000000	0.167662	0.167321	0.167206	0.167300	0.167603	0.167029	0.166955
316.000000	0.161923	0.161744	0.161413	0.161451	0.161706	0.161233	0.161133
317.000000	0.156479	0.156514	0.156015	0.155980	0.156003	0.155686	0.155584
318.000000	0.151132	0.151213	0.150853	0.150678	0.150457	0.150328	0.150308
319.000000	0.145927	0.145901	0.145869	0.145522	0.145204	0.145207	0.145287
320.000000	0.141097	0.140987	0.141087	0.140621	0.140501	0.140443	0.140484
321.000000	0.136698	0.136591	0.136544	0.136033	0.136299	0.136063	0.135920
322.000000	0.132588	0.132504	0.132288	0.131747	0.132206	0.131982	0.131681
323.000000	0.128618	0.128535	0.128288	0.127717	0.128024	0.128061	0.127750
324.000000	0.124643	0.124549	0.124383	0.123842	0.123898	0.124082	0.123938
325.000000	0.120622	0.120506	0.120465	0.120043	0.119955	0.119967	0.120110
326.000000	0.116778	0.116584	0.116583	0.116298	0.116204	0.116011	0.116297
327.000000	0.113293	0.112958	0.112822	0.112620	0.112641	0.112460	0.112565
328.000000	0.110060	0.109660	0.109296	0.109103	0.109282	0.109181	0.109010
329.000000	0.106928	0.106667	0.106102	0.105853	0.106135	0.105982	0.105714
330.000000	0.103927	0.103821	0.103197	0.102897	0.103142	0.102867	0.102647
331.000000	0.101119	0.100924	0.100470	0.100210	0.100218	0.099897	0.099729
332.000000	0.098310	0.097878	0.097694	0.097544	0.097288	0.097032	0.096808
333.000000	0.095194	0.094655	0.094601	0.094557	0.094290	0.094180	0.093713
334.000000	0.091988	0.091520	0.091403	0.091409	0.091333	0.091341	0.090629
335.000000	0.089316	0.088955	0.088678	0.088655	0.088657	0.088595	0.088011
336.000000	0.087290	0.086987	0.086550	0.086459	0.086317	0.086057	0.085933
337.000000	0.085405	0.085096	0.084591	0.084508	0.084146	0.083885	0.083999
338.000000	0.083362	0.083002	0.082543	0.082550	0.082038	0.082034	0.081949
339.000000	0.081290	0.080896	0.080512	0.080493	0.080026	0.080108	0.079797
340.000000	0.079328	0.078945	0.078606	0.078349	0.078125	0.077915	0.077638
341.000000	0.077521	0.077138	0.076851	0.076374	0.076278	0.075896	0.075705
342.000000	0.075893	0.075456	0.075242	0.074745	0.074453	0.074408	0.074149
343.000000	0.074423	0.073956	0.073703	0.073173	0.072776	0.073052	0.072689
344.000000	0.073076	0.072677	0.072158	0.071353	0.071367	0.071361	0.071023
345.000000	0.071764	0.071420	0.070639	0.069630	0.070071	0.069594	0.069379
346.000000	0.070400	0.069934	0.069221	0.068523	0.068660	0.068237	0.068134
347.000000	0.069035	0.068340	0.067946	0.067762	0.067228	0.067166	0.067139
348.000000	0.067792	0.066963	0.066829	0.066658	0.066037	0.065929	0.065957
349.000000	0.066638	0.065801	0.065745	0.065156	0.065021	0.064470	0.064507
350.000000	0.065412	0.064586	0.064457	0.063734	0.063839	0.063068	0.063017
351.000000	0.064128	0.063302	0.063014	0.062598	0.062462	0.061860	0.061666
352.000000	0.063024	0.062253	0.061826	0.061592	0.061255	0.060788	0.060562
353.000000	0.062137	0.061478	0.061014	0.060551	0.060327	0.059764	0.059647
354.000000	0.061106	0.060490	0.060129	0.059329	0.059264	0.058663	0.058579
355.000000	0.059730	0.059021	0.058855	0.057904	0.057812	0.057432	0.057184
356.000000	0.058366	0.057554	0.057409	0.056592	0.056303	0.056224	0.055856
357.000000	0.057321	0.056515	0.056045	0.055625	0.055055	0.055154	0.054904
358.000000	0.056286	0.055556	0.054781	0.054637	0.053918	0.054009	0.053873
359.000000	0.054855	0.054190	0.053547	0.053187	0.052636	0.052531	0.052226
360.000000	0.053051	0.052377	0.052088	0.051363	0.051098	0.050700	0.050204
361.000000	0.051060	0.050264	0.050115	0.049450	0.049262	0.048608	0.048313
362.000000	0.048994	0.048057	0.047827	0.047483	0.047187	0.046450	0.046556
363.000000	0.046915	0.045985	0.045689	0.045357	0.044995	0.044464	0.044643
364.000000	0.044792	0.043991	0.043734	0.043081	0.042762	0.042579	0.042450
365.000000	0.042515	0.041772	0.041610	0.040761	0.040523	0.040449	0.040009
366.000000	0.040000	0.039203	0.039092	0.038362	0.038174	0.037924	0.037369
367.000000	0.037202	0.036405	0.036132	0.035662	0.035439	0.035116	0.034598
368.000000	0.034149	0.033468	0.032837	0.032601	0.032264	0.032134	0.031738
369.000000	0.031004	0.030393	0.029582	0.029449	0.029042	0.029041	0.028785
370.000000	0.027859	0.027173	0.026576	0.026378	0.026024	0.025871	0.025702
371.000000	0.024558	0.023807	0.023462	0.023190	0.022916	0.022578	0.022378
372.000000	0.020973	0.020305	0.019921	0.019695	0.019441	0.019126	0.018748
373.000000	0.017277	0.016720	0.016235	0.016041	0.015820	0.015556	0.015020
374.000000	0.013686	0.013112	0.012777	0.012436	0.012351	0.011929	0.011437
375.000000	0.010135	0.009509	0.009368	0.008843	0.008897	0.008249	0.008004
376.000000	0.006454	0.005919	0.005646	0.005140	0.005168	0.004505	0.004617
377.000000	0.002595	0.002280	0.001684	0.001347	0.001217	0.000754	0.001109
378.000000	-0.001404	-0.001502	-0.002181	-0.002428	-0.002698	-0.002906	-0.002712
379.000000	-0.005332	-0.005341	-0.005816	-0.006108	-0.006417	-0.006446	-0.006683
380.000000	-0.008828	-0.008991	-0.009282	-0.009651	-0.009877	-0.009899	-0.010324
381.000000	-0.011964	-0.012439	-0.012700	-0.013111	-0.013184	-0.013352	-0.013568
382.000000	-0.015376	-0.015992	-0.016265	-0.016666	-0.016662	-0.016954	-0.016901
383.000000	-0.019280	-0.019718	-0.019976	-0.020319	-0.020364	-0.020676	-0.020524
384.000000	-0.022992	-0.023175	-0.023453	-0.023716	-0.023779	-0.024128	-0.023998
385.000000	-0.026013	-0.026085	-0.026438	-0.026626	-0.026582	-0.027051	-0.027011
386.000000	-0.028695	-0.028824	-0.029166	-0.029302	-0.029168	-0.029707	-0.029834
387.000000	-0.031442	-0.031762	-0.031895	-0.032008	-0.031946	-0.032377	-0.032740
388.000000	-0.034196	-0.034707	-0.034601	-0.034680	-0.034782	-0.035015	-0.035540
389.000000	-0.036790	-0.037345	-0.037185	-0.037173	-0.037417	-0.037504	-0.037958
390.000000	-0.039175	-0.039624	-0.039573	-0.039463	-0.039781	-0.039831	-0.040048
391.000000	-0.041351	-0.041603	-0.041708	-0.041568	-0.041887	-0.042022	-0.041992
392.000000	-0.043298	-0.043355	-0.043582	-0.043485	-0.043789	-0.044033	-0.043882
393.000000	-0.044984	-0.044961	-0.045221	-0.045198	-0.045561	-0.045776	-0.045747
394.000000	-0.046495	-0.046512	-0.046731	-0.046794	-0.047220	-0.047289	-0.047514
395.000000	-0.048022	-0.048110	-0.048283	-0.048450	-0.048732	-0.048719	-0.049021
396.000000	-0.049584	-0.049724	-0.049873	-0.050125	-0.050100	-0.050127	-0.050258
397.000000	-0.050955	-0.051154	-0.051263	-0.051483	-0.051387	-0.051449	-0.051428
398.000000	-0.052072	-0.052326	-0.052368	-0.052427	-0.052627	-0.052655	-0.052652
399.000000	-0.053210	-0.053440	-0.053439	-0.053373	-0.053796	-0.053796	-0.053861
400.000000	-0.054560	-0.054652	-0.054656	-0.054628	-0.054893	-0.054941	-0.054999
401.000000	-0.055937	-0.055883	-0.055884	-0.055994	-0.056002	-0.056171	-0.056119
402.000000	-0.057128	-0.057033	-0.056975	-0.057231	-0.057182	-0.057513	-0.057274
403.000000	-0.058121	-0.058097	-0.057985	-0.058325	-0.058322	-0.058729	-0.058423
404.000000	-0.058966	-0.059096	-0.059014	-0.059322	-0.059291	-0.059569	-0.059504
405.000000	-0.059774	-0.060036	-0.060053	-0.060256	-0.060188	-0.060244	-0.060482
406.000000	-0.060670	-0.060922	-0.061053	-0.061158	-0.061186	-0.061128	-0.061342
407.000000	-0.061641	-0.061787	-0.061994	-0.062073	-0.062233	-0.062197	-0.062165
408.000000	-0.062587	-0.062683	-0.062879	-0.063052	-0.063140	-0.063185	-0.063080
409.000000	-0.063441	-0.063606	-0.063718	-0.064002	-0.063886	-0.063993	-0.064046
410.000000	-0.064171	-0.064506	-0.064525	-0.064707	-0.064601	-0.064677	-0.064870
411.000000	-0.064801	-0.065343	-0.065318	-0.065191	-0.065363	-0.065315	-0.065522
412.000000	-0.065436	-0.066098	-0.066119	-0.065804	-0.066173	-0.065998	-0.066200
413.000000	-0.066146	-0.066777	-0.066914	-0.066689	-0.066982	-0.066764	-0.066998
414.000000	-0.066927	-0.067434	-0.067622	-0.067535	-0.067663	-0.067538	-0.067771
415.000000	-0.067746	-0.068101	-0.068205	-0.068120	-0.068165	-0.068253	-0.068407
416.000000	-0.068503	-0.068732	-0.068776	-0.068642	-0.068686	-0.068911	-0.068960
417.000000	-0.069116	-0.069285	-0.069429	-0.069303	-0.069392	-0.069527	-0.069503
418.000000	-0.069639	-0.069806	-0.070028	-0.069969	-0.070095	-0.070132	-0.070056
419.000000	-0.070157	-0.070354	-0.070420	-0.070451	-0.070565	-0.070747	-0.070620
420.000000	-0.070690	-0.070924	-0.070760	-0.070843	-0.070949	-0.071312	-0.071175
421.000000	-0.071233	-0.071476	-0.071303	-0.071340	-0.071524	-0.071737	-0.071689
422.000000	-0.071733	-0.071948	-0.071948	-0.071913	-0.072182	-0.072054	-0.072133
423.000000	-0.072118	-0.072268	-0.072391	-0.072394	-0.072594	-0.072367	-0.072480
424.000000	-0.072416	-0.072499	-0.072638	-0.072757	-0.072768	-0.072737	-0.072771
425.000000	-0.072746	-0.072829	-0.072985	-0.073101	-0.073016	-0.073183	-0.073104
426.000000	-0.073140	-0.073302	-0.073503	-0.073466	-0.073460	-0.073669	-0.073512
427.000000	-0.073508	-0.073767	-0.073956	-0.073809	-0.073944	-0.074091	-0.073931
428.000000	-0.073813	-0.074135	-0.074223	-0.074121	-0.074360	-0.074410	-0.074333
429.000000	-0.074152	-0.074466	-0.074460	-0.074472	-0.074723	-0.074722	-0.074768
430.000000	-0.074589	-0.074823	-0.074799	-0.074901	-0.075058	-0.075101	-0.075252
431.000000	-0.075069	-0.075223	-0.075222	-0.075344	-0.075378	-0.075497	-0.075680
432.000000	-0.075521	-0.075663	-0.075681	-0.075736	-0.075699	-0.075853	-0.075971
433.000000	-0.075906	-0.076097	-0.076125	-0.076102	-0.076065	-0.076172	-0.076251
434.000000	-0.076204	-0.076469	-0.076502	-0.076481	-0.076511	-0.076479	-0.076666
435.000000	-0.076450	-0.076776	-0.076807	-0.076844	-0.076930	-0.076821	-0.077128
436.000000	-0.076698	-0.077037	-0.077053	-0.077142	-0.077178	-0.077246	-0.077468
437.000000	-0.076972	-0.077273	-0.077285	-0.077408	-0.077345	-0.077679	-0.077702
438.000000	-0.077279	-0.077508	-0.077568	-0.077719	-0.077656	-0.077977	-0.077961
439.000000	-0.077631	-0.077787	-0.077921	-0.078087	-0.078110	-0.078170	-0.078285
440.000000	-0.078045	-0.078172	-0.078322	-0.078462	-0.078505	-0.078443	-0.078637
441.000000	-0.078497	-0.078647	-0.078721	-0.078809	-0.078777	-0.078842	-0.078981
442.000000	-0.078915	-0.079098	-0.079033	-0.079115	-0.079039	-0.079235	-0.079293
443.000000	-0.079253	-0.079435	-0.079236	-0.079389	-0.079352	-0.079540	-0.079564
444.000000	-0.079524	-0.079633	-0.079421	-0.079679	-0.079649	-0.079793	-0.079819
445.000000	-0.079753	-0.079725	-0.079670	-0.080010	-0.079891	-0.080042	-0.080081
446.000000	-0.079967	-0.079893	-0.079988	-0.080326	-0.080157	-0.080325	-0.080350
447.000000	-0.080195	-0.080279	-0.080359	-0.080577	-0.080514	-0.080660	-0.080625
448.000000	-0.080463	-0.080733	-0.080739	-0.080806	-0.080886	-0.080971	-0.080897
449.000000	-0.080779	-0.081055	-0.081071	-0.081064	-0.081174	-0.081176	-0.081155
450.000000	-0.081047	-0.081217	-0.081297	-0.081276	-0.081350	-0.081316	-0.081375
451.000000	-0.081153	-0.081266	-0.081372	-0.081339	-0.081431	-0.081474	-0.081534
452.000000	-0.081206	-0.081324	-0.081420	-0.081383	-0.081522	-0.081684	-0.081673
453.000000	-0.081439	-0.081545	-0.081648	-0.081659	-0.081773	-0.081952	-0.081868
454.000000	-0.081800	-0.081867	-0.082005	-0.082095	-0.082126	-0.082218	-0.082116
455.000000	-0.082002	-0.082042	-0.082223	-0.082343	-0.082343	-0.082376	-0.082350
456.000000	-0.082010	-0.082045	-0.082254	-0.082336	-0.082380	-0.082434	-0.082535
457.000000	-0.082118	-0.082131	-0.082336	-0.082373	-0.082442	-0.082551	-0.082680
458.000000	-0.082441	-0.082408	-0.082573	-0.082608	-0.082637	-0.082796	-0.082818
459.000000	-0.082731	-0.082688	-0.082796	-0.082904	-0.082874	-0.083061	-0.083015
460.000000	-0.082811	-0.082824	-0.082880	-0.083123	-0.083065	-0.083247	-0.083278
461.000000	-0.082787	-0.082879	-0.082902	-0.083226	-0.083179	-0.083341	-0.083434
462.000000	-0.082791	-0.082942	-0.082957	-0.083218	-0.083219	-0.083357	-0.083361
463.000000	-0.082852	-0.083070	-0.083056	-0.083224	-0.083267	-0.083350	-0.083259
464.000000	-0.082971	-0.083296	-0.083196	-0.083370	-0.083413	-0.083383	-0.083365
465.000000	-0.083148	-0.083559	-0.083394	-0.083605	-0.083644	-0.083502	-0.083634
466.000000	-0.083382	-0.083765	-0.083666	-0.083822	-0.083909	-0.083734	-0.083917
467.000000	-0.083633	-0.083910	-0.083954	-0.084004	-0.084156	-0.084018	-0.084156
468.000000	-0.083849	-0.084038	-0.084162	-0.084187	-0.084335	-0.084245	-0.084345
469.000000	-0.084040	-0.084173	-0.084287	-0.084379	-0.084453	-0.084403	-0.084499
470.000000	-0.084269	-0.084322	-0.084402	-0.084571	-0.084561	-0.084561	-0.084648
471.000000	-0.084507	-0.084466	-0.084531	-0.084744	-0.084671	-0.084729	-0.084798
472.000000	-0.084623	-0.084558	-0.084634	-0.084874	-0.084739	-0.084843	-0.084920
473.000000	-0.084592	-0.084602	-0.084708	-0.084951	-0.084766	-0.084896	-0.085010
474.000000	-0.084598	-0.084703	-0.084817	-0.084983	-0.084835	-0.084975	-0.085115
475.000000	-0.084759	-0.084912	-0.084990	-0.084999	-0.084992	-0.085129	-0.085257
476.000000	-0.084985	-0.085122	-0.085144	-0.085075	-0.085167	-0.085281	-0.085395
477.000000	-0.085175	-0.085242	-0.085216	-0.085264	-0.085302	-0.085365	-0.085496
478.000000	-0.085310	-0.085350	-0.085287	-0.085498	-0.085438	-0.085444	-0.085617
479.000000	-0.085394	-0.085533	-0.085444	-0.085690	-0.085623	-0.085591	-0.085813
480.000000	-0.085448	-0.085701	-0.085635	-0.085799	-0.085800	-0.085755	-0.086000
481.000000	-0.085491	-0.085720	-0.085763	-0.085809	-0.085880	-0.085847	-0.086055
482.000000	-0.085502	-0.085640	-0.085765	-0.085760	-0.085856	-0.085858	-0.085982
483.000000	-0.085437	-0.085601	-0.085607	-0.085721	-0.085767	-0.085821	-0.085851
484.000000	-0.085331	-0.085601	-0.085402	-0.085691	-0.085670	-0.085759	-0.085742
485.000000	-0.085275	-0.085531	-0.085368	-0.085619	-0.085633	-0.085690	-0.085734
486.000000	-0.085306	-0.085409	-0.085528	-0.085550	-0.085675	-0.085655	-0.085829
487.000000	-0.085393	-0.085401	-0.085679	-0.085637	-0.085751	-0.085720	-0.085938
488.000000	-0.085511	-0.085566	-0.085737	-0.085890	-0.085843	-0.085890	-0.086021
489.000000	-0.085644	-0.085775	-0.085827	-0.086084	-0.085970	-0.086074	-0.086129
490.000000	-0.085780	-0.085931	-0.086012	-0.086091	-0.086131	-0.086203	-0.086285
491.000000	-0.085901	-0.086042	-0.086162	-0.086059	-0.086263	-0.086282	-0.086425
492.000000	-0.085992	-0.086130	-0.086173	-0.086129	-0.086324	-0.086327	-0.086494
493.000000	-0.086050	-0.086206	-0.086135	-0.086260	-0.086367	-0.086351	-0.086528
494.000000	-0.086078	-0.086273	-0.086162	-0.086375	-0.086446	-0.086367	-0.086564
495.000000	-0.086076	-0.086306	-0.086231	-0.086424	-0.086502	-0.086380	-0.086543
496.000000	-0.086048	-0.086278	-0.086280	-0.086380	-0.086452	-0.086396	-0.086398
497.000000	-0.086027	-0.086231	-0.086287	-0.086289	-0.086367	-0.086430	-0.086252
498.000000	-0.086060	-0.086233	-0.086260	-0.086237	-0.086384	-0.086497	-0.086306
499.000000	-0.086127	-0.086280	-0.086244	-0.086253	-0.086484	-0.086558	-0.086511
500.000000	-0.086166	-0.086314	-0.086314	-0.086325	-0.086540	-0.086541	-0.086640
501.000000	-0.086147	-0.086303	-0.086429	-0.086408	-0.086504	-0.086445	-0.086610
502.000000	-0.086079	-0.086245	-0.086428	-0.086428	-0.086418	-0.086351	-0.086498
503.000000	-0.086001	-0.086169	-0.086286	-0.086382	-0.086340	-0.086319	-0.086383
504.000000	-0.085990	-0.086143	-0.086186	-0.086378	-0.086346	-0.086370	-0.086333
505.000000	-0.086063	-0.086188	-0.086231	-0.086461	-0.086446	-0.086484	-0.086378
506.000000	-0.086095	-0.086217	-0.086306	-0.086508	-0.086509	-0.086543	-0.086463
507.000000	-0.086002	-0.086165	-0.086312	-0.086432	-0.086438	-0.086473	-0.086526
508.000000	-0.085907	-0.086093	-0.086291	-0.086328	-0.086329	-0.086378	-0.086527
509.000000	-0.085935	-0.086067	-0.086292	-0.086304	-0.086290	-0.086369	-0.086449
510.000000	-0.086011	-0.086081	-0.086278	-0.086327	-0.086309	-0.086418	-0.086370
511.000000	-0.086015	-0.086103	-0.086190	-0.086329	-0.086333	-0.086455	-0.086381
512.000000	-0.085942	-0.086089	-0.086070	-0.086268	-0.086307	-0.086415	-0.086421
513.000000	-0.085838	-0.085997	-0.085992	-0.086123	-0.086180	-0.086245	-0.086375
514.000000	-0.085748	-0.085872	-0.085970	-0.085965	-0.086026	-0.086027	-0.086265
515.000000	-0.085706	-0.085811	-0.085972	-0.085921	-0.085988	-0.085925	-0.086197
516.000000	-0.085696	-0.085812	-0.085953	-0.085972	-0.086045	-0.085944	-0.086184
517.000000	-0.085653	-0.085775	-0.085861	-0.085963	-0.086010	-0.085939	-0.086143
518.000000	-0.085566	-0.085675	-0.085719	-0.085853	-0.085855	-0.085869	-0.086051
519.000000	-0.085497	-0.085604	-0.085657	-0.085766	-0.085777	-0.085841	-0.085974
520.000000	-0.085496	-0.085617	-0.085737	-0.085778	-0.085868	-0.085912	-0.085963
521.000000	-0.085576	-0.085689	-0.085868	-0.085832	-0.085980	-0.086010	-0.086026
522.000000	-0.085708	-0.085776	-0.085957	-0.085870	-0.085984	-0.086065	-0.086140
523.000000	-0.085754	-0.085810	-0.085941	-0.085881	-0.085912	-0.086067	-0.086208
524.000000	-0.085614	-0.085745	-0.085799	-0.085864	-0.085821	-0.086020	-0.086153
525.000000	-0.085459	-0.085665	-0.085667	-0.085851	-0.085770	-0.085969	-0.086058
526.000000	-0.085496	-0.085665	-0.085688	-0.085874	-0.085803	-0.085956	-0.086030
527.000000	-0.085630	-0.085698	-0.085779	-0.085893	-0.085872	-0.085959	-0.086039
528.000000	-0.085661	-0.085668	-0.085774	-0.085849	-0.085897	-0.085935	-0.086009
529.000000	-0.085586	-0.085598	-0.085689	-0.085760	-0.085884	-0.085894	-0.085945
530.000000	-0.085524	-0.085576	-0.085641	-0.085692	-0.085889	-0.085878	-0.085905
531.000000	-0.085523	-0.085631	-0.085676	-0.085698	-0.085938	-0.085917	-0.085921
532.000000	-0.085572	-0.085736	-0.085773	-0.085818	-0.086025	-0.086025	-0.085998
533.000000	-0.085610	-0.085796	-0.085834	-0.085951	-0.086058	-0.086101	-0.086051
534.000000	-0.085517	-0.085639	-0.085676	-0.085828	-0.085847	-0.085911	-0.085889
535.000000	-0.085349	-0.085372	-0.085425	-0.085536	-0.085523	-0.085585	-0.085629
536.000000	-0.085483	-0.085619	-0.085777	-0.085832	-0.085821	-0.085932	-0.085957
537.000000	-0.085891	-0.086313	-0.086635	-0.086666	-0.086672	-0.086864	-0.086781
538.000000	-0.085378	-0.085400	-0.085640	-0.085652	-0.085688	-0.085712	-0.085785
539.000000	-0.083622	-0.082376	-0.082194	-0.082168	-0.082249	-0.081808	-0.082395
540.000000	-0.084549	-0.084221	-0.084187	-0.084139	-0.084273	-0.084144	-0.084443
541.000000	-0.090637	-0.095276	-0.096556	-0.096539	-0.096722	-0.098326	-0.096805
542.000000	-0.089275	-0.092731	-0.093642	-0.093685	-0.093864	-0.095007	-0.093883
543.000000	-0.065791	-0.050084	-0.045496	-0.045582	-0.045658	-0.039951	-0.045822
544.000000	-0.039045	-0.001314	0.010944	0.010844	0.010907	0.024559	0.010519
545.000000	-0.043586	-0.008774	0.007160	0.007063	0.007180	0.020077	0.006774
546.000000	-0.072659	-0.061590	-0.047527	-0.047603	-0.047534	-0.043099	-0.047768
547.000000	-0.087825	-0.092614	-0.083836	-0.083874	-0.083890	-0.086256	-0.084005
548.000000	-0.079711	-0.083332	-0.080558	-0.080561	-0.080644	-0.083520	-0.080766
549.000000	-0.072486	-0.071495	-0.072267	-0.072275	-0.072374	-0.070463	-0.072503
550.000000	-0.077980	-0.076909	-0.077738	-0.077793	-0.077860	-0.069164	-0.077940
551.000000	-0.085188	-0.085511	-0.085387	-0.085475	-0.085517	-0.074577	-0.085572
552.000000	-0.086020	-0.086541	-0.086292	-0.086366	-0.086427	-0.080625	-0.086521
553.000000	-0.084137	-0.084271	-0.084291	-0.084344	-0.084430	-0.084617	-0.084557
554.000000	-0.083604	-0.083598	-0.083704	-0.083762	-0.083843	-0.085249	-0.083944
555.000000	-0.083998	-0.084071	-0.084120	-0.084192	-0.084229	-0.084344	-0.084311
556.000000	-0.084136	-0.084308	-0.084312	-0.084378	-0.084344	-0.084008	-0.084482
557.000000	-0.083978	-0.084181	-0.084207	-0.084225	-0.084171	-0.084203	-0.084380
558.000000	-0.083829	-0.083956	-0.084076	-0.083998	-0.084053	-0.084259	-0.084257
559.000000	-0.083719	-0.083739	-0.083957	-0.083794	-0.083997	-0.084080	-0.084136
560.000000	-0.083562	-0.083569	-0.083787	-0.083639	-0.083869	-0.083851	-0.083941
561.000000	-0.083494	-0.083566	-0.083697	-0.083645	-0.083786	-0.083776	-0.083833
562.000000	-0.083778	-0.083886	-0.083923	-0.083964	-0.084014	-0.084044	-0.084105
563.000000	-0.083976	-0.084071	-0.084059	-0.084148	-0.084155	-0.084221	-0.084321
564.000000	-0.082998	-0.083089	-0.083093	-0.083188	-0.083189	-0.083289	-0.083364
565.000000	-0.081848	-0.081962	-0.082028	-0.082104	-0.082120	-0.082243	-0.082214
566.000000	-0.084543	-0.084650	-0.084759	-0.084826	-0.084857	-0.084962	-0.084873
567.000000	-0.091440	-0.091498	-0.091590	-0.091671	-0.091711	-0.091757	-0.091705
568.000000	-0.094880	-0.094940	-0.094970	-0.095062	-0.095109	-0.095128	-0.095110
569.000000	-0.089970	-0.090130	-0.090088	-0.090168	-0.090222	-0.090291	-0.090235
570.000000	-0.083209	-0.083449	-0.083377	-0.083440	-0.083494	-0.083610	-0.083545
571.000000	-0.081358	-0.081552	-0.081529	-0.081587	-0.081628	-0.081716	-0.081757
572.000000	-0.082593	-0.082704	-0.082743	-0.082803	-0.082830	-0.082856	-0.083018
573.000000	-0.083150	-0.083268	-0.083300	-0.083359	-0.083385	-0.083385	-0.083555
574.000000	-0.082729	-0.082895	-0.082891	-0.082948	-0.082976	-0.083006	-0.083100
575.000000	-0.082409	-0.082552	-0.082560	-0.082627	-0.082641	-0.082753	-0.082778
576.000000	-0.082366	-0.082438	-0.082497	-0.082569	-0.082583	-0.082755	-0.082763
577.000000	-0.082248	-0.082295	-0.082377	-0.082427	-0.082506	-0.082602	-0.082668
578.000000	-0.082052	-0.082137	-0.082205	-0.082218	-0.082382	-0.082323	-0.082477
579.000000	-0.082076	-0.082212	-0.082266	-0.082266	-0.082416	-0.082316	-0.082497
580.000000	-0.082123	-0.082296	-0.082350	-0.082366	-0.082401	-0.082409	-0.082538
581.000000	-0.081377	-0.081575	-0.081635	-0.081659	-0.081630	-0.081726	-0.081797
582.000000	-0.080324	-0.080540	-0.080601	-0.080613	-0.080635	-0.080710	-0.080763
583.000000	-0.081830	-0.082061	-0.082121	-0.082131	-0.082211	-0.082241	-0.082303
584.000000	-0.085367	-0.085602	-0.085664	-0.085701	-0.085774	-0.085795	-0.085877
585.000000	-0.080918	-0.081109	-0.081197	-0.081258	-0.081310	-0.081327	-0.081432
586.000000	-0.066325	-0.066409	-0.066548	-0.066608	-0.066679	-0.066666	-0.066786
587.000000	-0.075779	-0.075781	-0.075938	-0.076000	-0.076097	-0.076061	-0.076173
588.000000	-0.137671	-0.137708	-0.137798	-0.137887	-0.137981	-0.137970	-0.138037
589.000000	-0.195306	-0.195442	-0.195451	-0.195558	-0.195641	-0.195683	-0.195713
590.000000	-0.173133	-0.173332	-0.173348	-0.173415	-0.173516	-0.173603	-0.173652
591.000000	-0.102074	-0.102225	-0.102308	-0.102337	-0.102444	-0.102555	-0.102647
592.000000	-0.064393	-0.064344	-0.064468	-0.064559	-0.064590	-0.064709	-0.064790
593.000000	-0.071645	-0.071544	-0.071655	-0.071785	-0.071791	-0.071905	-0.071938
594.000000	-0.082467	-0.082969	-0.083037	-0.082910	-0.083203	-0.083309	-0.083336
595.000000	-0.080718	-0.081685	-0.081704	-0.081398	-0.081902	-0.082003	-0.082078
596.000000	-0.078691	-0.077850	-0.077847	-0.078467	-0.078054	-0.078162	-0.078273
597.000000	-0.080552	-0.077476	-0.077487	-0.079218	-0.077668	-0.077799	-0.077897
598.000000	-0.075868	-0.078154	-0.078192	-0.077264	-0.078321	-0.078477	-0.078532
599.000000	-0.061531	-0.077900	-0.077959	-0.070059	-0.078032	-0.078206	-0.078215
600.000000	-0.053407	-0.077248	-0.077329	-0.065712	-0.077387	-0.077568	-0.077569
601.000000	-0.062529	-0.076838	-0.076942	-0.070002	-0.077050	-0.077225	-0.077278
602.000000	-0.075896	-0.076538	-0.076655	-0.076444	-0.076829	-0.076984	-0.077098
603.000000	-0.079243	-0.076117	-0.076229	-0.077883	-0.076430	-0.076552	-0.076684
604.000000	-0.076015	-0.075632	-0.075732	-0.076046	-0.075921	-0.076020	-0.076118
605.000000	-0.074089	-0.075212	-0.075306	-0.074884	-0.075464	-0.075570	-0.075596
606.000000	-0.074310	-0.074847	-0.074953	-0.074812	-0.075090	-0.075200	-0.075181
607.000000	-0.074507	-0.074478	-0.074614	-0.074730	-0.074772	-0.074834	-0.074872
608.000000	-0.074148	-0.074115	-0.074281	-0.074394	-0.074484	-0.074487	-0.074629
609.000000	-0.073746	-0.073812	-0.073970	-0.074098	-0.074199	-0.074227	-0.074389
610.000000	-0.073486	-0.073576	-0.073688	-0.073903	-0.073925	-0.074026	-0.074133
611.000000	-0.073236	-0.073365	-0.073424	-0.073646	-0.073694	-0.073770	-0.073876
612.000000	-0.072960	-0.073168	-0.073186	-0.073304	-0.073518	-0.073456	-0.073643
613.000000	-0.072763	-0.073007	-0.073003	-0.073049	-0.073370	-0.073230	-0.073460
614.000000	-0.072679	-0.072886	-0.072881	-0.072959	-0.073223	-0.073157	-0.073332
615.000000	-0.072592	-0.072770	-0.072788	-0.072915	-0.073048	-0.073139	-0.073223
616.000000	-0.072438	-0.072644	-0.072706	-0.072835	-0.072857	-0.073095	-0.073109
617.000000	-0.072347	-0.072570	-0.072681	-0.072792	-0.072764	-0.073043	-0.073015
618.000000	-0.072426	-0.072595	-0.072742	-0.072851	-0.072851	-0.073012	-0.072972
619.000000	-0.072559	-0.072662	-0.072819	-0.072943	-0.072973	-0.073008	-0.072988
620.000000	-0.072598	-0.072698	-0.072831	-0.072977	-0.072966	-0.073023	-0.073058
621.000000	-0.072562	-0.072679	-0.072782	-0.072923	-0.072883	-0.073019	-0.073109
622.000000	-0.072523	-0.072608	-0.072713	-0.072787	-0.072842	-0.072950	-0.073060
623.000000	-0.072511	-0.072540	-0.072679	-0.072662	-0.072861	-0.072865	-0.072969
624.000000	-0.072535	-0.072548	-0.072736	-0.072678	-0.072902	-0.072854	-0.072958
625.000000	-0.072565	-0.072618	-0.072822	-0.072790	-0.072924	-0.072906	-0.073020
626.000000	-0.072550	-0.072669	-0.072789	-0.072822	-0.072888	-0.072933	-0.073047
627.000000	-0.072491	-0.072668	-0.072640	-0.072743	-0.072798	-0.072899	-0.072997
628.000000	-0.072449	-0.072634	-0.072544	-0.072681	-0.072710	-0.072826	-0.072910
629.000000	-0.072436	-0.072575	-0.072561	-0.072678	-0.072657	-0.072732	-0.072816
630.000000	-0.072376	-0.072474	-0.072565	-0.072626	-0.072626	-0.072623	-0.072734
631.000000	-0.072237	-0.072335	-0.072472	-0.072468	-0.072595	-0.072509	-0.072665
632.000000	-0.072106	-0.072210	-0.072325	-0.072296	-0.072521	-0.072419	-0.072581
633.000000	-0.072048	-0.072137	-0.072180	-0.072187	-0.072382	-0.072369	-0.072464
634.000000	-0.072003	-0.072091	-0.072077	-0.072121	-0.072244	-0.072330	-0.072348
635.000000	-0.071909	-0.072040	-0.072040	-0.072067	-0.072174	-0.072272	-0.072270
636.000000	-0.071841	-0.071997	-0.072037	-0.072047	-0.072157	-0.072211	-0.072224
637.000000	-0.071887	-0.071977	-0.072022	-0.072089	-0.072151	-0.072172	-0.072192
638.000000	-0.071945	-0.071944	-0.071974	-0.072116	-0.072104	-0.072117	-0.072151
639.000000	-0.071842	-0.071840	-0.071884	-0.072019	-0.071972	-0.071996	-0.072078
640.000000	-0.071632	-0.071691	-0.071785	-0.071847	-0.071814	-0.071840	-0.071975
641.000000	-0.071502	-0.071574	-0.071730	-0.071741	-0.071749	-0.071738	-0.071855
642.000000	-0.071470	-0.071499	-0.071705	-0.071707	-0.071757	-0.071679	-0.071719
643.000000	-0.071398	-0.071420	-0.071633	-0.071627	-0.071689	-0.071571	-0.071557
644.000000	-0.071253	-0.071319	-0.071494	-0.071465	-0.071522	-0.071418	-0.071403
645.000000	-0.071147	-0.071217	-0.071346	-0.071295	-0.071390	-0.071349	-0.071355
646.000000	-0.071135	-0.071148	-0.071243	-0.071178	-0.071368	-0.071406	-0.071432
647.000000	-0.071154	-0.071160	-0.071217	-0.071136	-0.071389	-0.071448	-0.071499
648.000000	-0.071159	-0.071268	-0.071280	-0.071181	-0.071409	-0.071397	-0.071483
649.000000	-0.071193	-0.071396	-0.071396	-0.071318	-0.071474	-0.071380	-0.071505
650.000000	-0.071287	-0.071474	-0.071523	-0.071526	-0.071614	-0.071508	-0.071666
651.000000	-0.071383	-0.071512	-0.071629	-0.071678	-0.071727	-0.071683	-0.071842
652.000000	-0.071399	-0.071523	-0.071676	-0.071646	-0.071691	-0.071760	-0.071868
653.000000	-0.071234	-0.071409	-0.071563	-0.071426	-0.071474	-0.071622	-0.071683
654.000000	-0.070810	-0.071059	-0.071191	-0.071062	-0.071083	-0.071187	-0.071276
655.000000	-0.070276	-0.070559	-0.070673	-0.070639	-0.070612	-0.070625	-0.070772
656.000000	-0.069887	-0.070097	-0.070220	-0.070252	-0.070193	-0.070219	-0.070359
657.000000	-0.069670	-0.069752	-0.069902	-0.069940	-0.069876	-0.069998	-0.070071
658.000000	-0.069484	-0.069525	-0.069676	-0.069692	-0.069649	-0.069805	-0.069832
659.000000	-0.069297	-0.069397	-0.069515	-0.069512	-0.069505	-0.069609	-0.069634
660.000000	-0.069194	-0.069332	-0.069408	-0.069418	-0.069442	-0.069514	-0.069545
661.000000	-0.069176	-0.069280	-0.069332	-0.069383	-0.069414	-0.069518	-0.069546
662.000000	-0.069107	-0.069165	-0.069241	-0.069303	-0.069312	-0.069445	-0.069481
663.000000	-0.068901	-0.068948	-0.069091	-0.069115	-0.069081	-0.069195	-0.069262
664.000000	-0.068601	-0.068673	-0.068843	-0.068843	-0.068793	-0.068857	-0.068963
665.000000	-0.068264	-0.068384	-0.068493	-0.068536	-0.068517	-0.068530	-0.068666
666.000000	-0.067950	-0.068092	-0.068146	-0.068266	-0.068267	-0.068282	-0.068409
667.000000	-0.067698	-0.067800	-0.067896	-0.068077	-0.068036	-0.068138	-0.068195
668.000000	-0.067464	-0.067495	-0.067681	-0.067843	-0.067781	-0.067946	-0.067934
669.000000	-0.067200	-0.067175	-0.067414	-0.067432	-0.067467	-0.067556	-0.067543
670.000000	-0.066973	-0.066931	-0.067154	-0.067024	-0.067188	-0.067152	-0.067201
671.000000	-0.066883	-0.066877	-0.067012	-0.066897	-0.067073	-0.067031	-0.067159
672.000000	-0.066847	-0.066927	-0.066973	-0.066959	-0.067059	-0.067112	-0.067268
673.000000	-0.066685	-0.066882	-0.066949	-0.066912	-0.066978	-0.067101	-0.067155
674.000000	-0.066438	-0.066714	-0.066878	-0.066731	-0.066812	-0.066932	-0.066832
675.000000	-0.066339	-0.066549	-0.066717	-0.066626	-0.066676	-0.066740	-0.066640
676.000000	-0.066415	-0.066460	-0.066509	-0.066652	-0.066616	-0.066614	-0.066671
677.000000	-0.066436	-0.066456	-0.066395	-0.066668	-0.066592	-0.066579	-0.066709
678.000000	-0.066316	-0.066504	-0.066427	-0.066612	-0.066572	-0.066615	-0.066648
679.000000	-0.066236	-0.066514	-0.066488	-0.066575	-0.066554	-0.066628	-0.066615
680.000000	-0.066309	-0.066445	-0.066496	-0.066610	-0.066545	-0.066575	-0.066685
681.000000	-0.066419	-0.066398	-0.066492	-0.066643	-0.066569	-0.066549	-0.066757
682.000000	-0.066456	-0.066459	-0.066526	-0.066613	-0.066642	-0.066624	-0.066748
683.000000	-0.066465	-0.066587	-0.066608	-0.066597	-0.066741	-0.066725	-0.066746
684.000000	-0.066510	-0.066712	-0.066730	-0.066670	-0.066837	-0.066763	-0.066841
685.000000	-0.066574	-0.066790	-0.066826	-0.066766	-0.066890	-0.066760	-0.066942
686.000000	-0.066618	-0.066791	-0.066824	-0.066781	-0.066871	-0.066766	-0.066919
687.000000	-0.066616	-0.066738	-0.066758	-0.066744	-0.066811	-0.066776	-0.066821
688.000000	-0.066555	-0.066683	-0.066709	-0.066738	-0.066775	-0.066760	-0.066775
689.000000	-0.066514	-0.066690	-0.066714	-0.066800	-0.066806	-0.066762	-0.066831
690.000000	-0.066622	-0.066825	-0.066777	-0.066928	-0.066931	-0.066866	-0.066981
691.000000	-0.066809	-0.067001	-0.066854	-0.067053	-0.067065	-0.067023	-0.067124
692.000000	-0.066818	-0.066992	-0.066859	-0.067041	-0.067022	-0.067058	-0.067081
693.000000	-0.066605	-0.066772	-0.066779	-0.066882	-0.066798	-0.066932	-0.066850
694.000000	-0.066435	-0.066595	-0.066713	-0.066738	-0.066644	-0.066800	-0.066679
695.000000	-0.066449	-0.066595	-0.066698	-0.066696	-0.066677	-0.066754	-0.066697
696.000000	-0.066513	-0.066635	-0.066642	-0.066669	-0.066715	-0.066734	-0.066764
697.000000	-0.066512	-0.066605	-0.066498	-0.066596	-0.066632	-0.066690	-0.066766
698.000000	-0.066473	-0.066559	-0.066386	-0.066537	-0.066559	-0.066645	-0.066731
699.000000	-0.066435	-0.066555	-0.066411	-0.066546	-0.066612	-0.066629	-0.066705
700.000000	-0.066403	-0.066557	-0.066499	-0.066558	-0.066687	-0.066623	-0.066691
701.000000	-0.066366	-0.066515	-0.066545	-0.066498	-0.066647	-0.066604	-0.066679
702.000000	-0.066309	-0.066431	-0.066503	-0.066402	-0.066544	-0.066561	-0.066652
703.000000	-0.066212	-0.066326	-0.066364	-0.066342	-0.066484	-0.066493	-0.066588
704.000000	-0.066080	-0.066202	-0.066208	-0.066310	-0.066434	-0.066430	-0.066488
705.000000	-0.065931	-0.066053	-0.066153	-0.066255	-0.066292	-0.066412	-0.066366
706.000000	-0.065766	-0.065888	-0.066132	-0.066136	-0.066072	-0.066365	-0.066235
707.000000	-0.065579	-0.065724	-0.065941	-0.065923	-0.065870	-0.066129	-0.066107
708.000000	-0.065335	-0.065509	-0.065539	-0.065604	-0.065681	-0.065701	-0.065914
709.000000	-0.064974	-0.065125	-0.065064	-0.065183	-0.065387	-0.065246	-0.065500
710.000000	-0.064489	-0.064569	-0.064589	-0.064688	-0.064942	-0.064852	-0.064882
711.000000	-0.063960	-0.064028	-0.064080	-0.064178	-0.064412	-0.064477	-0.064343
712.000000	-0.063421	-0.063586	-0.063519	-0.063674	-0.063846	-0.064057	-0.064015
713.000000	-0.062796	-0.063071	-0.062939	-0.063103	-0.063236	-0.063504	-0.063652
714.000000	-0.062044	-0.062368	-0.062363	-0.062439	-0.062583	-0.062784	-0.063061
715.000000	-0.061298	-0.061636	-0.061748	-0.061852	-0.061935	-0.062050	-0.062352
716.000000	-0.060658	-0.061018	-0.061048	-0.061457	-0.061319	-0.061428	-0.061657
717.000000	-0.059921	-0.060336	-0.060253	-0.060930	-0.060629	-0.060759	-0.060929
718.000000	-0.058865	-0.059371	-0.059371	-0.059911	-0.059753	-0.059847	-0.060092
719.000000	-0.057730	-0.058260	-0.058458	-0.058645	-0.058777	-0.058798	-0.059230
720.000000	-0.056906	-0.057272	-0.057591	-0.057598	-0.057865	-0.057834	-0.058483
721.000000	-0.056363	-0.056516	-0.056837	-0.056896	-0.057088	-0.057090	-0.057841
722.000000	-0.055821	-0.055986	-0.056241	-0.056446	-0.056452	-0.056628	-0.057200
723.000000	-0.055083	-0.055443	-0.055617	-0.055948	-0.055803	-0.056162	-0.056436
724.000000	-0.054034	-0.054463	-0.054598	-0.054947	-0.054869	-0.055143	-0.055415
725.000000	-0.052808	-0.053125	-0.053303	-0.053585	-0.053746	-0.053730	-0.054252
726.000000	-0.051829	-0.052104	-0.052423	-0.052702	-0.052964	-0.052925	-0.053353
727.000000	-0.051216	-0.051653	-0.052152	-0.052535	-0.052654	-0.053025	-0.052869
728.000000	-0.050555	-0.051272	-0.051811	-0.052251	-0.052243	-0.053082	-0.052498
729.000000	-0.049635	-0.050632	-0.050989	-0.051355	-0.051426	-0.052454	-0.052024
730.000000	-0.048850	-0.049980	-0.050112	-0.050392	-0.050687	-0.051510	-0.051534
731.000000	-0.048535	-0.049555	-0.049580	-0.049868	-0.050451	-0.050649	-0.051122
732.000000	-0.048519	-0.049281	-0.049282	-0.049645	-0.050542	-0.049876	-0.050765
