[HEADER]
Format	J&M ASCII Table
Comment	
Date	2/21/2023 4:16:31 AM
Order	Y (evenX)
TechType	UV
NumPoints	483
FirstX	250.00
LastX	732.00
XType	NMetr
YType	Absrb
ZType	Secs
NumSubFile	7
Matrix	Z vs X
[DATA]
	0.000000	5.000064	10.000128	15.000256	20.000320	25.000383	30.000511
250.000000	1.154574	1.158437	1.154352	1.152476	1.152899	1.154444	1.151304
251.000000	1.127820	1.132501	1.128738	1.127057	1.126722	1.127560	1.124792
252.000000	1.101076	1.104184	1.100593	1.100469	1.097945	1.098414	1.095762
253.000000	1.075208	1.075995	1.073432	1.073354	1.070832	1.070798	1.068188
254.000000	1.050818	1.050138	1.049820	1.046611	1.048386	1.047442	1.044942
255.000000	1.027283	1.026407	1.027276	1.021603	1.027178	1.025567	1.023132
256.000000	1.004003	1.004171	1.003148	0.999455	1.003469	1.002072	0.999620
257.000000	0.981968	0.983310	0.979834	0.979441	0.979444	0.978618	0.976781
258.000000	0.962523	0.963872	0.960905	0.960363	0.958885	0.958157	0.958280
259.000000	0.945438	0.945851	0.945208	0.942390	0.941900	0.940781	0.942694
260.000000	0.929660	0.929168	0.929314	0.926300	0.926707	0.925107	0.926199
261.000000	0.914158	0.913147	0.912373	0.911391	0.911712	0.909875	0.908422
262.000000	0.897960	0.896683	0.895528	0.895868	0.895529	0.893970	0.891624
263.000000	0.881228	0.879801	0.879376	0.879517	0.878385	0.877492	0.876533
264.000000	0.865405	0.863813	0.863834	0.863943	0.862324	0.861905	0.862057
265.000000	0.850986	0.849210	0.848773	0.849694	0.847997	0.847613	0.847445
266.000000	0.836731	0.834975	0.834050	0.835358	0.833541	0.833099	0.832695
267.000000	0.821773	0.820324	0.819526	0.819982	0.817783	0.817477	0.817888
268.000000	0.806617	0.805449	0.805061	0.804281	0.801959	0.801960	0.803120
269.000000	0.791766	0.790541	0.790449	0.788939	0.787226	0.787544	0.788336
270.000000	0.776859	0.775206	0.775209	0.773475	0.772931	0.773042	0.772840
271.000000	0.761378	0.759019	0.758926	0.757270	0.758067	0.757040	0.756026
272.000000	0.745167	0.742299	0.742027	0.740643	0.742234	0.740102	0.738794
273.000000	0.728200	0.725553	0.725170	0.724172	0.725285	0.723397	0.722433
274.000000	0.710337	0.708315	0.708095	0.707422	0.707292	0.706562	0.706286
275.000000	0.691401	0.689632	0.690042	0.689425	0.688470	0.688413	0.688646
276.000000	0.671791	0.669933	0.670935	0.670253	0.669330	0.669071	0.669331
277.000000	0.652387	0.650817	0.651300	0.650879	0.650617	0.649779	0.649479
278.000000	0.633681	0.632812	0.631801	0.631917	0.632491	0.631146	0.630089
279.000000	0.615644	0.615037	0.613246	0.613495	0.614352	0.612936	0.611911
280.000000	0.597901	0.596815	0.595701	0.595406	0.595795	0.594806	0.594850
281.000000	0.579483	0.578026	0.577800	0.576880	0.576867	0.576324	0.577233
282.000000	0.559979	0.558816	0.558721	0.557608	0.557782	0.557373	0.558028
283.000000	0.540775	0.539927	0.539649	0.538788	0.539078	0.538787	0.538543
284.000000	0.523096	0.521990	0.521770	0.521449	0.521171	0.521290	0.520164
285.000000	0.506047	0.504675	0.504648	0.504657	0.503661	0.504362	0.502765
286.000000	0.488397	0.487469	0.487518	0.487181	0.486059	0.487255	0.485862
287.000000	0.470750	0.470439	0.470454	0.469544	0.468846	0.470041	0.469438
288.000000	0.454382	0.453897	0.453880	0.452935	0.452831	0.453152	0.453643
289.000000	0.439231	0.438051	0.438039	0.437465	0.437825	0.437081	0.438193
290.000000	0.424401	0.423037	0.423051	0.422570	0.423019	0.422323	0.422563
291.000000	0.409663	0.408823	0.408779	0.408049	0.408247	0.408585	0.407014
292.000000	0.395422	0.395219	0.394851	0.394048	0.393951	0.394841	0.392540
293.000000	0.381801	0.381997	0.381076	0.380576	0.380300	0.380748	0.379404
294.000000	0.368485	0.368885	0.367532	0.367429	0.367040	0.366967	0.366804
295.000000	0.355367	0.355843	0.354401	0.354546	0.354107	0.353975	0.354246
296.000000	0.342833	0.343318	0.342045	0.342197	0.341895	0.341718	0.342043
297.000000	0.331183	0.331616	0.330674	0.330582	0.330614	0.330063	0.330457
298.000000	0.320234	0.320407	0.319943	0.319538	0.319691	0.318847	0.319273
299.000000	0.309739	0.309359	0.309460	0.308869	0.308609	0.307959	0.308277
300.000000	0.299583	0.298746	0.299137	0.298592	0.297877	0.297584	0.297737
301.000000	0.289707	0.288952	0.289003	0.288768	0.288192	0.287938	0.287998
302.000000	0.280142	0.279737	0.279261	0.279338	0.279225	0.278812	0.278830
303.000000	0.270967	0.270608	0.270175	0.270194	0.270219	0.269820	0.269774
304.000000	0.262255	0.261654	0.261695	0.261404	0.261217	0.260978	0.260874
305.000000	0.254072	0.253361	0.253554	0.253150	0.252801	0.252576	0.252515
306.000000	0.246310	0.245731	0.245604	0.245377	0.245024	0.244669	0.244724
307.000000	0.238679	0.238272	0.237829	0.237782	0.237386	0.237073	0.237153
308.000000	0.231138	0.230826	0.230330	0.230284	0.229767	0.229722	0.229700
309.000000	0.224023	0.223779	0.223371	0.223154	0.222668	0.222749	0.222662
310.000000	0.217539	0.217347	0.217042	0.216569	0.216339	0.216220	0.216202
311.000000	0.211504	0.211248	0.211000	0.210422	0.210338	0.210002	0.210089
312.000000	0.205700	0.205230	0.204962	0.204590	0.204285	0.203985	0.204101
313.000000	0.199972	0.199390	0.199066	0.199034	0.198334	0.198230	0.198248
314.000000	0.194241	0.193865	0.193509	0.193720	0.192727	0.192809	0.192601
315.000000	0.188766	0.188603	0.188313	0.188527	0.187544	0.187658	0.187313
316.000000	0.183855	0.183497	0.183424	0.183334	0.182780	0.182674	0.182512
317.000000	0.179241	0.178526	0.178669	0.178220	0.178191	0.177811	0.177894
318.000000	0.174408	0.173714	0.173832	0.173357	0.173444	0.173052	0.172976
319.000000	0.169448	0.169075	0.168951	0.168736	0.168615	0.168398	0.167899
320.000000	0.164908	0.164622	0.164257	0.164213	0.164086	0.163862	0.163265
321.000000	0.160892	0.160398	0.159894	0.159770	0.159947	0.159496	0.159181
322.000000	0.157009	0.156484	0.155905	0.155538	0.155958	0.155396	0.155195
323.000000	0.153052	0.152788	0.152199	0.151598	0.151961	0.151534	0.151093
324.000000	0.149162	0.148934	0.148482	0.147940	0.147964	0.147686	0.147108
325.000000	0.145438	0.144773	0.144598	0.144483	0.144008	0.143734	0.143403
326.000000	0.141793	0.140779	0.140780	0.140984	0.140172	0.139869	0.139874
327.000000	0.138165	0.137362	0.137246	0.137299	0.136543	0.136297	0.136422
328.000000	0.134689	0.134329	0.133946	0.133750	0.133209	0.133087	0.133112
329.000000	0.131509	0.131388	0.130790	0.130678	0.130227	0.130237	0.130024
330.000000	0.128572	0.128476	0.127819	0.127909	0.127472	0.127504	0.127097
331.000000	0.125753	0.125611	0.125098	0.125109	0.124756	0.124593	0.124228
332.000000	0.122980	0.122785	0.122449	0.122200	0.121911	0.121566	0.121392
333.000000	0.120222	0.119982	0.119591	0.119261	0.118815	0.118672	0.118610
334.000000	0.117642	0.117277	0.116720	0.116526	0.115783	0.116038	0.115920
335.000000	0.115553	0.114820	0.114409	0.114345	0.113470	0.113686	0.113374
336.000000	0.113891	0.112673	0.112698	0.112645	0.111884	0.111600	0.111056
337.000000	0.112147	0.110785	0.110993	0.110853	0.110259	0.109723	0.109085
338.000000	0.110120	0.109088	0.109003	0.108715	0.108249	0.107967	0.107431
339.000000	0.108193	0.107488	0.107029	0.106593	0.106316	0.106207	0.105805
340.000000	0.106625	0.105919	0.105344	0.104770	0.104779	0.104404	0.104054
341.000000	0.105205	0.104389	0.103981	0.103168	0.103371	0.102762	0.102457
342.000000	0.103734	0.102937	0.102885	0.101700	0.101854	0.101454	0.101257
343.000000	0.102378	0.101674	0.101791	0.100477	0.100491	0.100378	0.100274
344.000000	0.101354	0.100690	0.100456	0.099610	0.099580	0.099371	0.099254
345.000000	0.100606	0.099824	0.099122	0.098913	0.098852	0.098345	0.098166
346.000000	0.099970	0.098849	0.098168	0.098109	0.097866	0.097247	0.097060
347.000000	0.099221	0.097819	0.097510	0.097178	0.096650	0.096129	0.096001
348.000000	0.098119	0.096942	0.096802	0.096242	0.095491	0.095097	0.095050
349.000000	0.096799	0.096204	0.095907	0.095295	0.094501	0.094162	0.094135
350.000000	0.095711	0.095403	0.094863	0.094228	0.093639	0.093252	0.093076
351.000000	0.094972	0.094478	0.093766	0.093084	0.092843	0.092355	0.091881
352.000000	0.094269	0.093543	0.092771	0.092106	0.092029	0.091534	0.090798
353.000000	0.093407	0.092632	0.091906	0.091342	0.091101	0.090740	0.089914
354.000000	0.092447	0.091606	0.090957	0.090468	0.089942	0.089706	0.088996
355.000000	0.091444	0.090384	0.089786	0.089277	0.088541	0.088307	0.087874
356.000000	0.090367	0.089097	0.088541	0.087987	0.087194	0.086880	0.086642
357.000000	0.089169	0.087865	0.087353	0.086808	0.086124	0.085713	0.085395
358.000000	0.087806	0.086621	0.086095	0.085619	0.085012	0.084552	0.084040
359.000000	0.086230	0.085240	0.084587	0.084210	0.083464	0.083042	0.082443
360.000000	0.084350	0.083553	0.082753	0.082405	0.081504	0.081132	0.080535
361.000000	0.082081	0.081400	0.080575	0.080072	0.079319	0.078898	0.078287
362.000000	0.079559	0.078907	0.078148	0.077444	0.077032	0.076492	0.075845
363.000000	0.077046	0.076361	0.075632	0.074950	0.074717	0.074100	0.073444
364.000000	0.074543	0.073842	0.073076	0.072585	0.072297	0.071659	0.071067
365.000000	0.071826	0.071240	0.070426	0.069965	0.069561	0.068895	0.068470
366.000000	0.068763	0.068370	0.067563	0.066903	0.066425	0.065733	0.065517
367.000000	0.065354	0.064960	0.064289	0.063480	0.062973	0.062366	0.062215
368.000000	0.061668	0.061004	0.060562	0.059808	0.059314	0.058910	0.058619
369.000000	0.057891	0.057015	0.056647	0.056010	0.055591	0.055306	0.054864
370.000000	0.054104	0.053300	0.052741	0.052160	0.051854	0.051482	0.051020
371.000000	0.050060	0.049405	0.048751	0.048173	0.047887	0.047385	0.046953
372.000000	0.045571	0.044920	0.044560	0.043970	0.043530	0.043009	0.042572
373.000000	0.040978	0.040208	0.040184	0.039600	0.039077	0.038522	0.038137
374.000000	0.036671	0.035755	0.035674	0.035137	0.034855	0.034111	0.033932
375.000000	0.032408	0.031443	0.031080	0.030580	0.030571	0.029767	0.029766
376.000000	0.027739	0.026936	0.026448	0.025902	0.025737	0.025400	0.025281
377.000000	0.022795	0.022266	0.021789	0.021193	0.020639	0.020942	0.020533
378.000000	0.018055	0.017683	0.017096	0.016607	0.016009	0.016344	0.015822
379.000000	0.013631	0.013246	0.012474	0.012218	0.011930	0.011720	0.011301
380.000000	0.009298	0.008841	0.008126	0.008020	0.007895	0.007319	0.006976
381.000000	0.004891	0.004385	0.004009	0.003882	0.003642	0.003137	0.002769
382.000000	0.000339	-0.000142	-0.000240	-0.000486	-0.000743	-0.001174	-0.001502
383.000000	-0.004264	-0.004630	-0.004715	-0.005075	-0.005107	-0.005677	-0.005845
384.000000	-0.008517	-0.008708	-0.008937	-0.009276	-0.009215	-0.009838	-0.009907
385.000000	-0.012169	-0.012180	-0.012578	-0.012717	-0.012930	-0.013319	-0.013453
386.000000	-0.015519	-0.015449	-0.015935	-0.015935	-0.016417	-0.016561	-0.016704
387.000000	-0.018876	-0.018891	-0.019333	-0.019444	-0.019845	-0.019999	-0.019916
388.000000	-0.022166	-0.022295	-0.022697	-0.022913	-0.023130	-0.023394	-0.023120
389.000000	-0.025223	-0.025333	-0.025846	-0.025860	-0.026137	-0.026373	-0.026267
390.000000	-0.027973	-0.028030	-0.028648	-0.028399	-0.028845	-0.028951	-0.029159
391.000000	-0.030396	-0.030547	-0.031009	-0.030866	-0.031284	-0.031297	-0.031563
392.000000	-0.032589	-0.032865	-0.033025	-0.033264	-0.033481	-0.033474	-0.033589
393.000000	-0.034712	-0.034866	-0.034906	-0.035392	-0.035465	-0.035479	-0.035549
394.000000	-0.036755	-0.036628	-0.036762	-0.037230	-0.037304	-0.037330	-0.037515
395.000000	-0.038549	-0.038408	-0.038606	-0.038924	-0.039097	-0.039062	-0.039338
396.000000	-0.040024	-0.040218	-0.040350	-0.040534	-0.040806	-0.040675	-0.040942
397.000000	-0.041251	-0.041729	-0.041775	-0.041994	-0.042205	-0.042111	-0.042359
398.000000	-0.042366	-0.042832	-0.042844	-0.043301	-0.043259	-0.043372	-0.043632
399.000000	-0.043616	-0.043900	-0.043898	-0.044585	-0.044329	-0.044575	-0.044813
400.000000	-0.045128	-0.045218	-0.045198	-0.045935	-0.045668	-0.045814	-0.045967
401.000000	-0.046649	-0.046649	-0.046647	-0.047253	-0.047071	-0.047074	-0.047192
402.000000	-0.047913	-0.048001	-0.048085	-0.048437	-0.048304	-0.048314	-0.048539
403.000000	-0.048931	-0.049193	-0.049360	-0.049497	-0.049379	-0.049480	-0.049823
404.000000	-0.049804	-0.050191	-0.050360	-0.050473	-0.050373	-0.050529	-0.050836
405.000000	-0.050720	-0.051102	-0.051225	-0.051396	-0.051359	-0.051526	-0.051721
406.000000	-0.051878	-0.052074	-0.052186	-0.052296	-0.052395	-0.052576	-0.052741
407.000000	-0.053165	-0.053119	-0.053241	-0.053240	-0.053458	-0.053640	-0.053872
408.000000	-0.054280	-0.054165	-0.054242	-0.054314	-0.054473	-0.054599	-0.054913
409.000000	-0.055151	-0.055142	-0.055166	-0.055455	-0.055407	-0.055462	-0.055788
410.000000	-0.055920	-0.055988	-0.056098	-0.056467	-0.056269	-0.056350	-0.056539
411.000000	-0.056688	-0.056739	-0.057055	-0.057311	-0.057083	-0.057298	-0.057252
412.000000	-0.057492	-0.057556	-0.057958	-0.058170	-0.057898	-0.058216	-0.058062
413.000000	-0.058355	-0.058507	-0.058777	-0.059108	-0.058750	-0.059070	-0.059020
414.000000	-0.059271	-0.059462	-0.059600	-0.059922	-0.059657	-0.059945	-0.059996
415.000000	-0.060209	-0.060318	-0.060476	-0.060507	-0.060602	-0.060884	-0.060884
416.000000	-0.061075	-0.061121	-0.061306	-0.061123	-0.061488	-0.061764	-0.061717
417.000000	-0.061800	-0.061924	-0.062007	-0.062002	-0.062232	-0.062476	-0.062529
418.000000	-0.062473	-0.062688	-0.062684	-0.062930	-0.062909	-0.063126	-0.063262
419.000000	-0.063212	-0.063364	-0.063468	-0.063620	-0.063616	-0.063849	-0.063852
420.000000	-0.063992	-0.064016	-0.064283	-0.064171	-0.064339	-0.064590	-0.064406
421.000000	-0.064738	-0.064741	-0.064977	-0.064824	-0.065020	-0.065222	-0.065087
422.000000	-0.065394	-0.065458	-0.065538	-0.065564	-0.065648	-0.065758	-0.065855
423.000000	-0.065929	-0.065989	-0.066038	-0.066223	-0.066241	-0.066299	-0.066548
424.000000	-0.066386	-0.066398	-0.066548	-0.066777	-0.066810	-0.066896	-0.067120
425.000000	-0.066879	-0.066972	-0.067135	-0.067334	-0.067358	-0.067556	-0.067632
426.000000	-0.067447	-0.067743	-0.067780	-0.067929	-0.067901	-0.068230	-0.068127
427.000000	-0.068024	-0.068392	-0.068355	-0.068497	-0.068476	-0.068792	-0.068623
428.000000	-0.068575	-0.068792	-0.068818	-0.069013	-0.069081	-0.069221	-0.069155
429.000000	-0.069124	-0.069218	-0.069319	-0.069545	-0.069636	-0.069707	-0.069785
430.000000	-0.069699	-0.069871	-0.069960	-0.070141	-0.070109	-0.070368	-0.070522
431.000000	-0.070304	-0.070579	-0.070640	-0.070764	-0.070641	-0.071040	-0.071195
432.000000	-0.070934	-0.071150	-0.071253	-0.071364	-0.071343	-0.071559	-0.071663
433.000000	-0.071544	-0.071602	-0.071813	-0.071909	-0.072040	-0.071982	-0.072064
434.000000	-0.072089	-0.072010	-0.072359	-0.072380	-0.072525	-0.072418	-0.072578
435.000000	-0.072578	-0.072452	-0.072881	-0.072813	-0.072886	-0.072901	-0.073150
436.000000	-0.073038	-0.072997	-0.073348	-0.073261	-0.073317	-0.073433	-0.073639
437.000000	-0.073485	-0.073580	-0.073745	-0.073723	-0.073831	-0.073973	-0.074035
438.000000	-0.073920	-0.074067	-0.074074	-0.074169	-0.074331	-0.074453	-0.074404
439.000000	-0.074349	-0.074462	-0.074414	-0.074610	-0.074786	-0.074867	-0.074805
440.000000	-0.074778	-0.074898	-0.074910	-0.075097	-0.075230	-0.075263	-0.075278
441.000000	-0.075231	-0.075418	-0.075550	-0.075622	-0.075686	-0.075693	-0.075817
442.000000	-0.075751	-0.075941	-0.076114	-0.076103	-0.076164	-0.076207	-0.076348
443.000000	-0.076317	-0.076399	-0.076486	-0.076500	-0.076655	-0.076789	-0.076819
444.000000	-0.076789	-0.076754	-0.076778	-0.076859	-0.077114	-0.077284	-0.077232
445.000000	-0.077092	-0.077026	-0.077097	-0.077228	-0.077509	-0.077609	-0.077601
446.000000	-0.077380	-0.077378	-0.077475	-0.077621	-0.077841	-0.077912	-0.077960
447.000000	-0.077797	-0.077925	-0.077919	-0.078042	-0.078138	-0.078334	-0.078345
448.000000	-0.078267	-0.078481	-0.078385	-0.078482	-0.078504	-0.078796	-0.078768
449.000000	-0.078669	-0.078821	-0.078812	-0.078919	-0.079024	-0.079176	-0.079222
450.000000	-0.078979	-0.079005	-0.079134	-0.079298	-0.079523	-0.079447	-0.079598
451.000000	-0.079216	-0.079201	-0.079297	-0.079557	-0.079756	-0.079625	-0.079775
452.000000	-0.079426	-0.079474	-0.079445	-0.079756	-0.079846	-0.079808	-0.079858
453.000000	-0.079670	-0.079827	-0.079822	-0.080017	-0.080119	-0.080135	-0.080083
454.000000	-0.079962	-0.080199	-0.080351	-0.080333	-0.080554	-0.080554	-0.080463
455.000000	-0.080272	-0.080476	-0.080687	-0.080589	-0.080836	-0.080853	-0.080819
456.000000	-0.080567	-0.080654	-0.080764	-0.080763	-0.080908	-0.081001	-0.081092
457.000000	-0.080817	-0.080873	-0.080876	-0.080955	-0.081050	-0.081200	-0.081376
458.000000	-0.081025	-0.081187	-0.081181	-0.081230	-0.081391	-0.081541	-0.081713
459.000000	-0.081252	-0.081485	-0.081543	-0.081569	-0.081747	-0.081887	-0.082022
460.000000	-0.081527	-0.081683	-0.081832	-0.081915	-0.081969	-0.082126	-0.082239
461.000000	-0.081766	-0.081813	-0.082022	-0.082138	-0.082091	-0.082277	-0.082369
462.000000	-0.081906	-0.081931	-0.082123	-0.082160	-0.082177	-0.082385	-0.082443
463.000000	-0.082032	-0.082094	-0.082239	-0.082177	-0.082271	-0.082517	-0.082543
464.000000	-0.082246	-0.082349	-0.082473	-0.082407	-0.082412	-0.082727	-0.082752
465.000000	-0.082526	-0.082658	-0.082778	-0.082779	-0.082638	-0.082993	-0.083063
466.000000	-0.082805	-0.082960	-0.083054	-0.083122	-0.082977	-0.083262	-0.083424
467.000000	-0.083054	-0.083242	-0.083277	-0.083384	-0.083357	-0.083525	-0.083748
468.000000	-0.083269	-0.083516	-0.083464	-0.083585	-0.083655	-0.083793	-0.083933
469.000000	-0.083465	-0.083757	-0.083656	-0.083757	-0.083863	-0.084046	-0.084022
470.000000	-0.083671	-0.083913	-0.083908	-0.083943	-0.084069	-0.084233	-0.084176
471.000000	-0.083894	-0.084000	-0.084196	-0.084148	-0.084291	-0.084359	-0.084425
472.000000	-0.084111	-0.084115	-0.084394	-0.084332	-0.084465	-0.084487	-0.084635
473.000000	-0.084310	-0.084307	-0.084466	-0.084486	-0.084587	-0.084656	-0.084750
474.000000	-0.084500	-0.084528	-0.084533	-0.084664	-0.084760	-0.084848	-0.084863
475.000000	-0.084689	-0.084737	-0.084684	-0.084895	-0.085027	-0.085051	-0.085044
476.000000	-0.084870	-0.084939	-0.084870	-0.085122	-0.085259	-0.085259	-0.085259
477.000000	-0.085043	-0.085144	-0.085050	-0.085302	-0.085358	-0.085472	-0.085470
478.000000	-0.085230	-0.085344	-0.085267	-0.085478	-0.085476	-0.085680	-0.085679
479.000000	-0.085449	-0.085529	-0.085569	-0.085698	-0.085771	-0.085872	-0.085891
480.000000	-0.085656	-0.085687	-0.085862	-0.085903	-0.086087	-0.086037	-0.086078
481.000000	-0.085791	-0.085808	-0.086018	-0.086007	-0.086184	-0.086161	-0.086202
482.000000	-0.085824	-0.085879	-0.086025	-0.086022	-0.086091	-0.086226	-0.086252
483.000000	-0.085746	-0.085886	-0.085933	-0.086009	-0.085974	-0.086209	-0.086229
484.000000	-0.085645	-0.085856	-0.085835	-0.086004	-0.085944	-0.086142	-0.086181
485.000000	-0.085679	-0.085843	-0.085851	-0.086017	-0.086063	-0.086098	-0.086185
486.000000	-0.085847	-0.085877	-0.085987	-0.086060	-0.086268	-0.086117	-0.086267
487.000000	-0.085973	-0.085959	-0.086127	-0.086139	-0.086356	-0.086206	-0.086396
488.000000	-0.086008	-0.086092	-0.086230	-0.086265	-0.086290	-0.086363	-0.086555
489.000000	-0.086118	-0.086286	-0.086383	-0.086444	-0.086308	-0.086568	-0.086748
490.000000	-0.086384	-0.086521	-0.086619	-0.086666	-0.086549	-0.086792	-0.086961
491.000000	-0.086629	-0.086708	-0.086808	-0.086871	-0.086854	-0.086970	-0.087130
492.000000	-0.086704	-0.086778	-0.086854	-0.087009	-0.087063	-0.087060	-0.087209
493.000000	-0.086708	-0.086789	-0.086865	-0.087084	-0.087163	-0.087104	-0.087244
494.000000	-0.086767	-0.086812	-0.086960	-0.087113	-0.087178	-0.087155	-0.087286
495.000000	-0.086842	-0.086845	-0.087071	-0.087135	-0.087138	-0.087210	-0.087305
496.000000	-0.086851	-0.086866	-0.087083	-0.087183	-0.087080	-0.087253	-0.087256
497.000000	-0.086820	-0.086891	-0.087044	-0.087229	-0.087072	-0.087301	-0.087217
498.000000	-0.086823	-0.086952	-0.087072	-0.087216	-0.087189	-0.087385	-0.087311
499.000000	-0.086884	-0.087040	-0.087167	-0.087183	-0.087376	-0.087485	-0.087500
500.000000	-0.086988	-0.087114	-0.087240	-0.087232	-0.087491	-0.087552	-0.087627
501.000000	-0.087090	-0.087158	-0.087255	-0.087336	-0.087484	-0.087564	-0.087637
502.000000	-0.087113	-0.087176	-0.087234	-0.087328	-0.087416	-0.087538	-0.087582
503.000000	-0.087063	-0.087182	-0.087212	-0.087203	-0.087352	-0.087493	-0.087523
504.000000	-0.087066	-0.087201	-0.087243	-0.087199	-0.087365	-0.087451	-0.087516
505.000000	-0.087176	-0.087239	-0.087335	-0.087411	-0.087467	-0.087433	-0.087580
506.000000	-0.087265	-0.087263	-0.087382	-0.087573	-0.087537	-0.087453	-0.087641
507.000000	-0.087227	-0.087248	-0.087320	-0.087486	-0.087490	-0.087514	-0.087640
508.000000	-0.087118	-0.087227	-0.087260	-0.087333	-0.087413	-0.087574	-0.087612
509.000000	-0.087020	-0.087232	-0.087312	-0.087321	-0.087407	-0.087593	-0.087600
510.000000	-0.086993	-0.087246	-0.087399	-0.087396	-0.087449	-0.087589	-0.087604
511.000000	-0.087071	-0.087236	-0.087404	-0.087432	-0.087484	-0.087591	-0.087607
512.000000	-0.087162	-0.087193	-0.087330	-0.087392	-0.087493	-0.087581	-0.087578
513.000000	-0.087134	-0.087117	-0.087238	-0.087285	-0.087473	-0.087529	-0.087483
514.000000	-0.087038	-0.087053	-0.087172	-0.087178	-0.087446	-0.087459	-0.087380
515.000000	-0.087038	-0.087074	-0.087161	-0.087174	-0.087442	-0.087437	-0.087379
516.000000	-0.087126	-0.087157	-0.087181	-0.087237	-0.087433	-0.087449	-0.087457
517.000000	-0.087124	-0.087192	-0.087157	-0.087204	-0.087340	-0.087409	-0.087469
518.000000	-0.086991	-0.087140	-0.087079	-0.087054	-0.087174	-0.087310	-0.087383
519.000000	-0.086884	-0.087059	-0.087027	-0.086968	-0.087086	-0.087252	-0.087328
520.000000	-0.086902	-0.087008	-0.087049	-0.087046	-0.087157	-0.087293	-0.087383
521.000000	-0.087006	-0.087029	-0.087118	-0.087198	-0.087316	-0.087381	-0.087501
522.000000	-0.087133	-0.087127	-0.087197	-0.087327	-0.087470	-0.087456	-0.087616
523.000000	-0.087190	-0.087203	-0.087246	-0.087375	-0.087518	-0.087475	-0.087646
524.000000	-0.087119	-0.087175	-0.087240	-0.087318	-0.087407	-0.087419	-0.087542
525.000000	-0.087025	-0.087118	-0.087225	-0.087245	-0.087308	-0.087375	-0.087418
526.000000	-0.087037	-0.087136	-0.087253	-0.087255	-0.087404	-0.087440	-0.087408
527.000000	-0.087120	-0.087198	-0.087307	-0.087318	-0.087568	-0.087552	-0.087484
528.000000	-0.087182	-0.087227	-0.087342	-0.087355	-0.087563	-0.087599	-0.087554
529.000000	-0.087182	-0.087225	-0.087348	-0.087359	-0.087424	-0.087574	-0.087582
530.000000	-0.087119	-0.087238	-0.087339	-0.087361	-0.087345	-0.087536	-0.087572
531.000000	-0.087065	-0.087299	-0.087355	-0.087398	-0.087393	-0.087539	-0.087561
532.000000	-0.087149	-0.087416	-0.087452	-0.087505	-0.087524	-0.087628	-0.087611
533.000000	-0.087301	-0.087495	-0.087549	-0.087597	-0.087618	-0.087710	-0.087702
534.000000	-0.087200	-0.087305	-0.087386	-0.087441	-0.087471	-0.087533	-0.087707
535.000000	-0.086916	-0.086987	-0.087072	-0.087145	-0.087216	-0.087222	-0.087585
536.000000	-0.087253	-0.087360	-0.087399	-0.087438	-0.087601	-0.087608	-0.087471
537.000000	-0.088144	-0.088338	-0.088289	-0.088267	-0.088510	-0.088608	-0.087458
538.000000	-0.086997	-0.087236	-0.087153	-0.087309	-0.087356	-0.087512	-0.087492
539.000000	-0.083185	-0.083372	-0.083361	-0.083966	-0.083525	-0.083617	-0.087495
540.000000	-0.085581	-0.085720	-0.085742	-0.085995	-0.085882	-0.085942	-0.087381
541.000000	-0.099694	-0.099886	-0.099768	-0.098237	-0.099929	-0.100133	-0.087145
542.000000	-0.096472	-0.096622	-0.096474	-0.095382	-0.096630	-0.096870	-0.087255
543.000000	-0.042003	-0.041795	-0.042053	-0.047862	-0.042107	-0.041936	-0.088132
544.000000	0.022223	0.022475	0.022061	0.008230	0.022022	0.022373	-0.088066
545.000000	0.018968	0.018035	0.018769	0.005674	0.018383	0.017637	-0.084428
546.000000	-0.043387	-0.044875	-0.043530	-0.048124	-0.044107	-0.045418	-0.078370
547.000000	-0.090307	-0.087867	-0.090383	-0.088143	-0.089929	-0.087399	-0.073969
548.000000	-0.094328	-0.085167	-0.094372	-0.091616	-0.092982	-0.083839	-0.073474
549.000000	-0.082954	-0.072189	-0.083002	-0.085016	-0.084719	-0.074014	-0.076961
550.000000	-0.075913	-0.070913	-0.075987	-0.084756	-0.084457	-0.079476	-0.082860
551.000000	-0.075597	-0.076306	-0.075685	-0.086734	-0.086918	-0.087616	-0.087134
552.000000	-0.080909	-0.082321	-0.080994	-0.087010	-0.087173	-0.088607	-0.087506
553.000000	-0.086256	-0.086303	-0.086376	-0.086417	-0.086368	-0.086479	-0.086369
554.000000	-0.087259	-0.086965	-0.087483	-0.086133	-0.086054	-0.085826	-0.086046
555.000000	-0.086050	-0.086105	-0.086359	-0.086136	-0.086121	-0.086246	-0.086285
556.000000	-0.085609	-0.085792	-0.085898	-0.086173	-0.086169	-0.086468	-0.086393
557.000000	-0.085892	-0.085984	-0.086103	-0.086165	-0.086151	-0.086377	-0.086316
558.000000	-0.085965	-0.086017	-0.086126	-0.086094	-0.086125	-0.086213	-0.086194
559.000000	-0.085736	-0.085829	-0.085892	-0.085967	-0.086050	-0.086041	-0.086064
560.000000	-0.085513	-0.085644	-0.085688	-0.085817	-0.085853	-0.085851	-0.085923
561.000000	-0.085515	-0.085643	-0.085706	-0.085791	-0.085714	-0.085790	-0.085901
562.000000	-0.085869	-0.085949	-0.086043	-0.086090	-0.085957	-0.086080	-0.086195
563.000000	-0.086086	-0.086113	-0.086224	-0.086276	-0.086179	-0.086283	-0.086365
564.000000	-0.085103	-0.085154	-0.085251	-0.085309	-0.085290	-0.085333	-0.085379
565.000000	-0.083947	-0.084098	-0.084153	-0.084202	-0.084251	-0.084233	-0.084260
566.000000	-0.086636	-0.086848	-0.086858	-0.086908	-0.086970	-0.086948	-0.086980
567.000000	-0.093534	-0.093710	-0.093687	-0.093757	-0.093778	-0.093821	-0.093877
568.000000	-0.097009	-0.097113	-0.097075	-0.097147	-0.097170	-0.097264	-0.097327
569.000000	-0.092172	-0.092228	-0.092197	-0.092236	-0.092355	-0.092425	-0.092462
570.000000	-0.085463	-0.085482	-0.085488	-0.085522	-0.085709	-0.085729	-0.085746
571.000000	-0.083589	-0.083568	-0.083644	-0.083751	-0.083868	-0.083864	-0.083905
572.000000	-0.084773	-0.084742	-0.084869	-0.085040	-0.085045	-0.085068	-0.085124
573.000000	-0.085317	-0.085340	-0.085448	-0.085577	-0.085557	-0.085659	-0.085664
574.000000	-0.084916	-0.085012	-0.085066	-0.085103	-0.085134	-0.085290	-0.085235
575.000000	-0.084612	-0.084727	-0.084764	-0.084767	-0.084855	-0.084951	-0.084920
576.000000	-0.084572	-0.084675	-0.084727	-0.084749	-0.084868	-0.084849	-0.084893
577.000000	-0.084444	-0.084577	-0.084635	-0.084650	-0.084773	-0.084724	-0.084794
578.000000	-0.084246	-0.084434	-0.084479	-0.084461	-0.084566	-0.084583	-0.084625
579.000000	-0.084315	-0.084481	-0.084524	-0.084508	-0.084589	-0.084664	-0.084703
580.000000	-0.084434	-0.084508	-0.084563	-0.084592	-0.084657	-0.084739	-0.084812
581.000000	-0.083699	-0.083749	-0.083805	-0.083868	-0.083925	-0.084011	-0.084075
582.000000	-0.082575	-0.082715	-0.082756	-0.082811	-0.082869	-0.082981	-0.082967
583.000000	-0.084041	-0.084257	-0.084302	-0.084332	-0.084391	-0.084529	-0.084447
584.000000	-0.087632	-0.087820	-0.087903	-0.087918	-0.087977	-0.088117	-0.088036
585.000000	-0.083224	-0.083354	-0.083458	-0.083475	-0.083554	-0.083666	-0.083632
586.000000	-0.068575	-0.068689	-0.068758	-0.068802	-0.068923	-0.068984	-0.069008
587.000000	-0.077996	-0.078121	-0.078135	-0.078220	-0.078350	-0.078385	-0.078424
588.000000	-0.139999	-0.140127	-0.140115	-0.140237	-0.140294	-0.140369	-0.140351
589.000000	-0.197709	-0.197850	-0.197826	-0.197954	-0.197933	-0.198071	-0.198026
590.000000	-0.175356	-0.175533	-0.175495	-0.175574	-0.175574	-0.175730	-0.175806
591.000000	-0.104266	-0.104375	-0.104417	-0.104441	-0.104528	-0.104663	-0.104807
592.000000	-0.067310	-0.067092	-0.067429	-0.067472	-0.067609	-0.067725	-0.067574
593.000000	-0.074890	-0.074587	-0.074962	-0.075081	-0.075203	-0.075318	-0.075008
594.000000	-0.083355	-0.084122	-0.083447	-0.083606	-0.083681	-0.083808	-0.084501
595.000000	-0.079697	-0.081270	-0.079863	-0.080010	-0.080027	-0.080172	-0.081675
596.000000	-0.084930	-0.083183	-0.085106	-0.085259	-0.085220	-0.085378	-0.083650
597.000000	-0.095916	-0.087368	-0.096015	-0.096207	-0.096138	-0.096295	-0.087908
598.000000	-0.070030	-0.058923	-0.070099	-0.070284	-0.070257	-0.070390	-0.059551
599.000000	0.000463	0.006309	0.000308	0.000209	0.000121	0.000028	0.005600
600.000000	0.038608	0.038299	0.038352	0.038325	0.038161	0.038087	0.037612
601.000000	-0.008151	-0.009688	-0.008436	-0.008473	-0.008603	-0.008697	-0.010210
602.000000	-0.075792	-0.076011	-0.076062	-0.076132	-0.076224	-0.076320	-0.076399
603.000000	-0.094363	-0.094078	-0.094626	-0.094681	-0.094839	-0.094870	-0.094525
604.000000	-0.080633	-0.080660	-0.080933	-0.080934	-0.081172	-0.081148	-0.081247
605.000000	-0.073085	-0.073324	-0.073485	-0.073426	-0.073639	-0.073660	-0.073961
606.000000	-0.075729	-0.075949	-0.076193	-0.076117	-0.076262	-0.076371	-0.076539
607.000000	-0.077843	-0.078019	-0.078203	-0.078199	-0.078363	-0.078487	-0.078532
608.000000	-0.076979	-0.077141	-0.077150	-0.077252	-0.077491	-0.077571	-0.077604
609.000000	-0.075983	-0.076123	-0.076091	-0.076217	-0.076465	-0.076529	-0.076608
610.000000	-0.075860	-0.075965	-0.076048	-0.076113	-0.076289	-0.076388	-0.076505
611.000000	-0.075850	-0.075939	-0.076098	-0.076111	-0.076223	-0.076375	-0.076449
612.000000	-0.075602	-0.075700	-0.075812	-0.075833	-0.075931	-0.076125	-0.076089
613.000000	-0.075382	-0.075491	-0.075505	-0.075573	-0.075685	-0.075903	-0.075804
614.000000	-0.075333	-0.075443	-0.075376	-0.075507	-0.075638	-0.075847	-0.075795
615.000000	-0.075303	-0.075395	-0.075318	-0.075500	-0.075635	-0.075787	-0.075826
616.000000	-0.075181	-0.075242	-0.075247	-0.075445	-0.075563	-0.075616	-0.075729
617.000000	-0.075068	-0.075110	-0.075234	-0.075400	-0.075511	-0.075483	-0.075635
618.000000	-0.075066	-0.075118	-0.075336	-0.075422	-0.075563	-0.075522	-0.075670
619.000000	-0.075138	-0.075219	-0.075451	-0.075469	-0.075648	-0.075631	-0.075737
620.000000	-0.075218	-0.075322	-0.075459	-0.075481	-0.075668	-0.075669	-0.075709
621.000000	-0.075242	-0.075356	-0.075393	-0.075455	-0.075612	-0.075632	-0.075622
622.000000	-0.075166	-0.075270	-0.075335	-0.075411	-0.075504	-0.075564	-0.075566
623.000000	-0.075065	-0.075154	-0.075311	-0.075366	-0.075409	-0.075506	-0.075567
624.000000	-0.075073	-0.075162	-0.075311	-0.075337	-0.075408	-0.075498	-0.075613
625.000000	-0.075173	-0.075285	-0.075326	-0.075341	-0.075483	-0.075543	-0.075673
626.000000	-0.075235	-0.075384	-0.075340	-0.075394	-0.075541	-0.075613	-0.075703
627.000000	-0.075212	-0.075400	-0.075342	-0.075464	-0.075543	-0.075663	-0.075672
628.000000	-0.075151	-0.075357	-0.075324	-0.075466	-0.075507	-0.075628	-0.075564
629.000000	-0.075092	-0.075274	-0.075288	-0.075370	-0.075453	-0.075498	-0.075410
630.000000	-0.075048	-0.075142	-0.075254	-0.075233	-0.075395	-0.075351	-0.075307
631.000000	-0.075011	-0.074977	-0.075221	-0.075108	-0.075328	-0.075241	-0.075296
632.000000	-0.074931	-0.074844	-0.075137	-0.075024	-0.075209	-0.075155	-0.075274
633.000000	-0.074786	-0.074789	-0.074981	-0.074989	-0.075027	-0.075078	-0.075164
634.000000	-0.074670	-0.074771	-0.074836	-0.074952	-0.074880	-0.075025	-0.075030
635.000000	-0.074671	-0.074745	-0.074787	-0.074872	-0.074857	-0.075003	-0.074949
636.000000	-0.074720	-0.074715	-0.074786	-0.074793	-0.074877	-0.074964	-0.074921
637.000000	-0.074708	-0.074693	-0.074758	-0.074774	-0.074827	-0.074858	-0.074918
638.000000	-0.074624	-0.074663	-0.074689	-0.074750	-0.074740	-0.074725	-0.074902
639.000000	-0.074497	-0.074593	-0.074595	-0.074618	-0.074706	-0.074645	-0.074834
640.000000	-0.074374	-0.074492	-0.074497	-0.074444	-0.074696	-0.074603	-0.074724
641.000000	-0.074310	-0.074386	-0.074418	-0.074388	-0.074610	-0.074535	-0.074612
642.000000	-0.074288	-0.074294	-0.074359	-0.074433	-0.074460	-0.074431	-0.074509
643.000000	-0.074228	-0.074217	-0.074294	-0.074394	-0.074352	-0.074332	-0.074400
644.000000	-0.074110	-0.074146	-0.074217	-0.074235	-0.074307	-0.074257	-0.074288
645.000000	-0.073995	-0.074057	-0.074142	-0.074108	-0.074221	-0.074189	-0.074206
646.000000	-0.073929	-0.073959	-0.074087	-0.074098	-0.074072	-0.074131	-0.074175
647.000000	-0.073929	-0.073927	-0.074064	-0.074130	-0.074004	-0.074132	-0.074194
648.000000	-0.073995	-0.074002	-0.074084	-0.074156	-0.074101	-0.074216	-0.074261
649.000000	-0.074104	-0.074120	-0.074166	-0.074228	-0.074244	-0.074337	-0.074368
650.000000	-0.074224	-0.074217	-0.074307	-0.074380	-0.074317	-0.074443	-0.074496
651.000000	-0.074302	-0.074297	-0.074422	-0.074500	-0.074361	-0.074503	-0.074579
652.000000	-0.074282	-0.074352	-0.074412	-0.074459	-0.074418	-0.074487	-0.074544
653.000000	-0.074113	-0.074249	-0.074225	-0.074222	-0.074354	-0.074334	-0.074355
654.000000	-0.073764	-0.073836	-0.073842	-0.073805	-0.074000	-0.073986	-0.073999
655.000000	-0.073318	-0.073264	-0.073380	-0.073328	-0.073493	-0.073531	-0.073571
656.000000	-0.072917	-0.072826	-0.073019	-0.072958	-0.073115	-0.073128	-0.073213
657.000000	-0.072609	-0.072576	-0.072770	-0.072713	-0.072894	-0.072828	-0.072950
658.000000	-0.072370	-0.072388	-0.072520	-0.072502	-0.072670	-0.072600	-0.072716
659.000000	-0.072201	-0.072226	-0.072278	-0.072322	-0.072431	-0.072444	-0.072503
660.000000	-0.072135	-0.072143	-0.072178	-0.072261	-0.072325	-0.072393	-0.072358
661.000000	-0.072140	-0.072129	-0.072222	-0.072298	-0.072360	-0.072400	-0.072282
662.000000	-0.072086	-0.072070	-0.072202	-0.072241	-0.072329	-0.072295	-0.072201
663.000000	-0.071892	-0.071894	-0.071993	-0.071984	-0.072107	-0.072003	-0.072061
664.000000	-0.071596	-0.071634	-0.071681	-0.071627	-0.071783	-0.071666	-0.071860
665.000000	-0.071254	-0.071337	-0.071361	-0.071280	-0.071457	-0.071412	-0.071605
666.000000	-0.070939	-0.071045	-0.071063	-0.070991	-0.071184	-0.071233	-0.071311
667.000000	-0.070701	-0.070786	-0.070796	-0.070779	-0.070978	-0.071083	-0.070994
668.000000	-0.070472	-0.070528	-0.070529	-0.070588	-0.070734	-0.070872	-0.070677
669.000000	-0.070172	-0.070234	-0.070231	-0.070354	-0.070350	-0.070526	-0.070388
670.000000	-0.069890	-0.069966	-0.069975	-0.070124	-0.069987	-0.070178	-0.070191
671.000000	-0.069765	-0.069814	-0.069862	-0.069980	-0.069890	-0.070027	-0.070145
672.000000	-0.069744	-0.069750	-0.069837	-0.069887	-0.069967	-0.070015	-0.070156
673.000000	-0.069662	-0.069674	-0.069756	-0.069742	-0.069938	-0.069940	-0.070040
674.000000	-0.069501	-0.069573	-0.069599	-0.069563	-0.069760	-0.069784	-0.069810
675.000000	-0.069369	-0.069505	-0.069452	-0.069463	-0.069600	-0.069683	-0.069636
676.000000	-0.069307	-0.069483	-0.069363	-0.069463	-0.069540	-0.069663	-0.069584
677.000000	-0.069270	-0.069456	-0.069335	-0.069460	-0.069549	-0.069607	-0.069576
678.000000	-0.069237	-0.069411	-0.069357	-0.069410	-0.069591	-0.069482	-0.069561
679.000000	-0.069232	-0.069400	-0.069406	-0.069378	-0.069624	-0.069414	-0.069543
680.000000	-0.069277	-0.069446	-0.069459	-0.069406	-0.069630	-0.069478	-0.069538
681.000000	-0.069366	-0.069495	-0.069494	-0.069458	-0.069644	-0.069571	-0.069570
682.000000	-0.069486	-0.069500	-0.069508	-0.069498	-0.069693	-0.069605	-0.069653
683.000000	-0.069592	-0.069503	-0.069569	-0.069554	-0.069747	-0.069632	-0.069743
684.000000	-0.069648	-0.069550	-0.069731	-0.069653	-0.069767	-0.069712	-0.069795
685.000000	-0.069667	-0.069605	-0.069881	-0.069724	-0.069752	-0.069793	-0.069817
686.000000	-0.069676	-0.069614	-0.069876	-0.069686	-0.069716	-0.069796	-0.069830
687.000000	-0.069678	-0.069589	-0.069768	-0.069609	-0.069702	-0.069758	-0.069821
688.000000	-0.069665	-0.069569	-0.069696	-0.069622	-0.069760	-0.069763	-0.069772
689.000000	-0.069679	-0.069606	-0.069724	-0.069740	-0.069875	-0.069837	-0.069745
690.000000	-0.069791	-0.069749	-0.069859	-0.069897	-0.069986	-0.069963	-0.069857
691.000000	-0.069939	-0.069919	-0.070002	-0.070013	-0.070039	-0.070080	-0.070041
692.000000	-0.069936	-0.069909	-0.069953	-0.069999	-0.069993	-0.070089	-0.070056
693.000000	-0.069766	-0.069707	-0.069715	-0.069862	-0.069861	-0.069974	-0.069862
694.000000	-0.069651	-0.069566	-0.069569	-0.069743	-0.069739	-0.069832	-0.069698
695.000000	-0.069697	-0.069611	-0.069646	-0.069714	-0.069681	-0.069732	-0.069695
696.000000	-0.069759	-0.069676	-0.069740	-0.069688	-0.069649	-0.069668	-0.069739
697.000000	-0.069729	-0.069633	-0.069697	-0.069614	-0.069620	-0.069635	-0.069737
698.000000	-0.069676	-0.069548	-0.069612	-0.069569	-0.069633	-0.069654	-0.069740
699.000000	-0.069673	-0.069504	-0.069592	-0.069622	-0.069715	-0.069731	-0.069794
700.000000	-0.069647	-0.069518	-0.069611	-0.069697	-0.069788	-0.069790	-0.069836
701.000000	-0.069517	-0.069579	-0.069614	-0.069693	-0.069768	-0.069754	-0.069790
702.000000	-0.069342	-0.069598	-0.069576	-0.069596	-0.069692	-0.069655	-0.069682
703.000000	-0.069221	-0.069475	-0.069488	-0.069432	-0.069634	-0.069559	-0.069569
704.000000	-0.069150	-0.069268	-0.069368	-0.069266	-0.069551	-0.069475	-0.069461
705.000000	-0.069067	-0.069115	-0.069244	-0.069178	-0.069352	-0.069380	-0.069340
706.000000	-0.068929	-0.069018	-0.069104	-0.069113	-0.069069	-0.069241	-0.069186
707.000000	-0.068714	-0.068881	-0.068905	-0.068918	-0.068831	-0.069025	-0.068984
708.000000	-0.068400	-0.068640	-0.068621	-0.068564	-0.068646	-0.068726	-0.068725
709.000000	-0.067973	-0.068267	-0.068243	-0.068164	-0.068392	-0.068366	-0.068406
710.000000	-0.067465	-0.067767	-0.067771	-0.067771	-0.068010	-0.067954	-0.068033
711.000000	-0.066976	-0.067187	-0.067223	-0.067337	-0.067543	-0.067479	-0.067615
712.000000	-0.066523	-0.066571	-0.066616	-0.066821	-0.067020	-0.066930	-0.067140
713.000000	-0.065935	-0.065942	-0.065973	-0.066205	-0.066404	-0.066305	-0.066536
714.000000	-0.065117	-0.065313	-0.065320	-0.065502	-0.065688	-0.065623	-0.065788
715.000000	-0.064299	-0.064670	-0.064703	-0.064818	-0.064969	-0.064966	-0.065078
716.000000	-0.063685	-0.063986	-0.064131	-0.064223	-0.064317	-0.064389	-0.064546
717.000000	-0.063065	-0.063209	-0.063427	-0.063546	-0.063593	-0.063779	-0.063960
718.000000	-0.062161	-0.062291	-0.062414	-0.062594	-0.062640	-0.062996	-0.063044
719.000000	-0.061066	-0.061258	-0.061290	-0.061528	-0.061612	-0.062069	-0.061946
720.000000	-0.060015	-0.060179	-0.060381	-0.060635	-0.060770	-0.061106	-0.060973
721.000000	-0.059158	-0.059208	-0.059715	-0.059954	-0.060127	-0.060240	-0.060211
722.000000	-0.058574	-0.058528	-0.059135	-0.059375	-0.059545	-0.059613	-0.059607
723.000000	-0.057998	-0.057946	-0.058437	-0.058677	-0.058822	-0.059082	-0.058965
724.000000	-0.056902	-0.056974	-0.057388	-0.057563	-0.057716	-0.058282	-0.057988
725.000000	-0.055363	-0.055654	-0.056098	-0.056182	-0.056416	-0.057191	-0.056782
726.000000	-0.054176	-0.054667	-0.055079	-0.055200	-0.055620	-0.056202	-0.055932
727.000000	-0.053655	-0.054237	-0.054490	-0.054824	-0.055458	-0.055521	-0.055577
728.000000	-0.053249	-0.053776	-0.053861	-0.054451	-0.055080	-0.055007	-0.055072
729.000000	-0.052568	-0.052932	-0.052933	-0.053681	-0.054014	-0.054505	-0.054085
730.000000	-0.051801	-0.052083	-0.052085	-0.052776	-0.052916	-0.053904	-0.053209
731.000000	-0.051155	-0.051580	-0.051650	-0.052007	-0.052378	-0.053141	-0.052956
732.000000	-0.050596	-0.051308	-0.051483	-0.051341	-0.052216	-0.052278	-0.053108
