[HEADER]
Format	J&M ASCII Table
Comment	
Date	2/21/2023 5:18:12 AM
Order	Y (evenX)
TechType	UV
NumPoints	483
FirstX	250.00
LastX	732.00
XType	NMetr
YType	Absrb
ZType	Secs
NumSubFile	7
Matrix	Z vs X
[DATA]
	0.000000	5.000128	10.000192	15.000256	20.000383	25.000448	30.000511
250.000000	1.411557	1.414440	1.411834	1.411215	1.410460	1.413298	1.409653
251.000000	1.399293	1.403326	1.401838	1.397357	1.399884	1.401427	1.396284
252.000000	1.380947	1.388543	1.388730	1.378834	1.385240	1.386531	1.383963
253.000000	1.364643	1.373219	1.375038	1.362948	1.369715	1.373398	1.373453
254.000000	1.356624	1.360595	1.363283	1.355338	1.356774	1.365538	1.365142
255.000000	1.352498	1.352536	1.354480	1.352308	1.348983	1.359706	1.357994
256.000000	1.347063	1.350082	1.349278	1.349165	1.347813	1.352437	1.351342
257.000000	1.343291	1.351395	1.348104	1.346856	1.349827	1.347107	1.348211
258.000000	1.346200	1.353873	1.351140	1.348010	1.350659	1.348720	1.352154
259.000000	1.354407	1.356788	1.357117	1.353239	1.352434	1.356193	1.360330
260.000000	1.363391	1.360430	1.364054	1.362003	1.360169	1.365388	1.366927
261.000000	1.371371	1.365880	1.370598	1.372193	1.371830	1.373631	1.371203
262.000000	1.378710	1.374732	1.375939	1.380590	1.380116	1.379484	1.376299
263.000000	1.386100	1.386095	1.380756	1.386937	1.383800	1.384005	1.383747
264.000000	1.394515	1.396237	1.387389	1.394344	1.388693	1.391023	1.393102
265.000000	1.402998	1.402740	1.396362	1.402896	1.397096	1.400864	1.402417
266.000000	1.407296	1.405669	1.404959	1.407254	1.404710	1.407678	1.407389
267.000000	1.405793	1.405934	1.410902	1.405054	1.408318	1.408234	1.406271
268.000000	1.404447	1.405995	1.413821	1.402903	1.409106	1.407548	1.404444
269.000000	1.407609	1.407367	1.413476	1.405975	1.408275	1.409552	1.406018
270.000000	1.408497	1.406858	1.408943	1.408155	1.404343	1.408701	1.405570
271.000000	1.399431	1.400774	1.399505	1.401946	1.395663	1.398692	1.396898
272.000000	1.384346	1.389598	1.386797	1.388741	1.383725	1.383136	1.383662
273.000000	1.370775	1.375276	1.373030	1.373000	1.370902	1.368718	1.372398
274.000000	1.357388	1.358297	1.357060	1.355637	1.356273	1.354618	1.360311
275.000000	1.338057	1.338339	1.336001	1.335568	1.337160	1.335912	1.339652
276.000000	1.312979	1.315783	1.310628	1.313008	1.313777	1.312377	1.311164
277.000000	1.287787	1.291635	1.284850	1.289302	1.288821	1.287839	1.282853
278.000000	1.265301	1.267180	1.261044	1.265607	1.264050	1.264328	1.258630
279.000000	1.244530	1.244025	1.239487	1.242779	1.239915	1.241416	1.236890
280.000000	1.223777	1.222308	1.219183	1.220358	1.216520	1.218424	1.215746
281.000000	1.200478	1.199357	1.196975	1.195447	1.193480	1.194504	1.193449
282.000000	1.173480	1.173693	1.171299	1.167019	1.170398	1.169416	1.169179
283.000000	1.145960	1.148158	1.145860	1.140215	1.146997	1.144729	1.144727
284.000000	1.121107	1.125441	1.123980	1.119410	1.123136	1.121835	1.121827
285.000000	1.098712	1.104076	1.103087	1.100623	1.099156	1.099880	1.099865
286.000000	1.077662	1.081850	1.079725	1.078541	1.075595	1.077627	1.077751
287.000000	1.057178	1.059467	1.055802	1.054884	1.053403	1.055545	1.055663
288.000000	1.036721	1.038695	1.035158	1.034031	1.033550	1.034747	1.034288
289.000000	1.016875	1.019153	1.017327	1.016181	1.015144	1.015275	1.013907
290.000000	0.998875	0.999178	0.999201	0.998902	0.996210	0.996525	0.994549
291.000000	0.982539	0.979227	0.980435	0.981227	0.977144	0.978758	0.976574
292.000000	0.966349	0.961753	0.963313	0.963619	0.960568	0.963035	0.960632
293.000000	0.949813	0.947122	0.948135	0.946572	0.946778	0.948908	0.946208
294.000000	0.933947	0.932673	0.932292	0.930535	0.932690	0.933775	0.931151
295.000000	0.919229	0.917009	0.914870	0.915625	0.916665	0.916611	0.914643
296.000000	0.904764	0.901856	0.898948	0.901271	0.900603	0.900017	0.898916
297.000000	0.889937	0.888493	0.886583	0.887078	0.886184	0.885966	0.885569
298.000000	0.875566	0.875545	0.874977	0.873488	0.872971	0.872993	0.872981
299.000000	0.862462	0.861582	0.861231	0.860863	0.860149	0.859362	0.859374
300.000000	0.849992	0.847523	0.846726	0.848330	0.847098	0.845405	0.845381
301.000000	0.837200	0.834760	0.833797	0.834829	0.833385	0.831997	0.832204
302.000000	0.824096	0.822698	0.821878	0.820849	0.819577	0.819251	0.819673
303.000000	0.811103	0.809914	0.809173	0.807528	0.806634	0.806920	0.807021
304.000000	0.798152	0.796476	0.795741	0.794991	0.794499	0.794689	0.794182
305.000000	0.784847	0.783469	0.782908	0.782668	0.782416	0.782215	0.781570
306.000000	0.771493	0.771263	0.770956	0.770422	0.770098	0.769557	0.769313
307.000000	0.759106	0.759464	0.759066	0.758581	0.757749	0.757184	0.757230
308.000000	0.747844	0.747803	0.746872	0.747096	0.745569	0.745312	0.745174
309.000000	0.736508	0.736263	0.734777	0.735312	0.733709	0.733748	0.733066
310.000000	0.724475	0.724837	0.723118	0.722974	0.722255	0.722342	0.721019
311.000000	0.712707	0.713496	0.711931	0.710845	0.711143	0.711138	0.709571
312.000000	0.701916	0.702178	0.701110	0.699537	0.700231	0.700113	0.698990
313.000000	0.691194	0.690727	0.690179	0.688629	0.689172	0.688932	0.688387
314.000000	0.679591	0.679042	0.678752	0.677594	0.677690	0.677335	0.676882
315.000000	0.667879	0.667431	0.667344	0.666561	0.666163	0.665854	0.665007
316.000000	0.657214	0.656298	0.656656	0.655819	0.655110	0.655160	0.653679
317.000000	0.647059	0.645696	0.646317	0.645163	0.644382	0.644827	0.642996
318.000000	0.636116	0.635491	0.635474	0.634174	0.633530	0.633936	0.632642
319.000000	0.624629	0.625441	0.624196	0.623035	0.622645	0.622629	0.622427
320.000000	0.613980	0.615232	0.613236	0.612372	0.612218	0.611825	0.612249
321.000000	0.604357	0.604760	0.602866	0.602206	0.602188	0.601736	0.602019
322.000000	0.594596	0.594154	0.592802	0.591884	0.591871	0.591771	0.591648
323.000000	0.584189	0.583593	0.582814	0.581306	0.581180	0.581620	0.581144
324.000000	0.573821	0.573308	0.572799	0.571339	0.571054	0.571506	0.570665
325.000000	0.563950	0.563365	0.562715	0.562378	0.561866	0.561561	0.560395
326.000000	0.554200	0.553410	0.552626	0.553424	0.552363	0.551582	0.550551
327.000000	0.544200	0.543180	0.542581	0.543578	0.541627	0.541432	0.541182
328.000000	0.534065	0.533002	0.532504	0.533089	0.530927	0.531420	0.531690
329.000000	0.524031	0.523280	0.522386	0.522490	0.521684	0.521870	0.521518
330.000000	0.514375	0.514039	0.512753	0.512383	0.513197	0.512587	0.511221
331.000000	0.505326	0.505153	0.504193	0.503296	0.504132	0.503229	0.501668
332.000000	0.496536	0.496311	0.495966	0.494837	0.494519	0.493866	0.492853
333.000000	0.487392	0.487131	0.486717	0.486155	0.485102	0.484778	0.484307
334.000000	0.478072	0.477743	0.476807	0.477133	0.476182	0.475991	0.475836
335.000000	0.469380	0.468680	0.467953	0.468243	0.467689	0.467335	0.467470
336.000000	0.461490	0.460179	0.460504	0.459747	0.459482	0.458829	0.459237
337.000000	0.453815	0.452112	0.453150	0.451632	0.451354	0.450717	0.451152
338.000000	0.445938	0.444306	0.445106	0.443768	0.443261	0.442993	0.443176
339.000000	0.437829	0.436546	0.436669	0.435843	0.435460	0.435183	0.435173
340.000000	0.429628	0.428752	0.428262	0.427747	0.428071	0.427081	0.427120
341.000000	0.421837	0.421202	0.420358	0.419937	0.420780	0.419305	0.419305
342.000000	0.414816	0.414128	0.413275	0.412783	0.413309	0.412355	0.411987
343.000000	0.408113	0.407316	0.406678	0.405937	0.405814	0.405720	0.405111
344.000000	0.401199	0.400496	0.400114	0.398965	0.398543	0.398771	0.398532
345.000000	0.394301	0.393737	0.393418	0.392062	0.391665	0.391738	0.392038
346.000000	0.387875	0.387220	0.386564	0.385615	0.385288	0.385133	0.385420
347.000000	0.381695	0.380925	0.379802	0.379490	0.379247	0.378939	0.378774
348.000000	0.375178	0.374718	0.373513	0.373278	0.373225	0.372843	0.372357
349.000000	0.368458	0.368525	0.367586	0.366928	0.367074	0.366701	0.366179
350.000000	0.362270	0.362320	0.361500	0.360696	0.360798	0.360518	0.360044
351.000000	0.356767	0.356198	0.355218	0.354768	0.354555	0.354389	0.353932
352.000000	0.351364	0.350395	0.349310	0.349228	0.348692	0.348515	0.348049
353.000000	0.345692	0.344968	0.344023	0.344004	0.343281	0.342972	0.342501
354.000000	0.339864	0.339631	0.338934	0.338762	0.337864	0.337599	0.337175
355.000000	0.334080	0.334185	0.333695	0.333271	0.332187	0.332263	0.331966
356.000000	0.328631	0.328771	0.328358	0.327674	0.326705	0.326981	0.326841
357.000000	0.323684	0.323542	0.323038	0.322165	0.321810	0.321795	0.321764
358.000000	0.318836	0.318448	0.317808	0.316884	0.317105	0.316734	0.316640
359.000000	0.313628	0.313385	0.312700	0.311905	0.312071	0.311790	0.311376
360.000000	0.308261	0.308256	0.307537	0.306967	0.306779	0.306757	0.306035
361.000000	0.303158	0.302980	0.302101	0.301725	0.301516	0.301388	0.300732
362.000000	0.298289	0.297632	0.296622	0.296358	0.296403	0.295912	0.295511
363.000000	0.293366	0.292375	0.291577	0.291336	0.291451	0.290819	0.290374
364.000000	0.288335	0.287311	0.286978	0.286641	0.286595	0.286121	0.285378
365.000000	0.283350	0.282480	0.282425	0.281825	0.281707	0.281409	0.280630
366.000000	0.278404	0.277798	0.277652	0.276723	0.276696	0.276457	0.276006
367.000000	0.273272	0.273021	0.272590	0.271551	0.271530	0.271299	0.271098
368.000000	0.267925	0.268007	0.267291	0.266468	0.266286	0.266037	0.265761
369.000000	0.262738	0.262829	0.262024	0.261470	0.261251	0.260884	0.260401
370.000000	0.257914	0.257582	0.256972	0.256520	0.256532	0.255959	0.255324
371.000000	0.253046	0.252356	0.252004	0.251543	0.251663	0.251080	0.250390
372.000000	0.247780	0.247239	0.246972	0.246497	0.246273	0.246067	0.245415
373.000000	0.242478	0.242310	0.241899	0.241518	0.240869	0.240980	0.240397
374.000000	0.237605	0.237609	0.236854	0.236744	0.236067	0.235945	0.235383
375.000000	0.232987	0.232923	0.231901	0.232012	0.231588	0.231061	0.230425
376.000000	0.228220	0.227972	0.227088	0.227067	0.226833	0.226397	0.225575
377.000000	0.223307	0.222837	0.222349	0.222046	0.221793	0.221782	0.220833
378.000000	0.218492	0.217820	0.217556	0.217310	0.216812	0.216918	0.216171
379.000000	0.213870	0.213080	0.212786	0.212888	0.212075	0.211909	0.211598
380.000000	0.209399	0.208641	0.208292	0.208500	0.207613	0.207214	0.207153
381.000000	0.204935	0.204345	0.204041	0.203959	0.203301	0.202871	0.202744
382.000000	0.200216	0.199804	0.199611	0.199215	0.198820	0.198348	0.198107
383.000000	0.195243	0.194922	0.194854	0.194364	0.194074	0.193459	0.193239
384.000000	0.190547	0.190205	0.190208	0.189773	0.189427	0.188768	0.188673
385.000000	0.186446	0.186034	0.185996	0.185672	0.185157	0.184684	0.184729
386.000000	0.182460	0.182224	0.182014	0.181792	0.181138	0.180912	0.180919
387.000000	0.178140	0.178494	0.178011	0.177822	0.177178	0.177095	0.176766
388.000000	0.173845	0.174606	0.173959	0.173673	0.173121	0.173186	0.172480
389.000000	0.170058	0.170388	0.169896	0.169357	0.168872	0.169223	0.168422
390.000000	0.166571	0.166055	0.165872	0.165138	0.164701	0.165244	0.164626
391.000000	0.162917	0.161965	0.161939	0.161352	0.160986	0.161293	0.160992
392.000000	0.159044	0.158191	0.158133	0.157904	0.157597	0.157439	0.157399
393.000000	0.155157	0.154630	0.154477	0.154436	0.154105	0.153765	0.153723
394.000000	0.151416	0.151201	0.150958	0.150849	0.150419	0.150230	0.149999
395.000000	0.147924	0.147852	0.147528	0.147283	0.146767	0.146681	0.146408
396.000000	0.144659	0.144512	0.144135	0.143822	0.143295	0.143111	0.143038
397.000000	0.141429	0.141093	0.140722	0.140465	0.140020	0.139714	0.139846
398.000000	0.138097	0.137580	0.137270	0.137190	0.136879	0.136532	0.136726
399.000000	0.134651	0.134107	0.133831	0.133939	0.133656	0.133284	0.133466
400.000000	0.131135	0.130773	0.130444	0.130649	0.130217	0.129790	0.129959
401.000000	0.127703	0.127521	0.127080	0.127262	0.126726	0.126280	0.126457
402.000000	0.124468	0.124266	0.123729	0.123744	0.123361	0.122991	0.123186
403.000000	0.121255	0.120930	0.120518	0.120178	0.120114	0.119844	0.119965
404.000000	0.117858	0.117465	0.117560	0.116680	0.116929	0.116689	0.116546
405.000000	0.114429	0.114020	0.114575	0.113375	0.113742	0.113493	0.113054
406.000000	0.111241	0.110808	0.111164	0.110370	0.110500	0.110272	0.109755
407.000000	0.108240	0.107807	0.107511	0.107535	0.107266	0.107088	0.106694
408.000000	0.105170	0.104853	0.104144	0.104606	0.104168	0.104023	0.103780
409.000000	0.102034	0.101896	0.101199	0.101562	0.101214	0.101096	0.100910
410.000000	0.099070	0.098994	0.098443	0.098609	0.098295	0.098262	0.097975
411.000000	0.096302	0.096138	0.095703	0.095797	0.095383	0.095459	0.094989
412.000000	0.093451	0.093237	0.092903	0.092965	0.092561	0.092602	0.092131
413.000000	0.090417	0.090275	0.090037	0.090035	0.089852	0.089674	0.089465
414.000000	0.087480	0.087416	0.087211	0.087136	0.087147	0.086801	0.086812
415.000000	0.084842	0.084774	0.084518	0.084372	0.084377	0.084074	0.084051
416.000000	0.082338	0.082272	0.081954	0.081704	0.081642	0.081448	0.081322
417.000000	0.079792	0.079807	0.079499	0.079089	0.079052	0.078876	0.078772
418.000000	0.077293	0.077317	0.077109	0.076580	0.076625	0.076441	0.076384
419.000000	0.074972	0.074766	0.074743	0.074240	0.074341	0.074221	0.074088
420.000000	0.072711	0.072243	0.072384	0.072007	0.072090	0.072036	0.071780
421.000000	0.070318	0.069877	0.070035	0.069775	0.069741	0.069630	0.069361
422.000000	0.067888	0.067689	0.067744	0.067537	0.067364	0.067133	0.066944
423.000000	0.065687	0.065632	0.065582	0.065352	0.065147	0.064902	0.064763
424.000000	0.063680	0.063605	0.063508	0.063205	0.063053	0.062940	0.062779
425.000000	0.061558	0.061463	0.061376	0.061021	0.060850	0.060924	0.060705
426.000000	0.059267	0.059198	0.059149	0.058809	0.058527	0.058744	0.058475
427.000000	0.057103	0.056986	0.056931	0.056691	0.056382	0.056587	0.056322
428.000000	0.055184	0.054918	0.054794	0.054699	0.054514	0.054549	0.054352
429.000000	0.053235	0.052893	0.052721	0.052674	0.052593	0.052502	0.052380
430.000000	0.051054	0.050826	0.050677	0.050511	0.050403	0.050353	0.050265
431.000000	0.048778	0.048732	0.048611	0.048330	0.048207	0.048170	0.048089
432.000000	0.046582	0.046646	0.046497	0.046258	0.046264	0.046042	0.045959
433.000000	0.044539	0.044593	0.044432	0.044275	0.044447	0.044009	0.043902
434.000000	0.042672	0.042596	0.042520	0.042328	0.042547	0.042085	0.041922
435.000000	0.040875	0.040668	0.040673	0.040414	0.040540	0.040202	0.040009
436.000000	0.039001	0.038819	0.038741	0.038549	0.038483	0.038269	0.038149
437.000000	0.037074	0.037024	0.036767	0.036739	0.036477	0.036313	0.036330
438.000000	0.035216	0.035240	0.034903	0.034978	0.034645	0.034430	0.034537
439.000000	0.033452	0.033427	0.033155	0.033213	0.032944	0.032646	0.032752
440.000000	0.031716	0.031552	0.031398	0.031346	0.031190	0.030922	0.030949
441.000000	0.029963	0.029650	0.029590	0.029405	0.029342	0.029223	0.029125
442.000000	0.028178	0.027834	0.027800	0.027582	0.027550	0.027528	0.027306
443.000000	0.026373	0.026174	0.026087	0.025968	0.025898	0.025836	0.025547
444.000000	0.024609	0.024637	0.024472	0.024447	0.024316	0.024186	0.023952
445.000000	0.022939	0.023157	0.022945	0.022910	0.022737	0.022599	0.022552
446.000000	0.021388	0.021605	0.021420	0.021330	0.021148	0.021026	0.021145
447.000000	0.019956	0.019895	0.019836	0.019704	0.019558	0.019430	0.019557
448.000000	0.018563	0.018179	0.018277	0.018061	0.018032	0.017863	0.017907
449.000000	0.017124	0.016646	0.016843	0.016450	0.016630	0.016391	0.016367
450.000000	0.015660	0.015287	0.015487	0.014974	0.015300	0.015026	0.014953
451.000000	0.014232	0.014014	0.014106	0.013733	0.013950	0.013747	0.013618
452.000000	0.012848	0.012728	0.012692	0.012574	0.012540	0.012465	0.012306
453.000000	0.011489	0.011332	0.011293	0.011216	0.011063	0.011061	0.010961
454.000000	0.010166	0.009901	0.009947	0.009712	0.009603	0.009603	0.009606
455.000000	0.008919	0.008652	0.008679	0.008407	0.008311	0.008318	0.008335
456.000000	0.007734	0.007589	0.007477	0.007359	0.007191	0.007216	0.007154
457.000000	0.006531	0.006443	0.006277	0.006254	0.006059	0.006034	0.005961
458.000000	0.005273	0.005103	0.005047	0.004941	0.004817	0.004670	0.004699
459.000000	0.004002	0.003777	0.003808	0.003602	0.003551	0.003357	0.003403
460.000000	0.002775	0.002626	0.002600	0.002397	0.002350	0.002260	0.002138
461.000000	0.001662	0.001606	0.001494	0.001325	0.001269	0.001269	0.001016
462.000000	0.000696	0.000634	0.000525	0.000348	0.000320	0.000257	0.000099
463.000000	-0.000266	-0.000374	-0.000435	-0.000609	-0.000631	-0.000792	-0.000802
464.000000	-0.001380	-0.001485	-0.001527	-0.001626	-0.001726	-0.001866	-0.001897
465.000000	-0.002604	-0.002653	-0.002688	-0.002733	-0.002937	-0.002952	-0.003112
466.000000	-0.003821	-0.003792	-0.003791	-0.003936	-0.004167	-0.004041	-0.004282
467.000000	-0.004956	-0.004874	-0.004855	-0.005158	-0.005320	-0.005145	-0.005345
468.000000	-0.005967	-0.005907	-0.005969	-0.006280	-0.006311	-0.006284	-0.006305
469.000000	-0.006921	-0.006929	-0.007120	-0.007308	-0.007218	-0.007418	-0.007259
470.000000	-0.007975	-0.007998	-0.008205	-0.008343	-0.008250	-0.008464	-0.008367
471.000000	-0.009117	-0.009096	-0.009198	-0.009399	-0.009414	-0.009399	-0.009578
472.000000	-0.010126	-0.010111	-0.010171	-0.010379	-0.010475	-0.010278	-0.010583
473.000000	-0.010942	-0.011004	-0.011145	-0.011251	-0.011335	-0.011165	-0.011305
474.000000	-0.011791	-0.011864	-0.012054	-0.012112	-0.012164	-0.012133	-0.012089
475.000000	-0.012813	-0.012768	-0.012873	-0.013029	-0.013078	-0.013196	-0.013149
476.000000	-0.013850	-0.013715	-0.013714	-0.013957	-0.013983	-0.014226	-0.014254
477.000000	-0.014754	-0.014688	-0.014671	-0.014853	-0.014801	-0.015119	-0.015184
478.000000	-0.015603	-0.015647	-0.015689	-0.015754	-0.015648	-0.015949	-0.016026
479.000000	-0.016498	-0.016552	-0.016684	-0.016698	-0.016642	-0.016813	-0.016915
480.000000	-0.017370	-0.017394	-0.017592	-0.017630	-0.017649	-0.017689	-0.017815
481.000000	-0.018105	-0.018172	-0.018368	-0.018464	-0.018464	-0.018514	-0.018634
482.000000	-0.018737	-0.018878	-0.019023	-0.019155	-0.019101	-0.019247	-0.019336
483.000000	-0.019380	-0.019501	-0.019602	-0.019683	-0.019689	-0.019865	-0.019918
484.000000	-0.020055	-0.020095	-0.020146	-0.020147	-0.020301	-0.020408	-0.020437
485.000000	-0.020713	-0.020757	-0.020695	-0.020736	-0.020968	-0.020966	-0.020991
486.000000	-0.021347	-0.021491	-0.021303	-0.021486	-0.021672	-0.021595	-0.021625
487.000000	-0.021998	-0.022184	-0.022038	-0.022262	-0.022345	-0.022301	-0.022315
488.000000	-0.022695	-0.022809	-0.022896	-0.022990	-0.022989	-0.023073	-0.023051
489.000000	-0.023443	-0.023482	-0.023757	-0.023718	-0.023731	-0.023867	-0.023850
490.000000	-0.024224	-0.024263	-0.024522	-0.024477	-0.024608	-0.024647	-0.024695
491.000000	-0.024983	-0.025054	-0.025188	-0.025239	-0.025423	-0.025401	-0.025494
492.000000	-0.025675	-0.025762	-0.025781	-0.025974	-0.026026	-0.026122	-0.026176
493.000000	-0.026320	-0.026411	-0.026406	-0.026679	-0.026555	-0.026798	-0.026800
494.000000	-0.026946	-0.027042	-0.027141	-0.027351	-0.027174	-0.027417	-0.027434
495.000000	-0.027537	-0.027645	-0.027844	-0.027933	-0.027833	-0.027972	-0.028033
496.000000	-0.028072	-0.028198	-0.028333	-0.028371	-0.028423	-0.028465	-0.028532
497.000000	-0.028580	-0.028726	-0.028716	-0.028783	-0.028951	-0.028961	-0.028997
498.000000	-0.029118	-0.029277	-0.029233	-0.029353	-0.029478	-0.029549	-0.029549
499.000000	-0.029701	-0.029866	-0.029896	-0.030041	-0.030033	-0.030191	-0.030170
500.000000	-0.030314	-0.030487	-0.030559	-0.030645	-0.030618	-0.030760	-0.030747
501.000000	-0.030912	-0.031087	-0.031130	-0.031122	-0.031207	-0.031225	-0.031236
502.000000	-0.031423	-0.031575	-0.031591	-0.031594	-0.031744	-0.031656	-0.031676
503.000000	-0.031849	-0.031950	-0.031985	-0.032115	-0.032213	-0.032120	-0.032119
504.000000	-0.032312	-0.032362	-0.032457	-0.032627	-0.032657	-0.032667	-0.032644
505.000000	-0.032871	-0.032900	-0.033064	-0.033095	-0.033119	-0.033294	-0.033264
506.000000	-0.033430	-0.033492	-0.033664	-0.033563	-0.033624	-0.033875	-0.033857
507.000000	-0.033907	-0.034060	-0.034135	-0.034060	-0.034178	-0.034315	-0.034330
508.000000	-0.034345	-0.034553	-0.034520	-0.034551	-0.034718	-0.034689	-0.034743
509.000000	-0.034800	-0.034948	-0.034895	-0.035001	-0.035190	-0.035088	-0.035177
510.000000	-0.035271	-0.035309	-0.035324	-0.035453	-0.035640	-0.035530	-0.035639
511.000000	-0.035741	-0.035715	-0.035849	-0.035957	-0.036127	-0.036007	-0.036114
512.000000	-0.036177	-0.036150	-0.036385	-0.036442	-0.036582	-0.036482	-0.036556
513.000000	-0.036549	-0.036558	-0.036799	-0.036797	-0.036893	-0.036910	-0.036915
514.000000	-0.036902	-0.036964	-0.037114	-0.037077	-0.037158	-0.037319	-0.037251
515.000000	-0.037329	-0.037441	-0.037458	-0.037444	-0.037603	-0.037781	-0.037690
516.000000	-0.037807	-0.037951	-0.037869	-0.037909	-0.038189	-0.038263	-0.038208
517.000000	-0.038200	-0.038355	-0.038299	-0.038340	-0.038628	-0.038632	-0.038639
518.000000	-0.038490	-0.038641	-0.038715	-0.038703	-0.038852	-0.038880	-0.038950
519.000000	-0.038833	-0.038985	-0.039115	-0.039113	-0.039121	-0.039171	-0.039301
520.000000	-0.039309	-0.039471	-0.039512	-0.039625	-0.039581	-0.039608	-0.039776
521.000000	-0.039828	-0.039969	-0.039954	-0.040152	-0.040103	-0.040141	-0.040280
522.000000	-0.040302	-0.040370	-0.040455	-0.040611	-0.040566	-0.040693	-0.040721
523.000000	-0.040710	-0.040697	-0.040915	-0.040981	-0.040963	-0.041153	-0.041076
524.000000	-0.041056	-0.041002	-0.041253	-0.041273	-0.041318	-0.041452	-0.041361
525.000000	-0.041406	-0.041356	-0.041565	-0.041591	-0.041682	-0.041723	-0.041693
526.000000	-0.041829	-0.041815	-0.041973	-0.042038	-0.042104	-0.042126	-0.042185
527.000000	-0.042277	-0.042326	-0.042433	-0.042526	-0.042554	-0.042615	-0.042733
528.000000	-0.042659	-0.042797	-0.042844	-0.042905	-0.042973	-0.043069	-0.043159
529.000000	-0.042989	-0.043198	-0.043188	-0.043202	-0.043353	-0.043445	-0.043471
530.000000	-0.043339	-0.043544	-0.043500	-0.043547	-0.043722	-0.043757	-0.043787
531.000000	-0.043743	-0.043876	-0.043827	-0.043976	-0.044099	-0.044061	-0.044164
532.000000	-0.044199	-0.044257	-0.044221	-0.044437	-0.044500	-0.044452	-0.044606
533.000000	-0.044660	-0.044683	-0.044672	-0.044872	-0.044908	-0.044925	-0.045068
534.000000	-0.045025	-0.045062	-0.045087	-0.045215	-0.045264	-0.045348	-0.045443
535.000000	-0.045275	-0.045359	-0.045420	-0.045464	-0.045556	-0.045661	-0.045703
536.000000	-0.045545	-0.045653	-0.045718	-0.045733	-0.045857	-0.045947	-0.045959
537.000000	-0.045918	-0.045994	-0.046018	-0.046094	-0.046211	-0.046271	-0.046283
538.000000	-0.046295	-0.046321	-0.046321	-0.046466	-0.046558	-0.046598	-0.046598
539.000000	-0.046585	-0.046587	-0.046624	-0.046772	-0.046848	-0.046894	-0.046842
540.000000	-0.046843	-0.046862	-0.046938	-0.047047	-0.047133	-0.047176	-0.047106
541.000000	-0.047145	-0.047220	-0.047274	-0.047341	-0.047475	-0.047467	-0.047486
542.000000	-0.047488	-0.047579	-0.047578	-0.047620	-0.047810	-0.047758	-0.047900
543.000000	-0.047830	-0.047819	-0.047794	-0.047830	-0.048039	-0.048028	-0.048207
544.000000	-0.048069	-0.047988	-0.047994	-0.048034	-0.048143	-0.048224	-0.048347
545.000000	-0.048102	-0.048221	-0.048316	-0.048344	-0.048168	-0.048300	-0.048331
546.000000	-0.048278	-0.048516	-0.048695	-0.048710	-0.048457	-0.048561	-0.048521
547.000000	-0.049251	-0.048766	-0.048914	-0.048959	-0.049528	-0.049539	-0.049507
548.000000	-0.050040	-0.048970	-0.048989	-0.049091	-0.050355	-0.050253	-0.050295
549.000000	-0.047888	-0.049246	-0.049190	-0.049303	-0.048233	-0.048090	-0.048181
550.000000	-0.045052	-0.049562	-0.049554	-0.049608	-0.045420	-0.045343	-0.045416
551.000000	-0.051996	-0.049631	-0.049718	-0.049710	-0.052302	-0.052333	-0.052360
552.000000	-0.065490	-0.049522	-0.049687	-0.049655	-0.065625	-0.065740	-0.065734
553.000000	-0.048311	-0.050204	-0.050411	-0.050364	-0.048307	-0.048432	-0.048421
554.000000	0.017791	-0.051780	-0.051993	-0.051918	0.017766	0.017722	0.017705
555.000000	0.067638	-0.050894	-0.051079	-0.051016	0.067387	0.067402	0.067359
556.000000	0.038037	-0.044996	-0.045129	-0.045169	0.037456	0.037415	0.037373
557.000000	-0.027717	-0.039780	-0.039867	-0.040022	-0.028063	-0.028168	-0.028217
558.000000	-0.059744	-0.042354	-0.042426	-0.042606	-0.058802	-0.058831	-0.058939
559.000000	-0.055790	-0.049377	-0.049454	-0.049573	-0.054954	-0.054854	-0.055013
560.000000	-0.045062	-0.053002	-0.053070	-0.053100	-0.049084	-0.048991	-0.049088
561.000000	-0.040415	-0.052489	-0.052537	-0.052503	-0.050692	-0.050717	-0.050699
562.000000	-0.042941	-0.051958	-0.052002	-0.051973	-0.053154	-0.053249	-0.053225
563.000000	-0.049490	-0.052499	-0.052556	-0.052595	-0.053359	-0.053436	-0.053523
564.000000	-0.053035	-0.052132	-0.052195	-0.052296	-0.052055	-0.052118	-0.052277
565.000000	-0.052231	-0.051326	-0.051375	-0.051498	-0.051232	-0.051321	-0.051449
566.000000	-0.054058	-0.054212	-0.054236	-0.054357	-0.054392	-0.054493	-0.054563
567.000000	-0.060998	-0.061281	-0.061283	-0.061389	-0.061527	-0.061600	-0.061640
568.000000	-0.064950	-0.064947	-0.064961	-0.065036	-0.065163	-0.065199	-0.065228
569.000000	-0.060441	-0.060351	-0.060420	-0.060450	-0.060569	-0.060589	-0.060614
570.000000	-0.053929	-0.053915	-0.054047	-0.054038	-0.054136	-0.054155	-0.054183
571.000000	-0.052244	-0.052328	-0.052486	-0.052469	-0.052505	-0.052532	-0.052568
572.000000	-0.053649	-0.053779	-0.053925	-0.053935	-0.053919	-0.053962	-0.054000
573.000000	-0.054459	-0.054548	-0.054652	-0.054716	-0.054718	-0.054783	-0.054808
574.000000	-0.054329	-0.054349	-0.054421	-0.054523	-0.054575	-0.054661	-0.054682
575.000000	-0.054247	-0.054263	-0.054357	-0.054425	-0.054494	-0.054590	-0.054645
576.000000	-0.054400	-0.054476	-0.054618	-0.054610	-0.054657	-0.054754	-0.054847
577.000000	-0.054503	-0.054641	-0.054786	-0.054733	-0.054758	-0.054859	-0.054918
578.000000	-0.054567	-0.054729	-0.054833	-0.054790	-0.054798	-0.054907	-0.054893
579.000000	-0.054861	-0.054988	-0.055058	-0.055063	-0.055038	-0.055157	-0.055150
580.000000	-0.055163	-0.055227	-0.055283	-0.055345	-0.055286	-0.055412	-0.055496
581.000000	-0.054647	-0.054712	-0.054733	-0.054826	-0.054787	-0.054909	-0.055029
582.000000	-0.053802	-0.053953	-0.053911	-0.053998	-0.054040	-0.054145	-0.054188
583.000000	-0.055543	-0.055729	-0.055669	-0.055751	-0.055842	-0.055930	-0.055886
584.000000	-0.059361	-0.059448	-0.059459	-0.059558	-0.059611	-0.059687	-0.059630
585.000000	-0.055182	-0.055125	-0.055256	-0.055357	-0.055338	-0.055403	-0.055385
586.000000	-0.040787	-0.040669	-0.040881	-0.040959	-0.040901	-0.040947	-0.040980
587.000000	-0.050348	-0.050437	-0.050463	-0.050597	-0.050583	-0.050606	-0.050648
588.000000	-0.112300	-0.112891	-0.112387	-0.112714	-0.112836	-0.112833	-0.112821
589.000000	-0.170314	-0.170738	-0.170339	-0.170598	-0.170737	-0.170725	-0.170758
590.000000	-0.149136	-0.147841	-0.149110	-0.148658	-0.148496	-0.148507	-0.148837
591.000000	-0.078377	-0.076882	-0.078337	-0.077822	-0.077616	-0.077650	-0.078008
592.000000	-0.038524	-0.042593	-0.038524	-0.040381	-0.041201	-0.041204	-0.040597
593.000000	-0.044977	-0.051427	-0.045036	-0.047892	-0.049158	-0.049095	-0.048055
594.000000	-0.063672	-0.051428	-0.063743	-0.058846	-0.056756	-0.056669	-0.058563
595.000000	-0.064711	-0.022553	-0.064765	-0.053691	-0.048938	-0.048884	-0.049563
596.000000	-0.024649	0.019209	-0.024762	-0.038012	-0.043882	-0.043872	-0.020907
597.000000	0.041876	0.051371	0.041630	-0.021865	-0.049647	-0.049661	0.013139
598.000000	0.062465	0.044330	0.062190	-0.020215	-0.056243	-0.056267	0.018004
599.000000	0.005770	-0.007822	0.005648	-0.037813	-0.056863	-0.056888	-0.018801
600.000000	-0.057790	-0.057159	-0.057761	-0.055873	-0.055134	-0.055158	-0.057040
601.000000	-0.069819	-0.066258	-0.069791	-0.059293	-0.054754	-0.054781	-0.064146
602.000000	-0.055626	-0.055454	-0.055682	-0.055284	-0.055094	-0.055130	-0.055616
603.000000	-0.050279	-0.051330	-0.050402	-0.053589	-0.054929	-0.054984	-0.052381
604.000000	-0.053394	-0.053626	-0.053547	-0.054196	-0.054423	-0.054506	-0.054178
605.000000	-0.055005	-0.054821	-0.055155	-0.054447	-0.054094	-0.054211	-0.055026
606.000000	-0.054042	-0.054085	-0.054185	-0.054048	-0.053971	-0.054099	-0.054327
607.000000	-0.053241	-0.053453	-0.053405	-0.053722	-0.053875	-0.053955	-0.053779
608.000000	-0.053231	-0.053408	-0.053441	-0.053621	-0.053754	-0.053761	-0.053759
609.000000	-0.053299	-0.053439	-0.053549	-0.053536	-0.053642	-0.053624	-0.053794
610.000000	-0.053180	-0.053336	-0.053437	-0.053391	-0.053528	-0.053543	-0.053685
611.000000	-0.053046	-0.053179	-0.053254	-0.053241	-0.053361	-0.053418	-0.053494
612.000000	-0.052974	-0.053038	-0.053105	-0.053132	-0.053175	-0.053251	-0.053308
613.000000	-0.052904	-0.052954	-0.053027	-0.053094	-0.053113	-0.053177	-0.053233
614.000000	-0.052816	-0.052943	-0.053026	-0.053125	-0.053218	-0.053246	-0.053291
615.000000	-0.052793	-0.052982	-0.053067	-0.053165	-0.053327	-0.053325	-0.053350
616.000000	-0.052889	-0.053047	-0.053117	-0.053180	-0.053332	-0.053328	-0.053332
617.000000	-0.053053	-0.053140	-0.053169	-0.053228	-0.053330	-0.053344	-0.053358
618.000000	-0.053219	-0.053259	-0.053224	-0.053356	-0.053414	-0.053457	-0.053528
619.000000	-0.053341	-0.053381	-0.053296	-0.053511	-0.053543	-0.053613	-0.053719
620.000000	-0.053389	-0.053484	-0.053397	-0.053622	-0.053644	-0.053732	-0.053781
621.000000	-0.053407	-0.053563	-0.053508	-0.053678	-0.053705	-0.053778	-0.053764
622.000000	-0.053463	-0.053626	-0.053603	-0.053695	-0.053736	-0.053744	-0.053776
623.000000	-0.053567	-0.053706	-0.053680	-0.053715	-0.053779	-0.053724	-0.053847
624.000000	-0.053697	-0.053844	-0.053750	-0.053794	-0.053888	-0.053852	-0.053961
625.000000	-0.053828	-0.054007	-0.053838	-0.053924	-0.054031	-0.054080	-0.054094
626.000000	-0.053931	-0.054100	-0.053973	-0.054049	-0.054108	-0.054222	-0.054214
627.000000	-0.053994	-0.054101	-0.054120	-0.054146	-0.054119	-0.054236	-0.054293
628.000000	-0.054027	-0.054070	-0.054173	-0.054228	-0.054167	-0.054239	-0.054304
629.000000	-0.054049	-0.054059	-0.054116	-0.054290	-0.054273	-0.054287	-0.054266
630.000000	-0.054086	-0.054107	-0.054076	-0.054304	-0.054321	-0.054326	-0.054268
631.000000	-0.054141	-0.054203	-0.054128	-0.054261	-0.054257	-0.054327	-0.054345
632.000000	-0.054167	-0.054243	-0.054201	-0.054211	-0.054197	-0.054322	-0.054400
633.000000	-0.054135	-0.054162	-0.054228	-0.054198	-0.054232	-0.054338	-0.054361
634.000000	-0.054109	-0.054080	-0.054220	-0.054230	-0.054308	-0.054344	-0.054299
635.000000	-0.054153	-0.054120	-0.054206	-0.054303	-0.054355	-0.054314	-0.054301
636.000000	-0.054242	-0.054226	-0.054232	-0.054376	-0.054403	-0.054302	-0.054390
637.000000	-0.054327	-0.054301	-0.054330	-0.054410	-0.054497	-0.054372	-0.054556
638.000000	-0.054360	-0.054323	-0.054424	-0.054415	-0.054572	-0.054473	-0.054699
639.000000	-0.054307	-0.054306	-0.054397	-0.054422	-0.054531	-0.054507	-0.054688
640.000000	-0.054228	-0.054289	-0.054303	-0.054421	-0.054438	-0.054482	-0.054569
641.000000	-0.054238	-0.054322	-0.054291	-0.054378	-0.054452	-0.054471	-0.054490
642.000000	-0.054329	-0.054403	-0.054369	-0.054314	-0.054566	-0.054484	-0.054490
643.000000	-0.054385	-0.054483	-0.054412	-0.054296	-0.054620	-0.054480	-0.054508
644.000000	-0.054368	-0.054521	-0.054400	-0.054344	-0.054572	-0.054462	-0.054520
645.000000	-0.054345	-0.054496	-0.054458	-0.054415	-0.054544	-0.054496	-0.054556
646.000000	-0.054371	-0.054442	-0.054621	-0.054494	-0.054607	-0.054610	-0.054634
647.000000	-0.054460	-0.054495	-0.054744	-0.054629	-0.054719	-0.054755	-0.054733
648.000000	-0.054617	-0.054727	-0.054754	-0.054847	-0.054848	-0.054894	-0.054850
649.000000	-0.054833	-0.055011	-0.054832	-0.055092	-0.055027	-0.055059	-0.055027
650.000000	-0.055083	-0.055221	-0.055116	-0.055303	-0.055273	-0.055270	-0.055286
651.000000	-0.055309	-0.055365	-0.055419	-0.055449	-0.055503	-0.055459	-0.055533
652.000000	-0.055437	-0.055470	-0.055511	-0.055502	-0.055614	-0.055544	-0.055656
653.000000	-0.055363	-0.055458	-0.055377	-0.055432	-0.055540	-0.055471	-0.055596
654.000000	-0.055006	-0.055234	-0.055085	-0.055217	-0.055243	-0.055211	-0.055328
655.000000	-0.054562	-0.054867	-0.054746	-0.054898	-0.054858	-0.054852	-0.054958
656.000000	-0.054351	-0.054509	-0.054487	-0.054555	-0.054597	-0.054542	-0.054647
657.000000	-0.054351	-0.054243	-0.054324	-0.054268	-0.054455	-0.054337	-0.054457
658.000000	-0.054291	-0.054102	-0.054192	-0.054114	-0.054270	-0.054228	-0.054371
659.000000	-0.054132	-0.054089	-0.054095	-0.054112	-0.054066	-0.054205	-0.054354
660.000000	-0.054085	-0.054178	-0.054117	-0.054212	-0.054065	-0.054258	-0.054355
661.000000	-0.054203	-0.054303	-0.054239	-0.054336	-0.054283	-0.054345	-0.054348
662.000000	-0.054281	-0.054341	-0.054293	-0.054376	-0.054420	-0.054378	-0.054348
663.000000	-0.054188	-0.054224	-0.054182	-0.054271	-0.054294	-0.054296	-0.054339
664.000000	-0.053991	-0.054006	-0.053993	-0.054080	-0.054040	-0.054115	-0.054244
665.000000	-0.053770	-0.053758	-0.053810	-0.053870	-0.053803	-0.053874	-0.054021
666.000000	-0.053563	-0.053544	-0.053652	-0.053689	-0.053633	-0.053654	-0.053783
667.000000	-0.053386	-0.053404	-0.053511	-0.053561	-0.053536	-0.053513	-0.053628
668.000000	-0.053193	-0.053261	-0.053326	-0.053399	-0.053398	-0.053373	-0.053444
669.000000	-0.052938	-0.053029	-0.053048	-0.053116	-0.053109	-0.053142	-0.053104
670.000000	-0.052725	-0.052819	-0.052794	-0.052828	-0.052830	-0.052922	-0.052770
671.000000	-0.052694	-0.052798	-0.052732	-0.052717	-0.052804	-0.052871	-0.052696
672.000000	-0.052749	-0.052882	-0.052788	-0.052736	-0.052945	-0.052925	-0.052802
673.000000	-0.052662	-0.052846	-0.052759	-0.052707	-0.052981	-0.052892	-0.052820
674.000000	-0.052454	-0.052676	-0.052620	-0.052608	-0.052846	-0.052747	-0.052707
675.000000	-0.052358	-0.052540	-0.052509	-0.052552	-0.052659	-0.052611	-0.052612
676.000000	-0.052439	-0.052509	-0.052485	-0.052568	-0.052535	-0.052558	-0.052606
677.000000	-0.052545	-0.052528	-0.052512	-0.052576	-0.052574	-0.052602	-0.052654
678.000000	-0.052585	-0.052560	-0.052568	-0.052557	-0.052767	-0.052711	-0.052714
679.000000	-0.052591	-0.052623	-0.052669	-0.052608	-0.052911	-0.052790	-0.052747
680.000000	-0.052602	-0.052721	-0.052811	-0.052768	-0.052890	-0.052794	-0.052756
681.000000	-0.052647	-0.052822	-0.052939	-0.052920	-0.052838	-0.052822	-0.052844
682.000000	-0.052742	-0.052902	-0.053009	-0.052967	-0.052888	-0.052952	-0.053073
683.000000	-0.052888	-0.052992	-0.053056	-0.052996	-0.053025	-0.053108	-0.053300
684.000000	-0.053068	-0.053121	-0.053121	-0.053104	-0.053200	-0.053196	-0.053377
685.000000	-0.053213	-0.053236	-0.053196	-0.053245	-0.053347	-0.053241	-0.053369
686.000000	-0.053249	-0.053267	-0.053261	-0.053331	-0.053406	-0.053297	-0.053397
687.000000	-0.053216	-0.053249	-0.053321	-0.053350	-0.053406	-0.053363	-0.053462
688.000000	-0.053207	-0.053260	-0.053395	-0.053328	-0.053414	-0.053418	-0.053515
689.000000	-0.053280	-0.053352	-0.053504	-0.053341	-0.053478	-0.053492	-0.053571
690.000000	-0.053464	-0.053553	-0.053669	-0.053499	-0.053621	-0.053653	-0.053688
691.000000	-0.053681	-0.053788	-0.053827	-0.053741	-0.053771	-0.053849	-0.053817
692.000000	-0.053755	-0.053890	-0.053832	-0.053847	-0.053765	-0.053921	-0.053808
693.000000	-0.053667	-0.053825	-0.053690	-0.053777	-0.053622	-0.053836	-0.053667
694.000000	-0.053613	-0.053747	-0.053609	-0.053745	-0.053618	-0.053744	-0.053622
695.000000	-0.053693	-0.053756	-0.053694	-0.053850	-0.053853	-0.053745	-0.053769
696.000000	-0.053789	-0.053810	-0.053814	-0.053935	-0.054051	-0.053813	-0.053922
697.000000	-0.053810	-0.053874	-0.053869	-0.053904	-0.054020	-0.053916	-0.053951
698.000000	-0.053816	-0.053970	-0.053926	-0.053926	-0.053927	-0.054037	-0.053971
699.000000	-0.053875	-0.054109	-0.054051	-0.054132	-0.053947	-0.054153	-0.054099
700.000000	-0.053988	-0.054210	-0.054179	-0.054321	-0.054040	-0.054214	-0.054283
701.000000	-0.054128	-0.054193	-0.054232	-0.054266	-0.054120	-0.054181	-0.054430
702.000000	-0.054226	-0.054125	-0.054234	-0.054096	-0.054159	-0.054136	-0.054498
703.000000	-0.054208	-0.054112	-0.054241	-0.054051	-0.054154	-0.054185	-0.054467
704.000000	-0.054117	-0.054135	-0.054245	-0.054114	-0.054147	-0.054273	-0.054401
705.000000	-0.054050	-0.054112	-0.054205	-0.054138	-0.054201	-0.054264	-0.054396
706.000000	-0.054007	-0.054049	-0.054123	-0.054099	-0.054257	-0.054160	-0.054399
707.000000	-0.053915	-0.054011	-0.054037	-0.054064	-0.054173	-0.054066	-0.054245
708.000000	-0.053747	-0.053957	-0.053928	-0.054015	-0.053932	-0.053987	-0.053948
709.000000	-0.053522	-0.053727	-0.053718	-0.053840	-0.053659	-0.053817	-0.053718
710.000000	-0.053254	-0.053307	-0.053392	-0.053514	-0.053426	-0.053531	-0.053615
711.000000	-0.052938	-0.052906	-0.053027	-0.053156	-0.053215	-0.053231	-0.053463
712.000000	-0.052583	-0.052634	-0.052672	-0.052832	-0.052981	-0.052961	-0.053144
713.000000	-0.052235	-0.052335	-0.052298	-0.052469	-0.052640	-0.052604	-0.052704
714.000000	-0.051918	-0.051901	-0.051885	-0.052025	-0.052168	-0.052110	-0.052223
715.000000	-0.051583	-0.051468	-0.051470	-0.051620	-0.051736	-0.051695	-0.051813
716.000000	-0.051173	-0.051159	-0.051084	-0.051342	-0.051480	-0.051523	-0.051535
717.000000	-0.050649	-0.050805	-0.050669	-0.050987	-0.051192	-0.051285	-0.051199
718.000000	-0.050003	-0.050200	-0.050154	-0.050323	-0.050615	-0.050618	-0.050591
719.000000	-0.049355	-0.049454	-0.049539	-0.049512	-0.049865	-0.049764	-0.049851
720.000000	-0.048860	-0.048795	-0.048869	-0.048858	-0.049196	-0.049170	-0.049251
721.000000	-0.048463	-0.048339	-0.048306	-0.048420	-0.048691	-0.048835	-0.048869
722.000000	-0.047989	-0.048115	-0.048062	-0.048109	-0.048325	-0.048489	-0.048655
723.000000	-0.047353	-0.047859	-0.047913	-0.047722	-0.047927	-0.047973	-0.048393
724.000000	-0.046556	-0.047075	-0.047295	-0.046978	-0.047218	-0.047222	-0.047741
725.000000	-0.045790	-0.045925	-0.046248	-0.046024	-0.046332	-0.046433	-0.046825
726.000000	-0.045470	-0.045344	-0.045541	-0.045517	-0.045895	-0.046098	-0.046321
727.000000	-0.045606	-0.045551	-0.045438	-0.045626	-0.046028	-0.046233	-0.046418
728.000000	-0.045520	-0.045507	-0.045302	-0.045664	-0.045969	-0.046048	-0.046444
729.000000	-0.044854	-0.044660	-0.044770	-0.045222	-0.045322	-0.045178	-0.045989
730.000000	-0.044164	-0.043882	-0.044320	-0.044743	-0.044745	-0.044457	-0.045452
731.000000	-0.043945	-0.043944	-0.044379	-0.044639	-0.044818	-0.044599	-0.045211
732.000000	-0.044044	-0.044561	-0.044769	-0.044789	-0.045318	-0.045301	-0.045177
