[HEADER]
Format	J&M ASCII Table
Comment	
Date	2/21/2023 4:55:34 AM
Order	Y (evenX)
TechType	UV
NumPoints	483
FirstX	250.00
LastX	732.00
XType	NMetr
YType	Absrb
ZType	Secs
NumSubFile	7
Matrix	Z vs X
[DATA]
	0.000000	5.000128	10.000192	15.000256	20.000383	25.000448	30.000511
250.000000	1.332485	1.331034	1.327974	1.323996	1.329264	1.327870	1.329102
251.000000	1.314333	1.314637	1.310293	1.307738	1.311801	1.311917	1.313145
252.000000	1.293373	1.295004	1.291542	1.290465	1.293413	1.293047	1.292170
253.000000	1.274861	1.277724	1.274907	1.274944	1.276244	1.274806	1.271972
254.000000	1.262742	1.266658	1.262525	1.262948	1.262023	1.260054	1.257414
255.000000	1.253939	1.256995	1.251498	1.251573	1.250060	1.247444	1.247107
256.000000	1.244609	1.243725	1.238945	1.238038	1.239412	1.235419	1.238659
257.000000	1.235048	1.231047	1.228040	1.225779	1.230614	1.226278	1.231648
258.000000	1.226946	1.225358	1.223331	1.219659	1.224615	1.223038	1.226277
259.000000	1.221912	1.224957	1.223356	1.218548	1.221563	1.223522	1.222359
260.000000	1.221301	1.224221	1.223715	1.218373	1.221083	1.223099	1.219512
261.000000	1.223266	1.221705	1.222600	1.217404	1.221144	1.220641	1.217447
262.000000	1.223594	1.219181	1.220240	1.215757	1.218556	1.217730	1.215950
263.000000	1.221004	1.217396	1.217210	1.213900	1.213502	1.215658	1.214789
264.000000	1.217620	1.215823	1.214403	1.212637	1.210011	1.215272	1.213706
265.000000	1.214462	1.213561	1.211668	1.211570	1.209292	1.215317	1.211775
266.000000	1.210361	1.209192	1.207051	1.208247	1.207424	1.211023	1.206955
267.000000	1.204426	1.202148	1.199592	1.201386	1.201612	1.200394	1.198524
268.000000	1.197032	1.194166	1.191318	1.193214	1.193211	1.189427	1.189429
269.000000	1.188357	1.186468	1.183705	1.185400	1.183799	1.182896	1.181916
270.000000	1.177021	1.176801	1.174175	1.175201	1.173214	1.175713	1.173161
271.000000	1.161747	1.162651	1.159838	1.159605	1.160833	1.161699	1.159790
272.000000	1.144290	1.145293	1.142142	1.140729	1.145828	1.143100	1.142830
273.000000	1.127248	1.127199	1.123917	1.122280	1.127421	1.124902	1.124750
274.000000	1.109887	1.108226	1.105077	1.104011	1.106115	1.106990	1.105438
275.000000	1.089645	1.086793	1.083913	1.083488	1.083129	1.086407	1.083390
276.000000	1.065920	1.062767	1.060024	1.060213	1.059265	1.062403	1.058962
277.000000	1.039829	1.037282	1.034176	1.035373	1.034949	1.036172	1.034106
278.000000	1.012863	1.011464	1.007820	1.010016	1.010402	1.009257	1.009641
279.000000	0.986905	0.986363	0.983218	0.984933	0.985601	0.983543	0.984880
280.000000	0.962478	0.962187	0.960705	0.960372	0.960334	0.959631	0.959408
281.000000	0.937487	0.937558	0.936870	0.935585	0.934072	0.935642	0.933511
282.000000	0.910689	0.911602	0.909601	0.910041	0.906847	0.910197	0.907603
283.000000	0.884135	0.885393	0.881705	0.884148	0.880410	0.884150	0.882248
284.000000	0.859689	0.859933	0.856032	0.858357	0.856135	0.858545	0.857793
285.000000	0.835782	0.834349	0.831707	0.832565	0.832329	0.833501	0.833483
286.000000	0.810343	0.807650	0.807137	0.806669	0.806936	0.808898	0.808504
287.000000	0.784557	0.781705	0.782980	0.781652	0.781334	0.784768	0.783741
288.000000	0.760807	0.759284	0.760679	0.758806	0.758112	0.761216	0.760667
289.000000	0.739222	0.739376	0.739559	0.737562	0.736788	0.738445	0.739043
290.000000	0.718511	0.718667	0.717681	0.716221	0.715010	0.716711	0.717580
291.000000	0.698130	0.696801	0.695285	0.694650	0.692919	0.696063	0.696162
292.000000	0.678258	0.676228	0.674667	0.674204	0.673004	0.676348	0.675787
293.000000	0.658940	0.657767	0.656458	0.655310	0.655627	0.657330	0.656680
294.000000	0.639984	0.639789	0.638837	0.637025	0.638044	0.638666	0.637928
295.000000	0.621486	0.621389	0.620721	0.618863	0.618962	0.620334	0.619246
296.000000	0.604183	0.603538	0.602944	0.601520	0.600601	0.602993	0.601837
297.000000	0.588496	0.587066	0.586287	0.585513	0.584665	0.587050	0.586454
298.000000	0.573602	0.571598	0.570599	0.570327	0.569821	0.571849	0.571828
299.000000	0.558630	0.556617	0.555587	0.555382	0.554563	0.556709	0.556661
300.000000	0.543713	0.542084	0.541179	0.540787	0.539512	0.541899	0.541519
301.000000	0.529257	0.528088	0.527351	0.526817	0.525756	0.527886	0.527399
302.000000	0.515379	0.514552	0.513953	0.513383	0.512883	0.514410	0.514108
303.000000	0.502063	0.501331	0.500789	0.500240	0.499851	0.500918	0.500942
304.000000	0.489357	0.488416	0.487890	0.487377	0.486675	0.487546	0.487771
305.000000	0.477339	0.475891	0.475438	0.474940	0.474089	0.474902	0.474874
306.000000	0.465796	0.463855	0.463471	0.462936	0.462237	0.463118	0.462503
307.000000	0.454214	0.452412	0.451871	0.451225	0.450641	0.451822	0.450873
308.000000	0.442486	0.441497	0.440586	0.439765	0.439119	0.440739	0.439941
309.000000	0.431132	0.430783	0.429668	0.428671	0.427986	0.429771	0.429269
310.000000	0.420458	0.420067	0.419103	0.418002	0.417412	0.418908	0.418582
311.000000	0.410145	0.409480	0.408698	0.407661	0.407140	0.408305	0.408045
312.000000	0.399897	0.399179	0.398337	0.397562	0.396950	0.398091	0.397838
313.000000	0.389787	0.389250	0.388247	0.387724	0.386975	0.388233	0.387978
314.000000	0.379972	0.379725	0.378654	0.378179	0.377381	0.378667	0.378435
315.000000	0.370597	0.370412	0.369382	0.368873	0.368105	0.369365	0.369127
316.000000	0.361755	0.361080	0.360152	0.359721	0.359011	0.360296	0.359960
317.000000	0.353084	0.351786	0.350980	0.350627	0.349973	0.351337	0.350866
318.000000	0.344042	0.342735	0.342021	0.341505	0.340895	0.342336	0.341803
319.000000	0.334852	0.334021	0.333308	0.332541	0.331980	0.333440	0.332917
320.000000	0.326296	0.325656	0.324778	0.324113	0.323646	0.325011	0.324484
321.000000	0.318450	0.317591	0.316469	0.316204	0.315865	0.317086	0.316497
322.000000	0.310598	0.309710	0.308527	0.308355	0.308112	0.309338	0.308630
323.000000	0.302426	0.301907	0.300948	0.300362	0.300138	0.301543	0.300687
324.000000	0.294360	0.294099	0.293470	0.292473	0.292185	0.293679	0.292712
325.000000	0.286723	0.286273	0.285928	0.284869	0.284452	0.285808	0.284835
326.000000	0.279419	0.278578	0.278442	0.277472	0.276916	0.278163	0.277336
327.000000	0.272334	0.271165	0.271154	0.270189	0.269551	0.270941	0.270405
328.000000	0.265503	0.264118	0.264125	0.263031	0.262450	0.264099	0.263804
329.000000	0.258972	0.257491	0.257397	0.256079	0.255727	0.257556	0.257261
330.000000	0.252622	0.251266	0.251022	0.249681	0.249443	0.251292	0.250887
331.000000	0.246305	0.245384	0.245032	0.244179	0.243606	0.245303	0.244893
332.000000	0.240113	0.239633	0.239227	0.238983	0.237943	0.239481	0.239097
333.000000	0.234262	0.233742	0.233307	0.233069	0.232058	0.233674	0.233133
334.000000	0.228771	0.227840	0.227353	0.226665	0.226138	0.227937	0.227103
335.000000	0.223503	0.222375	0.221756	0.220988	0.220821	0.222487	0.221480
336.000000	0.218447	0.217530	0.216752	0.216367	0.216167	0.217409	0.216460
337.000000	0.213744	0.213164	0.212383	0.212049	0.211536	0.212626	0.211895
338.000000	0.209431	0.209065	0.208457	0.207596	0.206697	0.208080	0.207627
339.000000	0.205355	0.204933	0.204405	0.203233	0.202202	0.203757	0.203519
340.000000	0.201395	0.200644	0.199949	0.199155	0.198404	0.199640	0.199465
341.000000	0.197575	0.196566	0.195685	0.195308	0.194930	0.195685	0.195434
342.000000	0.193933	0.193025	0.192141	0.191629	0.191398	0.191887	0.191464
343.000000	0.190493	0.189852	0.189010	0.188188	0.187859	0.188419	0.187833
344.000000	0.187269	0.186794	0.185853	0.185058	0.184464	0.185429	0.184789
345.000000	0.184274	0.183823	0.182709	0.182107	0.181309	0.182655	0.182057
346.000000	0.181510	0.180988	0.179780	0.179150	0.178451	0.179721	0.179206
347.000000	0.178906	0.178229	0.177063	0.176239	0.175818	0.176715	0.176317
348.000000	0.176355	0.175434	0.174440	0.173553	0.173263	0.173979	0.173746
349.000000	0.173825	0.172688	0.171894	0.171105	0.170709	0.171577	0.171439
350.000000	0.171354	0.170243	0.169495	0.168768	0.168138	0.169339	0.168995
351.000000	0.169000	0.168141	0.167227	0.166459	0.165637	0.167157	0.166344
352.000000	0.166845	0.166160	0.164972	0.164161	0.163417	0.165008	0.163836
353.000000	0.164865	0.164099	0.162673	0.161876	0.161463	0.162828	0.161641
354.000000	0.162836	0.161834	0.160405	0.159637	0.159332	0.160470	0.159554
355.000000	0.160619	0.159343	0.158227	0.157458	0.156784	0.157908	0.157401
356.000000	0.158358	0.156873	0.156125	0.155294	0.154280	0.155480	0.155202
357.000000	0.156185	0.154638	0.154050	0.153098	0.152216	0.153435	0.152979
358.000000	0.153996	0.152534	0.151855	0.150861	0.150224	0.151396	0.150629
359.000000	0.151633	0.150362	0.149394	0.148562	0.147818	0.148908	0.148038
360.000000	0.149018	0.147886	0.146681	0.146050	0.145048	0.146084	0.145231
361.000000	0.146116	0.144894	0.143792	0.143143	0.142165	0.143246	0.142295
362.000000	0.142995	0.141622	0.140756	0.139951	0.139243	0.140448	0.139356
363.000000	0.139778	0.138546	0.137581	0.136748	0.136243	0.137582	0.136551
364.000000	0.136520	0.135642	0.134323	0.133576	0.133105	0.134552	0.133702
365.000000	0.133207	0.132446	0.131074	0.130270	0.129744	0.131271	0.130368
366.000000	0.129719	0.128755	0.127726	0.126715	0.126132	0.127702	0.126477
367.000000	0.125802	0.124727	0.123912	0.122863	0.122304	0.123863	0.122445
368.000000	0.121428	0.120509	0.119547	0.118733	0.118298	0.119756	0.118505
369.000000	0.117021	0.116188	0.115121	0.114463	0.114142	0.115337	0.114482
370.000000	0.112832	0.111799	0.110936	0.110140	0.109818	0.110627	0.110206
371.000000	0.108476	0.107237	0.106574	0.105666	0.105180	0.105835	0.105668
372.000000	0.103597	0.102415	0.101661	0.100952	0.100165	0.101152	0.100901
373.000000	0.098440	0.097427	0.096584	0.096086	0.095161	0.096533	0.096008
374.000000	0.093364	0.092403	0.091834	0.091187	0.090574	0.091874	0.091096
375.000000	0.088366	0.087380	0.087171	0.086235	0.086071	0.087094	0.086194
376.000000	0.083306	0.082357	0.082106	0.081159	0.081083	0.082133	0.081292
377.000000	0.078200	0.077312	0.076750	0.075984	0.075789	0.077060	0.076364
378.000000	0.073163	0.072210	0.071570	0.070793	0.070805	0.072016	0.071377
379.000000	0.068225	0.067128	0.066693	0.065769	0.066171	0.067102	0.066410
380.000000	0.063342	0.062234	0.061935	0.061175	0.061399	0.062371	0.061638
381.000000	0.058473	0.057513	0.057179	0.056917	0.056345	0.057760	0.057079
382.000000	0.053580	0.052699	0.052412	0.052431	0.051339	0.053046	0.052542
383.000000	0.048707	0.047753	0.047689	0.047506	0.046630	0.048228	0.047970
384.000000	0.044042	0.043104	0.043186	0.042685	0.042248	0.043760	0.043598
385.000000	0.039744	0.039050	0.039011	0.038420	0.038175	0.039915	0.039581
386.000000	0.035815	0.035342	0.035040	0.034637	0.034331	0.036283	0.035740
387.000000	0.032186	0.031693	0.031149	0.031157	0.030630	0.032473	0.031907
388.000000	0.028584	0.028090	0.027408	0.027763	0.027020	0.028708	0.028230
389.000000	0.024764	0.024602	0.023939	0.024277	0.023488	0.025329	0.024919
390.000000	0.021111	0.021351	0.020836	0.020877	0.020212	0.022293	0.021954
391.000000	0.018216	0.018462	0.018159	0.017864	0.017422	0.019404	0.019219
392.000000	0.015957	0.015885	0.015767	0.015269	0.015017	0.016634	0.016640
393.000000	0.013785	0.013460	0.013395	0.012942	0.012697	0.014055	0.014167
394.000000	0.011464	0.011087	0.010992	0.010727	0.010349	0.011695	0.011775
395.000000	0.009059	0.008723	0.008704	0.008464	0.008046	0.009539	0.009468
396.000000	0.006744	0.006455	0.006598	0.006200	0.005899	0.007593	0.007292
397.000000	0.004821	0.004539	0.004629	0.004257	0.004065	0.005888	0.005344
398.000000	0.003346	0.003011	0.002758	0.002709	0.002537	0.004358	0.003622
399.000000	0.001866	0.001451	0.000972	0.001105	0.000980	0.002737	0.001921
400.000000	0.000040	-0.000420	-0.000747	-0.000866	-0.000837	0.000855	0.000099
401.000000	-0.001974	-0.002316	-0.002450	-0.002904	-0.002711	-0.001116	-0.001720
402.000000	-0.003946	-0.003945	-0.004174	-0.004680	-0.004432	-0.002977	-0.003401
403.000000	-0.005737	-0.005483	-0.005866	-0.006221	-0.006106	-0.004701	-0.004978
404.000000	-0.007261	-0.007181	-0.007458	-0.007656	-0.007895	-0.006312	-0.006523
405.000000	-0.008640	-0.008931	-0.008978	-0.009102	-0.009713	-0.007850	-0.008043
406.000000	-0.010072	-0.010494	-0.010491	-0.010656	-0.011382	-0.009357	-0.009526
407.000000	-0.011613	-0.011919	-0.012066	-0.012305	-0.012891	-0.010865	-0.011025
408.000000	-0.013228	-0.013429	-0.013766	-0.013965	-0.014328	-0.012394	-0.012626
409.000000	-0.014855	-0.015058	-0.015473	-0.015555	-0.015714	-0.013923	-0.014240
410.000000	-0.016412	-0.016665	-0.016912	-0.016997	-0.017003	-0.015396	-0.015619
411.000000	-0.017860	-0.018151	-0.018080	-0.018320	-0.018238	-0.016799	-0.016777
412.000000	-0.019226	-0.019486	-0.019348	-0.019689	-0.019575	-0.018185	-0.018089
413.000000	-0.020546	-0.020705	-0.020873	-0.021158	-0.021079	-0.019594	-0.019708
414.000000	-0.021860	-0.021966	-0.022335	-0.022541	-0.022617	-0.021029	-0.021294
415.000000	-0.023194	-0.023372	-0.023525	-0.023719	-0.024067	-0.022466	-0.022592
416.000000	-0.024513	-0.024809	-0.024712	-0.024866	-0.025412	-0.023814	-0.023767
417.000000	-0.025783	-0.026148	-0.026141	-0.026146	-0.026652	-0.024999	-0.025007
418.000000	-0.027019	-0.027364	-0.027540	-0.027443	-0.027796	-0.026067	-0.026268
419.000000	-0.028244	-0.028468	-0.028576	-0.028595	-0.028862	-0.027103	-0.027453
420.000000	-0.029441	-0.029545	-0.029477	-0.029675	-0.029935	-0.028199	-0.028576
421.000000	-0.030581	-0.030693	-0.030664	-0.030838	-0.031108	-0.029432	-0.029689
422.000000	-0.031653	-0.031864	-0.032021	-0.032030	-0.032275	-0.030690	-0.030778
423.000000	-0.032662	-0.032923	-0.033117	-0.033075	-0.033214	-0.031753	-0.031789
424.000000	-0.033648	-0.033862	-0.033924	-0.033980	-0.033996	-0.032632	-0.032742
425.000000	-0.034677	-0.034791	-0.034785	-0.034921	-0.034952	-0.033548	-0.033719
426.000000	-0.035743	-0.035782	-0.035834	-0.035962	-0.036146	-0.034580	-0.034744
427.000000	-0.036735	-0.036847	-0.036908	-0.037017	-0.037272	-0.035608	-0.035753
428.000000	-0.037615	-0.037951	-0.037899	-0.038029	-0.038175	-0.036567	-0.036706
429.000000	-0.038489	-0.038981	-0.038839	-0.039018	-0.039046	-0.037525	-0.037621
430.000000	-0.039447	-0.039879	-0.039765	-0.040005	-0.040039	-0.038523	-0.038525
431.000000	-0.040477	-0.040776	-0.040679	-0.040973	-0.041101	-0.039495	-0.039460
432.000000	-0.041541	-0.041789	-0.041583	-0.041907	-0.042142	-0.040381	-0.040457
433.000000	-0.042558	-0.042808	-0.042497	-0.042817	-0.043101	-0.041248	-0.041479
434.000000	-0.043450	-0.043687	-0.043446	-0.043715	-0.043937	-0.042176	-0.042474
435.000000	-0.044259	-0.044455	-0.044398	-0.044598	-0.044714	-0.043113	-0.043396
436.000000	-0.045065	-0.045212	-0.045307	-0.045457	-0.045527	-0.043961	-0.044209
437.000000	-0.045865	-0.045968	-0.046148	-0.046272	-0.046353	-0.044745	-0.044948
438.000000	-0.046613	-0.046686	-0.046911	-0.047019	-0.047103	-0.045562	-0.045694
439.000000	-0.047349	-0.047399	-0.047636	-0.047739	-0.047813	-0.046416	-0.046472
440.000000	-0.048193	-0.048201	-0.048404	-0.048527	-0.048630	-0.047232	-0.047256
441.000000	-0.049127	-0.049100	-0.049232	-0.049387	-0.049569	-0.047984	-0.048033
442.000000	-0.049957	-0.049984	-0.050051	-0.050208	-0.050465	-0.048713	-0.048804
443.000000	-0.050601	-0.050780	-0.050811	-0.050930	-0.051211	-0.049435	-0.049567
444.000000	-0.051209	-0.051503	-0.051498	-0.051604	-0.051827	-0.050109	-0.050302
445.000000	-0.051903	-0.052170	-0.052125	-0.052276	-0.052371	-0.050717	-0.050989
446.000000	-0.052657	-0.052789	-0.052761	-0.052941	-0.052966	-0.051324	-0.051609
447.000000	-0.053410	-0.053371	-0.053460	-0.053588	-0.053698	-0.051994	-0.052160
448.000000	-0.054094	-0.053965	-0.054161	-0.054219	-0.054439	-0.052707	-0.052743
449.000000	-0.054648	-0.054610	-0.054784	-0.054830	-0.055032	-0.053417	-0.053449
450.000000	-0.055110	-0.055215	-0.055320	-0.055391	-0.055493	-0.054034	-0.054140
451.000000	-0.055551	-0.055654	-0.055794	-0.055866	-0.055908	-0.054466	-0.054614
452.000000	-0.056024	-0.056026	-0.056282	-0.056323	-0.056376	-0.054817	-0.054977
453.000000	-0.056565	-0.056549	-0.056878	-0.056885	-0.056996	-0.055292	-0.055504
454.000000	-0.057142	-0.057204	-0.057510	-0.057519	-0.057678	-0.055896	-0.056172
455.000000	-0.057666	-0.057772	-0.057961	-0.058061	-0.058178	-0.056462	-0.056704
456.000000	-0.058121	-0.058197	-0.058235	-0.058464	-0.058472	-0.056936	-0.057036
457.000000	-0.058590	-0.058636	-0.058609	-0.058829	-0.058816	-0.057408	-0.057382
458.000000	-0.059101	-0.059164	-0.059202	-0.059226	-0.059340	-0.057910	-0.057867
459.000000	-0.059580	-0.059683	-0.059815	-0.059652	-0.059912	-0.058347	-0.058420
460.000000	-0.059971	-0.060109	-0.060279	-0.060085	-0.060401	-0.058667	-0.058943
461.000000	-0.060303	-0.060450	-0.060596	-0.060474	-0.060766	-0.058961	-0.059328
462.000000	-0.060620	-0.060737	-0.060812	-0.060787	-0.061009	-0.059317	-0.059524
463.000000	-0.060966	-0.061043	-0.061031	-0.061093	-0.061246	-0.059702	-0.059714
464.000000	-0.061375	-0.061439	-0.061354	-0.061475	-0.061603	-0.060064	-0.060102
465.000000	-0.061823	-0.061907	-0.061773	-0.061947	-0.062072	-0.060428	-0.060615
466.000000	-0.062263	-0.062399	-0.062236	-0.062488	-0.062592	-0.060839	-0.061087
467.000000	-0.062671	-0.062857	-0.062720	-0.063000	-0.063088	-0.061280	-0.061506
468.000000	-0.063038	-0.063228	-0.063212	-0.063349	-0.063482	-0.061703	-0.061935
469.000000	-0.063393	-0.063560	-0.063675	-0.063598	-0.063806	-0.062096	-0.062366
470.000000	-0.063792	-0.063982	-0.064056	-0.063970	-0.064173	-0.062475	-0.062724
471.000000	-0.064218	-0.064470	-0.064346	-0.064479	-0.064596	-0.062842	-0.063014
472.000000	-0.064561	-0.064820	-0.064596	-0.064888	-0.064960	-0.063174	-0.063329
473.000000	-0.064799	-0.064975	-0.064861	-0.065103	-0.065221	-0.063469	-0.063707
474.000000	-0.065068	-0.065154	-0.065198	-0.065297	-0.065472	-0.063754	-0.064078
475.000000	-0.065440	-0.065502	-0.065618	-0.065607	-0.065785	-0.064053	-0.064387
476.000000	-0.065786	-0.065906	-0.066001	-0.066002	-0.066145	-0.064375	-0.064637
477.000000	-0.066007	-0.066251	-0.066260	-0.066425	-0.066521	-0.064725	-0.064856
478.000000	-0.066260	-0.066569	-0.066521	-0.066823	-0.066874	-0.065103	-0.065133
479.000000	-0.066705	-0.066910	-0.066915	-0.067149	-0.067171	-0.065500	-0.065536
480.000000	-0.067177	-0.067226	-0.067310	-0.067399	-0.067417	-0.065846	-0.065946
481.000000	-0.067426	-0.067439	-0.067504	-0.067582	-0.067633	-0.066062	-0.066196
482.000000	-0.067483	-0.067564	-0.067546	-0.067693	-0.067812	-0.066162	-0.066307
483.000000	-0.067526	-0.067663	-0.067606	-0.067725	-0.067938	-0.066211	-0.066395
484.000000	-0.067616	-0.067758	-0.067729	-0.067724	-0.068021	-0.066269	-0.066493
485.000000	-0.067727	-0.067839	-0.067864	-0.067774	-0.068097	-0.066389	-0.066570
486.000000	-0.067858	-0.067927	-0.068002	-0.067923	-0.068196	-0.066580	-0.066651
487.000000	-0.068042	-0.068075	-0.068193	-0.068171	-0.068348	-0.066804	-0.066822
488.000000	-0.068285	-0.068318	-0.068461	-0.068494	-0.068573	-0.067044	-0.067115
489.000000	-0.068544	-0.068648	-0.068793	-0.068830	-0.068873	-0.067333	-0.067467
490.000000	-0.068799	-0.069026	-0.069152	-0.069131	-0.069221	-0.067668	-0.067808
491.000000	-0.069089	-0.069337	-0.069441	-0.069378	-0.069526	-0.067951	-0.068077
492.000000	-0.069428	-0.069505	-0.069601	-0.069570	-0.069723	-0.068113	-0.068240
493.000000	-0.069709	-0.069630	-0.069715	-0.069733	-0.069877	-0.068225	-0.068368
494.000000	-0.069824	-0.069817	-0.069873	-0.069891	-0.070059	-0.068369	-0.068530
495.000000	-0.069835	-0.069992	-0.070017	-0.070017	-0.070217	-0.068511	-0.068662
496.000000	-0.069849	-0.070042	-0.070059	-0.070078	-0.070270	-0.068585	-0.068681
497.000000	-0.069904	-0.070027	-0.070069	-0.070123	-0.070277	-0.068626	-0.068678
498.000000	-0.070005	-0.070090	-0.070186	-0.070238	-0.070357	-0.068706	-0.068817
499.000000	-0.070144	-0.070247	-0.070386	-0.070411	-0.070527	-0.068837	-0.069068
500.000000	-0.070304	-0.070425	-0.070533	-0.070558	-0.070724	-0.068983	-0.069258
501.000000	-0.070447	-0.070566	-0.070604	-0.070643	-0.070877	-0.069105	-0.069334
502.000000	-0.070518	-0.070628	-0.070693	-0.070683	-0.070912	-0.069166	-0.069376
503.000000	-0.070526	-0.070638	-0.070837	-0.070703	-0.070859	-0.069183	-0.069442
504.000000	-0.070588	-0.070722	-0.070971	-0.070740	-0.070900	-0.069257	-0.069551
505.000000	-0.070749	-0.070917	-0.071050	-0.070813	-0.071106	-0.069423	-0.069685
506.000000	-0.070893	-0.071049	-0.071083	-0.070911	-0.071264	-0.069556	-0.069747
507.000000	-0.070924	-0.071001	-0.071088	-0.071010	-0.071226	-0.069567	-0.069689
508.000000	-0.070905	-0.070923	-0.071094	-0.071076	-0.071179	-0.069549	-0.069636
509.000000	-0.070918	-0.070978	-0.071128	-0.071088	-0.071314	-0.069607	-0.069714
510.000000	-0.070981	-0.071099	-0.071189	-0.071107	-0.071513	-0.069721	-0.069856
511.000000	-0.071085	-0.071162	-0.071264	-0.071201	-0.071587	-0.069825	-0.069943
512.000000	-0.071155	-0.071160	-0.071306	-0.071313	-0.071542	-0.069858	-0.069953
513.000000	-0.071100	-0.071137	-0.071261	-0.071337	-0.071473	-0.069771	-0.069906
514.000000	-0.070988	-0.071130	-0.071191	-0.071297	-0.071441	-0.069657	-0.069859
515.000000	-0.070982	-0.071169	-0.071231	-0.071299	-0.071480	-0.069697	-0.069888
516.000000	-0.071087	-0.071232	-0.071350	-0.071354	-0.071554	-0.069850	-0.069983
517.000000	-0.071152	-0.071250	-0.071359	-0.071382	-0.071556	-0.069861	-0.070045
518.000000	-0.071124	-0.071216	-0.071236	-0.071376	-0.071483	-0.069692	-0.070037
519.000000	-0.071094	-0.071209	-0.071200	-0.071428	-0.071480	-0.069611	-0.070004
520.000000	-0.071135	-0.071280	-0.071354	-0.071576	-0.071613	-0.069760	-0.070000
521.000000	-0.071261	-0.071410	-0.071547	-0.071724	-0.071771	-0.069978	-0.070078
522.000000	-0.071445	-0.071561	-0.071644	-0.071792	-0.071856	-0.070118	-0.070247
523.000000	-0.071550	-0.071652	-0.071668	-0.071787	-0.071874	-0.070177	-0.070382
524.000000	-0.071480	-0.071631	-0.071671	-0.071741	-0.071856	-0.070184	-0.070380
525.000000	-0.071401	-0.071612	-0.071707	-0.071717	-0.071857	-0.070191	-0.070340
526.000000	-0.071511	-0.071719	-0.071813	-0.071774	-0.071929	-0.070246	-0.070394
527.000000	-0.071712	-0.071854	-0.071923	-0.071865	-0.072029	-0.070324	-0.070508
528.000000	-0.071808	-0.071848	-0.071943	-0.071908	-0.072086	-0.070374	-0.070590
529.000000	-0.071809	-0.071766	-0.071917	-0.071921	-0.072104	-0.070403	-0.070628
530.000000	-0.071845	-0.071807	-0.071967	-0.071977	-0.072138	-0.070453	-0.070657
531.000000	-0.071941	-0.071979	-0.072106	-0.072080	-0.072212	-0.070536	-0.070698
532.000000	-0.072023	-0.072119	-0.072248	-0.072177	-0.072325	-0.070640	-0.070754
533.000000	-0.072054	-0.072150	-0.072326	-0.072241	-0.072436	-0.070736	-0.070810
534.000000	-0.072043	-0.072113	-0.072304	-0.072278	-0.072457	-0.070779	-0.070825
535.000000	-0.072024	-0.072059	-0.072208	-0.072304	-0.072380	-0.070758	-0.070802
536.000000	-0.072069	-0.072047	-0.072175	-0.072342	-0.072353	-0.070734	-0.070820
537.000000	-0.072172	-0.072088	-0.072252	-0.072374	-0.072431	-0.070741	-0.070894
538.000000	-0.072097	-0.072060	-0.072209	-0.072258	-0.072382	-0.070730	-0.070842
539.000000	-0.071774	-0.071930	-0.071956	-0.071993	-0.072120	-0.070668	-0.070611
540.000000	-0.071933	-0.072102	-0.072144	-0.072212	-0.072311	-0.070630	-0.070791
541.000000	-0.073056	-0.072820	-0.073190	-0.073288	-0.073388	-0.070688	-0.071747
542.000000	-0.072919	-0.072709	-0.072969	-0.073064	-0.073195	-0.070736	-0.071541
543.000000	-0.069237	-0.070381	-0.069339	-0.069372	-0.069549	-0.070635	-0.068214
544.000000	-0.068626	-0.070000	-0.068858	-0.068821	-0.069030	-0.070562	-0.067709
545.000000	-0.080725	-0.077604	-0.081004	-0.080974	-0.081170	-0.070820	-0.078635
546.000000	-0.086460	-0.081200	-0.086676	-0.086706	-0.086868	-0.070981	-0.083851
547.000000	-0.046059	-0.055782	-0.046176	-0.046213	-0.046389	-0.070104	-0.047675
548.000000	0.023856	-0.011537	0.023742	0.023758	0.023528	-0.069267	0.014355
549.000000	0.043307	0.001803	0.042912	0.042930	0.042708	-0.071747	0.029172
550.000000	-0.011231	-0.030675	-0.011925	-0.011986	-0.012109	-0.075121	-0.024015
551.000000	-0.066611	-0.064213	-0.066621	-0.066738	-0.066757	-0.067582	-0.076587
552.000000	-0.073590	-0.068514	-0.072269	-0.072360	-0.072334	-0.046875	-0.082818
553.000000	-0.059880	-0.060070	-0.060210	-0.060265	-0.060232	-0.035228	-0.069994
554.000000	-0.055486	-0.057063	-0.062195	-0.062271	-0.062241	-0.048609	-0.066792
555.000000	-0.059776	-0.060064	-0.071105	-0.071221	-0.071198	-0.068801	-0.070070
556.000000	-0.066054	-0.065790	-0.074023	-0.074145	-0.074136	-0.074896	-0.071330
557.000000	-0.070931	-0.070935	-0.072248	-0.072336	-0.072357	-0.071168	-0.070502
558.000000	-0.072473	-0.072647	-0.071167	-0.071186	-0.071266	-0.068936	-0.070015
559.000000	-0.071721	-0.071835	-0.071468	-0.071426	-0.071562	-0.069663	-0.070150
560.000000	-0.071030	-0.071090	-0.071669	-0.071624	-0.071765	-0.070235	-0.070198
561.000000	-0.071144	-0.071224	-0.071553	-0.071552	-0.071654	-0.070025	-0.070135
562.000000	-0.071663	-0.071787	-0.071759	-0.071792	-0.071861	-0.070114	-0.070386
563.000000	-0.071900	-0.072051	-0.072009	-0.072046	-0.072109	-0.070390	-0.070594
564.000000	-0.070940	-0.071082	-0.071132	-0.071157	-0.071234	-0.069560	-0.069661
565.000000	-0.069862	-0.069970	-0.070062	-0.070067	-0.070173	-0.068495	-0.068564
566.000000	-0.072576	-0.072692	-0.072759	-0.072745	-0.072892	-0.071199	-0.071267
567.000000	-0.079406	-0.079587	-0.079586	-0.079559	-0.079746	-0.078060	-0.078130
568.000000	-0.082830	-0.083048	-0.083010	-0.082982	-0.083180	-0.081512	-0.081612
569.000000	-0.078047	-0.078212	-0.078212	-0.078201	-0.078366	-0.076715	-0.076881
570.000000	-0.071434	-0.071520	-0.071565	-0.071582	-0.071720	-0.070066	-0.070278
571.000000	-0.069633	-0.069678	-0.069709	-0.069758	-0.069916	-0.068232	-0.068419
572.000000	-0.070862	-0.070905	-0.070906	-0.070976	-0.071162	-0.069449	-0.069589
573.000000	-0.071439	-0.071499	-0.071515	-0.071584	-0.071753	-0.070046	-0.070179
574.000000	-0.071054	-0.071141	-0.071195	-0.071256	-0.071376	-0.069694	-0.069851
575.000000	-0.070746	-0.070861	-0.070922	-0.070991	-0.071069	-0.069397	-0.069575
576.000000	-0.070716	-0.070843	-0.070884	-0.070968	-0.071028	-0.069356	-0.069534
577.000000	-0.070665	-0.070766	-0.070800	-0.070878	-0.070947	-0.069289	-0.069448
578.000000	-0.070568	-0.070630	-0.070681	-0.070728	-0.070828	-0.069189	-0.069323
579.000000	-0.070632	-0.070707	-0.070789	-0.070801	-0.070933	-0.069282	-0.069414
580.000000	-0.070647	-0.070797	-0.070901	-0.070894	-0.071045	-0.069347	-0.069494
581.000000	-0.069887	-0.070109	-0.070204	-0.070213	-0.070351	-0.068609	-0.068747
582.000000	-0.068893	-0.069135	-0.069190	-0.069241	-0.069346	-0.067583	-0.067682
583.000000	-0.070514	-0.070713	-0.070748	-0.070817	-0.070916	-0.069143	-0.069234
584.000000	-0.074181	-0.074289	-0.074349	-0.074386	-0.074531	-0.072752	-0.072896
585.000000	-0.069800	-0.069844	-0.069916	-0.069934	-0.070122	-0.068356	-0.068527
586.000000	-0.055159	-0.055227	-0.055254	-0.055311	-0.055492	-0.053769	-0.053882
587.000000	-0.064523	-0.064662	-0.064660	-0.064745	-0.064889	-0.063215	-0.063286
588.000000	-0.126382	-0.126583	-0.126637	-0.126670	-0.126779	-0.125132	-0.125283
589.000000	-0.184118	-0.184335	-0.184456	-0.184441	-0.184524	-0.182875	-0.183115
590.000000	-0.162205	-0.162374	-0.162464	-0.162524	-0.162587	-0.160912	-0.161092
591.000000	-0.091251	-0.091345	-0.091352	-0.091542	-0.091593	-0.089908	-0.090040
592.000000	-0.053111	-0.053161	-0.053160	-0.053375	-0.053427	-0.051797	-0.052175
593.000000	-0.060153	-0.060209	-0.060275	-0.060411	-0.060478	-0.058929	-0.059378
594.000000	-0.072612	-0.072703	-0.072827	-0.072896	-0.072995	-0.071444	-0.070837
595.000000	-0.072177	-0.072312	-0.072446	-0.072506	-0.072634	-0.071000	-0.069616
596.000000	-0.065036	-0.065205	-0.065309	-0.065393	-0.065511	-0.063830	-0.065823
597.000000	-0.057830	-0.058015	-0.058068	-0.058173	-0.058247	-0.056602	-0.065463
598.000000	-0.056015	-0.056196	-0.056215	-0.056295	-0.056372	-0.054764	-0.066190
599.000000	-0.061238	-0.061399	-0.061422	-0.061431	-0.061582	-0.059966	-0.066051
600.000000	-0.066934	-0.067059	-0.067120	-0.067098	-0.067295	-0.065671	-0.065529
601.000000	-0.067789	-0.067867	-0.067988	-0.068028	-0.068175	-0.066576	-0.065214
602.000000	-0.066146	-0.066195	-0.066373	-0.066469	-0.066565	-0.064973	-0.064987
603.000000	-0.065243	-0.065309	-0.065517	-0.065568	-0.065707	-0.064059	-0.064636
604.000000	-0.065087	-0.065219	-0.065415	-0.065387	-0.065594	-0.063900	-0.064196
605.000000	-0.064813	-0.065043	-0.065180	-0.065142	-0.065343	-0.063698	-0.063768
606.000000	-0.064367	-0.064664	-0.064724	-0.064733	-0.064900	-0.063314	-0.063390
607.000000	-0.064037	-0.064292	-0.064301	-0.064353	-0.064553	-0.062899	-0.063069
608.000000	-0.063844	-0.063996	-0.063997	-0.064071	-0.064339	-0.062551	-0.062797
609.000000	-0.063639	-0.063751	-0.063788	-0.063873	-0.064130	-0.062328	-0.062556
610.000000	-0.063381	-0.063522	-0.063617	-0.063704	-0.063881	-0.062183	-0.062320
611.000000	-0.063132	-0.063269	-0.063401	-0.063475	-0.063627	-0.061977	-0.062063
612.000000	-0.062938	-0.063009	-0.063142	-0.063199	-0.063397	-0.061688	-0.061810
613.000000	-0.062815	-0.062835	-0.062956	-0.063015	-0.063208	-0.061451	-0.061654
614.000000	-0.062747	-0.062783	-0.062895	-0.062977	-0.063073	-0.061341	-0.061617
615.000000	-0.062655	-0.062765	-0.062879	-0.062959	-0.063002	-0.061307	-0.061581
616.000000	-0.062507	-0.062719	-0.062849	-0.062877	-0.062991	-0.061298	-0.061476
617.000000	-0.062415	-0.062686	-0.062843	-0.062814	-0.062999	-0.061303	-0.061403
618.000000	-0.062468	-0.062706	-0.062889	-0.062847	-0.062995	-0.061315	-0.061446
619.000000	-0.062567	-0.062746	-0.062924	-0.062916	-0.063005	-0.061329	-0.061504
620.000000	-0.062593	-0.062759	-0.062881	-0.062942	-0.063056	-0.061337	-0.061454
621.000000	-0.062568	-0.062717	-0.062800	-0.062913	-0.063074	-0.061334	-0.061342
622.000000	-0.062558	-0.062606	-0.062752	-0.062848	-0.062966	-0.061314	-0.061270
623.000000	-0.062569	-0.062499	-0.062753	-0.062781	-0.062813	-0.061298	-0.061261
624.000000	-0.062571	-0.062505	-0.062786	-0.062756	-0.062780	-0.061314	-0.061294
625.000000	-0.062569	-0.062603	-0.062822	-0.062778	-0.062873	-0.061341	-0.061351
626.000000	-0.062590	-0.062673	-0.062824	-0.062820	-0.062975	-0.061322	-0.061411
627.000000	-0.062622	-0.062678	-0.062784	-0.062847	-0.063011	-0.061242	-0.061443
628.000000	-0.062616	-0.062669	-0.062725	-0.062815	-0.062954	-0.061133	-0.061400
629.000000	-0.062552	-0.062661	-0.062659	-0.062718	-0.062828	-0.061032	-0.061279
630.000000	-0.062463	-0.062597	-0.062586	-0.062613	-0.062723	-0.060982	-0.061142
631.000000	-0.062371	-0.062457	-0.062500	-0.062532	-0.062684	-0.060982	-0.061031
632.000000	-0.062252	-0.062314	-0.062390	-0.062436	-0.062635	-0.060931	-0.060931
633.000000	-0.062101	-0.062229	-0.062262	-0.062300	-0.062519	-0.060763	-0.060832
634.000000	-0.061988	-0.062186	-0.062171	-0.062188	-0.062403	-0.060570	-0.060761
635.000000	-0.061977	-0.062155	-0.062163	-0.062161	-0.062355	-0.060459	-0.060745
636.000000	-0.062017	-0.062134	-0.062179	-0.062197	-0.062338	-0.060452	-0.060745
637.000000	-0.062029	-0.062122	-0.062142	-0.062251	-0.062287	-0.060535	-0.060713
638.000000	-0.061995	-0.062090	-0.062055	-0.062267	-0.062206	-0.060598	-0.060655
639.000000	-0.061923	-0.062001	-0.061955	-0.062194	-0.062123	-0.060507	-0.060599
640.000000	-0.061835	-0.061878	-0.061870	-0.062053	-0.062069	-0.060336	-0.060535
641.000000	-0.061756	-0.061783	-0.061823	-0.061911	-0.062070	-0.060282	-0.060428
642.000000	-0.061695	-0.061721	-0.061793	-0.061787	-0.062074	-0.060329	-0.060299
643.000000	-0.061644	-0.061645	-0.061723	-0.061658	-0.061963	-0.060267	-0.060212
644.000000	-0.061586	-0.061553	-0.061615	-0.061542	-0.061747	-0.060055	-0.060183
645.000000	-0.061498	-0.061505	-0.061548	-0.061516	-0.061598	-0.059883	-0.060162
646.000000	-0.061389	-0.061518	-0.061555	-0.061593	-0.061604	-0.059853	-0.060122
647.000000	-0.061338	-0.061529	-0.061580	-0.061663	-0.061666	-0.059886	-0.060087
648.000000	-0.061397	-0.061514	-0.061596	-0.061660	-0.061713	-0.059919	-0.060087
649.000000	-0.061527	-0.061575	-0.061671	-0.061671	-0.061799	-0.059991	-0.060152
650.000000	-0.061676	-0.061781	-0.061849	-0.061768	-0.061963	-0.060133	-0.060286
651.000000	-0.061792	-0.061978	-0.062012	-0.061886	-0.062108	-0.060282	-0.060401
652.000000	-0.061822	-0.061985	-0.062021	-0.061921	-0.062115	-0.060348	-0.060397
653.000000	-0.061674	-0.061773	-0.061840	-0.061769	-0.061934	-0.060210	-0.060248
654.000000	-0.061272	-0.061378	-0.061479	-0.061352	-0.061556	-0.059765	-0.059960
655.000000	-0.060753	-0.060906	-0.061010	-0.060845	-0.061082	-0.059184	-0.059582
656.000000	-0.060355	-0.060495	-0.060534	-0.060535	-0.060667	-0.058768	-0.059185
657.000000	-0.060114	-0.060191	-0.060147	-0.060411	-0.060363	-0.058563	-0.058830
658.000000	-0.059912	-0.059973	-0.059934	-0.060245	-0.060148	-0.058427	-0.058571
659.000000	-0.059730	-0.059836	-0.059877	-0.060009	-0.060022	-0.058318	-0.058433
660.000000	-0.059650	-0.059799	-0.059845	-0.059891	-0.060008	-0.058306	-0.058404
661.000000	-0.059662	-0.059813	-0.059766	-0.059919	-0.060057	-0.058357	-0.058426
662.000000	-0.059606	-0.059733	-0.059657	-0.059869	-0.060004	-0.058273	-0.058372
663.000000	-0.059403	-0.059490	-0.059527	-0.059620	-0.059767	-0.057977	-0.058176
664.000000	-0.059164	-0.059194	-0.059339	-0.059318	-0.059455	-0.057688	-0.057912
665.000000	-0.058978	-0.058947	-0.059081	-0.059087	-0.059175	-0.057562	-0.057658
666.000000	-0.058781	-0.058743	-0.058817	-0.058872	-0.058943	-0.057453	-0.057436
667.000000	-0.058504	-0.058548	-0.058606	-0.058606	-0.058744	-0.057196	-0.057241
668.000000	-0.058175	-0.058286	-0.058385	-0.058327	-0.058503	-0.056842	-0.056972
669.000000	-0.057852	-0.057902	-0.058082	-0.058097	-0.058155	-0.056496	-0.056545
670.000000	-0.057618	-0.057571	-0.057802	-0.057924	-0.057830	-0.056236	-0.056165
671.000000	-0.057549	-0.057533	-0.057701	-0.057792	-0.057713	-0.056115	-0.056118
672.000000	-0.057543	-0.057669	-0.057702	-0.057676	-0.057729	-0.056064	-0.056267
673.000000	-0.057405	-0.057656	-0.057596	-0.057545	-0.057650	-0.055942	-0.056230
674.000000	-0.057163	-0.057446	-0.057386	-0.057396	-0.057468	-0.055755	-0.055972
675.000000	-0.057034	-0.057228	-0.057257	-0.057250	-0.057358	-0.055634	-0.055746
676.000000	-0.057087	-0.057111	-0.057262	-0.057152	-0.057365	-0.055620	-0.055666
677.000000	-0.057201	-0.057100	-0.057285	-0.057171	-0.057375	-0.055644	-0.055656
678.000000	-0.057271	-0.057172	-0.057261	-0.057299	-0.057333	-0.055662	-0.055667
679.000000	-0.057236	-0.057265	-0.057228	-0.057391	-0.057309	-0.055681	-0.055705
680.000000	-0.057105	-0.057328	-0.057225	-0.057363	-0.057355	-0.055707	-0.055771
681.000000	-0.057055	-0.057341	-0.057267	-0.057302	-0.057441	-0.055724	-0.055821
682.000000	-0.057208	-0.057307	-0.057351	-0.057298	-0.057528	-0.055726	-0.055829
683.000000	-0.057419	-0.057296	-0.057429	-0.057350	-0.057586	-0.055744	-0.055858
684.000000	-0.057511	-0.057366	-0.057453	-0.057431	-0.057594	-0.055809	-0.055963
685.000000	-0.057495	-0.057440	-0.057445	-0.057495	-0.057568	-0.055887	-0.056053
686.000000	-0.057434	-0.057410	-0.057446	-0.057499	-0.057538	-0.055928	-0.056012
687.000000	-0.057376	-0.057335	-0.057458	-0.057468	-0.057531	-0.055908	-0.055895
688.000000	-0.057353	-0.057339	-0.057464	-0.057461	-0.057571	-0.055819	-0.055838
689.000000	-0.057388	-0.057433	-0.057492	-0.057497	-0.057665	-0.055766	-0.055889
690.000000	-0.057490	-0.057546	-0.057592	-0.057573	-0.057807	-0.055921	-0.056033
691.000000	-0.057592	-0.057610	-0.057714	-0.057645	-0.057922	-0.056186	-0.056189
692.000000	-0.057557	-0.057557	-0.057714	-0.057640	-0.057875	-0.056212	-0.056217
693.000000	-0.057397	-0.057417	-0.057573	-0.057559	-0.057678	-0.055944	-0.056095
694.000000	-0.057333	-0.057345	-0.057454	-0.057511	-0.057538	-0.055742	-0.055973
695.000000	-0.057449	-0.057397	-0.057442	-0.057540	-0.057558	-0.055798	-0.055940
696.000000	-0.057532	-0.057421	-0.057444	-0.057550	-0.057596	-0.055917	-0.055952
697.000000	-0.057435	-0.057331	-0.057395	-0.057477	-0.057548	-0.055942	-0.055966
698.000000	-0.057291	-0.057290	-0.057378	-0.057401	-0.057489	-0.055943	-0.055988
699.000000	-0.057240	-0.057433	-0.057461	-0.057400	-0.057498	-0.055991	-0.056022
700.000000	-0.057246	-0.057601	-0.057559	-0.057464	-0.057540	-0.055996	-0.056035
701.000000	-0.057240	-0.057599	-0.057567	-0.057550	-0.057557	-0.055862	-0.055991
702.000000	-0.057203	-0.057468	-0.057470	-0.057584	-0.057536	-0.055686	-0.055930
703.000000	-0.057142	-0.057332	-0.057295	-0.057489	-0.057480	-0.055621	-0.055904
704.000000	-0.057069	-0.057215	-0.057129	-0.057325	-0.057390	-0.055645	-0.055882
705.000000	-0.057005	-0.057094	-0.057082	-0.057214	-0.057268	-0.055647	-0.055788
706.000000	-0.056928	-0.056962	-0.057090	-0.057152	-0.057127	-0.055552	-0.055612
707.000000	-0.056785	-0.056826	-0.056964	-0.057037	-0.056984	-0.055313	-0.055393
708.000000	-0.056527	-0.056642	-0.056650	-0.056798	-0.056822	-0.054962	-0.055145
709.000000	-0.056113	-0.056310	-0.056247	-0.056409	-0.056578	-0.054613	-0.054847
710.000000	-0.055583	-0.055828	-0.055828	-0.055909	-0.056214	-0.054320	-0.054488
711.000000	-0.055098	-0.055341	-0.055412	-0.055441	-0.055727	-0.054039	-0.054069
712.000000	-0.054706	-0.054922	-0.054993	-0.055072	-0.055155	-0.053703	-0.053594
713.000000	-0.054198	-0.054445	-0.054515	-0.054695	-0.054621	-0.053208	-0.053076
714.000000	-0.053454	-0.053824	-0.053942	-0.054216	-0.054195	-0.052524	-0.052539
715.000000	-0.052745	-0.053170	-0.053323	-0.053665	-0.053740	-0.051862	-0.052048
716.000000	-0.052306	-0.052588	-0.052705	-0.053076	-0.053122	-0.051397	-0.051634
717.000000	-0.051845	-0.051981	-0.052066	-0.052391	-0.052387	-0.050917	-0.051138
718.000000	-0.051002	-0.051220	-0.051364	-0.051548	-0.051629	-0.050153	-0.050389
719.000000	-0.049977	-0.050363	-0.050600	-0.050660	-0.050885	-0.049210	-0.049499
720.000000	-0.049169	-0.049537	-0.049799	-0.049894	-0.050173	-0.048347	-0.048689
721.000000	-0.048610	-0.048803	-0.049073	-0.049259	-0.049540	-0.047721	-0.048061
722.000000	-0.048108	-0.048173	-0.048562	-0.048669	-0.049036	-0.047409	-0.047629
723.000000	-0.047421	-0.047499	-0.048055	-0.048019	-0.048513	-0.047078	-0.047156
724.000000	-0.046287	-0.046514	-0.047061	-0.047192	-0.047664	-0.046077	-0.046209
725.000000	-0.044946	-0.045357	-0.045744	-0.046331	-0.046567	-0.044612	-0.044946
726.000000	-0.044222	-0.044644	-0.045044	-0.045873	-0.045760	-0.043905	-0.044211
727.000000	-0.044284	-0.044537	-0.045169	-0.045827	-0.045438	-0.044217	-0.044239
728.000000	-0.044156	-0.044409	-0.045043	-0.045460	-0.045188	-0.044125	-0.044182
729.000000	-0.043295	-0.043849	-0.044084	-0.044422	-0.044741	-0.042883	-0.043538
730.000000	-0.042442	-0.043155	-0.043158	-0.043439	-0.044315	-0.041719	-0.042878
731.000000	-0.042261	-0.042623	-0.043039	-0.043139	-0.044113	-0.041718	-0.042725
732.000000	-0.042530	-0.042213	-0.043455	-0.043289	-0.044059	-0.042486	-0.042913
