[HEADER]
Format	J&M ASCII Table
Comment	
Date	2/21/2023 4:53:23 AM
Order	Y (evenX)
TechType	UV
NumPoints	483
FirstX	250.00
LastX	732.00
XType	NMetr
YType	Absrb
ZType	Secs
NumSubFile	7
Matrix	Z vs X
[DATA]
	0.000000	5.000064	10.000128	15.000256	20.000320	25.000383	30.000511
250.000000	0.903492	0.903038	0.901891	0.900602	0.899767	0.898962	0.899565
251.000000	0.879100	0.878587	0.876877	0.875312	0.874889	0.874451	0.874876
252.000000	0.853408	0.853144	0.850923	0.849845	0.850004	0.849994	0.849608
253.000000	0.828736	0.828745	0.826789	0.826311	0.826812	0.826794	0.825788
254.000000	0.807000	0.806960	0.806360	0.806092	0.806420	0.805698	0.804861
255.000000	0.787615	0.786809	0.787259	0.787212	0.787231	0.785848	0.785366
256.000000	0.769528	0.767074	0.766952	0.767534	0.767518	0.766280	0.765635
257.000000	0.752091	0.748278	0.747092	0.748034	0.748059	0.747464	0.746302
258.000000	0.734870	0.731363	0.730351	0.730536	0.730326	0.730248	0.728631
259.000000	0.718083	0.715789	0.715832	0.715068	0.714434	0.714495	0.712606
260.000000	0.702235	0.700314	0.700931	0.700721	0.699779	0.699572	0.697557
261.000000	0.687161	0.684798	0.685149	0.686596	0.685548	0.684940	0.683010
262.000000	0.672184	0.669928	0.669600	0.671831	0.670793	0.670151	0.668648
263.000000	0.657110	0.655815	0.654825	0.656424	0.655361	0.655099	0.654208
264.000000	0.642299	0.641887	0.640662	0.641340	0.639998	0.640061	0.639492
265.000000	0.627810	0.627654	0.626731	0.626917	0.625126	0.625154	0.624529
266.000000	0.613136	0.612833	0.612361	0.612339	0.610529	0.610190	0.609723
267.000000	0.597971	0.597404	0.597191	0.597060	0.595962	0.595087	0.595245
268.000000	0.582666	0.581968	0.581735	0.581502	0.581271	0.580112	0.580575
269.000000	0.567492	0.566935	0.566439	0.566073	0.566270	0.565368	0.565230
270.000000	0.551989	0.551574	0.550934	0.550512	0.550578	0.550115	0.549316
271.000000	0.535642	0.535066	0.534742	0.534441	0.533892	0.533614	0.533060
272.000000	0.518729	0.517844	0.517965	0.517782	0.516682	0.516454	0.516539
273.000000	0.501770	0.500729	0.500897	0.500577	0.499636	0.499615	0.499749
274.000000	0.484678	0.483611	0.483523	0.482904	0.482629	0.482820	0.482480
275.000000	0.467025	0.465873	0.465654	0.464865	0.465086	0.465116	0.464429
276.000000	0.448725	0.447526	0.447290	0.446589	0.446880	0.446494	0.445829
277.000000	0.429983	0.429122	0.428599	0.428230	0.428279	0.427760	0.427359
278.000000	0.411159	0.410917	0.409923	0.409914	0.409591	0.409307	0.409262
279.000000	0.392782	0.392766	0.391813	0.391727	0.391168	0.390974	0.391203
280.000000	0.375002	0.374563	0.374351	0.373715	0.373159	0.372691	0.372989
281.000000	0.357227	0.356326	0.356701	0.355853	0.355330	0.354627	0.354772
282.000000	0.339145	0.338196	0.338419	0.338135	0.337551	0.336954	0.336767
283.000000	0.321483	0.320630	0.320470	0.320640	0.320121	0.319773	0.319272
284.000000	0.304888	0.303974	0.303756	0.303482	0.303335	0.303142	0.302515
285.000000	0.288819	0.287830	0.287792	0.286866	0.287140	0.286981	0.286333
286.000000	0.272579	0.271731	0.271858	0.271000	0.271419	0.271200	0.270519
287.000000	0.256720	0.256161	0.256334	0.255935	0.256280	0.255898	0.255325
288.000000	0.242242	0.241934	0.241999	0.241662	0.241915	0.241259	0.241152
289.000000	0.229150	0.228919	0.228759	0.228196	0.228381	0.227455	0.227901
290.000000	0.216820	0.216402	0.215982	0.215567	0.215648	0.214645	0.215169
291.000000	0.204967	0.204255	0.203597	0.203720	0.203664	0.202783	0.202952
292.000000	0.193637	0.192902	0.192069	0.192519	0.192359	0.191632	0.191621
293.000000	0.182824	0.182392	0.181498	0.181826	0.181648	0.181015	0.181173
294.000000	0.172433	0.172219	0.171449	0.171511	0.171425	0.170856	0.171065
295.000000	0.162468	0.162170	0.161679	0.161560	0.161613	0.161111	0.161032
296.000000	0.153157	0.152736	0.152428	0.152215	0.152196	0.151789	0.151471
297.000000	0.144643	0.144274	0.143898	0.143645	0.143231	0.142948	0.142746
298.000000	0.136720	0.136439	0.135975	0.135699	0.134965	0.134776	0.134850
299.000000	0.129153	0.128844	0.128482	0.128186	0.127575	0.127400	0.127649
300.000000	0.121898	0.121555	0.121253	0.121041	0.120687	0.120513	0.120722
301.000000	0.114961	0.114746	0.114156	0.114231	0.113822	0.113725	0.113646
302.000000	0.108298	0.108304	0.107326	0.107673	0.107004	0.107034	0.106642
303.000000	0.101850	0.101999	0.101003	0.101281	0.100487	0.100617	0.100199
304.000000	0.095714	0.095851	0.095160	0.095134	0.094429	0.094559	0.094341
305.000000	0.090084	0.090049	0.089581	0.089426	0.088914	0.088878	0.088764
306.000000	0.084897	0.084599	0.084138	0.084127	0.083783	0.083500	0.083313
307.000000	0.079818	0.079325	0.078798	0.078982	0.078642	0.078259	0.077988
308.000000	0.074739	0.074218	0.073629	0.073886	0.073416	0.073140	0.072868
309.000000	0.069914	0.069533	0.068848	0.068989	0.068536	0.068366	0.068135
310.000000	0.065491	0.065344	0.064546	0.064418	0.064227	0.064033	0.063843
311.000000	0.061314	0.061252	0.060498	0.060203	0.060142	0.059907	0.059731
312.000000	0.057241	0.056976	0.056514	0.056324	0.056000	0.055811	0.055603
313.000000	0.053328	0.052864	0.052674	0.052614	0.052033	0.051911	0.051628
314.000000	0.049661	0.049291	0.049089	0.048926	0.048497	0.048394	0.048007
315.000000	0.046225	0.046032	0.045691	0.045352	0.045203	0.045125	0.044655
316.000000	0.042967	0.042704	0.042364	0.042039	0.041843	0.041877	0.041401
317.000000	0.039777	0.039284	0.039027	0.038885	0.038413	0.038576	0.038134
318.000000	0.036528	0.035929	0.035634	0.035672	0.035058	0.035229	0.034786
319.000000	0.033262	0.032685	0.032260	0.032364	0.031848	0.031888	0.031423
320.000000	0.030149	0.029512	0.029075	0.029060	0.028796	0.028636	0.028207
321.000000	0.027213	0.026428	0.026127	0.025885	0.025858	0.025515	0.025181
322.000000	0.024317	0.023511	0.023331	0.022979	0.022932	0.022512	0.022255
323.000000	0.021352	0.020747	0.020577	0.020303	0.019985	0.019602	0.019353
324.000000	0.018278	0.017966	0.017737	0.017519	0.017100	0.016737	0.016437
325.000000	0.015139	0.015059	0.014761	0.014455	0.014299	0.013885	0.013512
326.000000	0.012183	0.012104	0.011805	0.011429	0.011428	0.011055	0.010682
327.000000	0.009589	0.009208	0.009008	0.008725	0.008402	0.008275	0.008025
328.000000	0.007170	0.006489	0.006340	0.006240	0.005497	0.005631	0.005476
329.000000	0.004697	0.004032	0.003752	0.003799	0.003009	0.003187	0.002948
330.000000	0.002233	0.001732	0.001328	0.001370	0.000868	0.000818	0.000440
331.000000	-0.000086	-0.000579	-0.000836	-0.001040	-0.001145	-0.001654	-0.002027
332.000000	-0.002413	-0.002983	-0.003005	-0.003546	-0.003352	-0.004225	-0.004495
333.000000	-0.005031	-0.005509	-0.005606	-0.006304	-0.006101	-0.006793	-0.007029
334.000000	-0.007770	-0.008079	-0.008475	-0.009081	-0.009134	-0.009244	-0.009534
335.000000	-0.010109	-0.010534	-0.010983	-0.011347	-0.011722	-0.011463	-0.011792
336.000000	-0.011972	-0.012772	-0.012971	-0.013098	-0.013629	-0.013464	-0.013762
337.000000	-0.013820	-0.014764	-0.014851	-0.014958	-0.015221	-0.015421	-0.015626
338.000000	-0.015880	-0.016550	-0.016856	-0.017185	-0.016821	-0.017407	-0.017504
339.000000	-0.017923	-0.018283	-0.018860	-0.019330	-0.018622	-0.019309	-0.019397
340.000000	-0.019756	-0.020070	-0.020728	-0.021077	-0.020664	-0.021074	-0.021289
341.000000	-0.021415	-0.021872	-0.022405	-0.022634	-0.022633	-0.022861	-0.023165
342.000000	-0.022985	-0.023628	-0.023895	-0.024233	-0.024273	-0.024780	-0.024993
343.000000	-0.024606	-0.025289	-0.025368	-0.025872	-0.025802	-0.026606	-0.026689
344.000000	-0.026387	-0.026816	-0.026995	-0.027483	-0.027498	-0.028092	-0.028183
345.000000	-0.028162	-0.028236	-0.028669	-0.029003	-0.029274	-0.029389	-0.029575
346.000000	-0.029680	-0.029606	-0.030193	-0.030382	-0.030912	-0.030771	-0.031018
347.000000	-0.030963	-0.030996	-0.031549	-0.031741	-0.032321	-0.032268	-0.032500
348.000000	-0.032181	-0.032481	-0.032820	-0.033275	-0.033492	-0.033765	-0.033917
349.000000	-0.033431	-0.034005	-0.034108	-0.034877	-0.034583	-0.035185	-0.035208
350.000000	-0.034741	-0.035399	-0.035515	-0.036186	-0.035888	-0.036480	-0.036350
351.000000	-0.036053	-0.036590	-0.036961	-0.037159	-0.037370	-0.037626	-0.037413
352.000000	-0.037203	-0.037628	-0.038139	-0.038157	-0.038581	-0.038624	-0.038577
353.000000	-0.038160	-0.038600	-0.038979	-0.039358	-0.039394	-0.039550	-0.039894
354.000000	-0.039148	-0.039639	-0.039874	-0.040553	-0.040308	-0.040623	-0.041168
355.000000	-0.040290	-0.040789	-0.041063	-0.041564	-0.041604	-0.041923	-0.042229
356.000000	-0.041352	-0.041823	-0.042231	-0.042412	-0.042762	-0.043111	-0.043058
357.000000	-0.042124	-0.042559	-0.043072	-0.043154	-0.043339	-0.043894	-0.043696
358.000000	-0.042753	-0.043199	-0.043723	-0.043877	-0.043780	-0.044472	-0.044335
359.000000	-0.043460	-0.044007	-0.044419	-0.044668	-0.044661	-0.045143	-0.045173
360.000000	-0.044350	-0.044974	-0.045266	-0.045585	-0.045862	-0.045993	-0.046184
361.000000	-0.045463	-0.045985	-0.046299	-0.046655	-0.047004	-0.047010	-0.047254
362.000000	-0.046623	-0.046954	-0.047396	-0.047720	-0.047965	-0.048096	-0.048294
363.000000	-0.047545	-0.047812	-0.048347	-0.048531	-0.048781	-0.049102	-0.049232
364.000000	-0.048240	-0.048583	-0.049136	-0.049158	-0.049524	-0.049964	-0.050061
365.000000	-0.048979	-0.049368	-0.049914	-0.049953	-0.050297	-0.050695	-0.050830
366.000000	-0.049890	-0.050241	-0.050771	-0.051019	-0.051156	-0.051408	-0.051619
367.000000	-0.050901	-0.051236	-0.051713	-0.052123	-0.052098	-0.052342	-0.052546
368.000000	-0.051933	-0.052325	-0.052712	-0.053123	-0.053107	-0.053538	-0.053630
369.000000	-0.052912	-0.053363	-0.053696	-0.054089	-0.054154	-0.054645	-0.054708
370.000000	-0.053816	-0.054282	-0.054639	-0.055092	-0.055217	-0.055457	-0.055671
371.000000	-0.054766	-0.055276	-0.055673	-0.056130	-0.056299	-0.056302	-0.056642
372.000000	-0.055864	-0.056500	-0.056891	-0.057182	-0.057391	-0.057478	-0.057727
373.000000	-0.056999	-0.057745	-0.058099	-0.058183	-0.058414	-0.058728	-0.058807
374.000000	-0.058040	-0.058753	-0.059076	-0.059083	-0.059296	-0.059713	-0.059733
375.000000	-0.059077	-0.059620	-0.059954	-0.060028	-0.060176	-0.060554	-0.060603
376.000000	-0.060273	-0.060570	-0.060989	-0.061215	-0.061252	-0.061541	-0.061606
377.000000	-0.061559	-0.061628	-0.062197	-0.062519	-0.062466	-0.062671	-0.062755
378.000000	-0.062725	-0.062692	-0.063440	-0.063631	-0.063606	-0.063768	-0.063954
379.000000	-0.063704	-0.063727	-0.064547	-0.064487	-0.064592	-0.064778	-0.065082
380.000000	-0.064557	-0.064759	-0.065335	-0.065255	-0.065466	-0.065756	-0.066000
381.000000	-0.065430	-0.065823	-0.065939	-0.066127	-0.066352	-0.066781	-0.066773
382.000000	-0.066570	-0.066969	-0.066924	-0.067311	-0.067470	-0.067954	-0.067738
383.000000	-0.067991	-0.068168	-0.068433	-0.068767	-0.068833	-0.069228	-0.068996
384.000000	-0.069242	-0.069233	-0.069723	-0.069963	-0.070033	-0.070258	-0.070154
385.000000	-0.070020	-0.070044	-0.070308	-0.070574	-0.070790	-0.070849	-0.070928
386.000000	-0.070614	-0.070735	-0.070738	-0.071044	-0.071351	-0.071350	-0.071533
387.000000	-0.071345	-0.071462	-0.071582	-0.071824	-0.071995	-0.072111	-0.072223
388.000000	-0.072177	-0.072287	-0.072635	-0.072772	-0.072737	-0.073063	-0.073026
389.000000	-0.072989	-0.073226	-0.073524	-0.073617	-0.073516	-0.074030	-0.073901
390.000000	-0.073749	-0.074145	-0.074210	-0.074354	-0.074286	-0.074890	-0.074756
391.000000	-0.074458	-0.074866	-0.074796	-0.075081	-0.075009	-0.075558	-0.075484
392.000000	-0.075117	-0.075383	-0.075364	-0.075801	-0.075689	-0.076075	-0.076092
393.000000	-0.075721	-0.075802	-0.075980	-0.076455	-0.076351	-0.076552	-0.076651
394.000000	-0.076281	-0.076253	-0.076634	-0.077015	-0.076976	-0.077049	-0.077183
395.000000	-0.076816	-0.076884	-0.077246	-0.077477	-0.077495	-0.077576	-0.077663
396.000000	-0.077291	-0.077615	-0.077743	-0.077844	-0.077885	-0.078089	-0.078077
397.000000	-0.077600	-0.078068	-0.078062	-0.078121	-0.078185	-0.078484	-0.078427
398.000000	-0.077749	-0.078139	-0.078236	-0.078363	-0.078451	-0.078756	-0.078744
399.000000	-0.077975	-0.078319	-0.078485	-0.078720	-0.078768	-0.079116	-0.079111
400.000000	-0.078466	-0.078952	-0.078966	-0.079281	-0.079208	-0.079693	-0.079587
401.000000	-0.079191	-0.079749	-0.079587	-0.079920	-0.079806	-0.080310	-0.080143
402.000000	-0.080044	-0.080375	-0.080215	-0.080499	-0.080542	-0.080783	-0.080720
403.000000	-0.080755	-0.080828	-0.080760	-0.080984	-0.081192	-0.081158	-0.081209
404.000000	-0.081073	-0.081198	-0.081165	-0.081380	-0.081530	-0.081534	-0.081518
405.000000	-0.081197	-0.081558	-0.081539	-0.081759	-0.081741	-0.081927	-0.081781
406.000000	-0.081492	-0.081969	-0.082042	-0.082209	-0.082155	-0.082316	-0.082209
407.000000	-0.082031	-0.082426	-0.082614	-0.082717	-0.082765	-0.082732	-0.082805
408.000000	-0.082698	-0.082887	-0.083064	-0.083204	-0.083352	-0.083227	-0.083440
409.000000	-0.083339	-0.083329	-0.083385	-0.083623	-0.083812	-0.083755	-0.083990
410.000000	-0.083770	-0.083748	-0.083738	-0.083953	-0.084154	-0.084179	-0.084337
411.000000	-0.084004	-0.084163	-0.084187	-0.084237	-0.084448	-0.084498	-0.084529
412.000000	-0.084308	-0.084614	-0.084659	-0.084601	-0.084853	-0.084899	-0.084836
413.000000	-0.084825	-0.085117	-0.085120	-0.085107	-0.085422	-0.085455	-0.085379
414.000000	-0.085411	-0.085633	-0.085639	-0.085686	-0.085998	-0.085993	-0.085952
415.000000	-0.085925	-0.086121	-0.086238	-0.086248	-0.086454	-0.086382	-0.086398
416.000000	-0.086342	-0.086557	-0.086772	-0.086689	-0.086819	-0.086691	-0.086815
417.000000	-0.086674	-0.086922	-0.087112	-0.086954	-0.087149	-0.087013	-0.087305
418.000000	-0.087028	-0.087220	-0.087347	-0.087206	-0.087459	-0.087395	-0.087771
419.000000	-0.087505	-0.087472	-0.087617	-0.087635	-0.087764	-0.087851	-0.088087
420.000000	-0.088014	-0.087764	-0.087956	-0.088156	-0.088128	-0.088302	-0.088312
421.000000	-0.088396	-0.088197	-0.088354	-0.088583	-0.088618	-0.088637	-0.088574
422.000000	-0.088640	-0.088670	-0.088751	-0.088893	-0.089095	-0.088876	-0.088881
423.000000	-0.088830	-0.088964	-0.089064	-0.089165	-0.089309	-0.089120	-0.089169
424.000000	-0.089040	-0.089112	-0.089300	-0.089430	-0.089357	-0.089415	-0.089449
425.000000	-0.089333	-0.089366	-0.089551	-0.089676	-0.089643	-0.089755	-0.089803
426.000000	-0.089700	-0.089786	-0.089853	-0.089907	-0.090217	-0.090109	-0.090225
427.000000	-0.090034	-0.090170	-0.090166	-0.090154	-0.090645	-0.090419	-0.090591
428.000000	-0.090288	-0.090417	-0.090457	-0.090432	-0.090724	-0.090665	-0.090847
429.000000	-0.090540	-0.090666	-0.090722	-0.090727	-0.090771	-0.090908	-0.091094
430.000000	-0.090856	-0.091015	-0.090980	-0.091033	-0.091039	-0.091195	-0.091407
431.000000	-0.091218	-0.091366	-0.091305	-0.091365	-0.091422	-0.091512	-0.091746
432.000000	-0.091593	-0.091627	-0.091743	-0.091729	-0.091783	-0.091836	-0.092052
433.000000	-0.091933	-0.091876	-0.092154	-0.092051	-0.092121	-0.092154	-0.092309
434.000000	-0.092195	-0.092219	-0.092382	-0.092261	-0.092465	-0.092455	-0.092512
435.000000	-0.092416	-0.092581	-0.092531	-0.092456	-0.092781	-0.092731	-0.092696
436.000000	-0.092656	-0.092832	-0.092792	-0.092783	-0.093014	-0.092974	-0.092905
437.000000	-0.092900	-0.092983	-0.093127	-0.093157	-0.093171	-0.093189	-0.093132
438.000000	-0.093088	-0.093136	-0.093365	-0.093365	-0.093298	-0.093391	-0.093336
439.000000	-0.093263	-0.093350	-0.093509	-0.093445	-0.093455	-0.093610	-0.093548
440.000000	-0.093550	-0.093641	-0.093713	-0.093654	-0.093706	-0.093885	-0.093856
441.000000	-0.093942	-0.093968	-0.094016	-0.094048	-0.094035	-0.094199	-0.094253
442.000000	-0.094247	-0.094211	-0.094300	-0.094411	-0.094324	-0.094464	-0.094606
443.000000	-0.094381	-0.094340	-0.094502	-0.094621	-0.094518	-0.094646	-0.094834
444.000000	-0.094484	-0.094492	-0.094679	-0.094770	-0.094706	-0.094823	-0.094979
445.000000	-0.094667	-0.094753	-0.094886	-0.094942	-0.094947	-0.095052	-0.095096
446.000000	-0.094897	-0.095014	-0.095129	-0.095131	-0.095177	-0.095293	-0.095247
447.000000	-0.095124	-0.095175	-0.095397	-0.095320	-0.095342	-0.095502	-0.095474
448.000000	-0.095328	-0.095325	-0.095629	-0.095511	-0.095509	-0.095712	-0.095732
449.000000	-0.095501	-0.095575	-0.095761	-0.095708	-0.095751	-0.095954	-0.095959
450.000000	-0.095653	-0.095816	-0.095808	-0.095884	-0.095977	-0.096135	-0.096122
451.000000	-0.095802	-0.095879	-0.095819	-0.096004	-0.096049	-0.096134	-0.096206
452.000000	-0.095950	-0.095853	-0.095877	-0.096099	-0.096061	-0.096078	-0.096245
453.000000	-0.096093	-0.095974	-0.096081	-0.096235	-0.096228	-0.096222	-0.096304
454.000000	-0.096206	-0.096231	-0.096359	-0.096396	-0.096503	-0.096498	-0.096393
455.000000	-0.096247	-0.096402	-0.096495	-0.096498	-0.096615	-0.096564	-0.096478
456.000000	-0.096249	-0.096425	-0.096456	-0.096532	-0.096524	-0.096400	-0.096557
457.000000	-0.096334	-0.096446	-0.096441	-0.096590	-0.096487	-0.096404	-0.096671
458.000000	-0.096543	-0.096553	-0.096570	-0.096710	-0.096637	-0.096721	-0.096833
459.000000	-0.096754	-0.096707	-0.096784	-0.096835	-0.096846	-0.096997	-0.096997
460.000000	-0.096866	-0.096850	-0.096988	-0.096911	-0.096988	-0.096985	-0.097111
461.000000	-0.096877	-0.096921	-0.097034	-0.096944	-0.097033	-0.096877	-0.097123
462.000000	-0.096811	-0.096884	-0.096843	-0.096947	-0.096986	-0.096880	-0.097021
463.000000	-0.096742	-0.096811	-0.096655	-0.096956	-0.096938	-0.096968	-0.096955
464.000000	-0.096745	-0.096795	-0.096735	-0.097009	-0.096984	-0.097067	-0.097080
465.000000	-0.096832	-0.096873	-0.096995	-0.097119	-0.097102	-0.097172	-0.097292
466.000000	-0.096988	-0.097056	-0.097229	-0.097286	-0.097229	-0.097303	-0.097413
467.000000	-0.097176	-0.097282	-0.097372	-0.097453	-0.097354	-0.097445	-0.097476
468.000000	-0.097347	-0.097453	-0.097449	-0.097533	-0.097495	-0.097569	-0.097627
469.000000	-0.097480	-0.097557	-0.097508	-0.097545	-0.097644	-0.097678	-0.097847
470.000000	-0.097574	-0.097646	-0.097619	-0.097590	-0.097769	-0.097795	-0.097988
471.000000	-0.097625	-0.097725	-0.097773	-0.097680	-0.097844	-0.097906	-0.098013
472.000000	-0.097622	-0.097734	-0.097873	-0.097721	-0.097848	-0.097947	-0.098020
473.000000	-0.097594	-0.097679	-0.097880	-0.097696	-0.097804	-0.097917	-0.098067
474.000000	-0.097639	-0.097676	-0.097872	-0.097727	-0.097812	-0.097923	-0.098125
475.000000	-0.097798	-0.097791	-0.097903	-0.097877	-0.097927	-0.098029	-0.098162
476.000000	-0.097949	-0.097927	-0.097949	-0.098016	-0.098083	-0.098149	-0.098170
477.000000	-0.097994	-0.097995	-0.097983	-0.098043	-0.098209	-0.098209	-0.098157
478.000000	-0.098025	-0.098030	-0.098045	-0.098085	-0.098308	-0.098264	-0.098197
479.000000	-0.098148	-0.098087	-0.098172	-0.098278	-0.098394	-0.098381	-0.098349
480.000000	-0.098277	-0.098165	-0.098309	-0.098481	-0.098454	-0.098492	-0.098506
481.000000	-0.098275	-0.098237	-0.098372	-0.098480	-0.098467	-0.098495	-0.098517
482.000000	-0.098158	-0.098240	-0.098332	-0.098305	-0.098402	-0.098388	-0.098403
483.000000	-0.098018	-0.098097	-0.098189	-0.098118	-0.098235	-0.098227	-0.098272
484.000000	-0.097898	-0.097858	-0.098010	-0.097987	-0.098033	-0.098066	-0.098153
485.000000	-0.097798	-0.097670	-0.097912	-0.097914	-0.097937	-0.097964	-0.098012
486.000000	-0.097729	-0.097601	-0.097914	-0.097889	-0.097968	-0.097931	-0.097880
487.000000	-0.097715	-0.097634	-0.097930	-0.097893	-0.098019	-0.097929	-0.097863
488.000000	-0.097765	-0.097736	-0.097929	-0.097928	-0.098031	-0.097951	-0.097986
489.000000	-0.097866	-0.097869	-0.097979	-0.098025	-0.098047	-0.098046	-0.098146
490.000000	-0.097989	-0.097992	-0.098105	-0.098182	-0.098094	-0.098217	-0.098255
491.000000	-0.098070	-0.098070	-0.098208	-0.098307	-0.098149	-0.098346	-0.098305
492.000000	-0.098059	-0.098087	-0.098206	-0.098324	-0.098189	-0.098342	-0.098300
493.000000	-0.097982	-0.098086	-0.098151	-0.098253	-0.098220	-0.098269	-0.098266
494.000000	-0.097880	-0.098110	-0.098111	-0.098137	-0.098246	-0.098213	-0.098224
495.000000	-0.097798	-0.098105	-0.098093	-0.098019	-0.098223	-0.098175	-0.098165
496.000000	-0.097770	-0.098000	-0.098079	-0.097935	-0.098104	-0.098130	-0.098075
497.000000	-0.097778	-0.097856	-0.098055	-0.097886	-0.097961	-0.098068	-0.097986
498.000000	-0.097772	-0.097786	-0.098004	-0.097852	-0.097915	-0.097986	-0.097951
499.000000	-0.097734	-0.097782	-0.097929	-0.097831	-0.097947	-0.097893	-0.097956
500.000000	-0.097665	-0.097750	-0.097838	-0.097831	-0.097941	-0.097808	-0.097944
501.000000	-0.097573	-0.097656	-0.097731	-0.097809	-0.097854	-0.097732	-0.097879
502.000000	-0.097468	-0.097531	-0.097594	-0.097665	-0.097719	-0.097651	-0.097754
503.000000	-0.097367	-0.097409	-0.097444	-0.097417	-0.097574	-0.097569	-0.097598
504.000000	-0.097292	-0.097327	-0.097342	-0.097253	-0.097456	-0.097522	-0.097498
505.000000	-0.097244	-0.097284	-0.097316	-0.097269	-0.097382	-0.097512	-0.097485
506.000000	-0.097171	-0.097203	-0.097311	-0.097312	-0.097324	-0.097455	-0.097458
507.000000	-0.097040	-0.097036	-0.097270	-0.097250	-0.097252	-0.097297	-0.097339
508.000000	-0.096913	-0.096866	-0.097176	-0.097127	-0.097159	-0.097113	-0.097178
509.000000	-0.096845	-0.096779	-0.097026	-0.097014	-0.097043	-0.096987	-0.097043
510.000000	-0.096789	-0.096723	-0.096864	-0.096928	-0.096922	-0.096900	-0.096946
511.000000	-0.096670	-0.096617	-0.096741	-0.096867	-0.096812	-0.096807	-0.096880
512.000000	-0.096485	-0.096466	-0.096638	-0.096767	-0.096694	-0.096683	-0.096790
513.000000	-0.096265	-0.096311	-0.096510	-0.096551	-0.096539	-0.096515	-0.096607
514.000000	-0.096073	-0.096190	-0.096361	-0.096290	-0.096373	-0.096348	-0.096381
515.000000	-0.095991	-0.096133	-0.096225	-0.096151	-0.096254	-0.096258	-0.096228
516.000000	-0.095975	-0.096087	-0.096107	-0.096121	-0.096167	-0.096219	-0.096156
517.000000	-0.095866	-0.095916	-0.095984	-0.096020	-0.096029	-0.096111	-0.096063
518.000000	-0.095641	-0.095623	-0.095841	-0.095802	-0.095823	-0.095917	-0.095911
519.000000	-0.095471	-0.095404	-0.095675	-0.095630	-0.095634	-0.095764	-0.095755
520.000000	-0.095449	-0.095369	-0.095516	-0.095593	-0.095528	-0.095725	-0.095652
521.000000	-0.095475	-0.095422	-0.095461	-0.095619	-0.095520	-0.095731	-0.095651
522.000000	-0.095449	-0.095460	-0.095540	-0.095624	-0.095580	-0.095704	-0.095740
523.000000	-0.095346	-0.095414	-0.095566	-0.095554	-0.095568	-0.095585	-0.095736
524.000000	-0.095172	-0.095256	-0.095385	-0.095389	-0.095380	-0.095352	-0.095498
525.000000	-0.095022	-0.095083	-0.095146	-0.095228	-0.095176	-0.095148	-0.095236
526.000000	-0.094988	-0.095007	-0.095046	-0.095178	-0.095146	-0.095124	-0.095202
527.000000	-0.094984	-0.094980	-0.095030	-0.095160	-0.095193	-0.095177	-0.095263
528.000000	-0.094869	-0.094901	-0.094953	-0.095037	-0.095124	-0.095120	-0.095158
529.000000	-0.094694	-0.094791	-0.094839	-0.094866	-0.094980	-0.094989	-0.094953
530.000000	-0.094621	-0.094740	-0.094807	-0.094816	-0.094929	-0.094945	-0.094902
531.000000	-0.094641	-0.094697	-0.094799	-0.094822	-0.094924	-0.094944	-0.094942
532.000000	-0.094596	-0.094498	-0.094611	-0.094627	-0.094733	-0.094765	-0.094744
533.000000	-0.094501	-0.094340	-0.094413	-0.094390	-0.094507	-0.094537	-0.094473
534.000000	-0.094583	-0.094859	-0.094842	-0.094787	-0.094868	-0.094826	-0.094909
535.000000	-0.094703	-0.095536	-0.095472	-0.095420	-0.095418	-0.095299	-0.095607
536.000000	-0.094039	-0.093705	-0.093902	-0.093884	-0.093850	-0.093945	-0.093832
537.000000	-0.092778	-0.089933	-0.090574	-0.090609	-0.090645	-0.091153	-0.090092
538.000000	-0.093987	-0.093986	-0.094055	-0.094126	-0.094232	-0.094159	-0.094163
539.000000	-0.098379	-0.108174	-0.106403	-0.106469	-0.106558	-0.104654	-0.108368
540.000000	-0.095391	-0.099077	-0.098454	-0.098492	-0.098550	-0.097746	-0.099266
541.000000	-0.076074	-0.038041	-0.045172	-0.045191	-0.045286	-0.052078	-0.038184
542.000000	-0.058179	0.021131	0.006635	0.006604	0.006469	-0.007554	0.021018
543.000000	-0.065667	0.004643	-0.007282	-0.007371	-0.007442	-0.018960	0.004470
544.000000	-0.087282	-0.060189	-0.063253	-0.063386	-0.063350	-0.066210	-0.060455
545.000000	-0.094275	-0.095006	-0.093228	-0.093305	-0.093260	-0.091434	-0.095283
546.000000	-0.085525	-0.088182	-0.087258	-0.087218	-0.087261	-0.086327	-0.088392
547.000000	-0.081332	-0.080246	-0.080793	-0.080713	-0.080827	-0.081301	-0.080417
548.000000	-0.087649	-0.086828	-0.087263	-0.087247	-0.087372	-0.087634	-0.087021
549.000000	-0.093681	-0.093990	-0.093981	-0.094027	-0.094142	-0.093935	-0.094212
550.000000	-0.093768	-0.094033	-0.094024	-0.094075	-0.094178	-0.094042	-0.094267
551.000000	-0.092009	-0.091903	-0.092040	-0.092081	-0.092145	-0.092211	-0.092150
552.000000	-0.091673	-0.091575	-0.091746	-0.091795	-0.091786	-0.091858	-0.091845
553.000000	-0.091998	-0.092032	-0.092189	-0.092252	-0.092188	-0.092197	-0.092303
554.000000	-0.091971	-0.091981	-0.092151	-0.092221	-0.092158	-0.092174	-0.092207
555.000000	-0.091726	-0.091675	-0.091852	-0.091897	-0.091881	-0.091922	-0.091826
556.000000	-0.091583	-0.091592	-0.091726	-0.091703	-0.091753	-0.091769	-0.091670
557.000000	-0.091526	-0.091622	-0.091694	-0.091623	-0.091713	-0.091694	-0.091683
558.000000	-0.091440	-0.091500	-0.091540	-0.091511	-0.091577	-0.091578	-0.091644
559.000000	-0.091273	-0.091240	-0.091293	-0.091335	-0.091358	-0.091391	-0.091490
560.000000	-0.091023	-0.090990	-0.091099	-0.091124	-0.091167	-0.091159	-0.091248
561.000000	-0.090867	-0.090916	-0.091079	-0.091029	-0.091131	-0.091047	-0.091105
562.000000	-0.091084	-0.091166	-0.091312	-0.091255	-0.091364	-0.091286	-0.091333
563.000000	-0.091247	-0.091295	-0.091357	-0.091376	-0.091433	-0.091445	-0.091504
564.000000	-0.090275	-0.090303	-0.090292	-0.090375	-0.090398	-0.090465	-0.090533
565.000000	-0.089144	-0.089206	-0.089179	-0.089257	-0.089296	-0.089340	-0.089399
566.000000	-0.091795	-0.091896	-0.091910	-0.091930	-0.091988	-0.092004	-0.092047
567.000000	-0.098565	-0.098681	-0.098762	-0.098715	-0.098763	-0.098794	-0.098820
568.000000	-0.101905	-0.102022	-0.102119	-0.102080	-0.102095	-0.102161	-0.102179
569.000000	-0.096997	-0.097112	-0.097133	-0.097215	-0.097190	-0.097286	-0.097307
570.000000	-0.090270	-0.090368	-0.090316	-0.090491	-0.090455	-0.090561	-0.090603
571.000000	-0.088407	-0.088468	-0.088435	-0.088552	-0.088556	-0.088646	-0.088725
572.000000	-0.089601	-0.089623	-0.089650	-0.089661	-0.089709	-0.089773	-0.089882
573.000000	-0.090128	-0.090135	-0.090180	-0.090180	-0.090222	-0.090267	-0.090374
574.000000	-0.089686	-0.089704	-0.089733	-0.089781	-0.089790	-0.089825	-0.089913
575.000000	-0.089334	-0.089379	-0.089401	-0.089459	-0.089453	-0.089485	-0.089562
576.000000	-0.089253	-0.089327	-0.089356	-0.089387	-0.089398	-0.089422	-0.089490
577.000000	-0.089102	-0.089187	-0.089225	-0.089254	-0.089300	-0.089300	-0.089339
578.000000	-0.088881	-0.088962	-0.089002	-0.089066	-0.089140	-0.089110	-0.089122
579.000000	-0.088884	-0.088970	-0.088994	-0.089101	-0.089161	-0.089120	-0.089173
580.000000	-0.088912	-0.089020	-0.089018	-0.089149	-0.089156	-0.089141	-0.089276
581.000000	-0.088159	-0.088286	-0.088281	-0.088393	-0.088363	-0.088408	-0.088539
582.000000	-0.087112	-0.087245	-0.087264	-0.087320	-0.087300	-0.087413	-0.087420
583.000000	-0.088639	-0.088751	-0.088784	-0.088809	-0.088834	-0.088953	-0.088864
584.000000	-0.092198	-0.092268	-0.092281	-0.092333	-0.092411	-0.092451	-0.092391
585.000000	-0.087731	-0.087774	-0.087765	-0.087842	-0.087954	-0.087919	-0.087937
586.000000	-0.073059	-0.073113	-0.073113	-0.073161	-0.073264	-0.073242	-0.073303
587.000000	-0.082453	-0.082516	-0.082547	-0.082551	-0.082618	-0.082648	-0.082720
588.000000	-0.144380	-0.144415	-0.144480	-0.144474	-0.144508	-0.144559	-0.144625
589.000000	-0.202086	-0.202100	-0.202177	-0.202201	-0.202260	-0.202261	-0.202312
590.000000	-0.179917	-0.179981	-0.180030	-0.180106	-0.180288	-0.180160	-0.180190
591.000000	-0.108751	-0.108905	-0.108937	-0.109028	-0.109226	-0.109077	-0.109128
592.000000	-0.070864	-0.071068	-0.071168	-0.071165	-0.071003	-0.071172	-0.071341
593.000000	-0.078095	-0.078290	-0.078406	-0.078366	-0.078004	-0.078317	-0.078545
594.000000	-0.089525	-0.089685	-0.089487	-0.089780	-0.090443	-0.089731	-0.089670
595.000000	-0.088209	-0.088327	-0.087887	-0.088479	-0.090027	-0.088490	-0.088176
596.000000	-0.084351	-0.084432	-0.084917	-0.084625	-0.083005	-0.084690	-0.085240
597.000000	-0.083981	-0.084049	-0.085731	-0.084242	-0.075963	-0.084326	-0.085973
598.000000	-0.084663	-0.084774	-0.083925	-0.084937	-0.074125	-0.085038	-0.084085
599.000000	-0.084405	-0.084605	-0.076901	-0.084730	-0.079061	-0.084865	-0.077049
600.000000	-0.083786	-0.084030	-0.072649	-0.084142	-0.084493	-0.084298	-0.072810
601.000000	-0.083464	-0.083650	-0.076873	-0.083792	-0.085328	-0.083932	-0.077034
602.000000	-0.083225	-0.083343	-0.083183	-0.083526	-0.083754	-0.083633	-0.083376
603.000000	-0.082764	-0.082894	-0.084537	-0.083104	-0.082825	-0.083180	-0.084824
604.000000	-0.082215	-0.082365	-0.082679	-0.082607	-0.082599	-0.082660	-0.083047
605.000000	-0.081805	-0.081883	-0.081542	-0.082194	-0.082315	-0.082227	-0.081887
606.000000	-0.081488	-0.081466	-0.081495	-0.081842	-0.081878	-0.081880	-0.081776
607.000000	-0.081108	-0.081087	-0.081388	-0.081458	-0.081478	-0.081550	-0.081681
608.000000	-0.080700	-0.080764	-0.080986	-0.081062	-0.081156	-0.081224	-0.081330
609.000000	-0.080411	-0.080538	-0.080636	-0.080745	-0.080853	-0.080921	-0.080945
610.000000	-0.080223	-0.080364	-0.080421	-0.080501	-0.080545	-0.080638	-0.080624
611.000000	-0.079971	-0.080119	-0.080170	-0.080235	-0.080243	-0.080349	-0.080346
612.000000	-0.079629	-0.079795	-0.079842	-0.079932	-0.079968	-0.080059	-0.080099
613.000000	-0.079369	-0.079540	-0.079576	-0.079683	-0.079757	-0.079813	-0.079883
614.000000	-0.079264	-0.079419	-0.079438	-0.079533	-0.079619	-0.079636	-0.079703
615.000000	-0.079190	-0.079322	-0.079336	-0.079416	-0.079513	-0.079513	-0.079565
616.000000	-0.079057	-0.079177	-0.079204	-0.079295	-0.079412	-0.079427	-0.079476
617.000000	-0.078940	-0.079077	-0.079091	-0.079228	-0.079338	-0.079379	-0.079434
618.000000	-0.078909	-0.079098	-0.079049	-0.079260	-0.079307	-0.079362	-0.079426
619.000000	-0.078915	-0.079149	-0.079052	-0.079304	-0.079282	-0.079327	-0.079397
620.000000	-0.078885	-0.079117	-0.079057	-0.079256	-0.079222	-0.079229	-0.079293
621.000000	-0.078803	-0.078998	-0.079029	-0.079126	-0.079144	-0.079109	-0.079157
622.000000	-0.078679	-0.078834	-0.078946	-0.078963	-0.079083	-0.079033	-0.079062
623.000000	-0.078585	-0.078702	-0.078863	-0.078835	-0.079047	-0.078988	-0.079024
624.000000	-0.078621	-0.078693	-0.078869	-0.078806	-0.079024	-0.078921	-0.079028
625.000000	-0.078736	-0.078771	-0.078928	-0.078858	-0.079003	-0.078849	-0.079040
626.000000	-0.078773	-0.078807	-0.078903	-0.078905	-0.078974	-0.078837	-0.079012
627.000000	-0.078694	-0.078750	-0.078773	-0.078891	-0.078921	-0.078861	-0.078930
628.000000	-0.078590	-0.078639	-0.078642	-0.078798	-0.078833	-0.078803	-0.078810
629.000000	-0.078503	-0.078506	-0.078560	-0.078645	-0.078709	-0.078636	-0.078679
630.000000	-0.078383	-0.078371	-0.078481	-0.078504	-0.078574	-0.078494	-0.078567
631.000000	-0.078210	-0.078248	-0.078368	-0.078412	-0.078445	-0.078439	-0.078484
632.000000	-0.078046	-0.078136	-0.078220	-0.078310	-0.078309	-0.078353	-0.078384
633.000000	-0.077945	-0.078031	-0.078053	-0.078157	-0.078157	-0.078153	-0.078238
634.000000	-0.077896	-0.077930	-0.077916	-0.078006	-0.078007	-0.077962	-0.078094
635.000000	-0.077869	-0.077832	-0.077848	-0.077914	-0.077881	-0.077905	-0.078004
636.000000	-0.077817	-0.077761	-0.077819	-0.077876	-0.077805	-0.077927	-0.077954
637.000000	-0.077695	-0.077738	-0.077778	-0.077860	-0.077793	-0.077928	-0.077911
638.000000	-0.077554	-0.077701	-0.077703	-0.077794	-0.077789	-0.077877	-0.077824
639.000000	-0.077479	-0.077566	-0.077588	-0.077599	-0.077713	-0.077780	-0.077643
640.000000	-0.077445	-0.077379	-0.077457	-0.077358	-0.077588	-0.077657	-0.077437
641.000000	-0.077364	-0.077266	-0.077351	-0.077246	-0.077500	-0.077535	-0.077340
642.000000	-0.077225	-0.077225	-0.077259	-0.077261	-0.077448	-0.077416	-0.077346
643.000000	-0.077091	-0.077140	-0.077124	-0.077241	-0.077350	-0.077282	-0.077313
644.000000	-0.076994	-0.076992	-0.076962	-0.077127	-0.077186	-0.077132	-0.077189
645.000000	-0.076917	-0.076889	-0.076885	-0.076998	-0.077018	-0.076995	-0.077034
646.000000	-0.076854	-0.076881	-0.076928	-0.076914	-0.076898	-0.076904	-0.076911
647.000000	-0.076815	-0.076896	-0.076974	-0.076878	-0.076847	-0.076902	-0.076865
648.000000	-0.076817	-0.076888	-0.076948	-0.076889	-0.076880	-0.077002	-0.076921
649.000000	-0.076872	-0.076918	-0.076934	-0.076949	-0.076996	-0.077134	-0.077042
650.000000	-0.076982	-0.077031	-0.077009	-0.077053	-0.077170	-0.077228	-0.077180
651.000000	-0.077086	-0.077134	-0.077114	-0.077159	-0.077288	-0.077250	-0.077272
652.000000	-0.077103	-0.077112	-0.077153	-0.077209	-0.077234	-0.077177	-0.077256
653.000000	-0.076938	-0.076919	-0.077018	-0.077071	-0.076989	-0.076956	-0.077079
654.000000	-0.076513	-0.076544	-0.076622	-0.076623	-0.076583	-0.076547	-0.076705
655.000000	-0.075967	-0.076085	-0.076093	-0.076039	-0.076128	-0.076073	-0.076232
656.000000	-0.075538	-0.075686	-0.075659	-0.075632	-0.075774	-0.075732	-0.075817
657.000000	-0.075271	-0.075382	-0.075380	-0.075435	-0.075529	-0.075545	-0.075518
658.000000	-0.075067	-0.075129	-0.075190	-0.075277	-0.075302	-0.075396	-0.075310
659.000000	-0.074909	-0.074937	-0.075068	-0.075111	-0.075096	-0.075248	-0.075178
660.000000	-0.074863	-0.074873	-0.075044	-0.075024	-0.075018	-0.075145	-0.075113
661.000000	-0.074913	-0.074904	-0.075078	-0.075016	-0.075058	-0.075084	-0.075081
662.000000	-0.074905	-0.074840	-0.075020	-0.074937	-0.075025	-0.074989	-0.075010
663.000000	-0.074739	-0.074585	-0.074783	-0.074708	-0.074806	-0.074803	-0.074851
664.000000	-0.074452	-0.074268	-0.074431	-0.074422	-0.074485	-0.074520	-0.074609
665.000000	-0.074103	-0.074002	-0.074053	-0.074167	-0.074162	-0.074166	-0.074310
666.000000	-0.073769	-0.073766	-0.073748	-0.073940	-0.073904	-0.073854	-0.074013
667.000000	-0.073504	-0.073515	-0.073570	-0.073712	-0.073738	-0.073671	-0.073762
668.000000	-0.073232	-0.073230	-0.073358	-0.073419	-0.073520	-0.073502	-0.073485
669.000000	-0.072868	-0.072908	-0.072945	-0.073013	-0.073106	-0.073208	-0.073107
670.000000	-0.072538	-0.072629	-0.072531	-0.072651	-0.072695	-0.072882	-0.072751
671.000000	-0.072432	-0.072486	-0.072434	-0.072547	-0.072594	-0.072697	-0.072598
672.000000	-0.072458	-0.072418	-0.072531	-0.072605	-0.072682	-0.072625	-0.072578
673.000000	-0.072368	-0.072274	-0.072454	-0.072554	-0.072598	-0.072523	-0.072480
674.000000	-0.072147	-0.072061	-0.072184	-0.072348	-0.072322	-0.072356	-0.072283
675.000000	-0.071984	-0.071919	-0.072006	-0.072141	-0.072124	-0.072189	-0.072133
676.000000	-0.071946	-0.071895	-0.072010	-0.072009	-0.072089	-0.072068	-0.072074
677.000000	-0.071947	-0.071919	-0.072044	-0.071928	-0.072061	-0.072015	-0.072021
678.000000	-0.071925	-0.071936	-0.072009	-0.071888	-0.071969	-0.072026	-0.071941
679.000000	-0.071876	-0.071942	-0.071926	-0.071915	-0.071899	-0.072057	-0.071905
680.000000	-0.071815	-0.071937	-0.071841	-0.072008	-0.071915	-0.072071	-0.071950
681.000000	-0.071787	-0.071936	-0.071826	-0.072086	-0.071975	-0.072066	-0.072012
682.000000	-0.071831	-0.071953	-0.071930	-0.072088	-0.072032	-0.072052	-0.072038
683.000000	-0.071932	-0.071995	-0.072096	-0.072074	-0.072072	-0.072070	-0.072069
684.000000	-0.072054	-0.072060	-0.072241	-0.072111	-0.072091	-0.072145	-0.072149
685.000000	-0.072113	-0.072105	-0.072288	-0.072146	-0.072091	-0.072202	-0.072216
686.000000	-0.072029	-0.072082	-0.072180	-0.072103	-0.072076	-0.072149	-0.072190
687.000000	-0.071896	-0.072002	-0.072020	-0.072023	-0.072052	-0.072046	-0.072107
688.000000	-0.071881	-0.071905	-0.071979	-0.071999	-0.072027	-0.072021	-0.072054
689.000000	-0.071984	-0.071879	-0.072080	-0.072070	-0.072041	-0.072099	-0.072086
690.000000	-0.072093	-0.072032	-0.072248	-0.072233	-0.072153	-0.072229	-0.072223
691.000000	-0.072121	-0.072262	-0.072367	-0.072385	-0.072294	-0.072331	-0.072368
692.000000	-0.072018	-0.072273	-0.072291	-0.072338	-0.072275	-0.072295	-0.072315
693.000000	-0.071835	-0.072028	-0.072039	-0.072099	-0.072082	-0.072129	-0.072058
694.000000	-0.071760	-0.071864	-0.071851	-0.071943	-0.071941	-0.072000	-0.071876
695.000000	-0.071858	-0.071932	-0.071850	-0.071997	-0.071965	-0.071994	-0.071910
696.000000	-0.071930	-0.071988	-0.071890	-0.072053	-0.072014	-0.072012	-0.071999
697.000000	-0.071851	-0.071868	-0.071866	-0.071970	-0.071979	-0.071980	-0.072016
698.000000	-0.071791	-0.071770	-0.071876	-0.071898	-0.071920	-0.071962	-0.072026
699.000000	-0.071901	-0.071869	-0.071998	-0.071978	-0.071910	-0.072013	-0.072095
700.000000	-0.072044	-0.071985	-0.072097	-0.072108	-0.071956	-0.072055	-0.072161
701.000000	-0.072041	-0.071904	-0.072021	-0.072146	-0.072036	-0.072001	-0.072145
702.000000	-0.071919	-0.071728	-0.071850	-0.072089	-0.072073	-0.071900	-0.072065
703.000000	-0.071771	-0.071654	-0.071734	-0.071980	-0.071983	-0.071843	-0.071975
704.000000	-0.071650	-0.071654	-0.071694	-0.071844	-0.071818	-0.071822	-0.071891
705.000000	-0.071576	-0.071577	-0.071677	-0.071693	-0.071701	-0.071776	-0.071807
706.000000	-0.071508	-0.071379	-0.071629	-0.071531	-0.071628	-0.071676	-0.071690
707.000000	-0.071357	-0.071096	-0.071496	-0.071363	-0.071500	-0.071514	-0.071493
708.000000	-0.071078	-0.070795	-0.071248	-0.071155	-0.071265	-0.071278	-0.071217
709.000000	-0.070675	-0.070566	-0.070880	-0.070841	-0.070915	-0.070953	-0.070918
710.000000	-0.070198	-0.070385	-0.070438	-0.070413	-0.070491	-0.070548	-0.070623
711.000000	-0.069759	-0.070049	-0.070038	-0.069960	-0.070098	-0.070111	-0.070317
712.000000	-0.069396	-0.069468	-0.069714	-0.069543	-0.069763	-0.069662	-0.069969
713.000000	-0.068971	-0.068831	-0.069301	-0.069145	-0.069333	-0.069167	-0.069534
714.000000	-0.068389	-0.068298	-0.068700	-0.068735	-0.068719	-0.068617	-0.068993
715.000000	-0.067754	-0.067822	-0.068085	-0.068268	-0.068120	-0.068116	-0.068419
716.000000	-0.067163	-0.067324	-0.067601	-0.067706	-0.067703	-0.067736	-0.067872
717.000000	-0.066478	-0.066744	-0.067021	-0.067050	-0.067247	-0.067286	-0.067292
718.000000	-0.065549	-0.066040	-0.066084	-0.066312	-0.066476	-0.066549	-0.066601
719.000000	-0.064561	-0.065242	-0.065052	-0.065469	-0.065519	-0.065649	-0.065852
720.000000	-0.063816	-0.064412	-0.064362	-0.064506	-0.064656	-0.064840	-0.065150
721.000000	-0.063333	-0.063638	-0.063998	-0.063621	-0.064013	-0.064236	-0.064554
722.000000	-0.062956	-0.063005	-0.063674	-0.063111	-0.063609	-0.063853	-0.064089
723.000000	-0.062432	-0.062419	-0.063110	-0.062805	-0.063227	-0.063489	-0.063634
724.000000	-0.061444	-0.061643	-0.062047	-0.062158	-0.062464	-0.062768	-0.062947
725.000000	-0.060195	-0.060725	-0.060761	-0.061173	-0.061371	-0.061722	-0.062085
726.000000	-0.059495	-0.060056	-0.060145	-0.060519	-0.060538	-0.060865	-0.061448
727.000000	-0.059548	-0.059737	-0.060370	-0.060434	-0.060194	-0.060433	-0.061168
728.000000	-0.059499	-0.059356	-0.060348	-0.060392	-0.059927	-0.060153	-0.060898
729.000000	-0.058834	-0.058690	-0.059463	-0.060062	-0.059472	-0.059817	-0.060412
730.000000	-0.058081	-0.058088	-0.058490	-0.059760	-0.059064	-0.059477	-0.059882
731.000000	-0.057740	-0.057854	-0.058139	-0.059779	-0.058918	-0.059200	-0.059474
732.000000	-0.057682	-0.057859	-0.058213	-0.060010	-0.058944	-0.058966	-0.059153
