[HEADER]
Format	J&M ASCII Table
Comment	
Date	2/21/2023 5:09:59 AM
Order	Y (evenX)
TechType	UV
NumPoints	483
FirstX	250.00
LastX	732.00
XType	NMetr
YType	Absrb
ZType	Secs
NumSubFile	7
Matrix	Z vs X
[DATA]
	0.000000	5.000128	10.000192	15.000256	20.000383	25.000448	30.000511
250.000000	1.374561	1.377352	1.377446	1.373035	1.376643	1.372819	1.373875
251.000000	1.356753	1.359635	1.359758	1.358980	1.360192	1.355248	1.357124
252.000000	1.335691	1.335608	1.336549	1.340135	1.340104	1.334590	1.338617
253.000000	1.317403	1.315910	1.315775	1.322002	1.322036	1.315805	1.322073
254.000000	1.306384	1.307866	1.303407	1.308854	1.309987	1.302749	1.310050
255.000000	1.298959	1.302219	1.294594	1.297838	1.299436	1.293044	1.299379
256.000000	1.290564	1.288937	1.283592	1.285563	1.285638	1.283632	1.286810
257.000000	1.281476	1.273454	1.272637	1.274180	1.272733	1.275157	1.275445
258.000000	1.273551	1.265306	1.266166	1.267215	1.266977	1.269265	1.269859
259.000000	1.268113	1.263958	1.264134	1.263754	1.266716	1.265400	1.268601
260.000000	1.266045	1.263857	1.264168	1.260767	1.266442	1.261949	1.267295
261.000000	1.265782	1.262479	1.263780	1.257945	1.264215	1.258624	1.264435
262.000000	1.263946	1.259687	1.260504	1.257004	1.260864	1.256135	1.260725
263.000000	1.259446	1.255866	1.254570	1.257043	1.256687	1.254391	1.256115
264.000000	1.253849	1.251916	1.249258	1.254145	1.251299	1.252360	1.249642
265.000000	1.248073	1.247752	1.245612	1.246831	1.244600	1.248639	1.241724
266.000000	1.241687	1.241574	1.240607	1.238041	1.237032	1.241294	1.235201
267.000000	1.234270	1.232386	1.232172	1.229949	1.228999	1.229839	1.231029
268.000000	1.225762	1.221679	1.221679	1.221684	1.220672	1.217638	1.224738
269.000000	1.215811	1.210664	1.210495	1.211855	1.211691	1.207284	1.212496
270.000000	1.202685	1.197884	1.197804	1.198913	1.199750	1.195904	1.196372
271.000000	1.184863	1.181652	1.182407	1.181745	1.182710	1.180007	1.179437
272.000000	1.164261	1.162967	1.164074	1.162215	1.162499	1.160695	1.161877
273.000000	1.143786	1.143628	1.142992	1.142968	1.142257	1.140615	1.142770
274.000000	1.122987	1.123059	1.119821	1.122970	1.121504	1.120137	1.121233
275.000000	1.099592	1.099415	1.095474	1.099233	1.097795	1.098300	1.096492
276.000000	1.073681	1.072858	1.070603	1.072119	1.071220	1.074020	1.069294
277.000000	1.047345	1.045286	1.045610	1.044856	1.044048	1.046188	1.041671
278.000000	1.021374	1.018014	1.020197	1.019013	1.017550	1.016075	1.014832
279.000000	0.994821	0.991542	0.993194	0.993937	0.991631	0.987960	0.988873
280.000000	0.967226	0.965736	0.964598	0.968670	0.965864	0.963464	0.963564
281.000000	0.939260	0.939360	0.936717	0.941959	0.939349	0.938814	0.938181
282.000000	0.911632	0.911743	0.911047	0.913272	0.911706	0.911298	0.912143
283.000000	0.884787	0.884188	0.886004	0.884245	0.884187	0.882974	0.885437
284.000000	0.858902	0.857895	0.859927	0.856542	0.857953	0.856126	0.858228
285.000000	0.833174	0.832046	0.833261	0.830237	0.832482	0.830269	0.831040
286.000000	0.806770	0.805558	0.806965	0.804986	0.806930	0.804360	0.804495
287.000000	0.780604	0.779471	0.781504	0.780651	0.781547	0.778888	0.779230
288.000000	0.756217	0.755567	0.757107	0.757165	0.757013	0.754912	0.755797
289.000000	0.733708	0.733616	0.733760	0.734248	0.733650	0.732432	0.733745
290.000000	0.712267	0.712151	0.711303	0.711525	0.711530	0.710787	0.712014
291.000000	0.691508	0.690897	0.689788	0.689452	0.690488	0.689728	0.690434
292.000000	0.671463	0.670717	0.669460	0.669249	0.670149	0.669408	0.669678
293.000000	0.652165	0.651862	0.650310	0.651044	0.650491	0.650000	0.650028
294.000000	0.633627	0.633654	0.631959	0.633390	0.632007	0.631682	0.631173
295.000000	0.615918	0.615797	0.614237	0.615519	0.614894	0.614471	0.613070
296.000000	0.599222	0.598929	0.597473	0.598318	0.598651	0.598059	0.596336
297.000000	0.583618	0.583472	0.581900	0.582531	0.582849	0.582207	0.581286
298.000000	0.568787	0.568789	0.567263	0.567775	0.567562	0.567045	0.567014
299.000000	0.554416	0.554217	0.553245	0.553537	0.552949	0.552716	0.552627
300.000000	0.540600	0.540023	0.539710	0.539753	0.539085	0.539074	0.538493
301.000000	0.527520	0.526689	0.526587	0.526488	0.526000	0.525900	0.525279
302.000000	0.515073	0.514143	0.513860	0.513697	0.513554	0.513125	0.512929
303.000000	0.503033	0.502072	0.501548	0.501298	0.501534	0.500754	0.501063
304.000000	0.491322	0.490475	0.489747	0.489416	0.489832	0.488911	0.489473
305.000000	0.479972	0.479556	0.478602	0.478300	0.478419	0.477783	0.478081
306.000000	0.469049	0.469191	0.468030	0.467840	0.467349	0.467263	0.466949
307.000000	0.458648	0.458912	0.457710	0.457549	0.456764	0.456939	0.456284
308.000000	0.448777	0.448565	0.447561	0.447279	0.446763	0.446691	0.446191
309.000000	0.439303	0.438499	0.437880	0.437425	0.437368	0.436867	0.436622
310.000000	0.430103	0.428986	0.428803	0.428233	0.428486	0.427661	0.427498
311.000000	0.421100	0.420036	0.420034	0.419504	0.419764	0.418827	0.418696
312.000000	0.412266	0.411555	0.411324	0.411015	0.410941	0.410153	0.410116
313.000000	0.403728	0.403212	0.402809	0.402674	0.402183	0.401746	0.401751
314.000000	0.395585	0.394742	0.394660	0.394429	0.393731	0.393736	0.393616
315.000000	0.387612	0.386510	0.386773	0.386302	0.385703	0.385967	0.385711
316.000000	0.379532	0.378987	0.378959	0.378334	0.378130	0.378201	0.378008
317.000000	0.371543	0.371683	0.371105	0.370506	0.370640	0.370327	0.370227
318.000000	0.364048	0.363699	0.363153	0.362776	0.362700	0.362313	0.362017
319.000000	0.356889	0.355317	0.355276	0.355129	0.354499	0.354359	0.353784
320.000000	0.349493	0.347681	0.347809	0.347579	0.346755	0.346829	0.346478
321.000000	0.341833	0.340976	0.340772	0.340203	0.339683	0.339811	0.340068
322.000000	0.334491	0.334295	0.333835	0.333143	0.332926	0.333079	0.333419
323.000000	0.327694	0.327170	0.326820	0.326367	0.326204	0.326365	0.326048
324.000000	0.321029	0.319940	0.319833	0.319546	0.319416	0.319354	0.318625
325.000000	0.314171	0.312889	0.312952	0.312506	0.312511	0.311957	0.311650
326.000000	0.307154	0.305972	0.306121	0.305529	0.305526	0.304638	0.304941
327.000000	0.300129	0.299136	0.299288	0.298857	0.298522	0.297829	0.298268
328.000000	0.293489	0.292474	0.292501	0.292329	0.291613	0.291520	0.291596
329.000000	0.287537	0.286083	0.285854	0.285743	0.284932	0.285566	0.284964
330.000000	0.281717	0.279900	0.279556	0.279220	0.278652	0.279613	0.278560
331.000000	0.275270	0.273811	0.273803	0.272977	0.272914	0.273299	0.272579
332.000000	0.268495	0.267804	0.268221	0.267018	0.267402	0.266870	0.266776
333.000000	0.262235	0.261924	0.262179	0.261237	0.261589	0.260875	0.260705
334.000000	0.256719	0.256220	0.255868	0.255663	0.255536	0.255376	0.254565
335.000000	0.251678	0.250746	0.250130	0.250423	0.249776	0.250043	0.249058
336.000000	0.246818	0.245539	0.245146	0.245437	0.244485	0.244730	0.244290
337.000000	0.241833	0.240620	0.240303	0.240381	0.239404	0.239519	0.239641
338.000000	0.236636	0.235902	0.235239	0.235138	0.234405	0.234476	0.234737
339.000000	0.231519	0.231118	0.230118	0.229988	0.229628	0.229605	0.229710
340.000000	0.226705	0.226151	0.225150	0.225160	0.225126	0.224909	0.224739
341.000000	0.222125	0.221324	0.220524	0.220657	0.220658	0.220391	0.219992
342.000000	0.217689	0.216929	0.216341	0.216427	0.216050	0.216035	0.215590
343.000000	0.213387	0.212844	0.212340	0.212343	0.211599	0.211743	0.211450
344.000000	0.209238	0.208862	0.208238	0.208285	0.207627	0.207435	0.207449
345.000000	0.205300	0.204884	0.204143	0.204265	0.203871	0.203284	0.203521
346.000000	0.201624	0.200872	0.200288	0.200348	0.199902	0.199522	0.199634
347.000000	0.198060	0.197000	0.196595	0.196569	0.195900	0.196030	0.195858
348.000000	0.194354	0.193544	0.192830	0.192947	0.192364	0.192498	0.192311
349.000000	0.190560	0.190400	0.189105	0.189451	0.189217	0.188874	0.188911
350.000000	0.186987	0.187149	0.185824	0.186015	0.185899	0.185331	0.185414
351.000000	0.183771	0.183681	0.183031	0.182632	0.182315	0.181992	0.181815
352.000000	0.180813	0.180279	0.180324	0.179371	0.178967	0.178910	0.178419
353.000000	0.177964	0.177116	0.177396	0.176235	0.176068	0.176014	0.175362
354.000000	0.175006	0.174125	0.174171	0.173102	0.173232	0.173006	0.172438
355.000000	0.171858	0.171235	0.170741	0.169929	0.170194	0.169769	0.169508
356.000000	0.168832	0.168449	0.167594	0.166928	0.167214	0.166737	0.166735
357.000000	0.166198	0.165767	0.165087	0.164278	0.164539	0.164268	0.164230
358.000000	0.163752	0.163135	0.162751	0.161822	0.162020	0.161996	0.161687
359.000000	0.161199	0.160484	0.160011	0.159336	0.159423	0.159438	0.158781
360.000000	0.158463	0.157745	0.157046	0.156729	0.156681	0.156610	0.155783
361.000000	0.155572	0.154868	0.154300	0.153979	0.153808	0.153719	0.153153
362.000000	0.152687	0.151949	0.151788	0.151193	0.150945	0.150838	0.150760
363.000000	0.150036	0.149169	0.149279	0.148547	0.148293	0.147967	0.148137
364.000000	0.147549	0.146537	0.146636	0.146041	0.145807	0.145177	0.145241
365.000000	0.144903	0.143910	0.143819	0.143521	0.143221	0.142598	0.142404
366.000000	0.142012	0.141211	0.140884	0.140881	0.140437	0.140154	0.139747
367.000000	0.139114	0.138446	0.138013	0.138086	0.137571	0.137504	0.137113
368.000000	0.136335	0.135629	0.135279	0.135164	0.134691	0.134514	0.134387
369.000000	0.133552	0.132775	0.132523	0.132262	0.131729	0.131479	0.131578
370.000000	0.130646	0.129880	0.129625	0.129462	0.128670	0.128614	0.128705
371.000000	0.127585	0.126890	0.126629	0.126626	0.125675	0.125762	0.125764
372.000000	0.124409	0.123776	0.123608	0.123628	0.122881	0.122767	0.122763
373.000000	0.121391	0.120655	0.120632	0.120564	0.120166	0.119761	0.119768
374.000000	0.118783	0.117664	0.117746	0.117567	0.117360	0.116920	0.116847
375.000000	0.116218	0.114801	0.114853	0.114599	0.114426	0.114175	0.114008
376.000000	0.113140	0.112005	0.111821	0.111568	0.111392	0.111364	0.111229
377.000000	0.109756	0.109222	0.108756	0.108517	0.108382	0.108437	0.108447
378.000000	0.106721	0.106406	0.105905	0.105574	0.105568	0.105416	0.105585
379.000000	0.104126	0.103575	0.103280	0.102793	0.102939	0.102404	0.102696
380.000000	0.101556	0.100808	0.100673	0.100162	0.100313	0.099570	0.099951
381.000000	0.098792	0.098069	0.097957	0.097562	0.097564	0.096904	0.097291
382.000000	0.095901	0.095178	0.095113	0.094747	0.094651	0.094161	0.094351
383.000000	0.093006	0.092138	0.092201	0.091685	0.091655	0.091269	0.091099
384.000000	0.090305	0.089332	0.089410	0.088793	0.088894	0.088543	0.088191
385.000000	0.087906	0.087001	0.086870	0.086381	0.086547	0.086186	0.086021
386.000000	0.085632	0.084839	0.084494	0.084305	0.084317	0.083966	0.083966
387.000000	0.083295	0.082532	0.082174	0.082330	0.081916	0.081625	0.081429
388.000000	0.080893	0.080176	0.079905	0.080188	0.079490	0.079173	0.078746
389.000000	0.078476	0.077953	0.077703	0.077672	0.077266	0.076701	0.076436
390.000000	0.076126	0.075827	0.075564	0.075068	0.075203	0.074380	0.074470
391.000000	0.073933	0.073686	0.073479	0.072837	0.073152	0.072390	0.072600
392.000000	0.071956	0.071566	0.071454	0.070998	0.071082	0.070657	0.070736
393.000000	0.070224	0.069588	0.069508	0.069300	0.069034	0.068954	0.068887
394.000000	0.068605	0.067755	0.067601	0.067584	0.067065	0.067160	0.067023
395.000000	0.066826	0.065958	0.065646	0.065784	0.065240	0.065259	0.065081
396.000000	0.064830	0.064163	0.063677	0.063918	0.063552	0.063352	0.063116
397.000000	0.062867	0.062446	0.061892	0.062107	0.061892	0.061695	0.061343
398.000000	0.061084	0.060819	0.060343	0.060416	0.060203	0.060328	0.059843
399.000000	0.059386	0.059150	0.058770	0.058772	0.058541	0.058848	0.058401
400.000000	0.057691	0.057363	0.057017	0.057099	0.056921	0.056969	0.056823
401.000000	0.056030	0.055580	0.055344	0.055356	0.055206	0.054913	0.055057
402.000000	0.054441	0.053921	0.053974	0.053540	0.053298	0.052966	0.053125
403.000000	0.052906	0.052330	0.052615	0.051813	0.051404	0.051279	0.051250
404.000000	0.051392	0.050718	0.050908	0.050337	0.049779	0.049923	0.049665
405.000000	0.049868	0.049097	0.049021	0.048972	0.048415	0.048668	0.048298
406.000000	0.048305	0.047526	0.047325	0.047470	0.047181	0.047187	0.046948
407.000000	0.046732	0.046043	0.045848	0.045854	0.045881	0.045527	0.045529
408.000000	0.045207	0.044675	0.044415	0.044310	0.044293	0.043962	0.044029
409.000000	0.043769	0.043390	0.042984	0.042900	0.042554	0.042590	0.042507
410.000000	0.042438	0.042107	0.041640	0.041568	0.041124	0.041338	0.041082
411.000000	0.041177	0.040781	0.040389	0.040258	0.040091	0.040093	0.039778
412.000000	0.039875	0.039425	0.039126	0.038920	0.039030	0.038700	0.038489
413.000000	0.038497	0.038053	0.037791	0.037557	0.037704	0.037147	0.037157
414.000000	0.037171	0.036677	0.036439	0.036270	0.036318	0.035723	0.035842
415.000000	0.035978	0.035333	0.035136	0.035113	0.035057	0.034613	0.034602
416.000000	0.034818	0.034128	0.033956	0.033961	0.033900	0.033611	0.033443
417.000000	0.033600	0.033133	0.032931	0.032713	0.032786	0.032508	0.032359
418.000000	0.032430	0.032199	0.031901	0.031516	0.031644	0.031400	0.031338
419.000000	0.031438	0.031147	0.030697	0.030540	0.030421	0.030432	0.030361
420.000000	0.030542	0.030006	0.029451	0.029649	0.029200	0.029478	0.029339
421.000000	0.029581	0.028889	0.028399	0.028600	0.028116	0.028328	0.028179
422.000000	0.028539	0.027844	0.027512	0.027454	0.027196	0.027115	0.026985
423.000000	0.027491	0.026875	0.026597	0.026448	0.026402	0.026165	0.025979
424.000000	0.026485	0.025976	0.025624	0.025622	0.025628	0.025445	0.025171
425.000000	0.025546	0.025131	0.024711	0.024827	0.024718	0.024596	0.024376
426.000000	0.024665	0.024308	0.023893	0.023974	0.023669	0.023537	0.023506
427.000000	0.023789	0.023453	0.023088	0.023057	0.022684	0.022571	0.022603
428.000000	0.022890	0.022553	0.022244	0.022096	0.021863	0.021840	0.021707
429.000000	0.021983	0.021669	0.021392	0.021144	0.021077	0.021119	0.020833
430.000000	0.021091	0.020828	0.020546	0.020244	0.020214	0.020230	0.019981
431.000000	0.020225	0.019927	0.019661	0.019394	0.019285	0.019248	0.019131
432.000000	0.019389	0.018890	0.018703	0.018581	0.018328	0.018280	0.018266
433.000000	0.018554	0.017852	0.017739	0.017787	0.017405	0.017368	0.017402
434.000000	0.017696	0.016978	0.016850	0.016992	0.016572	0.016529	0.016556
435.000000	0.016870	0.016253	0.016041	0.016191	0.015797	0.015735	0.015718
436.000000	0.016154	0.015587	0.015285	0.015384	0.015025	0.014944	0.014869
437.000000	0.015502	0.014899	0.014585	0.014583	0.014274	0.014180	0.014058
438.000000	0.014800	0.014124	0.013962	0.013806	0.013609	0.013502	0.013366
439.000000	0.014008	0.013308	0.013359	0.013063	0.012996	0.012887	0.012749
440.000000	0.013161	0.012599	0.012661	0.012363	0.012321	0.012241	0.012051
441.000000	0.012332	0.012002	0.011866	0.011681	0.011558	0.011532	0.011251
442.000000	0.011643	0.011332	0.011130	0.010956	0.010810	0.010813	0.010510
443.000000	0.011113	0.010531	0.010503	0.010182	0.010123	0.010105	0.009897
444.000000	0.010555	0.009801	0.009816	0.009468	0.009431	0.009364	0.009289
445.000000	0.009848	0.009273	0.008978	0.008884	0.008705	0.008580	0.008598
446.000000	0.009111	0.008783	0.008195	0.008340	0.008074	0.007870	0.007901
447.000000	0.008469	0.008162	0.007651	0.007755	0.007624	0.007328	0.007273
448.000000	0.007880	0.007439	0.007216	0.007172	0.007152	0.006846	0.006663
449.000000	0.007277	0.006697	0.006709	0.006655	0.006440	0.006290	0.006007
450.000000	0.006709	0.006051	0.006146	0.006146	0.005675	0.005708	0.005404
451.000000	0.006253	0.005600	0.005614	0.005558	0.005174	0.005208	0.004991
452.000000	0.005834	0.005236	0.005104	0.004942	0.004857	0.004775	0.004670
453.000000	0.005294	0.004734	0.004553	0.004425	0.004428	0.004319	0.004210
454.000000	0.004662	0.004122	0.003990	0.003995	0.003874	0.003832	0.003631
455.000000	0.004133	0.003647	0.003524	0.003517	0.003425	0.003374	0.003159
456.000000	0.003740	0.003339	0.003150	0.002970	0.003108	0.002943	0.002832
457.000000	0.003321	0.002951	0.002722	0.002473	0.002684	0.002453	0.002445
458.000000	0.002796	0.002381	0.002182	0.002065	0.002055	0.001883	0.001895
459.000000	0.002268	0.001816	0.001648	0.001619	0.001410	0.001337	0.001299
460.000000	0.001827	0.001402	0.001229	0.001078	0.000908	0.000904	0.000782
461.000000	0.001488	0.001095	0.000954	0.000619	0.000562	0.000590	0.000422
462.000000	0.001232	0.000820	0.000801	0.000381	0.000336	0.000366	0.000238
463.000000	0.000970	0.000503	0.000583	0.000204	0.000101	0.000106	0.000044
464.000000	0.000610	0.000083	0.000121	-0.000115	-0.000269	-0.000307	-0.000358
465.000000	0.000165	-0.000412	-0.000477	-0.000528	-0.000732	-0.000809	-0.000904
466.000000	-0.000313	-0.000921	-0.001009	-0.000906	-0.001189	-0.001277	-0.001433
467.000000	-0.000762	-0.001395	-0.001438	-0.001277	-0.001619	-0.001688	-0.001885
468.000000	-0.001123	-0.001792	-0.001818	-0.001750	-0.002042	-0.002080	-0.002254
469.000000	-0.001447	-0.002151	-0.002199	-0.002290	-0.002458	-0.002477	-0.002588
470.000000	-0.001871	-0.002563	-0.002617	-0.002752	-0.002847	-0.002895	-0.002973
471.000000	-0.002380	-0.003005	-0.003054	-0.003083	-0.003204	-0.003307	-0.003411
472.000000	-0.002774	-0.003311	-0.003427	-0.003348	-0.003538	-0.003639	-0.003795
473.000000	-0.002988	-0.003459	-0.003704	-0.003608	-0.003855	-0.003886	-0.004078
474.000000	-0.003207	-0.003690	-0.003958	-0.003914	-0.004158	-0.004161	-0.004316
475.000000	-0.003561	-0.004142	-0.004246	-0.004286	-0.004457	-0.004537	-0.004569
476.000000	-0.003960	-0.004621	-0.004565	-0.004676	-0.004785	-0.004951	-0.004867
477.000000	-0.004310	-0.004947	-0.004906	-0.005034	-0.005164	-0.005335	-0.005225
478.000000	-0.004615	-0.005189	-0.005278	-0.005368	-0.005551	-0.005690	-0.005605
479.000000	-0.004902	-0.005458	-0.005681	-0.005693	-0.005900	-0.006020	-0.005963
480.000000	-0.005186	-0.005761	-0.006052	-0.006019	-0.006212	-0.006290	-0.006289
481.000000	-0.005475	-0.006062	-0.006310	-0.006348	-0.006504	-0.006454	-0.006580
482.000000	-0.005743	-0.006292	-0.006472	-0.006638	-0.006740	-0.006556	-0.006813
483.000000	-0.005951	-0.006380	-0.006601	-0.006828	-0.006863	-0.006687	-0.006955
484.000000	-0.006108	-0.006403	-0.006731	-0.006942	-0.006905	-0.006869	-0.007044
485.000000	-0.006263	-0.006559	-0.006874	-0.007068	-0.006966	-0.007074	-0.007167
486.000000	-0.006435	-0.006885	-0.007037	-0.007250	-0.007106	-0.007313	-0.007361
487.000000	-0.006605	-0.007242	-0.007217	-0.007476	-0.007341	-0.007636	-0.007602
488.000000	-0.006791	-0.007532	-0.007432	-0.007733	-0.007661	-0.008023	-0.007876
489.000000	-0.007074	-0.007748	-0.007727	-0.008006	-0.008022	-0.008340	-0.008183
490.000000	-0.007474	-0.007910	-0.008102	-0.008274	-0.008372	-0.008518	-0.008505
491.000000	-0.007856	-0.008093	-0.008433	-0.008502	-0.008648	-0.008671	-0.008768
492.000000	-0.008103	-0.008351	-0.008625	-0.008675	-0.008816	-0.008899	-0.008930
493.000000	-0.008255	-0.008624	-0.008774	-0.008844	-0.008964	-0.009149	-0.009081
494.000000	-0.008382	-0.008839	-0.008984	-0.009055	-0.009178	-0.009347	-0.009313
495.000000	-0.008520	-0.008994	-0.009212	-0.009248	-0.009401	-0.009502	-0.009559
496.000000	-0.008690	-0.009112	-0.009372	-0.009341	-0.009542	-0.009649	-0.009716
497.000000	-0.008870	-0.009226	-0.009494	-0.009384	-0.009638	-0.009792	-0.009820
498.000000	-0.009025	-0.009369	-0.009658	-0.009490	-0.009787	-0.009926	-0.009968
499.000000	-0.009151	-0.009541	-0.009853	-0.009686	-0.009982	-0.010071	-0.010160
500.000000	-0.009268	-0.009715	-0.010008	-0.009931	-0.010146	-0.010264	-0.010323
501.000000	-0.009379	-0.009869	-0.010096	-0.010159	-0.010258	-0.010463	-0.010420
502.000000	-0.009463	-0.009994	-0.010138	-0.010283	-0.010355	-0.010544	-0.010457
503.000000	-0.009535	-0.010098	-0.010167	-0.010299	-0.010462	-0.010508	-0.010482
504.000000	-0.009662	-0.010224	-0.010235	-0.010335	-0.010573	-0.010556	-0.010612
505.000000	-0.009863	-0.010386	-0.010371	-0.010470	-0.010685	-0.010785	-0.010864
506.000000	-0.010040	-0.010529	-0.010555	-0.010657	-0.010794	-0.011024	-0.011036
507.000000	-0.010120	-0.010612	-0.010748	-0.010834	-0.010902	-0.011128	-0.010998
508.000000	-0.010167	-0.010648	-0.010866	-0.010944	-0.011019	-0.011147	-0.010963
509.000000	-0.010252	-0.010670	-0.010850	-0.010959	-0.011151	-0.011164	-0.011147
510.000000	-0.010365	-0.010721	-0.010826	-0.010976	-0.011280	-0.011238	-0.011415
511.000000	-0.010470	-0.010837	-0.010944	-0.011105	-0.011379	-0.011400	-0.011553
512.000000	-0.010525	-0.010958	-0.011117	-0.011250	-0.011413	-0.011551	-0.011552
513.000000	-0.010500	-0.010994	-0.011165	-0.011237	-0.011347	-0.011548	-0.011496
514.000000	-0.010472	-0.010995	-0.011113	-0.011141	-0.011273	-0.011453	-0.011460
515.000000	-0.010585	-0.011094	-0.011114	-0.011192	-0.011353	-0.011459	-0.011509
516.000000	-0.010787	-0.011266	-0.011194	-0.011391	-0.011566	-0.011585	-0.011626
517.000000	-0.010849	-0.011329	-0.011250	-0.011519	-0.011706	-0.011677	-0.011718
518.000000	-0.010728	-0.011251	-0.011261	-0.011511	-0.011697	-0.011684	-0.011754
519.000000	-0.010660	-0.011215	-0.011323	-0.011526	-0.011643	-0.011698	-0.011789
520.000000	-0.010791	-0.011333	-0.011482	-0.011661	-0.011644	-0.011789	-0.011867
521.000000	-0.011044	-0.011541	-0.011676	-0.011849	-0.011762	-0.011954	-0.012003
522.000000	-0.011304	-0.011748	-0.011842	-0.012014	-0.011999	-0.012154	-0.012175
523.000000	-0.011433	-0.011856	-0.011955	-0.012093	-0.012191	-0.012277	-0.012278
524.000000	-0.011351	-0.011809	-0.012006	-0.012056	-0.012205	-0.012247	-0.012237
525.000000	-0.011270	-0.011764	-0.012031	-0.012016	-0.012178	-0.012197	-0.012206
526.000000	-0.011430	-0.011897	-0.012073	-0.012097	-0.012282	-0.012288	-0.012356
527.000000	-0.011681	-0.012120	-0.012148	-0.012257	-0.012456	-0.012447	-0.012579
528.000000	-0.011739	-0.012254	-0.012253	-0.012394	-0.012551	-0.012516	-0.012667
529.000000	-0.011678	-0.012282	-0.012372	-0.012491	-0.012578	-0.012525	-0.012652
530.000000	-0.011769	-0.012288	-0.012479	-0.012587	-0.012636	-0.012612	-0.012700
531.000000	-0.012009	-0.012340	-0.012582	-0.012696	-0.012750	-0.012790	-0.012847
532.000000	-0.012158	-0.012484	-0.012717	-0.012809	-0.012872	-0.012967	-0.013008
533.000000	-0.012153	-0.012687	-0.012873	-0.012904	-0.012964	-0.013087	-0.013120
534.000000	-0.012168	-0.012811	-0.012974	-0.012945	-0.013006	-0.013144	-0.013146
535.000000	-0.012282	-0.012803	-0.012982	-0.012931	-0.013005	-0.013155	-0.013107
536.000000	-0.012375	-0.012776	-0.012944	-0.012942	-0.013031	-0.013174	-0.013120
537.000000	-0.012370	-0.012811	-0.012910	-0.013016	-0.013120	-0.013231	-0.013241
538.000000	-0.012347	-0.012874	-0.012916	-0.013073	-0.013215	-0.013286	-0.013343
539.000000	-0.012390	-0.012922	-0.012982	-0.013052	-0.013266	-0.013305	-0.013324
540.000000	-0.012490	-0.012971	-0.013056	-0.013064	-0.013316	-0.013333	-0.013306
541.000000	-0.012610	-0.013037	-0.013082	-0.013221	-0.013413	-0.013415	-0.013423
542.000000	-0.012685	-0.013074	-0.013073	-0.013382	-0.013472	-0.013488	-0.013552
543.000000	-0.012649	-0.013021	-0.013065	-0.013345	-0.013386	-0.013460	-0.013503
544.000000	-0.012554	-0.012940	-0.013083	-0.013194	-0.013260	-0.013397	-0.013373
545.000000	-0.012511	-0.012945	-0.013138	-0.013154	-0.013298	-0.013434	-0.013398
546.000000	-0.012527	-0.013021	-0.013197	-0.013230	-0.013452	-0.013527	-0.013544
547.000000	-0.012532	-0.013047	-0.013193	-0.013252	-0.013477	-0.013494	-0.013571
548.000000	-0.012507	-0.012990	-0.013125	-0.013175	-0.013337	-0.013334	-0.013440
549.000000	-0.012499	-0.012916	-0.013065	-0.013101	-0.013227	-0.013256	-0.013351
550.000000	-0.012521	-0.012889	-0.013061	-0.013099	-0.013251	-0.013345	-0.013410
551.000000	-0.012530	-0.012961	-0.013119	-0.013174	-0.013336	-0.013465	-0.013552
552.000000	-0.012507	-0.013095	-0.013189	-0.013274	-0.013406	-0.013512	-0.013664
553.000000	-0.012500	-0.013054	-0.013090	-0.013217	-0.013412	-0.013500	-0.013551
554.000000	-0.012543	-0.012781	-0.012820	-0.012971	-0.013338	-0.013459	-0.013205
555.000000	-0.012566	-0.012964	-0.013056	-0.013080	-0.013269	-0.013428	-0.013326
556.000000	-0.012519	-0.013964	-0.014128	-0.013848	-0.013287	-0.013437	-0.014299
557.000000	-0.012549	-0.013591	-0.013758	-0.013631	-0.013344	-0.013475	-0.014049
558.000000	-0.012793	-0.009921	-0.009944	-0.010956	-0.013354	-0.013505	-0.010706
559.000000	-0.012787	-0.009925	-0.009883	-0.010911	-0.013300	-0.013372	-0.010599
560.000000	-0.011933	-0.022584	-0.022852	-0.020084	-0.013203	-0.012932	-0.021950
561.000000	-0.011684	-0.026957	-0.027394	-0.023335	-0.013223	-0.012886	-0.025986
562.000000	-0.014329	0.016207	0.016727	0.008221	-0.013581	-0.014388	0.012564
563.000000	-0.008357	0.086197	0.087341	0.069975	-0.013840	-0.015446	0.074369
564.000000	0.030758	0.103250	0.100879	0.123772	-0.012947	-0.011058	0.086373
565.000000	0.089443	0.047553	0.038426	0.140530	-0.011903	-0.003119	0.031871
566.000000	0.099222	-0.011641	-0.023026	0.106356	-0.014665	-0.003495	-0.022231
567.000000	0.035396	-0.029253	-0.035156	0.031211	-0.021566	-0.015874	-0.033684
568.000000	-0.027851	-0.024101	-0.023879	-0.028197	-0.025012	-0.025499	-0.024263
569.000000	-0.033478	-0.017322	-0.015994	-0.032712	-0.020165	-0.021802	-0.016834
570.000000	-0.013442	-0.013182	-0.013215	-0.013919	-0.013515	-0.013807	-0.013621
571.000000	-0.007190	-0.012274	-0.012784	-0.008142	-0.011800	-0.011592	-0.012982
572.000000	-0.011800	-0.012970	-0.013169	-0.012509	-0.013152	-0.013207	-0.013418
573.000000	-0.014073	-0.013283	-0.013328	-0.014660	-0.013771	-0.013927	-0.013643
574.000000	-0.012937	-0.013077	-0.013194	-0.013588	-0.013395	-0.013436	-0.013526
575.000000	-0.012147	-0.012948	-0.013090	-0.012808	-0.013162	-0.013163	-0.013401
576.000000	-0.012407	-0.012958	-0.013059	-0.013011	-0.013235	-0.013312	-0.013340
577.000000	-0.012590	-0.012859	-0.012986	-0.013188	-0.013200	-0.013355	-0.013262
578.000000	-0.012439	-0.012708	-0.012926	-0.013098	-0.013063	-0.013246	-0.013223
579.000000	-0.012463	-0.012820	-0.013074	-0.013167	-0.013189	-0.013347	-0.013393
580.000000	-0.012585	-0.012974	-0.013161	-0.013249	-0.013365	-0.013443	-0.013503
581.000000	-0.011980	-0.012286	-0.012361	-0.012461	-0.012654	-0.012604	-0.012750
582.000000	-0.011043	-0.011271	-0.011270	-0.011384	-0.011574	-0.011458	-0.011721
583.000000	-0.012426	-0.013009	-0.013084	-0.013282	-0.013317	-0.013493	-0.013547
584.000000	-0.015691	-0.016913	-0.017199	-0.017471	-0.017310	-0.018001	-0.017587
585.000000	-0.011740	-0.012157	-0.012409	-0.012268	-0.012450	-0.012576	-0.012705
586.000000	0.001418	0.003603	0.003757	0.004792	0.003663	0.005453	0.003509
587.000000	-0.007143	-0.006537	-0.006679	-0.006411	-0.006854	-0.006254	-0.006905
588.000000	-0.063120	-0.071836	-0.073626	-0.076958	-0.073798	-0.080937	-0.073824
589.000000	-0.115288	-0.121639	-0.122883	-0.125197	-0.123033	-0.135301	-0.123112
590.000000	-0.095358	-0.065616	-0.060111	-0.048408	-0.060328	-0.063627	-0.060504
591.000000	-0.031186	0.039368	0.052437	0.079907	0.052120	0.063410	0.051857
592.000000	0.002994	0.067288	0.079160	0.104149	0.078839	0.092585	0.078564
593.000000	-0.003516	0.016316	0.019920	0.027661	0.019686	0.024276	0.019451
594.000000	-0.013821	-0.023133	-0.024883	-0.028400	-0.025044	-0.027159	-0.025272
595.000000	-0.012645	-0.019702	-0.020949	-0.023530	-0.021088	-0.022750	-0.021352
596.000000	-0.009200	-0.007840	-0.007539	-0.006857	-0.007669	-0.007413	-0.007946
597.000000	-0.008931	-0.007312	-0.007100	-0.006391	-0.007216	-0.006856	-0.007464
598.000000	-0.009635	-0.010359	-0.010687	-0.010938	-0.010803	-0.010940	-0.011031
599.000000	-0.009497	-0.010517	-0.010887	-0.011228	-0.011031	-0.011238	-0.011276
600.000000	-0.008982	-0.009371	-0.009589	-0.009625	-0.009777	-0.009849	-0.010027
601.000000	-0.008656	-0.008897	-0.009108	-0.009035	-0.009339	-0.009365	-0.009550
602.000000	-0.008399	-0.008827	-0.009088	-0.009056	-0.009336	-0.009376	-0.009515
603.000000	-0.008005	-0.008562	-0.008793	-0.008800	-0.009012	-0.009054	-0.009224
604.000000	-0.007534	-0.008110	-0.008276	-0.008301	-0.008453	-0.008513	-0.008748
605.000000	-0.007111	-0.007653	-0.007803	-0.007845	-0.007966	-0.008109	-0.008356
606.000000	-0.006746	-0.007260	-0.007431	-0.007479	-0.007604	-0.007822	-0.008047
607.000000	-0.006406	-0.006949	-0.007125	-0.007153	-0.007308	-0.007487	-0.007710
608.000000	-0.006105	-0.006690	-0.006849	-0.006870	-0.007053	-0.007134	-0.007352
609.000000	-0.005889	-0.006419	-0.006565	-0.006667	-0.006830	-0.006908	-0.007057
610.000000	-0.005712	-0.006138	-0.006275	-0.006503	-0.006618	-0.006774	-0.006836
611.000000	-0.005448	-0.005904	-0.006012	-0.006263	-0.006384	-0.006530	-0.006629
612.000000	-0.005118	-0.005740	-0.005799	-0.005957	-0.006140	-0.006165	-0.006414
613.000000	-0.004936	-0.005623	-0.005649	-0.005761	-0.005959	-0.005929	-0.006213
614.000000	-0.004976	-0.005526	-0.005559	-0.005741	-0.005869	-0.005925	-0.006046
615.000000	-0.005021	-0.005426	-0.005496	-0.005737	-0.005816	-0.005947	-0.005921
616.000000	-0.004933	-0.005320	-0.005441	-0.005645	-0.005750	-0.005854	-0.005844
617.000000	-0.004859	-0.005265	-0.005428	-0.005574	-0.005672	-0.005769	-0.005818
618.000000	-0.004931	-0.005304	-0.005481	-0.005624	-0.005599	-0.005809	-0.005841
619.000000	-0.005028	-0.005385	-0.005566	-0.005704	-0.005587	-0.005885	-0.005885
620.000000	-0.004996	-0.005444	-0.005636	-0.005698	-0.005676	-0.005880	-0.005916
621.000000	-0.004886	-0.005442	-0.005654	-0.005641	-0.005750	-0.005814	-0.005918
622.000000	-0.004818	-0.005365	-0.005595	-0.005615	-0.005663	-0.005757	-0.005886
623.000000	-0.004819	-0.005274	-0.005495	-0.005607	-0.005499	-0.005731	-0.005842
624.000000	-0.004870	-0.005267	-0.005422	-0.005558	-0.005458	-0.005733	-0.005822
625.000000	-0.004927	-0.005339	-0.005411	-0.005500	-0.005555	-0.005762	-0.005830
626.000000	-0.004932	-0.005407	-0.005464	-0.005528	-0.005661	-0.005814	-0.005846
627.000000	-0.004882	-0.005418	-0.005539	-0.005624	-0.005701	-0.005844	-0.005852
628.000000	-0.004843	-0.005349	-0.005538	-0.005645	-0.005671	-0.005766	-0.005833
629.000000	-0.004843	-0.005220	-0.005434	-0.005539	-0.005588	-0.005592	-0.005791
630.000000	-0.004848	-0.005107	-0.005308	-0.005412	-0.005506	-0.005499	-0.005755
631.000000	-0.004824	-0.005053	-0.005221	-0.005335	-0.005455	-0.005560	-0.005724
632.000000	-0.004733	-0.005016	-0.005154	-0.005275	-0.005395	-0.005587	-0.005634
633.000000	-0.004574	-0.004960	-0.005091	-0.005199	-0.005298	-0.005449	-0.005451
634.000000	-0.004447	-0.004900	-0.005054	-0.005127	-0.005199	-0.005302	-0.005287
635.000000	-0.004445	-0.004860	-0.005060	-0.005084	-0.005139	-0.005312	-0.005252
636.000000	-0.004503	-0.004845	-0.005062	-0.005060	-0.005112	-0.005384	-0.005294
637.000000	-0.004517	-0.004852	-0.005004	-0.005041	-0.005100	-0.005364	-0.005320
638.000000	-0.004479	-0.004835	-0.004893	-0.005018	-0.005077	-0.005251	-0.005287
639.000000	-0.004417	-0.004745	-0.004764	-0.004989	-0.005021	-0.005112	-0.005175
640.000000	-0.004342	-0.004624	-0.004664	-0.004934	-0.004935	-0.004997	-0.005040
641.000000	-0.004250	-0.004573	-0.004639	-0.004828	-0.004842	-0.004943	-0.004981
642.000000	-0.004159	-0.004576	-0.004664	-0.004693	-0.004757	-0.004930	-0.004989
643.000000	-0.004103	-0.004512	-0.004640	-0.004592	-0.004691	-0.004890	-0.004966
644.000000	-0.004085	-0.004370	-0.004550	-0.004545	-0.004656	-0.004807	-0.004876
645.000000	-0.004065	-0.004279	-0.004478	-0.004521	-0.004660	-0.004727	-0.004774
646.000000	-0.004021	-0.004300	-0.004466	-0.004497	-0.004688	-0.004682	-0.004710
647.000000	-0.003969	-0.004345	-0.004467	-0.004487	-0.004682	-0.004668	-0.004710
648.000000	-0.003943	-0.004359	-0.004464	-0.004506	-0.004626	-0.004686	-0.004785
649.000000	-0.004012	-0.004413	-0.004540	-0.004577	-0.004650	-0.004759	-0.004904
650.000000	-0.004205	-0.004562	-0.004745	-0.004706	-0.004834	-0.004893	-0.005028
651.000000	-0.004380	-0.004720	-0.004922	-0.004845	-0.004997	-0.005013	-0.005108
652.000000	-0.004376	-0.004770	-0.004902	-0.004926	-0.004938	-0.005031	-0.005096
653.000000	-0.004202	-0.004653	-0.004720	-0.004855	-0.004722	-0.004898	-0.004962
654.000000	-0.003926	-0.004346	-0.004479	-0.004553	-0.004497	-0.004596	-0.004693
655.000000	-0.003626	-0.003972	-0.004211	-0.004149	-0.004286	-0.004251	-0.004382
656.000000	-0.003379	-0.003717	-0.003915	-0.003870	-0.004047	-0.004049	-0.004163
657.000000	-0.003180	-0.003584	-0.003633	-0.003736	-0.003803	-0.003967	-0.004012
658.000000	-0.002965	-0.003438	-0.003439	-0.003621	-0.003623	-0.003829	-0.003789
659.000000	-0.002742	-0.003242	-0.003335	-0.003458	-0.003508	-0.003598	-0.003509
660.000000	-0.002591	-0.003065	-0.003240	-0.003255	-0.003387	-0.003388	-0.003351
661.000000	-0.002509	-0.002927	-0.003097	-0.003044	-0.003227	-0.003246	-0.003341
662.000000	-0.002359	-0.002762	-0.002884	-0.002893	-0.003051	-0.003115	-0.003264
663.000000	-0.002075	-0.002527	-0.002616	-0.002803	-0.002866	-0.002943	-0.003003
664.000000	-0.001763	-0.002243	-0.002370	-0.002625	-0.002624	-0.002704	-0.002682
665.000000	-0.001522	-0.001941	-0.002190	-0.002274	-0.002307	-0.002397	-0.002421
666.000000	-0.001354	-0.001669	-0.001999	-0.001919	-0.002020	-0.002085	-0.002205
667.000000	-0.001222	-0.001456	-0.001719	-0.001721	-0.001848	-0.001825	-0.001996
668.000000	-0.001011	-0.001250	-0.001377	-0.001564	-0.001675	-0.001589	-0.001762
669.000000	-0.000620	-0.000992	-0.001036	-0.001288	-0.001363	-0.001341	-0.001484
670.000000	-0.000239	-0.000757	-0.000792	-0.000989	-0.001035	-0.001135	-0.001235
671.000000	-0.000146	-0.000659	-0.000733	-0.000851	-0.000901	-0.001054	-0.001113
672.000000	-0.000232	-0.000636	-0.000776	-0.000836	-0.000911	-0.001040	-0.001068
673.000000	-0.000171	-0.000530	-0.000741	-0.000775	-0.000869	-0.000954	-0.000972
674.000000	0.000043	-0.000354	-0.000596	-0.000648	-0.000726	-0.000796	-0.000816
675.000000	0.000145	-0.000263	-0.000435	-0.000559	-0.000562	-0.000676	-0.000697
676.000000	0.000080	-0.000287	-0.000336	-0.000535	-0.000450	-0.000624	-0.000648
677.000000	0.000051	-0.000300	-0.000341	-0.000512	-0.000451	-0.000566	-0.000624
678.000000	0.000142	-0.000254	-0.000431	-0.000461	-0.000562	-0.000483	-0.000599
679.000000	0.000196	-0.000246	-0.000480	-0.000437	-0.000667	-0.000464	-0.000590
680.000000	0.000113	-0.000339	-0.000427	-0.000473	-0.000690	-0.000555	-0.000607
681.000000	-0.000003	-0.000464	-0.000396	-0.000528	-0.000679	-0.000683	-0.000637
682.000000	-0.000058	-0.000553	-0.000492	-0.000568	-0.000691	-0.000780	-0.000672
683.000000	-0.000085	-0.000594	-0.000647	-0.000630	-0.000742	-0.000853	-0.000740
684.000000	-0.000134	-0.000595	-0.000766	-0.000746	-0.000830	-0.000922	-0.000862
685.000000	-0.000175	-0.000581	-0.000805	-0.000824	-0.000889	-0.000957	-0.000982
686.000000	-0.000164	-0.000577	-0.000752	-0.000758	-0.000846	-0.000921	-0.001026
687.000000	-0.000136	-0.000595	-0.000693	-0.000645	-0.000760	-0.000851	-0.000979
688.000000	-0.000156	-0.000634	-0.000749	-0.000661	-0.000743	-0.000816	-0.000863
689.000000	-0.000220	-0.000694	-0.000883	-0.000807	-0.000823	-0.000847	-0.000799
690.000000	-0.000274	-0.000768	-0.000955	-0.000959	-0.000967	-0.000947	-0.000962
691.000000	-0.000290	-0.000819	-0.000917	-0.001016	-0.001087	-0.001052	-0.001264
692.000000	-0.000264	-0.000786	-0.000816	-0.000913	-0.001051	-0.001044	-0.001361
693.000000	-0.000214	-0.000684	-0.000715	-0.000711	-0.000867	-0.000929	-0.001167
694.000000	-0.000188	-0.000642	-0.000693	-0.000651	-0.000745	-0.000880	-0.000956
695.000000	-0.000207	-0.000707	-0.000768	-0.000810	-0.000790	-0.000971	-0.000902
696.000000	-0.000249	-0.000755	-0.000831	-0.000927	-0.000886	-0.001049	-0.000929
697.000000	-0.000292	-0.000702	-0.000811	-0.000837	-0.000933	-0.001014	-0.000959
698.000000	-0.000351	-0.000629	-0.000779	-0.000754	-0.000954	-0.000980	-0.000980
699.000000	-0.000427	-0.000622	-0.000805	-0.000868	-0.000984	-0.001047	-0.000996
700.000000	-0.000450	-0.000669	-0.000855	-0.001010	-0.001014	-0.001119	-0.001034
701.000000	-0.000355	-0.000733	-0.000878	-0.000966	-0.001028	-0.001077	-0.001113
702.000000	-0.000218	-0.000749	-0.000858	-0.000822	-0.001017	-0.000976	-0.001155
703.000000	-0.000154	-0.000662	-0.000797	-0.000754	-0.000976	-0.000927	-0.001066
704.000000	-0.000134	-0.000528	-0.000704	-0.000753	-0.000887	-0.000938	-0.000909
705.000000	-0.000061	-0.000457	-0.000592	-0.000711	-0.000729	-0.000958	-0.000825
706.000000	0.000062	-0.000419	-0.000467	-0.000585	-0.000541	-0.000934	-0.000798
707.000000	0.000164	-0.000279	-0.000328	-0.000384	-0.000400	-0.000806	-0.000695
708.000000	0.000307	0.000001	-0.000134	-0.000145	-0.000276	-0.000574	-0.000475
709.000000	0.000691	0.000351	0.000198	0.000065	-0.000019	-0.000293	-0.000194
710.000000	0.001298	0.000715	0.000653	0.000270	0.000408	0.000027	0.000123
711.000000	0.001764	0.001058	0.001063	0.000625	0.000870	0.000456	0.000515
712.000000	0.001940	0.001401	0.001352	0.001183	0.001275	0.001006	0.000989
713.000000	0.002213	0.001873	0.001661	0.001750	0.001664	0.001556	0.001475
714.000000	0.002849	0.002523	0.002105	0.002189	0.002076	0.002011	0.001916
715.000000	0.003540	0.003109	0.002626	0.002627	0.002500	0.002414	0.002326
716.000000	0.003980	0.003441	0.003162	0.003211	0.002938	0.002831	0.002751
717.000000	0.004410	0.003850	0.003788	0.003930	0.003497	0.003321	0.003300
718.000000	0.005159	0.004724	0.004592	0.004725	0.004280	0.003931	0.004063
719.000000	0.006079	0.005813	0.005457	0.005526	0.005160	0.004654	0.004860
720.000000	0.006849	0.006641	0.006197	0.006258	0.005920	0.005447	0.005425
721.000000	0.007396	0.007176	0.006763	0.006811	0.006461	0.006170	0.005786
722.000000	0.007803	0.007649	0.007193	0.007078	0.006767	0.006644	0.006151
723.000000	0.008290	0.008228	0.007635	0.007315	0.007098	0.007006	0.006731
724.000000	0.009179	0.009017	0.008317	0.008064	0.007927	0.007653	0.007723
725.000000	0.010349	0.009931	0.009176	0.009268	0.009134	0.008585	0.008876
726.000000	0.011159	0.010664	0.009807	0.010164	0.009906	0.009336	0.009410
727.000000	0.011405	0.011085	0.010112	0.010468	0.009987	0.009735	0.009198
728.000000	0.011650	0.011375	0.010539	0.010769	0.010113	0.010142	0.009234
729.000000	0.012220	0.011661	0.011292	0.011398	0.010736	0.010751	0.010039
730.000000	0.012696	0.011876	0.011885	0.011880	0.011407	0.011234	0.010749
731.000000	0.012706	0.011960	0.011909	0.011802	0.011705	0.011311	0.010606
732.000000	0.012416	0.011963	0.011569	0.011364	0.011750	0.011130	0.009903
