[HEADER]
Format	J&M ASCII Table
Comment	
Date	2/21/2023 3:43:22 AM
Order	Y (evenX)
TechType	UV
NumPoints	483
FirstX	250.00
LastX	732.00
XType	NMetr
YType	Absrb
ZType	Secs
NumSubFile	7
Matrix	Z vs X
[DATA]
	0.000000	5.000064	10.000192	15.000256	20.000320	25.000448	30.000511
250.000000	0.002234	0.001447	0.000735	0.000160	-0.000191	-0.000844	-0.000849
251.000000	-0.004889	-0.005360	-0.005961	-0.006659	-0.006934	-0.007526	-0.007455
252.000000	-0.011554	-0.011592	-0.012120	-0.012812	-0.013171	-0.013583	-0.013566
253.000000	-0.017532	-0.017393	-0.017813	-0.018450	-0.018875	-0.019079	-0.019154
254.000000	-0.022730	-0.022920	-0.023153	-0.023750	-0.024082	-0.024151	-0.024262
255.000000	-0.027545	-0.028227	-0.028307	-0.028826	-0.028987	-0.029050	-0.029130
256.000000	-0.032378	-0.033307	-0.033385	-0.033735	-0.033766	-0.033967	-0.033959
257.000000	-0.037088	-0.037941	-0.038124	-0.038297	-0.038289	-0.038587	-0.038516
258.000000	-0.041384	-0.041889	-0.042186	-0.042290	-0.042357	-0.042496	-0.042466
259.000000	-0.045272	-0.045343	-0.045695	-0.045819	-0.046032	-0.045897	-0.045916
260.000000	-0.048902	-0.048698	-0.048997	-0.049147	-0.049502	-0.049277	-0.049187
261.000000	-0.052242	-0.051995	-0.052175	-0.052322	-0.052712	-0.052615	-0.052359
262.000000	-0.055127	-0.055006	-0.055115	-0.055224	-0.055438	-0.055508	-0.055327
263.000000	-0.057607	-0.057699	-0.057794	-0.057841	-0.057761	-0.057928	-0.058042
264.000000	-0.059977	-0.060272	-0.060301	-0.060281	-0.060115	-0.060286	-0.060524
265.000000	-0.062353	-0.062756	-0.062651	-0.062587	-0.062623	-0.062713	-0.062779
266.000000	-0.064517	-0.064893	-0.064728	-0.064679	-0.064846	-0.064832	-0.064776
267.000000	-0.066326	-0.066554	-0.066482	-0.066508	-0.066520	-0.066434	-0.066515
268.000000	-0.067915	-0.068019	-0.068072	-0.068124	-0.067967	-0.067863	-0.068071
269.000000	-0.069441	-0.069558	-0.069641	-0.069597	-0.069506	-0.069444	-0.069535
270.000000	-0.070978	-0.071130	-0.071146	-0.071002	-0.071082	-0.071075	-0.070989
271.000000	-0.072548	-0.072622	-0.072517	-0.072402	-0.072558	-0.072575	-0.072490
272.000000	-0.073986	-0.073921	-0.073787	-0.073766	-0.073888	-0.073895	-0.073919
273.000000	-0.075084	-0.074942	-0.075019	-0.075036	-0.075065	-0.075045	-0.075112
274.000000	-0.075971	-0.075842	-0.076199	-0.076200	-0.076107	-0.076061	-0.076088
275.000000	-0.076959	-0.076905	-0.077264	-0.077277	-0.077050	-0.077002	-0.076973
276.000000	-0.078075	-0.078124	-0.078220	-0.078270	-0.077930	-0.077945	-0.077869
277.000000	-0.079101	-0.079244	-0.079129	-0.079169	-0.078782	-0.078985	-0.078851
278.000000	-0.079949	-0.080155	-0.079996	-0.079957	-0.079619	-0.080065	-0.079883
279.000000	-0.080707	-0.080945	-0.080754	-0.080611	-0.080428	-0.080940	-0.080782
280.000000	-0.081453	-0.081701	-0.081418	-0.081217	-0.081245	-0.081529	-0.081484
281.000000	-0.082232	-0.082485	-0.082174	-0.082070	-0.082196	-0.082085	-0.082159
282.000000	-0.083039	-0.083307	-0.083124	-0.083280	-0.083300	-0.082816	-0.082929
283.000000	-0.083761	-0.084030	-0.084087	-0.084359	-0.084228	-0.083684	-0.083691
284.000000	-0.084322	-0.084549	-0.084875	-0.084869	-0.084722	-0.084597	-0.084347
285.000000	-0.084922	-0.085027	-0.085511	-0.085085	-0.085103	-0.085419	-0.084998
286.000000	-0.085785	-0.085666	-0.086076	-0.085432	-0.085778	-0.086026	-0.085768
287.000000	-0.086733	-0.086412	-0.086656	-0.086041	-0.086616	-0.086499	-0.086561
288.000000	-0.087450	-0.087110	-0.087324	-0.086894	-0.087279	-0.086993	-0.087200
289.000000	-0.087917	-0.087709	-0.087987	-0.087774	-0.087751	-0.087517	-0.087685
290.000000	-0.088308	-0.088221	-0.088453	-0.088350	-0.088213	-0.087991	-0.088122
291.000000	-0.088687	-0.088659	-0.088731	-0.088618	-0.088677	-0.088396	-0.088516
292.000000	-0.089016	-0.089036	-0.089024	-0.088885	-0.088994	-0.088772	-0.088777
293.000000	-0.089354	-0.089405	-0.089453	-0.089339	-0.089206	-0.089195	-0.088999
294.000000	-0.089910	-0.089876	-0.090023	-0.089978	-0.089633	-0.089780	-0.089543
295.000000	-0.090710	-0.090471	-0.090645	-0.090706	-0.090373	-0.090517	-0.090483
296.000000	-0.091378	-0.091022	-0.091063	-0.091251	-0.091021	-0.091141	-0.091262
297.000000	-0.091638	-0.091400	-0.091145	-0.091447	-0.091280	-0.091458	-0.091485
298.000000	-0.091689	-0.091674	-0.091235	-0.091519	-0.091404	-0.091626	-0.091519
299.000000	-0.091793	-0.091936	-0.091660	-0.091721	-0.091685	-0.091828	-0.091778
300.000000	-0.092032	-0.092200	-0.092210	-0.092033	-0.092038	-0.092058	-0.092142
301.000000	-0.092417	-0.092464	-0.092549	-0.092359	-0.092293	-0.092259	-0.092364
302.000000	-0.092802	-0.092743	-0.092707	-0.092659	-0.092512	-0.092472	-0.092501
303.000000	-0.092989	-0.093051	-0.092869	-0.092913	-0.092846	-0.092770	-0.092736
304.000000	-0.093015	-0.093297	-0.093035	-0.093084	-0.093180	-0.093072	-0.093023
305.000000	-0.093081	-0.093320	-0.093076	-0.093122	-0.093230	-0.093195	-0.093159
306.000000	-0.093244	-0.093196	-0.093047	-0.093087	-0.093054	-0.093167	-0.093156
307.000000	-0.093409	-0.093244	-0.093183	-0.093145	-0.093073	-0.093240	-0.093243
308.000000	-0.093511	-0.093539	-0.093492	-0.093331	-0.093406	-0.093465	-0.093468
309.000000	-0.093540	-0.093771	-0.093615	-0.093473	-0.093699	-0.093583	-0.093583
310.000000	-0.093522	-0.093754	-0.093404	-0.093478	-0.093723	-0.093452	-0.093461
311.000000	-0.093558	-0.093675	-0.093268	-0.093473	-0.093632	-0.093259	-0.093302
312.000000	-0.093692	-0.093693	-0.093507	-0.093557	-0.093584	-0.093179	-0.093291
313.000000	-0.093752	-0.093708	-0.093777	-0.093621	-0.093578	-0.093195	-0.093396
314.000000	-0.093577	-0.093599	-0.093692	-0.093537	-0.093569	-0.093250	-0.093533
315.000000	-0.093332	-0.093421	-0.093402	-0.093346	-0.093501	-0.093291	-0.093603
316.000000	-0.093260	-0.093284	-0.093206	-0.093141	-0.093325	-0.093272	-0.093520
317.000000	-0.093327	-0.093221	-0.093138	-0.093027	-0.093127	-0.093202	-0.093358
318.000000	-0.093367	-0.093225	-0.093098	-0.093102	-0.093051	-0.093121	-0.093268
319.000000	-0.093349	-0.093268	-0.093077	-0.093301	-0.093101	-0.093079	-0.093274
320.000000	-0.093345	-0.093306	-0.093135	-0.093430	-0.093177	-0.093136	-0.093305
321.000000	-0.093345	-0.093295	-0.093247	-0.093398	-0.093209	-0.093238	-0.093298
322.000000	-0.093247	-0.093201	-0.093295	-0.093228	-0.093166	-0.093208	-0.093197
323.000000	-0.093058	-0.093048	-0.093228	-0.093018	-0.093069	-0.093021	-0.093021
324.000000	-0.092964	-0.092959	-0.093113	-0.092978	-0.093019	-0.092904	-0.092897
325.000000	-0.093068	-0.093006	-0.093018	-0.093183	-0.093074	-0.092988	-0.092919
326.000000	-0.093226	-0.093107	-0.092988	-0.093342	-0.093166	-0.093107	-0.093050
327.000000	-0.093285	-0.093164	-0.093034	-0.093210	-0.093213	-0.093096	-0.093210
328.000000	-0.093211	-0.093091	-0.093070	-0.092920	-0.093149	-0.092967	-0.093214
329.000000	-0.093004	-0.092828	-0.092996	-0.092665	-0.092932	-0.092764	-0.092904
330.000000	-0.092688	-0.092442	-0.092752	-0.092453	-0.092615	-0.092486	-0.092446
331.000000	-0.092309	-0.092055	-0.092322	-0.092236	-0.092289	-0.092135	-0.092098
332.000000	-0.092046	-0.091831	-0.091915	-0.092063	-0.092064	-0.091896	-0.091959
333.000000	-0.092120	-0.091942	-0.091841	-0.092028	-0.092046	-0.092024	-0.092023
334.000000	-0.092376	-0.092223	-0.091999	-0.092059	-0.092121	-0.092299	-0.092152
335.000000	-0.092360	-0.092249	-0.091966	-0.091954	-0.092004	-0.092137	-0.092104
336.000000	-0.091975	-0.091871	-0.091621	-0.091638	-0.091633	-0.091489	-0.091791
337.000000	-0.091550	-0.091275	-0.091216	-0.091184	-0.091208	-0.090948	-0.091306
338.000000	-0.091275	-0.090681	-0.090922	-0.090712	-0.090878	-0.090788	-0.090781
339.000000	-0.091054	-0.090335	-0.090736	-0.090397	-0.090668	-0.090658	-0.090383
340.000000	-0.090787	-0.090335	-0.090614	-0.090316	-0.090550	-0.090331	-0.090205
341.000000	-0.090453	-0.090387	-0.090452	-0.090257	-0.090387	-0.090062	-0.090127
342.000000	-0.090069	-0.090218	-0.090167	-0.090037	-0.090076	-0.090059	-0.090009
343.000000	-0.089761	-0.089907	-0.089791	-0.089765	-0.089716	-0.090021	-0.089778
344.000000	-0.089648	-0.089599	-0.089394	-0.089592	-0.089442	-0.089614	-0.089405
345.000000	-0.089625	-0.089317	-0.089098	-0.089468	-0.089271	-0.089130	-0.089016
346.000000	-0.089515	-0.089042	-0.089021	-0.089272	-0.089170	-0.089036	-0.088783
347.000000	-0.089306	-0.088804	-0.089047	-0.088988	-0.089053	-0.089160	-0.088692
348.000000	-0.089080	-0.088655	-0.088937	-0.088658	-0.088808	-0.088991	-0.088626
349.000000	-0.088864	-0.088568	-0.088712	-0.088350	-0.088484	-0.088520	-0.088548
350.000000	-0.088646	-0.088445	-0.088604	-0.088150	-0.088262	-0.088164	-0.088480
351.000000	-0.088415	-0.088245	-0.088597	-0.088030	-0.088165	-0.088060	-0.088372
352.000000	-0.088169	-0.088000	-0.088353	-0.087828	-0.088011	-0.087979	-0.088073
353.000000	-0.087932	-0.087763	-0.087798	-0.087506	-0.087733	-0.087782	-0.087586
354.000000	-0.087772	-0.087610	-0.087375	-0.087280	-0.087491	-0.087537	-0.087211
355.000000	-0.087687	-0.087546	-0.087338	-0.087261	-0.087365	-0.087297	-0.087111
356.000000	-0.087474	-0.087368	-0.087261	-0.087206	-0.087157	-0.086998	-0.086996
357.000000	-0.086992	-0.086925	-0.086765	-0.086894	-0.086706	-0.086594	-0.086596
358.000000	-0.086496	-0.086446	-0.086154	-0.086455	-0.086236	-0.086186	-0.086057
359.000000	-0.086287	-0.086204	-0.085847	-0.086093	-0.086016	-0.085897	-0.085615
360.000000	-0.086257	-0.086119	-0.085819	-0.085873	-0.085958	-0.085752	-0.085391
361.000000	-0.086155	-0.085984	-0.085871	-0.085797	-0.085847	-0.085723	-0.085434
362.000000	-0.085945	-0.085780	-0.085853	-0.085773	-0.085643	-0.085674	-0.085551
363.000000	-0.085720	-0.085595	-0.085657	-0.085658	-0.085411	-0.085408	-0.085422
364.000000	-0.085500	-0.085446	-0.085331	-0.085403	-0.085184	-0.084977	-0.085055
365.000000	-0.085244	-0.085284	-0.085060	-0.085053	-0.084962	-0.084637	-0.084752
366.000000	-0.084979	-0.085106	-0.084931	-0.084718	-0.084761	-0.084519	-0.084647
367.000000	-0.084828	-0.084978	-0.084899	-0.084592	-0.084615	-0.084569	-0.084651
368.000000	-0.084822	-0.084919	-0.084902	-0.084703	-0.084528	-0.084687	-0.084666
369.000000	-0.084812	-0.084862	-0.084861	-0.084760	-0.084443	-0.084706	-0.084595
370.000000	-0.084704	-0.084770	-0.084745	-0.084574	-0.084343	-0.084540	-0.084416
371.000000	-0.084618	-0.084723	-0.084670	-0.084356	-0.084348	-0.084355	-0.084298
372.000000	-0.084657	-0.084770	-0.084721	-0.084315	-0.084534	-0.084308	-0.084377
373.000000	-0.084694	-0.084723	-0.084713	-0.084357	-0.084685	-0.084311	-0.084471
374.000000	-0.084586	-0.084399	-0.084456	-0.084333	-0.084563	-0.084236	-0.084361
375.000000	-0.084505	-0.084100	-0.084207	-0.084301	-0.084314	-0.084151	-0.084177
376.000000	-0.084718	-0.084274	-0.084363	-0.084393	-0.084224	-0.084196	-0.084167
377.000000	-0.085081	-0.084771	-0.084796	-0.084564	-0.084351	-0.084389	-0.084321
378.000000	-0.085216	-0.085085	-0.085069	-0.084666	-0.084602	-0.084673	-0.084474
379.000000	-0.085086	-0.085075	-0.085041	-0.084686	-0.084832	-0.084906	-0.084540
380.000000	-0.084961	-0.084934	-0.084851	-0.084736	-0.084850	-0.084888	-0.084513
381.000000	-0.085017	-0.084846	-0.084719	-0.084888	-0.084728	-0.084717	-0.084522
382.000000	-0.085285	-0.084963	-0.084959	-0.085161	-0.084875	-0.084894	-0.084865
383.000000	-0.085686	-0.085308	-0.085583	-0.085497	-0.085410	-0.085545	-0.085552
384.000000	-0.085940	-0.085666	-0.086004	-0.085703	-0.085834	-0.086005	-0.086006
385.000000	-0.085892	-0.085861	-0.085849	-0.085677	-0.085803	-0.085835	-0.085861
386.000000	-0.085810	-0.085928	-0.085579	-0.085632	-0.085637	-0.085521	-0.085580
387.000000	-0.085964	-0.085955	-0.085677	-0.085775	-0.085693	-0.085584	-0.085644
388.000000	-0.086262	-0.086090	-0.086059	-0.086033	-0.085960	-0.085944	-0.085958
389.000000	-0.086533	-0.086455	-0.086490	-0.086272	-0.086318	-0.086358	-0.086280
390.000000	-0.086726	-0.086828	-0.086789	-0.086475	-0.086639	-0.086629	-0.086499
391.000000	-0.086847	-0.086881	-0.086819	-0.086671	-0.086804	-0.086601	-0.086567
392.000000	-0.086950	-0.086716	-0.086698	-0.086867	-0.086838	-0.086421	-0.086551
393.000000	-0.087112	-0.086690	-0.086696	-0.087056	-0.086855	-0.086409	-0.086581
394.000000	-0.087306	-0.086926	-0.086903	-0.087210	-0.086918	-0.086653	-0.086705
395.000000	-0.087403	-0.087320	-0.087238	-0.087291	-0.087040	-0.087019	-0.086893
396.000000	-0.087379	-0.087663	-0.087551	-0.087299	-0.087168	-0.087335	-0.087072
397.000000	-0.087348	-0.087623	-0.087608	-0.087295	-0.087159	-0.087381	-0.087118
398.000000	-0.087381	-0.087167	-0.087362	-0.087322	-0.087009	-0.087129	-0.087020
399.000000	-0.087438	-0.086877	-0.087147	-0.087385	-0.087006	-0.086929	-0.086999
400.000000	-0.087510	-0.087155	-0.087224	-0.087479	-0.087318	-0.087042	-0.087198
401.000000	-0.087722	-0.087663	-0.087505	-0.087570	-0.087672	-0.087342	-0.087456
402.000000	-0.088145	-0.088002	-0.087840	-0.087636	-0.087795	-0.087649	-0.087602
403.000000	-0.088469	-0.088114	-0.088087	-0.087717	-0.087790	-0.087872	-0.087673
404.000000	-0.088363	-0.088047	-0.088134	-0.087857	-0.087840	-0.087961	-0.087748
405.000000	-0.088052	-0.087944	-0.088060	-0.088003	-0.087949	-0.087977	-0.087816
406.000000	-0.087970	-0.087971	-0.088020	-0.088075	-0.088047	-0.088021	-0.087836
407.000000	-0.088147	-0.088123	-0.088083	-0.088113	-0.088121	-0.088109	-0.087880
408.000000	-0.088361	-0.088286	-0.088263	-0.088232	-0.088191	-0.088202	-0.088084
409.000000	-0.088509	-0.088377	-0.088466	-0.088406	-0.088236	-0.088282	-0.088355
410.000000	-0.088597	-0.088342	-0.088506	-0.088477	-0.088199	-0.088346	-0.088392
411.000000	-0.088631	-0.088215	-0.088383	-0.088407	-0.088098	-0.088384	-0.088173
412.000000	-0.088609	-0.088143	-0.088351	-0.088321	-0.088055	-0.088377	-0.088053
413.000000	-0.088545	-0.088202	-0.088511	-0.088299	-0.088133	-0.088348	-0.088199
414.000000	-0.088477	-0.088313	-0.088619	-0.088302	-0.088272	-0.088406	-0.088355
415.000000	-0.088450	-0.088400	-0.088514	-0.088292	-0.088398	-0.088588	-0.088323
416.000000	-0.088513	-0.088432	-0.088390	-0.088261	-0.088433	-0.088691	-0.088219
417.000000	-0.088677	-0.088397	-0.088426	-0.088207	-0.088332	-0.088537	-0.088177
418.000000	-0.088783	-0.088310	-0.088436	-0.088140	-0.088188	-0.088256	-0.088141
419.000000	-0.088661	-0.088198	-0.088194	-0.088074	-0.088119	-0.088043	-0.088032
420.000000	-0.088418	-0.088123	-0.087896	-0.088061	-0.088116	-0.087940	-0.087953
421.000000	-0.088257	-0.088147	-0.087876	-0.088158	-0.088120	-0.087919	-0.088061
422.000000	-0.088170	-0.088197	-0.088040	-0.088262	-0.088099	-0.087916	-0.088204
423.000000	-0.088016	-0.088125	-0.088036	-0.088185	-0.088037	-0.087844	-0.088054
424.000000	-0.087810	-0.087949	-0.087821	-0.087928	-0.087935	-0.087716	-0.087653
425.000000	-0.087705	-0.087836	-0.087637	-0.087668	-0.087815	-0.087636	-0.087380
426.000000	-0.087720	-0.087820	-0.087586	-0.087498	-0.087686	-0.087617	-0.087371
427.000000	-0.087688	-0.087741	-0.087574	-0.087394	-0.087541	-0.087553	-0.087421
428.000000	-0.087533	-0.087536	-0.087527	-0.087324	-0.087381	-0.087401	-0.087386
429.000000	-0.087379	-0.087346	-0.087443	-0.087260	-0.087219	-0.087255	-0.087285
430.000000	-0.087324	-0.087273	-0.087330	-0.087194	-0.087078	-0.087190	-0.087160
431.000000	-0.087324	-0.087237	-0.087210	-0.087176	-0.087000	-0.087177	-0.087061
432.000000	-0.087315	-0.087153	-0.087103	-0.087231	-0.087011	-0.087169	-0.087018
433.000000	-0.087270	-0.087068	-0.087036	-0.087243	-0.087054	-0.087129	-0.086984
434.000000	-0.087176	-0.087045	-0.087028	-0.087088	-0.087056	-0.087033	-0.086902
435.000000	-0.087058	-0.087021	-0.087047	-0.086892	-0.086998	-0.086932	-0.086817
436.000000	-0.086954	-0.086897	-0.087041	-0.086858	-0.086886	-0.086900	-0.086803
437.000000	-0.086864	-0.086732	-0.086979	-0.086900	-0.086760	-0.086884	-0.086778
438.000000	-0.086766	-0.086683	-0.086846	-0.086772	-0.086680	-0.086765	-0.086579
439.000000	-0.086671	-0.086740	-0.086682	-0.086507	-0.086648	-0.086569	-0.086289
440.000000	-0.086618	-0.086748	-0.086576	-0.086388	-0.086617	-0.086449	-0.086207
441.000000	-0.086607	-0.086660	-0.086543	-0.086478	-0.086564	-0.086451	-0.086377
442.000000	-0.086582	-0.086578	-0.086504	-0.086546	-0.086503	-0.086470	-0.086507
443.000000	-0.086524	-0.086560	-0.086420	-0.086471	-0.086443	-0.086435	-0.086433
444.000000	-0.086492	-0.086564	-0.086340	-0.086391	-0.086390	-0.086361	-0.086282
445.000000	-0.086515	-0.086553	-0.086305	-0.086403	-0.086341	-0.086275	-0.086181
446.000000	-0.086519	-0.086519	-0.086305	-0.086424	-0.086283	-0.086211	-0.086162
447.000000	-0.086442	-0.086465	-0.086319	-0.086369	-0.086209	-0.086197	-0.086221
448.000000	-0.086345	-0.086394	-0.086333	-0.086277	-0.086168	-0.086213	-0.086265
449.000000	-0.086304	-0.086307	-0.086325	-0.086209	-0.086205	-0.086227	-0.086194
450.000000	-0.086261	-0.086199	-0.086251	-0.086156	-0.086240	-0.086204	-0.086030
451.000000	-0.086120	-0.086064	-0.086069	-0.086083	-0.086160	-0.086114	-0.085847
452.000000	-0.085937	-0.085950	-0.085866	-0.086001	-0.085996	-0.086004	-0.085706
453.000000	-0.085850	-0.085930	-0.085791	-0.085951	-0.085862	-0.085962	-0.085654
454.000000	-0.085849	-0.085962	-0.085810	-0.085908	-0.085782	-0.085942	-0.085651
455.000000	-0.085795	-0.085907	-0.085728	-0.085796	-0.085703	-0.085792	-0.085577
456.000000	-0.085670	-0.085752	-0.085520	-0.085616	-0.085599	-0.085523	-0.085417
457.000000	-0.085610	-0.085640	-0.085386	-0.085463	-0.085490	-0.085359	-0.085285
458.000000	-0.085664	-0.085625	-0.085416	-0.085387	-0.085391	-0.085380	-0.085243
459.000000	-0.085707	-0.085579	-0.085483	-0.085330	-0.085306	-0.085374	-0.085248
460.000000	-0.085626	-0.085417	-0.085463	-0.085241	-0.085231	-0.085201	-0.085243
461.000000	-0.085396	-0.085211	-0.085303	-0.085095	-0.085141	-0.084980	-0.085164
462.000000	-0.085041	-0.085036	-0.085005	-0.084897	-0.085017	-0.084840	-0.084975
463.000000	-0.084738	-0.084874	-0.084735	-0.084727	-0.084888	-0.084747	-0.084743
464.000000	-0.084661	-0.084696	-0.084667	-0.084668	-0.084792	-0.084646	-0.084558
465.000000	-0.084734	-0.084565	-0.084734	-0.084683	-0.084727	-0.084562	-0.084478
466.000000	-0.084792	-0.084562	-0.084793	-0.084692	-0.084676	-0.084550	-0.084535
467.000000	-0.084791	-0.084614	-0.084793	-0.084685	-0.084643	-0.084582	-0.084651
468.000000	-0.084748	-0.084573	-0.084742	-0.084686	-0.084638	-0.084588	-0.084690
469.000000	-0.084678	-0.084465	-0.084667	-0.084679	-0.084632	-0.084539	-0.084614
470.000000	-0.084588	-0.084464	-0.084607	-0.084615	-0.084566	-0.084442	-0.084466
471.000000	-0.084483	-0.084560	-0.084544	-0.084492	-0.084420	-0.084325	-0.084287
472.000000	-0.084363	-0.084526	-0.084384	-0.084365	-0.084221	-0.084241	-0.084121
473.000000	-0.084247	-0.084293	-0.084134	-0.084277	-0.084027	-0.084205	-0.083997
474.000000	-0.084191	-0.084079	-0.083974	-0.084237	-0.083936	-0.084161	-0.083934
475.000000	-0.084205	-0.084037	-0.084001	-0.084231	-0.083986	-0.084077	-0.083927
476.000000	-0.084181	-0.084068	-0.084044	-0.084181	-0.084045	-0.083998	-0.083930
477.000000	-0.084042	-0.084064	-0.083961	-0.084041	-0.084002	-0.083960	-0.083902
478.000000	-0.083913	-0.084042	-0.083865	-0.083914	-0.083933	-0.083933	-0.083864
479.000000	-0.083928	-0.084036	-0.083894	-0.083908	-0.083929	-0.083878	-0.083845
480.000000	-0.084000	-0.083992	-0.083975	-0.083944	-0.083918	-0.083806	-0.083822
481.000000	-0.083974	-0.083841	-0.083967	-0.083887	-0.083785	-0.083738	-0.083751
482.000000	-0.083803	-0.083617	-0.083840	-0.083710	-0.083556	-0.083626	-0.083587
483.000000	-0.083509	-0.083404	-0.083620	-0.083445	-0.083337	-0.083388	-0.083290
484.000000	-0.083189	-0.083229	-0.083353	-0.083156	-0.083163	-0.083087	-0.082950
485.000000	-0.082999	-0.083076	-0.083092	-0.082931	-0.083021	-0.082890	-0.082750
486.000000	-0.082958	-0.082946	-0.082895	-0.082812	-0.082905	-0.082823	-0.082732
487.000000	-0.082932	-0.082867	-0.082814	-0.082783	-0.082822	-0.082753	-0.082776
488.000000	-0.082870	-0.082847	-0.082849	-0.082822	-0.082775	-0.082648	-0.082796
489.000000	-0.082870	-0.082865	-0.082910	-0.082895	-0.082758	-0.082652	-0.082771
490.000000	-0.082963	-0.082884	-0.082922	-0.082949	-0.082757	-0.082812	-0.082700
491.000000	-0.083001	-0.082837	-0.082857	-0.082897	-0.082738	-0.082900	-0.082614
492.000000	-0.082870	-0.082685	-0.082715	-0.082690	-0.082668	-0.082744	-0.082540
493.000000	-0.082675	-0.082512	-0.082569	-0.082456	-0.082535	-0.082498	-0.082482
494.000000	-0.082542	-0.082406	-0.082483	-0.082327	-0.082340	-0.082352	-0.082433
495.000000	-0.082436	-0.082341	-0.082397	-0.082276	-0.082158	-0.082269	-0.082354
496.000000	-0.082276	-0.082259	-0.082222	-0.082224	-0.082073	-0.082151	-0.082206
497.000000	-0.082098	-0.082148	-0.082012	-0.082142	-0.082033	-0.082012	-0.082038
498.000000	-0.081987	-0.082026	-0.081882	-0.082028	-0.081933	-0.081915	-0.081930
499.000000	-0.081939	-0.081904	-0.081837	-0.081901	-0.081803	-0.081864	-0.081859
500.000000	-0.081889	-0.081787	-0.081805	-0.081796	-0.081769	-0.081817	-0.081730
501.000000	-0.081787	-0.081670	-0.081729	-0.081703	-0.081802	-0.081733	-0.081531
502.000000	-0.081600	-0.081533	-0.081576	-0.081565	-0.081710	-0.081574	-0.081342
503.000000	-0.081366	-0.081385	-0.081369	-0.081381	-0.081447	-0.081370	-0.081222
504.000000	-0.081229	-0.081280	-0.081223	-0.081239	-0.081204	-0.081248	-0.081190
505.000000	-0.081242	-0.081240	-0.081189	-0.081175	-0.081104	-0.081246	-0.081216
506.000000	-0.081244	-0.081210	-0.081176	-0.081102	-0.081092	-0.081186	-0.081170
507.000000	-0.081106	-0.081138	-0.081095	-0.080950	-0.081086	-0.080946	-0.080968
508.000000	-0.080912	-0.081013	-0.080947	-0.080775	-0.081012	-0.080677	-0.080728
509.000000	-0.080770	-0.080840	-0.080754	-0.080648	-0.080820	-0.080544	-0.080576
510.000000	-0.080671	-0.080678	-0.080580	-0.080578	-0.080605	-0.080496	-0.080476
511.000000	-0.080575	-0.080585	-0.080480	-0.080545	-0.080477	-0.080427	-0.080349
512.000000	-0.080442	-0.080496	-0.080377	-0.080460	-0.080373	-0.080287	-0.080192
513.000000	-0.080238	-0.080305	-0.080149	-0.080217	-0.080160	-0.080060	-0.080036
514.000000	-0.080028	-0.080058	-0.079875	-0.079909	-0.079903	-0.079820	-0.079903
515.000000	-0.079935	-0.079900	-0.079755	-0.079755	-0.079787	-0.079700	-0.079809
516.000000	-0.079920	-0.079826	-0.079752	-0.079744	-0.079791	-0.079670	-0.079709
517.000000	-0.079787	-0.079683	-0.079603	-0.079647	-0.079690	-0.079545	-0.079501
518.000000	-0.079500	-0.079434	-0.079272	-0.079388	-0.079429	-0.079293	-0.079197
519.000000	-0.079252	-0.079206	-0.079038	-0.079119	-0.079192	-0.079099	-0.078971
520.000000	-0.079158	-0.079087	-0.079046	-0.078951	-0.079087	-0.079064	-0.078919
521.000000	-0.079145	-0.079057	-0.079120	-0.078892	-0.079036	-0.079088	-0.078958
522.000000	-0.079125	-0.079063	-0.079094	-0.078907	-0.078955	-0.079061	-0.078986
523.000000	-0.079020	-0.078990	-0.078949	-0.078873	-0.078817	-0.078920	-0.078904
524.000000	-0.078793	-0.078760	-0.078713	-0.078701	-0.078620	-0.078645	-0.078658
525.000000	-0.078567	-0.078503	-0.078496	-0.078517	-0.078426	-0.078375	-0.078391
526.000000	-0.078479	-0.078381	-0.078403	-0.078470	-0.078306	-0.078265	-0.078267
527.000000	-0.078450	-0.078345	-0.078359	-0.078449	-0.078239	-0.078246	-0.078226
528.000000	-0.078329	-0.078269	-0.078224	-0.078258	-0.078170	-0.078171	-0.078127
529.000000	-0.078142	-0.078143	-0.078039	-0.077964	-0.078079	-0.078024	-0.077979
530.000000	-0.078018	-0.078024	-0.077941	-0.077780	-0.077970	-0.077866	-0.077881
531.000000	-0.077969	-0.077929	-0.077939	-0.077748	-0.077851	-0.077735	-0.077839
532.000000	-0.077906	-0.077832	-0.077927	-0.077757	-0.077735	-0.077645	-0.077774
533.000000	-0.077790	-0.077713	-0.077840	-0.077717	-0.077622	-0.077584	-0.077661
534.000000	-0.077646	-0.077566	-0.077670	-0.077568	-0.077497	-0.077508	-0.077540
535.000000	-0.077503	-0.077405	-0.077447	-0.077334	-0.077367	-0.077368	-0.077421
536.000000	-0.077388	-0.077290	-0.077270	-0.077177	-0.077281	-0.077105	-0.077246
537.000000	-0.077277	-0.077212	-0.077165	-0.077153	-0.077220	-0.076801	-0.077020
538.000000	-0.077020	-0.076983	-0.076946	-0.076983	-0.076971	-0.076923	-0.076934
539.000000	-0.076611	-0.076566	-0.076570	-0.076551	-0.076492	-0.077547	-0.077047
540.000000	-0.076724	-0.076664	-0.076699	-0.076608	-0.076555	-0.076961	-0.076777
541.000000	-0.077745	-0.077701	-0.077723	-0.077644	-0.077643	-0.074117	-0.075751
542.000000	-0.077315	-0.077292	-0.077306	-0.077269	-0.077321	-0.074662	-0.075823
543.000000	-0.073083	-0.073043	-0.073122	-0.073057	-0.073110	-0.084252	-0.078862
544.000000	-0.072381	-0.072318	-0.072481	-0.072342	-0.072379	-0.085169	-0.079091
545.000000	-0.085789	-0.085763	-0.085911	-0.085738	-0.085823	-0.049367	-0.066850
546.000000	-0.092023	-0.092075	-0.092120	-0.091965	-0.092132	0.013105	-0.037200
547.000000	-0.046835	-0.046918	-0.046874	-0.046751	-0.046916	0.062598	0.010277
548.000000	0.031269	0.031231	0.031300	0.031402	0.031324	0.074556	0.053904
549.000000	0.053271	0.053313	0.053366	0.053452	0.053428	0.042630	0.047829
550.000000	-0.007669	-0.007551	-0.007532	-0.007460	-0.007514	-0.019920	-0.013878
551.000000	-0.071850	-0.071687	-0.071704	-0.071651	-0.071731	-0.069765	-0.070577
552.000000	-0.084863	-0.084705	-0.084745	-0.084709	-0.084762	-0.080926	-0.082718
553.000000	-0.074631	-0.074525	-0.074557	-0.074512	-0.074545	-0.074685	-0.074628
554.000000	-0.071695	-0.071673	-0.071660	-0.071571	-0.071641	-0.072729	-0.072140
555.000000	-0.074411	-0.074442	-0.074381	-0.074263	-0.074388	-0.074402	-0.074243
556.000000	-0.075463	-0.075466	-0.075390	-0.075300	-0.075450	-0.075035	-0.075130
557.000000	-0.074713	-0.074652	-0.074614	-0.074546	-0.074688	-0.074519	-0.074591
558.000000	-0.074170	-0.074076	-0.074128	-0.074000	-0.074113	-0.074109	-0.074103
559.000000	-0.074108	-0.074019	-0.074137	-0.073950	-0.074009	-0.073993	-0.073927
560.000000	-0.074002	-0.073932	-0.073990	-0.073893	-0.073866	-0.073869	-0.073762
561.000000	-0.073859	-0.073810	-0.073737	-0.073806	-0.073713	-0.073772	-0.073657
562.000000	-0.074026	-0.073992	-0.073881	-0.073979	-0.073923	-0.073951	-0.073877
563.000000	-0.074133	-0.074106	-0.074069	-0.074039	-0.074104	-0.074021	-0.074013
564.000000	-0.073133	-0.073100	-0.073122	-0.072989	-0.073136	-0.073004	-0.073009
565.000000	-0.072010	-0.071971	-0.071969	-0.071851	-0.071981	-0.071906	-0.071868
566.000000	-0.074666	-0.074658	-0.074580	-0.074543	-0.074588	-0.074578	-0.074538
567.000000	-0.081418	-0.081480	-0.081320	-0.081368	-0.081313	-0.081310	-0.081349
568.000000	-0.084738	-0.084832	-0.084656	-0.084730	-0.084636	-0.084605	-0.084700
569.000000	-0.079827	-0.079872	-0.079776	-0.079790	-0.079756	-0.079697	-0.079752
570.000000	-0.073105	-0.073097	-0.073077	-0.073032	-0.073059	-0.073011	-0.072995
571.000000	-0.071248	-0.071254	-0.071218	-0.071191	-0.071194	-0.071215	-0.071173
572.000000	-0.072458	-0.072487	-0.072422	-0.072417	-0.072381	-0.072446	-0.072422
573.000000	-0.073023	-0.073006	-0.073001	-0.072932	-0.072936	-0.072937	-0.072951
574.000000	-0.072631	-0.072540	-0.072623	-0.072474	-0.072534	-0.072452	-0.072488
575.000000	-0.072323	-0.072216	-0.072295	-0.072171	-0.072193	-0.072149	-0.072161
576.000000	-0.072279	-0.072197	-0.072209	-0.072184	-0.072113	-0.072179	-0.072143
577.000000	-0.072169	-0.072083	-0.072074	-0.072097	-0.072007	-0.072095	-0.072039
578.000000	-0.071989	-0.071875	-0.071905	-0.071894	-0.071868	-0.071875	-0.071840
579.000000	-0.072013	-0.071922	-0.071978	-0.071897	-0.071935	-0.071871	-0.071865
580.000000	-0.072049	-0.072030	-0.072070	-0.071932	-0.071989	-0.071921	-0.071926
581.000000	-0.071324	-0.071329	-0.071337	-0.071201	-0.071247	-0.071232	-0.071198
582.000000	-0.070338	-0.070288	-0.070270	-0.070201	-0.070219	-0.070279	-0.070168
583.000000	-0.071936	-0.071837	-0.071812	-0.071799	-0.071786	-0.071870	-0.071734
584.000000	-0.075558	-0.075475	-0.075468	-0.075447	-0.075413	-0.075439	-0.075375
585.000000	-0.071159	-0.071105	-0.071132	-0.071060	-0.071025	-0.070998	-0.071007
586.000000	-0.056563	-0.056507	-0.056567	-0.056434	-0.056421	-0.056421	-0.056424
587.000000	-0.066018	-0.065945	-0.065997	-0.065846	-0.065847	-0.065913	-0.065872
588.000000	-0.127976	-0.127904	-0.127877	-0.127788	-0.127766	-0.127875	-0.127816
589.000000	-0.185754	-0.185700	-0.185600	-0.185589	-0.185541	-0.185640	-0.185601
590.000000	-0.163773	-0.163742	-0.163667	-0.163664	-0.163638	-0.163665	-0.163672
591.000000	-0.092742	-0.092715	-0.092712	-0.092676	-0.092690	-0.092636	-0.092677
592.000000	-0.054690	-0.054615	-0.054609	-0.054587	-0.054595	-0.054530	-0.054547
593.000000	-0.061937	-0.061807	-0.061731	-0.061763	-0.061727	-0.061704	-0.061662
594.000000	-0.074514	-0.074405	-0.074300	-0.074351	-0.074301	-0.074284	-0.074222
595.000000	-0.074088	-0.074063	-0.073993	-0.074011	-0.073986	-0.073931	-0.073894
596.000000	-0.067032	-0.067021	-0.066987	-0.066965	-0.066955	-0.066902	-0.066861
597.000000	-0.060038	-0.059944	-0.059911	-0.059866	-0.059838	-0.059849	-0.059758
598.000000	-0.058395	-0.058261	-0.058212	-0.058136	-0.058088	-0.058150	-0.058038
599.000000	-0.063661	-0.063604	-0.063540	-0.063419	-0.063372	-0.063420	-0.063360
600.000000	-0.069389	-0.069429	-0.069347	-0.069209	-0.069202	-0.069185	-0.069201
601.000000	-0.070366	-0.070427	-0.070330	-0.070229	-0.070290	-0.070196	-0.070258
602.000000	-0.068890	-0.068907	-0.068831	-0.068759	-0.068856	-0.068734	-0.068775
603.000000	-0.068137	-0.068077	-0.068078	-0.067973	-0.068020	-0.067967	-0.067905
604.000000	-0.068100	-0.067989	-0.068050	-0.067885	-0.067875	-0.067905	-0.067759
605.000000	-0.067910	-0.067830	-0.067851	-0.067658	-0.067678	-0.067703	-0.067598
606.000000	-0.067484	-0.067470	-0.067402	-0.067230	-0.067320	-0.067285	-0.067279
607.000000	-0.067077	-0.067081	-0.066974	-0.066871	-0.066967	-0.066901	-0.066913
608.000000	-0.066781	-0.066744	-0.066654	-0.066625	-0.066660	-0.066595	-0.066569
609.000000	-0.066579	-0.066480	-0.066407	-0.066388	-0.066354	-0.066279	-0.066282
610.000000	-0.066379	-0.066244	-0.066174	-0.066106	-0.066036	-0.065931	-0.066023
611.000000	-0.066029	-0.065937	-0.065876	-0.065774	-0.065720	-0.065593	-0.065707
612.000000	-0.065552	-0.065555	-0.065515	-0.065421	-0.065420	-0.065296	-0.065325
613.000000	-0.065210	-0.065226	-0.065200	-0.065120	-0.065151	-0.065048	-0.064967
614.000000	-0.065103	-0.065005	-0.064980	-0.064906	-0.064913	-0.064836	-0.064691
615.000000	-0.064997	-0.064793	-0.064783	-0.064733	-0.064682	-0.064611	-0.064479
616.000000	-0.064738	-0.064530	-0.064561	-0.064560	-0.064450	-0.064357	-0.064309
617.000000	-0.064477	-0.064307	-0.064364	-0.064378	-0.064264	-0.064165	-0.064179
618.000000	-0.064356	-0.064199	-0.064234	-0.064188	-0.064158	-0.064099	-0.064078
619.000000	-0.064258	-0.064111	-0.064113	-0.064013	-0.064054	-0.064049	-0.063967
620.000000	-0.064036	-0.063928	-0.063933	-0.063875	-0.063870	-0.063887	-0.063804
621.000000	-0.063755	-0.063681	-0.063716	-0.063761	-0.063634	-0.063659	-0.063591
622.000000	-0.063544	-0.063450	-0.063513	-0.063647	-0.063414	-0.063464	-0.063349
623.000000	-0.063405	-0.063281	-0.063348	-0.063502	-0.063251	-0.063317	-0.063150
624.000000	-0.063273	-0.063197	-0.063230	-0.063298	-0.063165	-0.063191	-0.063081
625.000000	-0.063140	-0.063165	-0.063131	-0.063062	-0.063114	-0.063058	-0.063100
626.000000	-0.063042	-0.063106	-0.062999	-0.062865	-0.063003	-0.062901	-0.063067
627.000000	-0.062952	-0.062977	-0.062829	-0.062724	-0.062813	-0.062729	-0.062925
628.000000	-0.062777	-0.062775	-0.062664	-0.062597	-0.062602	-0.062582	-0.062716
629.000000	-0.062505	-0.062522	-0.062519	-0.062460	-0.062413	-0.062459	-0.062480
630.000000	-0.062260	-0.062267	-0.062355	-0.062317	-0.062257	-0.062290	-0.062259
631.000000	-0.062109	-0.062045	-0.062147	-0.062160	-0.062120	-0.062044	-0.062068
632.000000	-0.061961	-0.061855	-0.061911	-0.061957	-0.061944	-0.061790	-0.061867
633.000000	-0.061744	-0.061687	-0.061672	-0.061699	-0.061696	-0.061592	-0.061628
634.000000	-0.061523	-0.061535	-0.061461	-0.061461	-0.061448	-0.061442	-0.061387
635.000000	-0.061370	-0.061396	-0.061306	-0.061316	-0.061273	-0.061324	-0.061188
636.000000	-0.061270	-0.061274	-0.061215	-0.061202	-0.061161	-0.061224	-0.061053
637.000000	-0.061177	-0.061171	-0.061183	-0.061038	-0.061079	-0.061130	-0.060990
638.000000	-0.061050	-0.061049	-0.061112	-0.060857	-0.060987	-0.061004	-0.060934
639.000000	-0.060858	-0.060856	-0.060885	-0.060733	-0.060851	-0.060807	-0.060799
640.000000	-0.060655	-0.060630	-0.060584	-0.060643	-0.060682	-0.060580	-0.060599
641.000000	-0.060542	-0.060460	-0.060406	-0.060499	-0.060515	-0.060417	-0.060415
642.000000	-0.060497	-0.060363	-0.060373	-0.060312	-0.060361	-0.060318	-0.060281
643.000000	-0.060382	-0.060285	-0.060346	-0.060182	-0.060208	-0.060198	-0.060190
644.000000	-0.060175	-0.060199	-0.060257	-0.060133	-0.060066	-0.060041	-0.060120
645.000000	-0.060009	-0.060118	-0.060137	-0.060092	-0.059978	-0.059923	-0.060030
646.000000	-0.059953	-0.060046	-0.060027	-0.060017	-0.059954	-0.059883	-0.059913
647.000000	-0.059945	-0.059965	-0.059976	-0.059935	-0.059943	-0.059882	-0.059826
648.000000	-0.059937	-0.059881	-0.060007	-0.059885	-0.059921	-0.059890	-0.059814
649.000000	-0.059959	-0.059863	-0.060071	-0.059911	-0.059943	-0.059927	-0.059879
650.000000	-0.060036	-0.059957	-0.060120	-0.060034	-0.060046	-0.060006	-0.059999
651.000000	-0.060116	-0.060067	-0.060151	-0.060160	-0.060135	-0.060071	-0.060100
652.000000	-0.060132	-0.060074	-0.060156	-0.060179	-0.060096	-0.060057	-0.060102
653.000000	-0.060026	-0.059958	-0.060028	-0.060038	-0.059896	-0.059922	-0.059979
654.000000	-0.059755	-0.059737	-0.059655	-0.059721	-0.059546	-0.059648	-0.059727
655.000000	-0.059405	-0.059454	-0.059198	-0.059344	-0.059180	-0.059305	-0.059405
656.000000	-0.059121	-0.059163	-0.058941	-0.059085	-0.058986	-0.059008	-0.059102
657.000000	-0.058944	-0.058911	-0.058893	-0.058959	-0.058944	-0.058806	-0.058873
658.000000	-0.058839	-0.058741	-0.058853	-0.058864	-0.058887	-0.058695	-0.058752
659.000000	-0.058789	-0.058672	-0.058764	-0.058772	-0.058786	-0.058660	-0.058724
660.000000	-0.058796	-0.058700	-0.058723	-0.058739	-0.058765	-0.058672	-0.058726
661.000000	-0.058831	-0.058781	-0.058753	-0.058760	-0.058840	-0.058697	-0.058710
662.000000	-0.058820	-0.058811	-0.058757	-0.058732	-0.058853	-0.058691	-0.058644
663.000000	-0.058708	-0.058718	-0.058657	-0.058597	-0.058712	-0.058609	-0.058512
664.000000	-0.058493	-0.058511	-0.058439	-0.058411	-0.058497	-0.058404	-0.058321
665.000000	-0.058195	-0.058219	-0.058122	-0.058219	-0.058278	-0.058078	-0.058090
666.000000	-0.057877	-0.057896	-0.057803	-0.058001	-0.058039	-0.057782	-0.057855
667.000000	-0.057597	-0.057590	-0.057564	-0.057729	-0.057749	-0.057634	-0.057640
668.000000	-0.057356	-0.057295	-0.057343	-0.057400	-0.057416	-0.057462	-0.057376
669.000000	-0.057138	-0.056996	-0.057057	-0.057029	-0.057062	-0.057065	-0.056997
670.000000	-0.056939	-0.056725	-0.056776	-0.056729	-0.056761	-0.056630	-0.056635
671.000000	-0.056758	-0.056525	-0.056619	-0.056629	-0.056593	-0.056468	-0.056482
672.000000	-0.056583	-0.056367	-0.056535	-0.056627	-0.056499	-0.056503	-0.056466
673.000000	-0.056391	-0.056181	-0.056380	-0.056494	-0.056341	-0.056435	-0.056369
674.000000	-0.056200	-0.055976	-0.056152	-0.056207	-0.056113	-0.056210	-0.056158
675.000000	-0.056057	-0.055829	-0.055966	-0.055921	-0.055927	-0.055985	-0.055955
676.000000	-0.055967	-0.055755	-0.055864	-0.055730	-0.055834	-0.055839	-0.055815
677.000000	-0.055876	-0.055694	-0.055786	-0.055641	-0.055807	-0.055749	-0.055700
678.000000	-0.055762	-0.055615	-0.055702	-0.055627	-0.055801	-0.055686	-0.055596
679.000000	-0.055664	-0.055555	-0.055629	-0.055614	-0.055736	-0.055629	-0.055538
680.000000	-0.055618	-0.055533	-0.055574	-0.055562	-0.055585	-0.055560	-0.055537
681.000000	-0.055628	-0.055510	-0.055508	-0.055531	-0.055450	-0.055469	-0.055529
682.000000	-0.055679	-0.055459	-0.055416	-0.055566	-0.055425	-0.055368	-0.055469
683.000000	-0.055694	-0.055420	-0.055360	-0.055611	-0.055487	-0.055337	-0.055419
684.000000	-0.055610	-0.055429	-0.055400	-0.055595	-0.055582	-0.055433	-0.055446
685.000000	-0.055491	-0.055425	-0.055451	-0.055515	-0.055605	-0.055528	-0.055489
686.000000	-0.055430	-0.055326	-0.055403	-0.055391	-0.055459	-0.055457	-0.055455
687.000000	-0.055404	-0.055198	-0.055298	-0.055255	-0.055256	-0.055294	-0.055352
688.000000	-0.055342	-0.055163	-0.055246	-0.055143	-0.055193	-0.055217	-0.055236
689.000000	-0.055299	-0.055225	-0.055274	-0.055112	-0.055274	-0.055261	-0.055166
690.000000	-0.055407	-0.055307	-0.055350	-0.055225	-0.055373	-0.055363	-0.055199
691.000000	-0.055602	-0.055368	-0.055408	-0.055404	-0.055405	-0.055440	-0.055297
692.000000	-0.055639	-0.055401	-0.055352	-0.055437	-0.055328	-0.055397	-0.055327
693.000000	-0.055464	-0.055405	-0.055197	-0.055293	-0.055183	-0.055257	-0.055262
694.000000	-0.055300	-0.055382	-0.055114	-0.055194	-0.055118	-0.055210	-0.055222
695.000000	-0.055277	-0.055340	-0.055186	-0.055257	-0.055192	-0.055330	-0.055270
696.000000	-0.055310	-0.055304	-0.055296	-0.055359	-0.055268	-0.055442	-0.055334
697.000000	-0.055330	-0.055297	-0.055348	-0.055401	-0.055257	-0.055414	-0.055358
698.000000	-0.055368	-0.055345	-0.055368	-0.055434	-0.055257	-0.055325	-0.055368
699.000000	-0.055457	-0.055457	-0.055391	-0.055514	-0.055356	-0.055280	-0.055401
700.000000	-0.055560	-0.055581	-0.055393	-0.055608	-0.055471	-0.055345	-0.055486
701.000000	-0.055630	-0.055660	-0.055352	-0.055666	-0.055500	-0.055549	-0.055632
702.000000	-0.055669	-0.055681	-0.055361	-0.055681	-0.055500	-0.055748	-0.055744
703.000000	-0.055701	-0.055655	-0.055531	-0.055658	-0.055571	-0.055760	-0.055705
704.000000	-0.055725	-0.055626	-0.055779	-0.055618	-0.055689	-0.055656	-0.055598
705.000000	-0.055732	-0.055657	-0.055923	-0.055590	-0.055769	-0.055633	-0.055599
706.000000	-0.055755	-0.055743	-0.055939	-0.055602	-0.055771	-0.055706	-0.055699
707.000000	-0.055850	-0.055832	-0.055919	-0.055676	-0.055695	-0.055750	-0.055749
708.000000	-0.055963	-0.055853	-0.055899	-0.055769	-0.055572	-0.055708	-0.055699
709.000000	-0.055915	-0.055720	-0.055852	-0.055771	-0.055474	-0.055602	-0.055615
710.000000	-0.055702	-0.055480	-0.055766	-0.055673	-0.055443	-0.055474	-0.055542
711.000000	-0.055591	-0.055377	-0.055663	-0.055625	-0.055481	-0.055398	-0.055490
712.000000	-0.055701	-0.055516	-0.055555	-0.055684	-0.055557	-0.055401	-0.055460
713.000000	-0.055786	-0.055655	-0.055435	-0.055677	-0.055580	-0.055411	-0.055445
714.000000	-0.055677	-0.055609	-0.055315	-0.055499	-0.055507	-0.055383	-0.055439
715.000000	-0.055586	-0.055513	-0.055280	-0.055359	-0.055470	-0.055393	-0.055435
716.000000	-0.055713	-0.055513	-0.055388	-0.055446	-0.055568	-0.055493	-0.055419
717.000000	-0.055865	-0.055530	-0.055513	-0.055565	-0.055592	-0.055505	-0.055365
718.000000	-0.055781	-0.055435	-0.055492	-0.055464	-0.055311	-0.055238	-0.055249
719.000000	-0.055543	-0.055240	-0.055306	-0.055233	-0.054939	-0.054858	-0.055109
720.000000	-0.055364	-0.055022	-0.055008	-0.055090	-0.054845	-0.054663	-0.055008
721.000000	-0.055361	-0.054945	-0.054810	-0.055121	-0.055024	-0.054732	-0.055015
722.000000	-0.055571	-0.055201	-0.054989	-0.055318	-0.055251	-0.055003	-0.055186
723.000000	-0.055734	-0.055542	-0.055371	-0.055471	-0.055333	-0.055227	-0.055305
724.000000	-0.055357	-0.055374	-0.055419	-0.055219	-0.055114	-0.055018	-0.054945
725.000000	-0.054632	-0.054793	-0.055105	-0.054694	-0.054734	-0.054508	-0.054279
726.000000	-0.054564	-0.054714	-0.055013	-0.054604	-0.054677	-0.054437	-0.054190
727.000000	-0.055416	-0.055364	-0.055333	-0.055115	-0.055053	-0.055006	-0.054874
728.000000	-0.056151	-0.055754	-0.055534	-0.055425	-0.055330	-0.055459	-0.055330
729.000000	-0.056119	-0.055364	-0.055334	-0.055100	-0.055202	-0.055353	-0.054999
730.000000	-0.055886	-0.055058	-0.055198	-0.054772	-0.055055	-0.055195	-0.054632
731.000000	-0.056004	-0.055593	-0.055532	-0.055011	-0.055239	-0.055456	-0.054909
732.000000	-0.056378	-0.056681	-0.056174	-0.055629	-0.055648	-0.056000	-0.055621
