[HEADER]
Format	J&M ASCII Table
Comment	
Date	2/21/2023 4:45:05 AM
Order	Y (evenX)
TechType	UV
NumPoints	483
FirstX	250.00
LastX	732.00
XType	NMetr
YType	Absrb
ZType	Secs
NumSubFile	7
Matrix	Z vs X
[DATA]
	0.000000	5.000128	10.000192	15.000256	20.000383	25.000448	30.000511
250.000000	0.041226	0.041861	0.042455	0.042534	0.043485	0.043732	0.044391
251.000000	0.040166	0.040687	0.041480	0.041501	0.042283	0.042525	0.043092
252.000000	0.039161	0.039672	0.040524	0.040821	0.041212	0.041584	0.041791
253.000000	0.038424	0.038905	0.039624	0.040199	0.040361	0.040852	0.040763
254.000000	0.038048	0.038391	0.038807	0.039384	0.039733	0.040216	0.040168
255.000000	0.037636	0.037817	0.038065	0.038430	0.039015	0.039441	0.039662
256.000000	0.036807	0.036907	0.037381	0.037471	0.037949	0.038366	0.038885
257.000000	0.035863	0.035947	0.036753	0.036673	0.036943	0.037371	0.037998
258.000000	0.035269	0.035359	0.036178	0.036187	0.036536	0.036938	0.037302
259.000000	0.034957	0.035087	0.035633	0.035923	0.036442	0.036835	0.036823
260.000000	0.034596	0.034842	0.035091	0.035677	0.035997	0.036492	0.036448
261.000000	0.034140	0.034544	0.034630	0.035371	0.035256	0.035886	0.036100
262.000000	0.033760	0.034276	0.034402	0.035026	0.034820	0.035403	0.035733
263.000000	0.033490	0.034012	0.034354	0.034625	0.034759	0.035116	0.035326
264.000000	0.033210	0.033605	0.034198	0.034099	0.034528	0.034726	0.034886
265.000000	0.032876	0.033061	0.033819	0.033498	0.033929	0.034134	0.034423
266.000000	0.032593	0.032657	0.033410	0.033074	0.033412	0.033612	0.033953
267.000000	0.032403	0.032535	0.033097	0.032941	0.033255	0.033337	0.033496
268.000000	0.032160	0.032423	0.032751	0.032817	0.033146	0.033146	0.033079
269.000000	0.031742	0.032070	0.032253	0.032449	0.032774	0.032851	0.032710
270.000000	0.031244	0.031565	0.031694	0.031942	0.032210	0.032394	0.032314
271.000000	0.030795	0.031064	0.031200	0.031467	0.031611	0.031771	0.031818
272.000000	0.030389	0.030593	0.030806	0.031028	0.031087	0.031163	0.031292
273.000000	0.029969	0.030130	0.030496	0.030568	0.030710	0.030783	0.030842
274.000000	0.029478	0.029617	0.030090	0.030025	0.030350	0.030474	0.030386
275.000000	0.028865	0.028981	0.029332	0.029346	0.029774	0.029883	0.029743
276.000000	0.028156	0.028268	0.028333	0.028581	0.028956	0.029013	0.028921
277.000000	0.027448	0.027621	0.027510	0.027870	0.028054	0.028167	0.028095
278.000000	0.026791	0.027085	0.027006	0.027268	0.027236	0.027498	0.027378
279.000000	0.026184	0.026576	0.026602	0.026719	0.026672	0.026950	0.026799
280.000000	0.025591	0.026011	0.026119	0.026171	0.026349	0.026449	0.026312
281.000000	0.024927	0.025327	0.025495	0.025585	0.025910	0.025913	0.025741
282.000000	0.024186	0.024525	0.024729	0.024936	0.025132	0.025294	0.025012
283.000000	0.023604	0.023785	0.023960	0.024219	0.024304	0.024646	0.024381
284.000000	0.023354	0.023259	0.023315	0.023457	0.023711	0.024017	0.024056
285.000000	0.023109	0.022840	0.022766	0.022775	0.023218	0.023344	0.023746
286.000000	0.022489	0.022365	0.022251	0.022294	0.022615	0.022561	0.023095
287.000000	0.021661	0.021797	0.021753	0.021912	0.021967	0.021801	0.022282
288.000000	0.021004	0.021164	0.021277	0.021448	0.021443	0.021267	0.021676
289.000000	0.020565	0.020586	0.020879	0.020944	0.021068	0.020949	0.021243
290.000000	0.020184	0.020240	0.020638	0.020576	0.020772	0.020706	0.020703
291.000000	0.019856	0.020123	0.020487	0.020368	0.020508	0.020477	0.020095
292.000000	0.019727	0.020062	0.020229	0.020193	0.020253	0.020280	0.019754
293.000000	0.019728	0.019909	0.019795	0.019946	0.019940	0.020053	0.019702
294.000000	0.019483	0.019561	0.019309	0.019558	0.019446	0.019618	0.019496
295.000000	0.018860	0.019021	0.018872	0.019045	0.018774	0.018950	0.018943
296.000000	0.018280	0.018508	0.018517	0.018589	0.018202	0.018353	0.018438
297.000000	0.018059	0.018197	0.018250	0.018318	0.017941	0.018061	0.018282
298.000000	0.017958	0.018027	0.018032	0.018106	0.017877	0.017952	0.018238
299.000000	0.017703	0.017899	0.017817	0.017810	0.017848	0.017853	0.018022
300.000000	0.017376	0.017749	0.017572	0.017458	0.017748	0.017690	0.017663
301.000000	0.017146	0.017524	0.017274	0.017116	0.017500	0.017429	0.017275
302.000000	0.016935	0.017176	0.016945	0.016776	0.017113	0.017086	0.016931
303.000000	0.016572	0.016670	0.016626	0.016401	0.016642	0.016702	0.016673
304.000000	0.016133	0.016172	0.016354	0.016089	0.016216	0.016363	0.016470
305.000000	0.015857	0.015967	0.016162	0.016021	0.016005	0.016178	0.016237
306.000000	0.015732	0.015991	0.016007	0.016079	0.015922	0.016074	0.015936
307.000000	0.015485	0.015820	0.015777	0.015842	0.015610	0.015796	0.015582
308.000000	0.015059	0.015329	0.015437	0.015243	0.015029	0.015289	0.015235
309.000000	0.014741	0.014871	0.015087	0.014778	0.014635	0.014808	0.015019
310.000000	0.014665	0.014660	0.014797	0.014708	0.014660	0.014524	0.014954
311.000000	0.014555	0.014503	0.014555	0.014663	0.014720	0.014347	0.014817
312.000000	0.014192	0.014225	0.014332	0.014339	0.014493	0.014185	0.014463
313.000000	0.013777	0.013929	0.014092	0.013982	0.014149	0.014072	0.014138
314.000000	0.013547	0.013745	0.013811	0.013871	0.013921	0.014043	0.014087
315.000000	0.013469	0.013647	0.013560	0.013831	0.013775	0.013994	0.014102
316.000000	0.013418	0.013553	0.013421	0.013574	0.013600	0.013790	0.013857
317.000000	0.013274	0.013386	0.013304	0.013182	0.013348	0.013442	0.013406
318.000000	0.012934	0.013079	0.013046	0.012903	0.013012	0.013035	0.012982
319.000000	0.012512	0.012678	0.012693	0.012726	0.012645	0.012647	0.012668
320.000000	0.012274	0.012319	0.012443	0.012443	0.012351	0.012351	0.012434
321.000000	0.012259	0.012060	0.012332	0.012058	0.012179	0.012179	0.012247
322.000000	0.012243	0.011877	0.012216	0.011814	0.012122	0.012121	0.012074
323.000000	0.012052	0.011708	0.011991	0.011803	0.012073	0.012087	0.011870
324.000000	0.011613	0.011434	0.011638	0.011851	0.011768	0.011858	0.011577
325.000000	0.010984	0.011033	0.011180	0.011770	0.011128	0.011357	0.011185
326.000000	0.010505	0.010732	0.010727	0.011399	0.010578	0.010878	0.010803
327.000000	0.010422	0.010685	0.010377	0.010695	0.010460	0.010655	0.010526
328.000000	0.010458	0.010632	0.010156	0.010037	0.010527	0.010484	0.010318
329.000000	0.010289	0.010306	0.010064	0.009812	0.010454	0.010139	0.010138
330.000000	0.010042	0.009958	0.010068	0.009888	0.010283	0.009852	0.010065
331.000000	0.009964	0.009965	0.010112	0.009955	0.010162	0.009960	0.010188
332.000000	0.009915	0.010063	0.010069	0.009851	0.010016	0.010177	0.010249
333.000000	0.009570	0.009680	0.009784	0.009506	0.009668	0.009918	0.009841
334.000000	0.009051	0.008905	0.009338	0.009086	0.009214	0.009293	0.009172
335.000000	0.008832	0.008354	0.008994	0.008933	0.008968	0.008960	0.008938
336.000000	0.008993	0.008317	0.008915	0.009088	0.009041	0.009108	0.009246
337.000000	0.009146	0.008675	0.009138	0.009231	0.009291	0.009350	0.009490
338.000000	0.009065	0.009176	0.009501	0.009199	0.009535	0.009412	0.009374
339.000000	0.008856	0.009382	0.009516	0.009133	0.009529	0.009273	0.009208
340.000000	0.008655	0.009072	0.008974	0.009102	0.009184	0.008987	0.009192
341.000000	0.008578	0.008660	0.008496	0.008906	0.008823	0.008742	0.009069
342.000000	0.008679	0.008537	0.008598	0.008434	0.008723	0.008671	0.008642
343.000000	0.008774	0.008601	0.008844	0.008130	0.008706	0.008630	0.008242
344.000000	0.008660	0.008643	0.008686	0.008428	0.008528	0.008445	0.008246
345.000000	0.008420	0.008564	0.008339	0.008862	0.008265	0.008233	0.008464
346.000000	0.008233	0.008321	0.008267	0.008704	0.008097	0.008196	0.008523
347.000000	0.008128	0.008032	0.008384	0.008139	0.008070	0.008252	0.008393
348.000000	0.008051	0.007894	0.008315	0.007846	0.008148	0.008174	0.008238
349.000000	0.007963	0.007874	0.008039	0.007945	0.008245	0.007977	0.008140
350.000000	0.007840	0.007744	0.007839	0.008080	0.008235	0.007882	0.008109
351.000000	0.007703	0.007505	0.007818	0.008084	0.008119	0.007960	0.008103
352.000000	0.007624	0.007442	0.007852	0.008047	0.008050	0.008087	0.008020
353.000000	0.007617	0.007629	0.007831	0.007984	0.008051	0.008131	0.007829
354.000000	0.007581	0.007719	0.007702	0.007749	0.007892	0.007960	0.007638
355.000000	0.007462	0.007496	0.007485	0.007318	0.007490	0.007561	0.007533
356.000000	0.007372	0.007243	0.007371	0.007044	0.007240	0.007243	0.007503
357.000000	0.007403	0.007227	0.007505	0.007212	0.007454	0.007268	0.007516
358.000000	0.007447	0.007310	0.007687	0.007536	0.007749	0.007476	0.007515
359.000000	0.007369	0.007282	0.007672	0.007633	0.007650	0.007620	0.007449
360.000000	0.007188	0.007162	0.007501	0.007503	0.007291	0.007607	0.007345
361.000000	0.006990	0.007060	0.007320	0.007293	0.007030	0.007418	0.007258
362.000000	0.006874	0.007010	0.007208	0.007114	0.006944	0.007187	0.007232
363.000000	0.006939	0.007004	0.007199	0.007043	0.006950	0.007123	0.007305
364.000000	0.007117	0.007032	0.007267	0.007058	0.007005	0.007235	0.007414
365.000000	0.007191	0.007084	0.007332	0.007048	0.007109	0.007345	0.007417
366.000000	0.007081	0.007096	0.007311	0.006964	0.007204	0.007343	0.007275
367.000000	0.006887	0.006938	0.007123	0.006844	0.007159	0.007204	0.007077
368.000000	0.006707	0.006632	0.006803	0.006732	0.006955	0.006958	0.006894
369.000000	0.006615	0.006495	0.006613	0.006682	0.006804	0.006726	0.006729
370.000000	0.006622	0.006689	0.006693	0.006706	0.006830	0.006592	0.006600
371.000000	0.006579	0.006839	0.006773	0.006708	0.006840	0.006512	0.006573
372.000000	0.006369	0.006610	0.006610	0.006612	0.006663	0.006429	0.006679
373.000000	0.006146	0.006289	0.006406	0.006527	0.006473	0.006340	0.006738
374.000000	0.006099	0.006252	0.006431	0.006571	0.006481	0.006256	0.006563
375.000000	0.006158	0.006365	0.006563	0.006609	0.006535	0.006227	0.006297
376.000000	0.006159	0.006309	0.006537	0.006427	0.006359	0.006302	0.006196
377.000000	0.006065	0.006095	0.006331	0.006113	0.006009	0.006374	0.006218
378.000000	0.005920	0.005928	0.006071	0.005935	0.005743	0.006248	0.006155
379.000000	0.005813	0.005882	0.005871	0.005937	0.005659	0.005988	0.006031
380.000000	0.005863	0.005901	0.005823	0.005963	0.005710	0.005882	0.006086
381.000000	0.005986	0.005887	0.005858	0.005880	0.005771	0.005932	0.006262
382.000000	0.005824	0.005695	0.005691	0.005604	0.005630	0.005750	0.006100
383.000000	0.005307	0.005333	0.005261	0.005206	0.005252	0.005236	0.005488
384.000000	0.004967	0.005116	0.004965	0.005057	0.004961	0.004893	0.005028
385.000000	0.005135	0.005238	0.005068	0.005351	0.004983	0.005056	0.005138
386.000000	0.005366	0.005437	0.005289	0.005656	0.005143	0.005360	0.005433
387.000000	0.005223	0.005433	0.005322	0.005548	0.005235	0.005406	0.005479
388.000000	0.004956	0.005260	0.005183	0.005155	0.005230	0.005202	0.005275
389.000000	0.004937	0.005037	0.004976	0.004749	0.005150	0.004880	0.004951
390.000000	0.005038	0.004857	0.004792	0.004533	0.005017	0.004633	0.004704
391.000000	0.004949	0.004796	0.004704	0.004653	0.004857	0.004652	0.004727
392.000000	0.004741	0.004822	0.004724	0.004948	0.004724	0.004839	0.004883
393.000000	0.004709	0.004831	0.004819	0.005080	0.004683	0.004922	0.004846
394.000000	0.004849	0.004767	0.004905	0.004961	0.004702	0.004837	0.004628
395.000000	0.004884	0.004621	0.004857	0.004741	0.004655	0.004714	0.004554
396.000000	0.004752	0.004472	0.004674	0.004584	0.004569	0.004673	0.004708
397.000000	0.004688	0.004516	0.004521	0.004666	0.004670	0.004807	0.004839
398.000000	0.004798	0.004784	0.004499	0.004994	0.004992	0.005085	0.004810
399.000000	0.004893	0.004963	0.004557	0.005243	0.005162	0.005233	0.004751
400.000000	0.004827	0.004842	0.004623	0.005181	0.004929	0.005059	0.004760
401.000000	0.004689	0.004623	0.004619	0.004962	0.004562	0.004700	0.004753
402.000000	0.004595	0.004532	0.004502	0.004773	0.004364	0.004344	0.004645
403.000000	0.004590	0.004533	0.004405	0.004626	0.004379	0.004147	0.004494
404.000000	0.004684	0.004535	0.004472	0.004500	0.004557	0.004218	0.004390
405.000000	0.004759	0.004543	0.004600	0.004465	0.004694	0.004430	0.004358
406.000000	0.004657	0.004598	0.004594	0.004608	0.004551	0.004567	0.004389
407.000000	0.004418	0.004639	0.004422	0.004762	0.004234	0.004578	0.004431
408.000000	0.004205	0.004554	0.004164	0.004618	0.004057	0.004521	0.004407
409.000000	0.004126	0.004396	0.003973	0.004252	0.004098	0.004447	0.004327
410.000000	0.004235	0.004365	0.004069	0.004099	0.004213	0.004398	0.004282
411.000000	0.004454	0.004468	0.004410	0.004272	0.004294	0.004381	0.004310
412.000000	0.004524	0.004444	0.004606	0.004439	0.004289	0.004347	0.004376
413.000000	0.004348	0.004196	0.004472	0.004412	0.004208	0.004280	0.004429
414.000000	0.004165	0.004000	0.004274	0.004340	0.004180	0.004229	0.004390
415.000000	0.004161	0.004044	0.004228	0.004348	0.004274	0.004224	0.004248
416.000000	0.004247	0.004142	0.004250	0.004358	0.004357	0.004200	0.004194
417.000000	0.004310	0.004104	0.004238	0.004285	0.004311	0.004116	0.004373
418.000000	0.004362	0.004026	0.004257	0.004149	0.004266	0.004103	0.004565
419.000000	0.004429	0.004055	0.004393	0.004007	0.004378	0.004291	0.004502
420.000000	0.004385	0.004149	0.004510	0.003932	0.004506	0.004492	0.004283
421.000000	0.004076	0.004194	0.004409	0.003992	0.004411	0.004418	0.004144
422.000000	0.003700	0.004176	0.004164	0.004120	0.004163	0.004161	0.004118
423.000000	0.003662	0.004145	0.004016	0.004171	0.004022	0.004038	0.004108
424.000000	0.003948	0.004109	0.004013	0.004118	0.004068	0.004104	0.004097
425.000000	0.004166	0.004034	0.004026	0.004042	0.004222	0.004169	0.004137
426.000000	0.004167	0.003925	0.003997	0.004004	0.004379	0.004166	0.004221
427.000000	0.004142	0.003842	0.003976	0.004033	0.004413	0.004196	0.004262
428.000000	0.004181	0.003814	0.003996	0.004113	0.004279	0.004288	0.004216
429.000000	0.004137	0.003806	0.004042	0.004150	0.004095	0.004296	0.004144
430.000000	0.003933	0.003789	0.004086	0.004081	0.003966	0.004137	0.004095
431.000000	0.003770	0.003769	0.004062	0.003955	0.003914	0.003955	0.004061
432.000000	0.003819	0.003753	0.003934	0.003834	0.003928	0.003895	0.004023
433.000000	0.003896	0.003725	0.003800	0.003758	0.003908	0.003920	0.003972
434.000000	0.003769	0.003668	0.003776	0.003751	0.003761	0.003946	0.003903
435.000000	0.003563	0.003606	0.003818	0.003784	0.003608	0.003921	0.003821
436.000000	0.003525	0.003579	0.003828	0.003807	0.003636	0.003812	0.003741
437.000000	0.003628	0.003605	0.003804	0.003791	0.003782	0.003690	0.003711
438.000000	0.003678	0.003683	0.003802	0.003719	0.003841	0.003684	0.003792
439.000000	0.003631	0.003767	0.003808	0.003616	0.003773	0.003776	0.003907
440.000000	0.003581	0.003772	0.003748	0.003541	0.003696	0.003817	0.003861
441.000000	0.003555	0.003684	0.003621	0.003515	0.003660	0.003748	0.003644
442.000000	0.003488	0.003581	0.003529	0.003514	0.003623	0.003636	0.003494
443.000000	0.003365	0.003515	0.003528	0.003516	0.003563	0.003538	0.003524
444.000000	0.003271	0.003482	0.003581	0.003513	0.003509	0.003480	0.003574
445.000000	0.003262	0.003474	0.003636	0.003498	0.003483	0.003476	0.003526
446.000000	0.003283	0.003486	0.003634	0.003459	0.003487	0.003515	0.003459
447.000000	0.003274	0.003507	0.003538	0.003392	0.003506	0.003572	0.003455
448.000000	0.003254	0.003471	0.003414	0.003320	0.003493	0.003579	0.003460
449.000000	0.003256	0.003327	0.003337	0.003273	0.003404	0.003477	0.003399
450.000000	0.003266	0.003192	0.003286	0.003262	0.003308	0.003347	0.003347
451.000000	0.003253	0.003223	0.003206	0.003287	0.003302	0.003314	0.003412
452.000000	0.003191	0.003333	0.003127	0.003315	0.003330	0.003331	0.003486
453.000000	0.003064	0.003293	0.003125	0.003296	0.003254	0.003255	0.003343
454.000000	0.002941	0.003118	0.003176	0.003249	0.003112	0.003115	0.003057
455.000000	0.002963	0.003029	0.003170	0.003256	0.003084	0.003078	0.002957
456.000000	0.003101	0.003071	0.003094	0.003308	0.003184	0.003145	0.003115
457.000000	0.003113	0.003061	0.003047	0.003285	0.003208	0.003100	0.003280
458.000000	0.002904	0.002923	0.003055	0.003138	0.003063	0.002872	0.003284
459.000000	0.002677	0.002804	0.002994	0.002961	0.002876	0.002687	0.003158
460.000000	0.002600	0.002813	0.002810	0.002846	0.002774	0.002710	0.002974
461.000000	0.002667	0.002892	0.002696	0.002836	0.002808	0.002863	0.002865
462.000000	0.002826	0.002969	0.002805	0.002939	0.002973	0.003039	0.002922
463.000000	0.002963	0.003003	0.002962	0.003050	0.003088	0.003162	0.003023
464.000000	0.002970	0.002970	0.002955	0.003052	0.002974	0.003173	0.003016
465.000000	0.002857	0.002875	0.002840	0.002942	0.002749	0.003062	0.002924
466.000000	0.002683	0.002738	0.002768	0.002763	0.002630	0.002843	0.002830
467.000000	0.002527	0.002609	0.002750	0.002618	0.002624	0.002625	0.002736
468.000000	0.002469	0.002547	0.002722	0.002632	0.002626	0.002559	0.002602
469.000000	0.002481	0.002528	0.002661	0.002729	0.002603	0.002608	0.002441
470.000000	0.002443	0.002460	0.002575	0.002673	0.002574	0.002586	0.002307
471.000000	0.002352	0.002353	0.002487	0.002450	0.002549	0.002467	0.002249
472.000000	0.002342	0.002344	0.002432	0.002312	0.002518	0.002416	0.002299
473.000000	0.002448	0.002468	0.002417	0.002369	0.002484	0.002489	0.002430
474.000000	0.002509	0.002574	0.002389	0.002462	0.002485	0.002536	0.002513
475.000000	0.002431	0.002558	0.002328	0.002475	0.002530	0.002474	0.002478
476.000000	0.002340	0.002479	0.002313	0.002481	0.002564	0.002453	0.002424
477.000000	0.002347	0.002410	0.002391	0.002535	0.002536	0.002578	0.002442
478.000000	0.002385	0.002363	0.002423	0.002535	0.002454	0.002644	0.002470
479.000000	0.002359	0.002336	0.002268	0.002376	0.002344	0.002444	0.002428
480.000000	0.002278	0.002313	0.002068	0.002195	0.002261	0.002197	0.002367
481.000000	0.002185	0.002281	0.002037	0.002189	0.002262	0.002232	0.002371
482.000000	0.002142	0.002257	0.002165	0.002313	0.002329	0.002438	0.002435
483.000000	0.002207	0.002273	0.002323	0.002405	0.002406	0.002492	0.002507
484.000000	0.002316	0.002307	0.002433	0.002427	0.002464	0.002382	0.002535
485.000000	0.002308	0.002295	0.002462	0.002449	0.002498	0.002332	0.002465
486.000000	0.002176	0.002241	0.002418	0.002484	0.002506	0.002394	0.002340
487.000000	0.002084	0.002228	0.002351	0.002492	0.002486	0.002413	0.002303
488.000000	0.002107	0.002275	0.002294	0.002451	0.002436	0.002328	0.002366
489.000000	0.002154	0.002294	0.002237	0.002383	0.002355	0.002236	0.002321
490.000000	0.002156	0.002233	0.002182	0.002314	0.002256	0.002206	0.002080
491.000000	0.002117	0.002141	0.002169	0.002266	0.002192	0.002192	0.001894
492.000000	0.002057	0.002069	0.002213	0.002253	0.002189	0.002156	0.001963
493.000000	0.001999	0.002022	0.002220	0.002241	0.002172	0.002139	0.002128
494.000000	0.001970	0.001996	0.002109	0.002198	0.002070	0.002182	0.002190
495.000000	0.002006	0.001998	0.001991	0.002154	0.001983	0.002222	0.002160
496.000000	0.002129	0.002038	0.002013	0.002147	0.002037	0.002174	0.002115
497.000000	0.002224	0.002087	0.002094	0.002140	0.002150	0.002067	0.002083
498.000000	0.002127	0.002102	0.002051	0.002066	0.002147	0.001981	0.002068
499.000000	0.001894	0.002054	0.001911	0.001959	0.002042	0.001930	0.002056
500.000000	0.001741	0.001926	0.001853	0.001931	0.001984	0.001884	0.002025
501.000000	0.001735	0.001794	0.001913	0.001977	0.002010	0.001863	0.001996
502.000000	0.001783	0.001828	0.001985	0.001974	0.002036	0.001941	0.002034
503.000000	0.001820	0.002023	0.002000	0.001892	0.002015	0.002083	0.002122
504.000000	0.001824	0.002098	0.001967	0.001849	0.001966	0.002086	0.002110
505.000000	0.001795	0.001926	0.001904	0.001902	0.001913	0.001879	0.001947
506.000000	0.001759	0.001756	0.001842	0.001951	0.001887	0.001715	0.001821
507.000000	0.001739	0.001790	0.001808	0.001918	0.001904	0.001787	0.001874
508.000000	0.001738	0.001898	0.001800	0.001882	0.001942	0.001954	0.001980
509.000000	0.001752	0.001914	0.001807	0.001922	0.001971	0.002038	0.001995
510.000000	0.001760	0.001841	0.001790	0.001962	0.001981	0.002002	0.001935
511.000000	0.001746	0.001738	0.001719	0.001907	0.001965	0.001868	0.001868
512.000000	0.001735	0.001689	0.001671	0.001836	0.001931	0.001749	0.001856
513.000000	0.001767	0.001773	0.001752	0.001896	0.001889	0.001785	0.001954
514.000000	0.001821	0.001915	0.001888	0.002007	0.001850	0.001906	0.002073
515.000000	0.001837	0.001943	0.001885	0.001946	0.001826	0.001909	0.002043
516.000000	0.001811	0.001849	0.001761	0.001748	0.001823	0.001791	0.001878
517.000000	0.001791	0.001783	0.001735	0.001697	0.001843	0.001737	0.001776
518.000000	0.001798	0.001807	0.001863	0.001863	0.001878	0.001811	0.001810
519.000000	0.001811	0.001854	0.001967	0.002012	0.001904	0.001896	0.001875
520.000000	0.001803	0.001868	0.001929	0.001993	0.001899	0.001901	0.001894
521.000000	0.001737	0.001830	0.001783	0.001856	0.001847	0.001804	0.001868
522.000000	0.001613	0.001750	0.001601	0.001689	0.001757	0.001639	0.001816
523.000000	0.001548	0.001705	0.001513	0.001618	0.001706	0.001565	0.001776
524.000000	0.001633	0.001753	0.001612	0.001717	0.001752	0.001703	0.001778
525.000000	0.001752	0.001800	0.001764	0.001828	0.001812	0.001883	0.001796
526.000000	0.001761	0.001739	0.001801	0.001765	0.001789	0.001895	0.001794
527.000000	0.001701	0.001638	0.001762	0.001628	0.001748	0.001806	0.001776
528.000000	0.001681	0.001627	0.001759	0.001617	0.001811	0.001785	0.001761
529.000000	0.001688	0.001688	0.001788	0.001716	0.001925	0.001835	0.001757
530.000000	0.001640	0.001716	0.001773	0.001784	0.001942	0.001861	0.001762
531.000000	0.001554	0.001683	0.001697	0.001773	0.001834	0.001824	0.001772
532.000000	0.001528	0.001630	0.001591	0.001724	0.001684	0.001736	0.001780
533.000000	0.001575	0.001589	0.001512	0.001676	0.001567	0.001637	0.001778
534.000000	0.001593	0.001585	0.001545	0.001659	0.001540	0.001595	0.001759
535.000000	0.001543	0.001620	0.001688	0.001678	0.001608	0.001637	0.001727
536.000000	0.001516	0.001653	0.001772	0.001696	0.001669	0.001703	0.001710
537.000000	0.001576	0.001660	0.001700	0.001689	0.001655	0.001750	0.001720
538.000000	0.001673	0.001658	0.001614	0.001688	0.001614	0.001791	0.001732
539.000000	0.001744	0.001664	0.001639	0.001715	0.001599	0.001832	0.001721
540.000000	0.001734	0.001656	0.001670	0.001715	0.001607	0.001820	0.001687
541.000000	0.001615	0.001614	0.001586	0.001638	0.001623	0.001707	0.001639
542.000000	0.001510	0.001587	0.001485	0.001565	0.001651	0.001590	0.001624
543.000000	0.001568	0.001632	0.001524	0.001609	0.001694	0.001601	0.001689
544.000000	0.001695	0.001695	0.001628	0.001707	0.001720	0.001702	0.001764
545.000000	0.001673	0.001667	0.001612	0.001711	0.001679	0.001771	0.001730
546.000000	0.001535	0.001581	0.001521	0.001637	0.001611	0.001775	0.001642
547.000000	0.001503	0.001575	0.001572	0.001625	0.001622	0.001755	0.001691
548.000000	0.001611	0.001667	0.001767	0.001704	0.001717	0.001746	0.001871
549.000000	0.001671	0.001732	0.001859	0.001779	0.001788	0.001777	0.001949
550.000000	0.001608	0.001711	0.001760	0.001792	0.001780	0.001834	0.001841
551.000000	0.001544	0.001659	0.001659	0.001767	0.001739	0.001830	0.001719
552.000000	0.001561	0.001628	0.001679	0.001734	0.001709	0.001731	0.001698
553.000000	0.001604	0.001629	0.001734	0.001719	0.001707	0.001639	0.001706
554.000000	0.001609	0.001651	0.001730	0.001725	0.001728	0.001630	0.001669
555.000000	0.001538	0.001613	0.001663	0.001677	0.001700	0.001621	0.001608
556.000000	0.001396	0.001460	0.001555	0.001524	0.001570	0.001538	0.001564
557.000000	0.001393	0.001374	0.001497	0.001437	0.001474	0.001558	0.001576
558.000000	0.001710	0.001548	0.001575	0.001602	0.001575	0.001851	0.001661
559.000000	0.001800	0.001700	0.001686	0.001727	0.001739	0.001924	0.001691
560.000000	0.000931	0.001395	0.001663	0.001374	0.001717	0.001111	0.001501
561.000000	0.000622	0.001253	0.001636	0.001192	0.001640	0.000792	0.001420
562.000000	0.003661	0.002503	0.001914	0.002463	0.001869	0.003495	0.002058
563.000000	0.005768	0.003399	0.002093	0.003419	0.002032	0.005447	0.002548
564.000000	-0.003971	-0.000606	0.001093	-0.000581	0.001062	-0.003058	0.000633
565.000000	-0.015033	-0.005207	-0.000042	-0.005243	-0.000013	-0.012858	-0.001616
566.000000	0.013878	0.006608	0.002784	0.006557	0.002843	0.012297	0.004089
567.000000	0.086234	0.036312	0.009923	0.036330	0.009961	0.075541	0.018484
568.000000	0.122718	0.051343	0.013547	0.051392	0.013558	0.107496	0.025759
569.000000	0.072699	0.030895	0.008648	0.030863	0.008665	0.063846	0.015816
570.000000	0.003536	0.002541	0.001836	0.002454	0.001878	0.003423	0.002059
571.000000	-0.014693	-0.005005	0.000004	-0.004999	0.000064	-0.012541	-0.001562
572.000000	-0.000865	0.000578	0.001344	0.000721	0.001393	-0.000482	0.001194
573.000000	0.006052	0.003387	0.002068	0.003559	0.002066	0.005605	0.002568
574.000000	0.002792	0.002057	0.001792	0.002177	0.001750	0.002821	0.001903
575.000000	0.000336	0.001031	0.001503	0.001109	0.001496	0.000674	0.001381
576.000000	0.000993	0.001289	0.001490	0.001345	0.001546	0.001197	0.001491
577.000000	0.001832	0.001714	0.001617	0.001727	0.001651	0.001903	0.001696
578.000000	0.001751	0.001772	0.001692	0.001738	0.001656	0.001831	0.001699
579.000000	0.001310	0.001482	0.001495	0.001454	0.001506	0.001416	0.001439
580.000000	0.001128	0.001226	0.001275	0.001260	0.001380	0.001216	0.001236
581.000000	0.001809	0.001797	0.001845	0.001891	0.001735	0.001876	0.001862
582.000000	0.002715	0.002684	0.002721	0.002795	0.002262	0.002786	0.002791
583.000000	0.000990	0.001011	0.001042	0.001097	0.001247	0.001088	0.001135
584.000000	-0.002791	-0.002696	-0.002656	-0.002659	-0.000977	-0.002660	-0.002580
585.000000	0.001466	0.001603	0.001656	0.001613	0.001615	0.001602	0.001708
586.000000	0.015968	0.016080	0.016138	0.016118	0.011526	0.016064	0.016191
587.000000	0.006425	0.006511	0.006567	0.006586	0.014063	0.006508	0.006622
588.000000	-0.055663	-0.055535	-0.055486	-0.055467	-0.004201	-0.055500	-0.055451
589.000000	-0.113573	-0.113393	-0.113327	-0.113354	-0.025048	-0.113313	-0.113336
590.000000	-0.091671	-0.091523	-0.091388	-0.091492	-0.022566	-0.091414	-0.091450
591.000000	-0.020813	-0.020739	-0.020540	-0.020695	-0.004338	-0.020627	-0.020611
592.000000	0.016778	0.016841	0.017002	0.016889	0.005737	0.016930	0.017029
593.000000	0.009271	0.009382	0.009441	0.009433	0.003692	0.009450	0.009609
594.000000	-0.002438	-0.002299	-0.002278	-0.002222	0.000513	-0.002207	-0.002079
595.000000	-0.001404	-0.001283	-0.001218	-0.001163	0.000784	-0.001128	-0.001099
596.000000	0.002193	0.002283	0.002369	0.002422	0.001820	0.002478	0.002465
597.000000	0.002316	0.002390	0.002438	0.002513	0.001981	0.002582	0.002614
598.000000	0.001342	0.001424	0.001470	0.001544	0.001785	0.001625	0.001671
599.000000	0.001242	0.001357	0.001466	0.001504	0.001706	0.001600	0.001574
600.000000	0.001501	0.001652	0.001770	0.001799	0.001706	0.001908	0.001842
601.000000	0.001505	0.001672	0.001672	0.001763	0.001713	0.001869	0.001883
602.000000	0.001397	0.001554	0.001456	0.001610	0.001742	0.001659	0.001818
603.000000	0.001415	0.001535	0.001503	0.001647	0.001814	0.001573	0.001853
604.000000	0.001502	0.001582	0.001680	0.001766	0.001856	0.001637	0.001920
605.000000	0.001531	0.001592	0.001732	0.001764	0.001788	0.001783	0.001894
606.000000	0.001483	0.001551	0.001656	0.001675	0.001685	0.001907	0.001809
607.000000	0.001392	0.001486	0.001557	0.001630	0.001670	0.001895	0.001764
608.000000	0.001309	0.001415	0.001477	0.001619	0.001710	0.001765	0.001766
609.000000	0.001296	0.001354	0.001415	0.001555	0.001671	0.001617	0.001766
610.000000	0.001353	0.001329	0.001390	0.001455	0.001562	0.001537	0.001750
611.000000	0.001421	0.001380	0.001445	0.001437	0.001522	0.001597	0.001739
612.000000	0.001461	0.001487	0.001561	0.001528	0.001593	0.001759	0.001740
613.000000	0.001465	0.001558	0.001640	0.001637	0.001679	0.001839	0.001738
614.000000	0.001441	0.001556	0.001636	0.001696	0.001714	0.001762	0.001730
615.000000	0.001428	0.001562	0.001603	0.001702	0.001699	0.001663	0.001739
616.000000	0.001441	0.001619	0.001582	0.001660	0.001649	0.001641	0.001769
617.000000	0.001417	0.001632	0.001549	0.001583	0.001599	0.001632	0.001764
618.000000	0.001313	0.001525	0.001481	0.001487	0.001577	0.001565	0.001682
619.000000	0.001212	0.001386	0.001399	0.001425	0.001560	0.001469	0.001570
620.000000	0.001208	0.001329	0.001335	0.001440	0.001520	0.001393	0.001492
621.000000	0.001259	0.001356	0.001316	0.001495	0.001469	0.001388	0.001469
622.000000	0.001282	0.001424	0.001357	0.001526	0.001434	0.001492	0.001504
623.000000	0.001279	0.001464	0.001394	0.001517	0.001420	0.001609	0.001533
624.000000	0.001293	0.001398	0.001330	0.001477	0.001419	0.001590	0.001469
625.000000	0.001314	0.001269	0.001207	0.001423	0.001418	0.001457	0.001356
626.000000	0.001289	0.001212	0.001175	0.001373	0.001401	0.001366	0.001335
627.000000	0.001230	0.001251	0.001267	0.001353	0.001370	0.001368	0.001420
628.000000	0.001219	0.001289	0.001389	0.001388	0.001346	0.001393	0.001485
629.000000	0.001265	0.001281	0.001472	0.001465	0.001340	0.001399	0.001468
630.000000	0.001264	0.001274	0.001501	0.001500	0.001344	0.001394	0.001422
631.000000	0.001179	0.001302	0.001477	0.001454	0.001357	0.001393	0.001401
632.000000	0.001143	0.001356	0.001437	0.001403	0.001390	0.001426	0.001445
633.000000	0.001245	0.001418	0.001411	0.001408	0.001439	0.001498	0.001556
634.000000	0.001357	0.001450	0.001397	0.001431	0.001436	0.001539	0.001611
635.000000	0.001343	0.001416	0.001385	0.001423	0.001330	0.001486	0.001502
636.000000	0.001249	0.001311	0.001349	0.001370	0.001220	0.001389	0.001316
637.000000	0.001166	0.001152	0.001268	0.001275	0.001229	0.001322	0.001186
638.000000	0.001131	0.001042	0.001194	0.001185	0.001299	0.001295	0.001155
639.000000	0.001148	0.001106	0.001199	0.001160	0.001300	0.001293	0.001221
640.000000	0.001202	0.001253	0.001253	0.001185	0.001238	0.001284	0.001317
641.000000	0.001263	0.001266	0.001264	0.001198	0.001201	0.001236	0.001336
642.000000	0.001306	0.001147	0.001224	0.001194	0.001223	0.001182	0.001289
643.000000	0.001312	0.001094	0.001203	0.001223	0.001292	0.001216	0.001292
644.000000	0.001286	0.001178	0.001237	0.001297	0.001380	0.001328	0.001369
645.000000	0.001265	0.001297	0.001308	0.001382	0.001447	0.001378	0.001421
646.000000	0.001271	0.001374	0.001390	0.001443	0.001468	0.001322	0.001398
647.000000	0.001294	0.001402	0.001442	0.001454	0.001453	0.001318	0.001361
648.000000	0.001313	0.001381	0.001432	0.001406	0.001412	0.001439	0.001353
649.000000	0.001271	0.001308	0.001363	0.001345	0.001345	0.001493	0.001345
650.000000	0.001139	0.001190	0.001248	0.001308	0.001252	0.001325	0.001307
651.000000	0.000999	0.001071	0.001113	0.001268	0.001146	0.001113	0.001250
652.000000	0.000947	0.001000	0.000994	0.001194	0.001046	0.001070	0.001194
653.000000	0.000985	0.000995	0.000957	0.001122	0.001001	0.001144	0.001164
654.000000	0.001077	0.001056	0.001059	0.001105	0.001056	0.001199	0.001181
655.000000	0.001166	0.001125	0.001213	0.001135	0.001157	0.001206	0.001205
656.000000	0.001189	0.001121	0.001265	0.001177	0.001202	0.001195	0.001175
657.000000	0.001165	0.001076	0.001205	0.001214	0.001194	0.001197	0.001120
658.000000	0.001175	0.001112	0.001130	0.001239	0.001211	0.001237	0.001130
659.000000	0.001221	0.001227	0.001110	0.001256	0.001258	0.001299	0.001203
660.000000	0.001225	0.001298	0.001181	0.001276	0.001259	0.001321	0.001232
661.000000	0.001171	0.001263	0.001305	0.001298	0.001206	0.001284	0.001193
662.000000	0.001153	0.001164	0.001331	0.001301	0.001194	0.001237	0.001198
663.000000	0.001203	0.001058	0.001203	0.001273	0.001261	0.001213	0.001287
664.000000	0.001203	0.001030	0.001082	0.001224	0.001310	0.001209	0.001327
665.000000	0.001075	0.001106	0.001080	0.001164	0.001260	0.001207	0.001227
666.000000	0.000920	0.001145	0.001064	0.001085	0.001149	0.001168	0.001086
667.000000	0.000854	0.001027	0.000916	0.000988	0.001038	0.001068	0.001021
668.000000	0.000879	0.000899	0.000788	0.000918	0.000978	0.000983	0.001032
669.000000	0.000958	0.000938	0.000864	0.000918	0.001003	0.000988	0.001082
670.000000	0.000977	0.001019	0.000988	0.000921	0.001026	0.000993	0.001070
671.000000	0.000813	0.000912	0.000895	0.000826	0.000927	0.000856	0.000891
672.000000	0.000609	0.000713	0.000671	0.000698	0.000764	0.000678	0.000681
673.000000	0.000651	0.000699	0.000601	0.000689	0.000699	0.000693	0.000701
674.000000	0.000895	0.000861	0.000736	0.000810	0.000763	0.000898	0.000919
675.000000	0.001021	0.000949	0.000925	0.000942	0.000874	0.001089	0.001052
676.000000	0.000942	0.000893	0.001052	0.001016	0.000968	0.001157	0.001017
677.000000	0.000861	0.000848	0.001054	0.001019	0.001008	0.001111	0.000981
678.000000	0.000885	0.000891	0.000942	0.000971	0.000989	0.000997	0.001019
679.000000	0.000921	0.000947	0.000844	0.000940	0.000959	0.000911	0.001021
680.000000	0.000899	0.000953	0.000845	0.000957	0.000953	0.000904	0.000925
681.000000	0.000855	0.000921	0.000903	0.000966	0.000967	0.000923	0.000833
682.000000	0.000821	0.000871	0.000950	0.000916	0.000980	0.000908	0.000824
683.000000	0.000742	0.000822	0.000916	0.000827	0.000937	0.000848	0.000822
684.000000	0.000580	0.000789	0.000761	0.000740	0.000803	0.000749	0.000740
685.000000	0.000482	0.000779	0.000629	0.000722	0.000679	0.000659	0.000653
686.000000	0.000613	0.000786	0.000691	0.000827	0.000691	0.000631	0.000671
687.000000	0.000821	0.000767	0.000833	0.000941	0.000772	0.000658	0.000759
688.000000	0.000820	0.000669	0.000822	0.000881	0.000773	0.000704	0.000816
689.000000	0.000634	0.000531	0.000667	0.000694	0.000666	0.000714	0.000786
690.000000	0.000494	0.000451	0.000544	0.000574	0.000514	0.000625	0.000644
691.000000	0.000498	0.000473	0.000534	0.000592	0.000407	0.000501	0.000500
692.000000	0.000610	0.000588	0.000627	0.000697	0.000466	0.000524	0.000581
693.000000	0.000767	0.000740	0.000772	0.000822	0.000674	0.000705	0.000880
694.000000	0.000871	0.000811	0.000869	0.000884	0.000830	0.000816	0.001060
695.000000	0.000878	0.000772	0.000872	0.000862	0.000833	0.000762	0.000961
696.000000	0.000851	0.000761	0.000853	0.000858	0.000804	0.000738	0.000819
697.000000	0.000833	0.000858	0.000863	0.000927	0.000838	0.000867	0.000812
698.000000	0.000781	0.000907	0.000856	0.000957	0.000881	0.000982	0.000831
699.000000	0.000666	0.000780	0.000791	0.000855	0.000870	0.000923	0.000762
700.000000	0.000578	0.000615	0.000714	0.000719	0.000798	0.000777	0.000684
701.000000	0.000609	0.000585	0.000681	0.000671	0.000688	0.000674	0.000702
702.000000	0.000677	0.000642	0.000665	0.000682	0.000624	0.000650	0.000776
703.000000	0.000652	0.000668	0.000616	0.000669	0.000696	0.000693	0.000814
704.000000	0.000540	0.000631	0.000558	0.000610	0.000801	0.000731	0.000782
705.000000	0.000420	0.000553	0.000549	0.000514	0.000745	0.000660	0.000677
706.000000	0.000321	0.000464	0.000551	0.000422	0.000563	0.000503	0.000544
707.000000	0.000235	0.000404	0.000456	0.000394	0.000460	0.000379	0.000456
708.000000	0.000183	0.000385	0.000282	0.000441	0.000499	0.000362	0.000440
709.000000	0.000222	0.000398	0.000176	0.000514	0.000581	0.000480	0.000470
710.000000	0.000333	0.000429	0.000215	0.000567	0.000633	0.000679	0.000531
711.000000	0.000388	0.000467	0.000352	0.000555	0.000628	0.000781	0.000622
712.000000	0.000329	0.000505	0.000534	0.000491	0.000573	0.000724	0.000732
713.000000	0.000270	0.000547	0.000711	0.000513	0.000543	0.000703	0.000820
714.000000	0.000292	0.000579	0.000825	0.000684	0.000587	0.000834	0.000851
715.000000	0.000305	0.000526	0.000787	0.000782	0.000648	0.000873	0.000826
716.000000	0.000229	0.000347	0.000569	0.000624	0.000669	0.000614	0.000764
717.000000	0.000187	0.000203	0.000433	0.000450	0.000685	0.000357	0.000736
718.000000	0.000323	0.000275	0.000651	0.000557	0.000748	0.000469	0.000812
719.000000	0.000495	0.000500	0.000946	0.000805	0.000836	0.000783	0.000941
720.000000	0.000465	0.000704	0.000862	0.000887	0.000885	0.000936	0.001017
721.000000	0.000184	0.000680	0.000457	0.000701	0.000730	0.000843	0.000963
722.000000	-0.000273	0.000230	0.000080	0.000279	0.000177	0.000589	0.000724
723.000000	-0.000641	-0.000389	-0.000089	-0.000149	-0.000427	0.000354	0.000483
724.000000	-0.000519	-0.000552	-0.000027	-0.000201	-0.000308	0.000382	0.000605
725.000000	-0.000098	-0.000263	0.000093	0.000086	0.000429	0.000562	0.000970
726.000000	-0.000263	-0.000281	-0.000125	0.000174	0.000639	0.000369	0.000881
727.000000	-0.001182	-0.000875	-0.000726	-0.000157	-0.000030	-0.000297	0.000194
728.000000	-0.001762	-0.001430	-0.001153	-0.000555	-0.000519	-0.000789	-0.000277
729.000000	-0.001400	-0.001558	-0.001093	-0.000775	-0.000207	-0.000744	-0.000080
730.000000	-0.000939	-0.001585	-0.000947	-0.000960	0.000164	-0.000635	0.000159
731.000000	-0.001143	-0.001832	-0.001083	-0.001253	-0.000091	-0.000893	-0.000128
732.000000	-0.001801	-0.002237	-0.001417	-0.001623	-0.000768	-0.001403	-0.000772
