[HEADER]
Format	J&M ASCII Table
Comment	0.2064 mgL
Date	2/21/2023 3:53:17 AM
Order	Y (evenX)
TechType	UV
NumPoints	483
FirstX	250.00
LastX	732.00
XType	NMetr
YType	Absrb
ZType	Secs
NumSubFile	7
Matrix	Z vs X
[DATA]
	0.000000	5.000064	10.000192	15.000256	20.000320	25.000448	30.000511
250.000000	0.924241	0.923523	0.920689	0.922645	0.921606	0.921772	0.921321
251.000000	0.915179	0.913993	0.911209	0.913345	0.911648	0.912310	0.911802
252.000000	0.904611	0.903560	0.901455	0.901942	0.901058	0.902110	0.902241
253.000000	0.894603	0.894049	0.892937	0.891730	0.891751	0.892903	0.893485
254.000000	0.886783	0.886820	0.886532	0.885088	0.885005	0.885891	0.886068
255.000000	0.880226	0.880771	0.880298	0.879613	0.879058	0.879656	0.879129
256.000000	0.873768	0.874578	0.872422	0.872647	0.872102	0.872753	0.871839
257.000000	0.867963	0.868649	0.865169	0.865792	0.865667	0.866688	0.865232
258.000000	0.863801	0.863891	0.861695	0.861711	0.862065	0.863568	0.860787
259.000000	0.860944	0.860449	0.860851	0.859651	0.860516	0.861981	0.858353
260.000000	0.858396	0.858019	0.859392	0.857203	0.858726	0.858889	0.856914
261.000000	0.855505	0.855567	0.856100	0.853688	0.855746	0.854126	0.855209
262.000000	0.851915	0.851558	0.851346	0.849765	0.851687	0.849715	0.851841
263.000000	0.847823	0.846158	0.846012	0.845849	0.847103	0.846345	0.846955
264.000000	0.844039	0.841478	0.841492	0.842037	0.843009	0.843122	0.842442
265.000000	0.840639	0.838164	0.838097	0.838184	0.839490	0.839215	0.838903
266.000000	0.836405	0.834206	0.834256	0.833765	0.835016	0.834051	0.834600
267.000000	0.830616	0.828380	0.828871	0.828456	0.828704	0.827625	0.828464
268.000000	0.824156	0.822131	0.822534	0.822535	0.821725	0.821324	0.821725
269.000000	0.817743	0.816635	0.815896	0.816192	0.815150	0.816054	0.815472
270.000000	0.810426	0.810324	0.808788	0.808880	0.808377	0.809939	0.808785
271.000000	0.801179	0.801429	0.800877	0.800084	0.800559	0.800935	0.800506
272.000000	0.791088	0.791169	0.792074	0.790604	0.791920	0.790258	0.791075
273.000000	0.781821	0.781655	0.782395	0.781563	0.782987	0.780149	0.781444
274.000000	0.772740	0.772421	0.771985	0.772240	0.773192	0.770567	0.771518
275.000000	0.761980	0.761600	0.761059	0.760953	0.761428	0.760196	0.760630
276.000000	0.749680	0.749180	0.749713	0.748102	0.748398	0.748752	0.748842
277.000000	0.737696	0.736742	0.737949	0.735861	0.736330	0.736860	0.736852
278.000000	0.726733	0.725126	0.726093	0.725128	0.725896	0.725250	0.725293
279.000000	0.715966	0.714161	0.714882	0.715108	0.715731	0.714744	0.714688
280.000000	0.704935	0.703631	0.704577	0.705035	0.704988	0.705289	0.704944
281.000000	0.694066	0.693362	0.694494	0.694404	0.694039	0.695168	0.694820
282.000000	0.683743	0.683276	0.684151	0.683157	0.683338	0.683461	0.683653
283.000000	0.673942	0.673554	0.673955	0.672424	0.673182	0.672057	0.672810
284.000000	0.664542	0.664326	0.664318	0.663219	0.663751	0.662754	0.663564
285.000000	0.655306	0.655282	0.654952	0.655060	0.654831	0.654694	0.655161
286.000000	0.646056	0.646101	0.645508	0.647107	0.646140	0.646472	0.646475
287.000000	0.637272	0.637288	0.636549	0.638907	0.637691	0.638068	0.637736
288.000000	0.629624	0.629602	0.628924	0.630244	0.629619	0.630007	0.629685
289.000000	0.622707	0.622686	0.622219	0.621674	0.622043	0.622292	0.622202
290.000000	0.615469	0.615504	0.615254	0.614206	0.615048	0.614606	0.614638
291.000000	0.607806	0.607874	0.607788	0.607781	0.608279	0.607010	0.606899
292.000000	0.600514	0.600427	0.600473	0.601333	0.600980	0.599922	0.599422
293.000000	0.593750	0.593416	0.593517	0.594327	0.593091	0.593310	0.592403
294.000000	0.586737	0.586513	0.586451	0.587032	0.585554	0.586485	0.585667
295.000000	0.579187	0.579508	0.579145	0.579713	0.578885	0.579158	0.579114
296.000000	0.571984	0.572516	0.572281	0.572502	0.572560	0.571972	0.572855
297.000000	0.565772	0.565670	0.566258	0.565532	0.566093	0.565404	0.566853
298.000000	0.559967	0.559027	0.560249	0.559005	0.559523	0.559026	0.560522
299.000000	0.553869	0.552620	0.553448	0.553021	0.552980	0.552387	0.553395
300.000000	0.547430	0.546434	0.546378	0.547114	0.546510	0.545817	0.546160
301.000000	0.540795	0.540416	0.539845	0.540724	0.540117	0.539781	0.539704
302.000000	0.534074	0.534322	0.533690	0.533926	0.533645	0.533887	0.533685
303.000000	0.527357	0.527852	0.527336	0.527082	0.526894	0.527407	0.527249
304.000000	0.520793	0.521132	0.520738	0.520373	0.520045	0.520482	0.520432
305.000000	0.514555	0.514574	0.514211	0.513852	0.513536	0.513845	0.513875
306.000000	0.508564	0.508253	0.507818	0.507515	0.507464	0.507699	0.507684
307.000000	0.502475	0.501888	0.501356	0.501302	0.501571	0.501687	0.501396
308.000000	0.496126	0.495405	0.494877	0.495131	0.495603	0.495542	0.494856
309.000000	0.489647	0.489069	0.488842	0.488895	0.489343	0.489176	0.488418
310.000000	0.483208	0.483038	0.483378	0.482579	0.482782	0.482634	0.482337
311.000000	0.477000	0.477161	0.477770	0.476387	0.476383	0.476227	0.476558
312.000000	0.471119	0.471274	0.471469	0.470472	0.470475	0.470210	0.470935
313.000000	0.465308	0.465318	0.464909	0.464690	0.464701	0.464516	0.465164
314.000000	0.459308	0.459282	0.458659	0.458873	0.458670	0.458989	0.459014
315.000000	0.453272	0.453272	0.452864	0.453072	0.452634	0.453388	0.452824
316.000000	0.447448	0.447417	0.447473	0.447393	0.446997	0.447487	0.447043
317.000000	0.441706	0.441664	0.442022	0.441778	0.441577	0.441434	0.441403
318.000000	0.435748	0.435881	0.435897	0.436095	0.435923	0.435546	0.435325
319.000000	0.429665	0.430067	0.429420	0.430356	0.430063	0.429852	0.429024
320.000000	0.423835	0.424324	0.423594	0.424682	0.424381	0.424163	0.423291
321.000000	0.418376	0.418654	0.418547	0.419142	0.418959	0.418496	0.418216
322.000000	0.413101	0.412949	0.413415	0.413747	0.413540	0.413096	0.413093
323.000000	0.407792	0.407193	0.407743	0.408418	0.407952	0.407907	0.407518
324.000000	0.402202	0.401534	0.401826	0.402928	0.402193	0.402365	0.401650
325.000000	0.396286	0.396062	0.395997	0.397150	0.396379	0.396226	0.395741
326.000000	0.390509	0.390692	0.390515	0.391221	0.390875	0.390145	0.390154
327.000000	0.385231	0.385351	0.385486	0.385317	0.385883	0.384706	0.385093
328.000000	0.380111	0.380101	0.380476	0.379601	0.380857	0.379704	0.380105
329.000000	0.374761	0.375017	0.375054	0.374205	0.375251	0.374774	0.374724
330.000000	0.369471	0.370025	0.369547	0.369096	0.369561	0.369715	0.369316
331.000000	0.364692	0.365012	0.364484	0.364180	0.364554	0.364424	0.364459
332.000000	0.360077	0.359951	0.359695	0.359323	0.359984	0.359166	0.359858
333.000000	0.354904	0.354871	0.354661	0.354385	0.355091	0.354368	0.354793
334.000000	0.349376	0.349889	0.349453	0.349473	0.349871	0.349858	0.349376
335.000000	0.344432	0.345186	0.344608	0.344880	0.344918	0.344995	0.344382
336.000000	0.340244	0.340763	0.340219	0.340585	0.340415	0.339768	0.339995
337.000000	0.336058	0.336402	0.335845	0.336185	0.336042	0.334925	0.335687
338.000000	0.331441	0.331940	0.331258	0.331506	0.331535	0.330760	0.331174
339.000000	0.326613	0.327328	0.326655	0.326819	0.326779	0.326709	0.326672
340.000000	0.321844	0.322560	0.322203	0.322291	0.321813	0.322349	0.322312
341.000000	0.317367	0.317702	0.317867	0.317701	0.317035	0.317867	0.317868
342.000000	0.313296	0.312888	0.313570	0.312912	0.312752	0.313467	0.313176
343.000000	0.309297	0.308481	0.309189	0.308351	0.308664	0.309036	0.308543
344.000000	0.305006	0.304767	0.304636	0.304438	0.304398	0.304433	0.304305
345.000000	0.300567	0.301192	0.300110	0.300652	0.300070	0.299835	0.300220
346.000000	0.296283	0.296967	0.295883	0.296205	0.295945	0.295511	0.295872
347.000000	0.292088	0.292181	0.291850	0.291298	0.291898	0.291414	0.291319
348.000000	0.287716	0.287417	0.287701	0.286673	0.287602	0.287319	0.286879
349.000000	0.283222	0.282920	0.283368	0.282494	0.283057	0.283139	0.282608
350.000000	0.278924	0.278643	0.278985	0.278431	0.278540	0.278903	0.278345
351.000000	0.274905	0.274539	0.274639	0.274334	0.274232	0.274634	0.274056
352.000000	0.270938	0.270571	0.270351	0.270295	0.270177	0.270342	0.269880
353.000000	0.266856	0.266637	0.266143	0.266355	0.266320	0.266071	0.265852
354.000000	0.262634	0.262515	0.262058	0.262434	0.262430	0.261932	0.261803
355.000000	0.258347	0.258145	0.258102	0.258459	0.258369	0.257991	0.257666
356.000000	0.254298	0.253952	0.254184	0.254419	0.254301	0.254181	0.253716
357.000000	0.250694	0.250281	0.250230	0.250355	0.250393	0.250415	0.250163
358.000000	0.247162	0.246805	0.246299	0.246484	0.246611	0.246625	0.246698
359.000000	0.243255	0.243086	0.242472	0.242980	0.242863	0.242755	0.242942
360.000000	0.239087	0.239140	0.238732	0.239433	0.239025	0.238813	0.238942
361.000000	0.234976	0.235163	0.235021	0.235279	0.234989	0.234833	0.234914
362.000000	0.231029	0.231293	0.231300	0.230845	0.230982	0.230910	0.230999
363.000000	0.227228	0.227621	0.227541	0.226955	0.227401	0.227163	0.227288
364.000000	0.223593	0.224077	0.223800	0.223665	0.224183	0.223564	0.223737
365.000000	0.220173	0.220451	0.220198	0.220355	0.220862	0.219959	0.220185
366.000000	0.216849	0.216700	0.216704	0.216734	0.217239	0.216308	0.216557
367.000000	0.213289	0.213005	0.213087	0.212968	0.213478	0.212729	0.212897
368.000000	0.209442	0.209466	0.209305	0.209240	0.209734	0.209284	0.209259
369.000000	0.205815	0.206009	0.205709	0.205710	0.206097	0.205919	0.205697
370.000000	0.202703	0.202548	0.202484	0.202410	0.202597	0.202544	0.202235
371.000000	0.199621	0.199017	0.199217	0.199016	0.199117	0.199019	0.198808
372.000000	0.196103	0.195406	0.195544	0.195281	0.195564	0.195278	0.195358
373.000000	0.192402	0.191932	0.191783	0.191559	0.192057	0.191643	0.191945
374.000000	0.188906	0.188803	0.188359	0.188279	0.188743	0.188456	0.188634
375.000000	0.185601	0.185777	0.185168	0.185242	0.185566	0.185456	0.185329
376.000000	0.182320	0.182464	0.181910	0.182023	0.182387	0.182180	0.181889
377.000000	0.179067	0.178919	0.178591	0.178634	0.179138	0.178726	0.178468
378.000000	0.175949	0.175470	0.175397	0.175351	0.175799	0.175520	0.175384
379.000000	0.172953	0.172260	0.172387	0.172253	0.172499	0.172635	0.172610
380.000000	0.169956	0.169264	0.169501	0.169238	0.169491	0.169821	0.169811
381.000000	0.166870	0.166378	0.166600	0.166258	0.166737	0.166896	0.166787
382.000000	0.163662	0.163405	0.163446	0.163342	0.163808	0.163780	0.163544
383.000000	0.160410	0.160293	0.160063	0.160484	0.160547	0.160520	0.160200
384.000000	0.157402	0.157293	0.156996	0.157596	0.157385	0.157382	0.157082
385.000000	0.154787	0.154578	0.154571	0.154636	0.154625	0.154553	0.154390
386.000000	0.152214	0.152004	0.152305	0.151709	0.152008	0.151904	0.151899
387.000000	0.149365	0.149403	0.149700	0.148919	0.149253	0.149269	0.149345
388.000000	0.146461	0.146747	0.146875	0.146236	0.146454	0.146562	0.146661
389.000000	0.143819	0.144058	0.144092	0.143605	0.143787	0.143749	0.143858
390.000000	0.141373	0.141415	0.141425	0.141073	0.141274	0.141013	0.141119
391.000000	0.138911	0.138908	0.138867	0.138714	0.138873	0.138600	0.138676
392.000000	0.136405	0.136484	0.136387	0.136434	0.136528	0.136394	0.136463
393.000000	0.133940	0.134009	0.133944	0.134042	0.134185	0.134071	0.134232
394.000000	0.131560	0.131512	0.131521	0.131545	0.131840	0.131575	0.131890
395.000000	0.129261	0.129169	0.129122	0.129138	0.129542	0.129108	0.129491
396.000000	0.127047	0.127047	0.126800	0.126921	0.127327	0.126821	0.127100
397.000000	0.124935	0.125051	0.124670	0.124857	0.125207	0.124788	0.124800
398.000000	0.122914	0.123074	0.122729	0.122870	0.123159	0.122952	0.122633
399.000000	0.120926	0.120999	0.120738	0.120825	0.121094	0.121005	0.120565
400.000000	0.118897	0.118776	0.118547	0.118659	0.118944	0.118772	0.118551
401.000000	0.116728	0.116549	0.116372	0.116543	0.116727	0.116546	0.116544
402.000000	0.114384	0.114461	0.114423	0.114620	0.114492	0.114601	0.114516
403.000000	0.112135	0.112464	0.112603	0.112720	0.112377	0.112719	0.112534
404.000000	0.110276	0.110478	0.110749	0.110631	0.110506	0.110615	0.110673
405.000000	0.108679	0.108577	0.108859	0.108495	0.108751	0.108475	0.108853
406.000000	0.107047	0.106880	0.106990	0.106574	0.106894	0.106656	0.106945
407.000000	0.105260	0.105258	0.105149	0.104848	0.104982	0.105097	0.104968
408.000000	0.103314	0.103445	0.103306	0.103123	0.103222	0.103487	0.103034
409.000000	0.101352	0.101478	0.101459	0.101343	0.101620	0.101734	0.101219
410.000000	0.099642	0.099674	0.099632	0.099588	0.099997	0.099953	0.099564
411.000000	0.098191	0.098105	0.097868	0.097928	0.098284	0.098227	0.098042
412.000000	0.096650	0.096498	0.096238	0.096409	0.096567	0.096592	0.096536
413.000000	0.094881	0.094767	0.094750	0.094992	0.094928	0.095051	0.094992
414.000000	0.093208	0.093225	0.093279	0.093472	0.093424	0.093555	0.093490
415.000000	0.091848	0.092051	0.091744	0.091749	0.092067	0.092059	0.092064
416.000000	0.090549	0.090874	0.090227	0.090098	0.090744	0.090554	0.090558
417.000000	0.089072	0.089349	0.088823	0.088774	0.089349	0.089052	0.088871
418.000000	0.087612	0.087713	0.087535	0.087640	0.087932	0.087619	0.087306
419.000000	0.086423	0.086304	0.086331	0.086461	0.086568	0.086318	0.086192
420.000000	0.085310	0.085038	0.085101	0.085106	0.085228	0.085048	0.085223
421.000000	0.083928	0.083679	0.083717	0.083514	0.083848	0.083661	0.083878
422.000000	0.082383	0.082297	0.082258	0.081917	0.082456	0.082255	0.082263
423.000000	0.081052	0.081137	0.080923	0.080710	0.081131	0.081067	0.080856
424.000000	0.079967	0.080137	0.079745	0.079816	0.079889	0.080041	0.079748
425.000000	0.078850	0.078956	0.078606	0.078728	0.078686	0.078858	0.078671
426.000000	0.077586	0.077537	0.077430	0.077329	0.077484	0.077465	0.077502
427.000000	0.076296	0.076215	0.076208	0.076039	0.076255	0.076175	0.076323
428.000000	0.075072	0.075157	0.074964	0.075061	0.075020	0.075122	0.075195
429.000000	0.073921	0.074153	0.073786	0.074110	0.073882	0.074051	0.074105
430.000000	0.072826	0.073026	0.072722	0.072955	0.072885	0.072794	0.073025
431.000000	0.071736	0.071825	0.071692	0.071698	0.071864	0.071566	0.071908
432.000000	0.070613	0.070628	0.070612	0.070487	0.070686	0.070575	0.070721
433.000000	0.069496	0.069464	0.069500	0.069398	0.069527	0.069675	0.069514
434.000000	0.068434	0.068348	0.068398	0.068468	0.068599	0.068658	0.068352
435.000000	0.067404	0.067307	0.067327	0.067598	0.067759	0.067545	0.067276
436.000000	0.066359	0.066364	0.066304	0.066642	0.066747	0.066451	0.066310
437.000000	0.065362	0.065479	0.065357	0.065596	0.065608	0.065449	0.065427
438.000000	0.064537	0.064574	0.064517	0.064539	0.064569	0.064582	0.064568
439.000000	0.063795	0.063606	0.063709	0.063513	0.063679	0.063787	0.063699
440.000000	0.062870	0.062563	0.062768	0.062528	0.062825	0.062905	0.062810
441.000000	0.061737	0.061516	0.061694	0.061583	0.061948	0.061900	0.061900
442.000000	0.060697	0.060632	0.060704	0.060673	0.061056	0.060896	0.060980
443.000000	0.059903	0.059958	0.059904	0.059792	0.060169	0.059986	0.060058
444.000000	0.059194	0.059296	0.059155	0.058945	0.059317	0.059192	0.059137
445.000000	0.058431	0.058492	0.058348	0.058139	0.058508	0.058484	0.058237
446.000000	0.057654	0.057592	0.057523	0.057389	0.057689	0.057722	0.057422
447.000000	0.056908	0.056674	0.056732	0.056697	0.056820	0.056805	0.056738
448.000000	0.056152	0.055823	0.055979	0.056009	0.055985	0.055894	0.056098
449.000000	0.055333	0.055104	0.055255	0.055269	0.055278	0.055182	0.055401
450.000000	0.054500	0.054457	0.054559	0.054512	0.054665	0.054617	0.054669
451.000000	0.053737	0.053778	0.053891	0.053801	0.054061	0.054055	0.053967
452.000000	0.053075	0.053035	0.053192	0.053107	0.053399	0.053419	0.053256
453.000000	0.052512	0.052240	0.052377	0.052354	0.052630	0.052679	0.052446
454.000000	0.051958	0.051473	0.051512	0.051575	0.051815	0.051885	0.051607
455.000000	0.051251	0.050869	0.050789	0.050892	0.051108	0.051156	0.050948
456.000000	0.050390	0.050398	0.050238	0.050330	0.050528	0.050519	0.050472
457.000000	0.049576	0.049823	0.049683	0.049788	0.049921	0.049891	0.049928
458.000000	0.048933	0.049049	0.049031	0.049181	0.049217	0.049223	0.049195
459.000000	0.048420	0.048259	0.048366	0.048477	0.048520	0.048552	0.048414
460.000000	0.047967	0.047613	0.047766	0.047706	0.047918	0.047924	0.047725
461.000000	0.047463	0.047119	0.047244	0.047057	0.047400	0.047400	0.047182
462.000000	0.046836	0.046738	0.046781	0.046663	0.046933	0.046998	0.046787
463.000000	0.046185	0.046326	0.046275	0.046317	0.046453	0.046552	0.046386
464.000000	0.045629	0.045743	0.045633	0.045772	0.045897	0.045897	0.045816
465.000000	0.045104	0.045048	0.044921	0.045081	0.045279	0.045162	0.045117
466.000000	0.044493	0.044367	0.044263	0.044397	0.044638	0.044566	0.044402
467.000000	0.043834	0.043749	0.043694	0.043780	0.044011	0.044057	0.043736
468.000000	0.043247	0.043198	0.043199	0.043232	0.043429	0.043449	0.043151
469.000000	0.042744	0.042679	0.042715	0.042725	0.042891	0.042747	0.042631
470.000000	0.042251	0.042129	0.042141	0.042211	0.042366	0.042124	0.042120
471.000000	0.041734	0.041553	0.041505	0.041684	0.041844	0.041638	0.041609
472.000000	0.041213	0.041039	0.040986	0.041198	0.041347	0.041208	0.041141
473.000000	0.040700	0.040622	0.040642	0.040758	0.040878	0.040774	0.040724
474.000000	0.040189	0.040239	0.040300	0.040281	0.040411	0.040320	0.040289
475.000000	0.039685	0.039831	0.039838	0.039730	0.039936	0.039856	0.039802
476.000000	0.039228	0.039380	0.039318	0.039197	0.039502	0.039442	0.039319
477.000000	0.038843	0.038876	0.038813	0.038759	0.039131	0.039096	0.038884
478.000000	0.038463	0.038332	0.038323	0.038347	0.038713	0.038662	0.038442
479.000000	0.038016	0.037774	0.037838	0.037875	0.038146	0.037998	0.037934
480.000000	0.037509	0.037275	0.037370	0.037378	0.037541	0.037310	0.037429
481.000000	0.036983	0.036914	0.036942	0.036931	0.037067	0.036889	0.037030
482.000000	0.036520	0.036634	0.036552	0.036560	0.036710	0.036666	0.036719
483.000000	0.036216	0.036315	0.036190	0.036260	0.036358	0.036389	0.036418
484.000000	0.036007	0.035917	0.035841	0.035974	0.035974	0.036014	0.036079
485.000000	0.035712	0.035470	0.035487	0.035600	0.035578	0.035663	0.035675
486.000000	0.035276	0.035017	0.035105	0.035142	0.035193	0.035352	0.035231
487.000000	0.034797	0.034616	0.034669	0.034716	0.034841	0.034975	0.034829
488.000000	0.034347	0.034281	0.034206	0.034365	0.034527	0.034511	0.034494
489.000000	0.033945	0.033951	0.033821	0.033993	0.034224	0.034076	0.034163
490.000000	0.033589	0.033584	0.033554	0.033552	0.033901	0.033735	0.033785
491.000000	0.033231	0.033204	0.033258	0.033124	0.033521	0.033390	0.033361
492.000000	0.032838	0.032836	0.032822	0.032781	0.033071	0.032963	0.032912
493.000000	0.032448	0.032474	0.032350	0.032470	0.032612	0.032529	0.032500
494.000000	0.032105	0.032113	0.031974	0.032129	0.032210	0.032176	0.032178
495.000000	0.031798	0.031775	0.031703	0.031781	0.031859	0.031875	0.031916
496.000000	0.031502	0.031487	0.031499	0.031469	0.031531	0.031568	0.031653
497.000000	0.031194	0.031211	0.031280	0.031169	0.031240	0.031232	0.031325
498.000000	0.030861	0.030887	0.030950	0.030826	0.031013	0.030865	0.030881
499.000000	0.030507	0.030516	0.030515	0.030435	0.030782	0.030497	0.030402
500.000000	0.030154	0.030149	0.030054	0.030032	0.030413	0.030177	0.030066
501.000000	0.029826	0.029812	0.029647	0.029665	0.029942	0.029913	0.029863
502.000000	0.029544	0.029512	0.029368	0.029387	0.029583	0.029669	0.029593
503.000000	0.029286	0.029228	0.029199	0.029190	0.029385	0.029406	0.029190
504.000000	0.028968	0.028900	0.028988	0.028965	0.029137	0.029084	0.028816
505.000000	0.028569	0.028517	0.028660	0.028652	0.028736	0.028701	0.028567
506.000000	0.028229	0.028183	0.028340	0.028314	0.028361	0.028336	0.028366
507.000000	0.028037	0.027967	0.028112	0.028013	0.028151	0.028048	0.028136
508.000000	0.027845	0.027777	0.027851	0.027737	0.027992	0.027800	0.027887
509.000000	0.027512	0.027512	0.027437	0.027462	0.027748	0.027544	0.027640
510.000000	0.027162	0.027195	0.026993	0.027170	0.027430	0.027285	0.027377
511.000000	0.026969	0.026877	0.026693	0.026854	0.027101	0.027042	0.027078
512.000000	0.026857	0.026585	0.026531	0.026557	0.026817	0.026805	0.026763
513.000000	0.026648	0.026327	0.026420	0.026339	0.026630	0.026553	0.026471
514.000000	0.026318	0.026091	0.026271	0.026161	0.026480	0.026278	0.026204
515.000000	0.025946	0.025848	0.025997	0.025918	0.026240	0.025983	0.025940
516.000000	0.025614	0.025601	0.025624	0.025621	0.025918	0.025688	0.025684
517.000000	0.025394	0.025382	0.025285	0.025385	0.025650	0.025428	0.025460
518.000000	0.025256	0.025187	0.025034	0.025228	0.025462	0.025218	0.025263
519.000000	0.025027	0.024963	0.024815	0.025018	0.025224	0.025039	0.025041
520.000000	0.024634	0.024677	0.024578	0.024692	0.024872	0.024849	0.024768
521.000000	0.024223	0.024337	0.024306	0.024339	0.024486	0.024563	0.024476
522.000000	0.023926	0.023979	0.024012	0.024045	0.024154	0.024164	0.024201
523.000000	0.023744	0.023709	0.023782	0.023819	0.023928	0.023856	0.023967
524.000000	0.023639	0.023596	0.023673	0.023650	0.023827	0.023794	0.023781
525.000000	0.023509	0.023503	0.023561	0.023489	0.023734	0.023754	0.023586
526.000000	0.023258	0.023268	0.023301	0.023285	0.023523	0.023462	0.023327
527.000000	0.022961	0.022964	0.022971	0.023046	0.023253	0.023043	0.023056
528.000000	0.022749	0.022745	0.022730	0.022802	0.023044	0.022771	0.022867
529.000000	0.022610	0.022592	0.022561	0.022572	0.022867	0.022638	0.022733
530.000000	0.022449	0.022385	0.022351	0.022369	0.022608	0.022482	0.022558
531.000000	0.022228	0.022113	0.022089	0.022178	0.022280	0.022271	0.022317
532.000000	0.021960	0.021864	0.021854	0.021967	0.022012	0.022093	0.022043
533.000000	0.021696	0.021669	0.021675	0.021738	0.021844	0.021962	0.021783
534.000000	0.021522	0.021489	0.021509	0.021539	0.021712	0.021789	0.021595
535.000000	0.021445	0.021303	0.021329	0.021386	0.021568	0.021541	0.021483
536.000000	0.021315	0.021132	0.021143	0.021242	0.021415	0.021296	0.021350
537.000000	0.021046	0.020987	0.020958	0.021076	0.021259	0.021110	0.021133
538.000000	0.020761	0.020838	0.020761	0.020884	0.021100	0.020961	0.020900
539.000000	0.020572	0.020654	0.020547	0.020672	0.020927	0.020812	0.020710
540.000000	0.020410	0.020420	0.020324	0.020434	0.020706	0.020625	0.020508
541.000000	0.020190	0.020141	0.020113	0.020176	0.020415	0.020379	0.020234
542.000000	0.019991	0.019901	0.019947	0.019967	0.020163	0.020133	0.019987
543.000000	0.019935	0.019795	0.019859	0.019882	0.020080	0.019964	0.019900
544.000000	0.019923	0.019742	0.019781	0.019833	0.020058	0.019840	0.019886
545.000000	0.019757	0.019576	0.019599	0.019652	0.019877	0.019676	0.019750
546.000000	0.019461	0.019325	0.019341	0.019384	0.019574	0.019480	0.019516
547.000000	0.019234	0.019168	0.019144	0.019231	0.019387	0.019330	0.019374
548.000000	0.019121	0.019127	0.019046	0.019213	0.019362	0.019236	0.019339
549.000000	0.018993	0.019045	0.018979	0.019143	0.019327	0.019129	0.019223
550.000000	0.018790	0.018848	0.018876	0.018924	0.019177	0.018979	0.018956
551.000000	0.018576	0.018611	0.018695	0.018624	0.018932	0.018816	0.018677
552.000000	0.018397	0.018403	0.018436	0.018335	0.018642	0.018654	0.018486
553.000000	0.018238	0.018253	0.018211	0.018160	0.018398	0.018450	0.018347
554.000000	0.018080	0.018162	0.018097	0.018144	0.018257	0.018186	0.018214
555.000000	0.017925	0.018057	0.018014	0.018120	0.018137	0.017976	0.018082
556.000000	0.017775	0.017872	0.017861	0.017922	0.017947	0.017917	0.017947
557.000000	0.017605	0.017656	0.017632	0.017643	0.017724	0.017883	0.017777
558.000000	0.017401	0.017490	0.017372	0.017444	0.017548	0.017718	0.017552
559.000000	0.017324	0.017401	0.017257	0.017392	0.017506	0.017584	0.017440
560.000000	0.017561	0.017378	0.017473	0.017484	0.017653	0.017740	0.017643
561.000000	0.017550	0.017257	0.017453	0.017427	0.017593	0.017657	0.017623
562.000000	0.016313	0.016797	0.016211	0.016775	0.016689	0.016361	0.016432
563.000000	0.015391	0.016430	0.015289	0.016210	0.016056	0.015405	0.015582
564.000000	0.018691	0.017213	0.018598	0.017477	0.018451	0.018712	0.018891
565.000000	0.022482	0.018147	0.022411	0.019049	0.021111	0.022550	0.022613
566.000000	0.012113	0.015273	0.012073	0.014715	0.013391	0.012231	0.012191
567.000000	-0.007751	0.008247	-0.007759	0.005071	-0.001798	-0.007601	-0.007661
568.000000	0.009068	0.004635	0.009081	0.005483	0.007634	0.009258	0.009186
569.000000	0.081990	0.009269	0.082003	0.023773	0.055756	0.082239	0.082110
570.000000	0.133723	0.015738	0.133738	0.039342	0.091054	0.134017	0.133854
571.000000	0.096027	0.017368	0.096059	0.033176	0.067679	0.096319	0.096208
572.000000	0.024875	0.015955	0.024911	0.017859	0.021884	0.025133	0.025101
573.000000	-0.000991	0.015198	-0.000995	0.012064	0.005107	-0.000774	-0.000778
574.000000	0.010893	0.015363	0.010831	0.014534	0.012679	0.011079	0.011056
575.000000	0.019638	0.015358	0.019553	0.016289	0.018236	0.019817	0.019765
576.000000	0.016984	0.015130	0.016911	0.015618	0.016493	0.017174	0.017099
577.000000	0.014256	0.015217	0.014204	0.015155	0.014816	0.014465	0.014373
578.000000	0.014757	0.015287	0.014721	0.015273	0.015167	0.014974	0.014888
579.000000	0.014622	0.014300	0.014593	0.014386	0.014706	0.014816	0.014780
580.000000	0.013562	0.013328	0.013537	0.013332	0.013656	0.013708	0.013749
581.000000	0.015987	0.016039	0.015969	0.015987	0.016189	0.016093	0.016167
582.000000	0.020022	0.020067	0.020017	0.020095	0.020259	0.020115	0.020159
583.000000	0.012077	0.012012	0.012077	0.012124	0.012295	0.012173	0.012181
584.000000	-0.005421	-0.005514	-0.005435	-0.005406	-0.005231	-0.005306	-0.005303
585.000000	0.014831	0.014777	0.014787	0.014853	0.015038	0.015017	0.014994
586.000000	0.095561	0.095572	0.095483	0.095652	0.095856	0.095887	0.095778
587.000000	0.136351	0.136420	0.136273	0.136509	0.136718	0.136788	0.136612
588.000000	0.041093	0.041186	0.041077	0.041252	0.041425	0.041512	0.041372
589.000000	-0.087447	-0.087367	-0.087403	-0.087331	-0.087213	-0.087136	-0.087197
590.000000	-0.095362	-0.095331	-0.095346	-0.095280	-0.095205	-0.095164	-0.095202
591.000000	-0.014276	-0.014281	-0.014321	-0.014194	-0.014128	-0.014135	-0.014199
592.000000	0.033086	0.033123	0.033072	0.033218	0.033313	0.033268	0.033194
593.000000	0.023508	0.023644	0.023604	0.023708	0.023851	0.023794	0.023735
594.000000	0.008574	0.008792	0.008753	0.008804	0.008971	0.008938	0.008894
595.000000	0.009761	0.009996	0.009947	0.009969	0.010125	0.010135	0.010104
596.000000	0.014219	0.014397	0.014349	0.014384	0.014519	0.014544	0.014546
597.000000	0.014306	0.014383	0.014353	0.014430	0.014559	0.014560	0.014611
598.000000	0.012989	0.012994	0.012984	0.013076	0.013232	0.013219	0.013283
599.000000	0.012744	0.012740	0.012749	0.012798	0.013011	0.013017	0.013040
600.000000	0.012971	0.012955	0.013016	0.012997	0.013249	0.013262	0.013247
601.000000	0.012927	0.012850	0.013003	0.012933	0.013176	0.013147	0.013140
602.000000	0.012743	0.012640	0.012818	0.012756	0.012987	0.012903	0.012904
603.000000	0.012672	0.012648	0.012695	0.012725	0.012981	0.012870	0.012838
604.000000	0.012670	0.012738	0.012633	0.012748	0.013021	0.012913	0.012873
605.000000	0.012621	0.012668	0.012565	0.012652	0.012879	0.012794	0.012847
606.000000	0.012526	0.012469	0.012495	0.012472	0.012644	0.012589	0.012748
607.000000	0.012429	0.012283	0.012452	0.012326	0.012528	0.012495	0.012628
608.000000	0.012329	0.012163	0.012406	0.012239	0.012519	0.012485	0.012497
609.000000	0.012191	0.012101	0.012294	0.012172	0.012467	0.012392	0.012342
610.000000	0.012039	0.012077	0.012132	0.012112	0.012363	0.012222	0.012197
611.000000	0.011945	0.012060	0.012017	0.012069	0.012325	0.012132	0.012142
612.000000	0.011916	0.012022	0.011975	0.012040	0.012354	0.012169	0.012163
613.000000	0.011867	0.011943	0.011940	0.012008	0.012297	0.012225	0.012126
614.000000	0.011760	0.011826	0.011874	0.011966	0.012108	0.012222	0.011981
615.000000	0.011660	0.011726	0.011792	0.011933	0.011959	0.012158	0.011861
616.000000	0.011610	0.011679	0.011716	0.011907	0.011957	0.012040	0.011841
617.000000	0.011570	0.011655	0.011655	0.011824	0.011959	0.011875	0.011790
618.000000	0.011499	0.011617	0.011609	0.011640	0.011836	0.011681	0.011601
619.000000	0.011391	0.011529	0.011542	0.011433	0.011668	0.011512	0.011407
620.000000	0.011259	0.011371	0.011420	0.011298	0.011569	0.011422	0.011367
621.000000	0.011140	0.011215	0.011285	0.011264	0.011547	0.011406	0.011418
622.000000	0.011078	0.011150	0.011200	0.011326	0.011570	0.011437	0.011429
623.000000	0.011061	0.011132	0.011159	0.011393	0.011572	0.011447	0.011373
624.000000	0.011051	0.011050	0.011122	0.011341	0.011479	0.011357	0.011282
625.000000	0.011012	0.010909	0.011063	0.011180	0.011314	0.011184	0.011192
626.000000	0.010909	0.010803	0.010973	0.011024	0.011173	0.011019	0.011144
627.000000	0.010768	0.010763	0.010861	0.010918	0.011092	0.010912	0.011119
628.000000	0.010685	0.010750	0.010759	0.010833	0.011039	0.010873	0.011035
629.000000	0.010687	0.010740	0.010693	0.010758	0.010991	0.010893	0.010888
630.000000	0.010700	0.010737	0.010687	0.010714	0.010940	0.010944	0.010801
631.000000	0.010672	0.010745	0.010736	0.010710	0.010890	0.010987	0.010837
632.000000	0.010626	0.010756	0.010774	0.010719	0.010862	0.010966	0.010902
633.000000	0.010583	0.010752	0.010745	0.010715	0.010862	0.010847	0.010908
634.000000	0.010527	0.010692	0.010656	0.010687	0.010834	0.010678	0.010853
635.000000	0.010439	0.010542	0.010526	0.010632	0.010726	0.010522	0.010755
636.000000	0.010333	0.010349	0.010378	0.010537	0.010577	0.010415	0.010643
637.000000	0.010234	0.010180	0.010238	0.010398	0.010448	0.010382	0.010544
638.000000	0.010168	0.010080	0.010161	0.010274	0.010361	0.010394	0.010451
639.000000	0.010162	0.010076	0.010197	0.010241	0.010324	0.010397	0.010340
640.000000	0.010178	0.010124	0.010267	0.010249	0.010320	0.010360	0.010222
641.000000	0.010149	0.010131	0.010217	0.010172	0.010321	0.010261	0.010128
642.000000	0.010081	0.010077	0.010057	0.010023	0.010303	0.010145	0.010077
643.000000	0.010047	0.010005	0.009951	0.009943	0.010250	0.010108	0.010078
644.000000	0.010056	0.009945	0.009957	0.009971	0.010185	0.010154	0.010109
645.000000	0.010026	0.009901	0.009994	0.010012	0.010185	0.010168	0.010113
646.000000	0.009933	0.009872	0.010001	0.009999	0.010260	0.010104	0.010064
647.000000	0.009863	0.009844	0.009975	0.009930	0.010299	0.010053	0.010013
648.000000	0.009860	0.009803	0.009915	0.009821	0.010215	0.010059	0.009988
649.000000	0.009826	0.009732	0.009807	0.009713	0.010032	0.009995	0.009939
650.000000	0.009675	0.009625	0.009650	0.009637	0.009798	0.009772	0.009825
651.000000	0.009480	0.009508	0.009508	0.009562	0.009590	0.009564	0.009680
652.000000	0.009340	0.009416	0.009443	0.009457	0.009478	0.009560	0.009555
653.000000	0.009279	0.009368	0.009413	0.009373	0.009464	0.009656	0.009469
654.000000	0.009286	0.009376	0.009349	0.009379	0.009521	0.009660	0.009433
655.000000	0.009298	0.009393	0.009270	0.009412	0.009583	0.009558	0.009424
656.000000	0.009231	0.009350	0.009241	0.009352	0.009573	0.009427	0.009410
657.000000	0.009117	0.009258	0.009250	0.009233	0.009503	0.009332	0.009389
658.000000	0.009073	0.009188	0.009234	0.009200	0.009450	0.009327	0.009385
659.000000	0.009107	0.009156	0.009183	0.009248	0.009423	0.009386	0.009388
660.000000	0.009109	0.009122	0.009146	0.009213	0.009357	0.009399	0.009349
661.000000	0.009042	0.009068	0.009133	0.009060	0.009256	0.009333	0.009264
662.000000	0.008980	0.009019	0.009092	0.008962	0.009229	0.009274	0.009193
663.000000	0.008969	0.008992	0.009002	0.009007	0.009310	0.009274	0.009172
664.000000	0.008961	0.008983	0.008916	0.009067	0.009351	0.009292	0.009168
665.000000	0.008910	0.008973	0.008872	0.009035	0.009245	0.009278	0.009142
666.000000	0.008812	0.008898	0.008830	0.008958	0.009088	0.009175	0.009066
667.000000	0.008684	0.008720	0.008754	0.008902	0.008993	0.008964	0.008933
668.000000	0.008610	0.008575	0.008699	0.008873	0.008974	0.008795	0.008848
669.000000	0.008665	0.008607	0.008720	0.008857	0.009009	0.008819	0.008912
670.000000	0.008710	0.008675	0.008718	0.008806	0.009001	0.008892	0.008972
671.000000	0.008544	0.008550	0.008546	0.008668	0.008844	0.008774	0.008801
672.000000	0.008285	0.008313	0.008306	0.008497	0.008621	0.008548	0.008517
673.000000	0.008226	0.008223	0.008237	0.008407	0.008520	0.008480	0.008434
674.000000	0.008368	0.008310	0.008357	0.008409	0.008568	0.008576	0.008548
675.000000	0.008463	0.008410	0.008490	0.008424	0.008654	0.008618	0.008592
676.000000	0.008419	0.008425	0.008524	0.008422	0.008708	0.008538	0.008498
677.000000	0.008340	0.008353	0.008429	0.008434	0.008711	0.008454	0.008452
678.000000	0.008291	0.008233	0.008257	0.008459	0.008665	0.008438	0.008524
679.000000	0.008243	0.008158	0.008189	0.008445	0.008597	0.008456	0.008560
680.000000	0.008178	0.008175	0.008296	0.008362	0.008521	0.008465	0.008461
681.000000	0.008126	0.008194	0.008349	0.008258	0.008414	0.008439	0.008325
682.000000	0.008109	0.008136	0.008173	0.008179	0.008267	0.008360	0.008242
683.000000	0.008091	0.008030	0.007964	0.008116	0.008159	0.008255	0.008165
684.000000	0.008035	0.007930	0.007942	0.008053	0.008160	0.008163	0.008039
685.000000	0.007979	0.007866	0.007995	0.008018	0.008198	0.008142	0.007951
686.000000	0.007974	0.007857	0.007936	0.008039	0.008169	0.008235	0.008010
687.000000	0.008001	0.007871	0.007834	0.008063	0.008122	0.008343	0.008151
688.000000	0.008009	0.007856	0.007868	0.008003	0.008161	0.008307	0.008226
689.000000	0.007964	0.007806	0.007955	0.007869	0.008227	0.008142	0.008164
690.000000	0.007845	0.007745	0.007848	0.007734	0.008155	0.007978	0.007951
691.000000	0.007713	0.007706	0.007606	0.007659	0.007973	0.007879	0.007711
692.000000	0.007703	0.007724	0.007577	0.007685	0.007890	0.007845	0.007695
693.000000	0.007831	0.007783	0.007813	0.007770	0.007964	0.007863	0.007908
694.000000	0.007938	0.007795	0.007951	0.007756	0.008022	0.007911	0.008018
695.000000	0.007925	0.007727	0.007825	0.007609	0.007979	0.007974	0.007882
696.000000	0.007828	0.007665	0.007717	0.007550	0.007941	0.008051	0.007765
697.000000	0.007696	0.007656	0.007809	0.007703	0.007974	0.008118	0.007849
698.000000	0.007587	0.007612	0.007868	0.007841	0.007971	0.008074	0.007944
699.000000	0.007537	0.007465	0.007685	0.007762	0.007841	0.007859	0.007864
700.000000	0.007512	0.007330	0.007449	0.007603	0.007683	0.007634	0.007711
701.000000	0.007465	0.007339	0.007398	0.007555	0.007622	0.007578	0.007638
702.000000	0.007399	0.007422	0.007456	0.007593	0.007647	0.007623	0.007650
703.000000	0.007341	0.007444	0.007450	0.007618	0.007695	0.007626	0.007689
704.000000	0.007307	0.007392	0.007398	0.007593	0.007705	0.007596	0.007686
705.000000	0.007310	0.007315	0.007412	0.007513	0.007619	0.007619	0.007567
706.000000	0.007321	0.007233	0.007441	0.007412	0.007471	0.007661	0.007382
707.000000	0.007282	0.007141	0.007316	0.007350	0.007360	0.007606	0.007277
708.000000	0.007212	0.007068	0.007091	0.007334	0.007335	0.007464	0.007290
709.000000	0.007205	0.007078	0.007055	0.007319	0.007385	0.007381	0.007346
710.000000	0.007262	0.007148	0.007257	0.007275	0.007451	0.007407	0.007379
711.000000	0.007231	0.007125	0.007355	0.007199	0.007408	0.007432	0.007347
712.000000	0.007048	0.006957	0.007184	0.007112	0.007234	0.007397	0.007272
713.000000	0.006864	0.006832	0.007029	0.007072	0.007154	0.007390	0.007322
714.000000	0.006804	0.006886	0.007085	0.007104	0.007289	0.007442	0.007551
715.000000	0.006810	0.006984	0.007082	0.007120	0.007345	0.007351	0.007612
716.000000	0.006805	0.006986	0.006783	0.007040	0.007064	0.006978	0.007235
717.000000	0.006773	0.006962	0.006520	0.006930	0.006742	0.006674	0.006877
718.000000	0.006724	0.007020	0.006697	0.006891	0.006756	0.006843	0.007073
719.000000	0.006724	0.007093	0.007076	0.006980	0.006980	0.007275	0.007494
720.000000	0.006840	0.007049	0.007189	0.007211	0.007099	0.007530	0.007511
721.000000	0.006899	0.006835	0.006974	0.007328	0.007033	0.007480	0.007141
722.000000	0.006610	0.006458	0.006617	0.006951	0.006851	0.007189	0.006784
723.000000	0.006197	0.006115	0.006312	0.006326	0.006709	0.006906	0.006697
724.000000	0.006294	0.006155	0.006252	0.006206	0.006831	0.007017	0.007002
725.000000	0.006843	0.006501	0.006417	0.006633	0.007107	0.007454	0.007462
726.000000	0.006962	0.006582	0.006531	0.006794	0.007038	0.007615	0.007430
727.000000	0.006362	0.006229	0.006468	0.006401	0.006539	0.007292	0.006792
728.000000	0.005823	0.005997	0.006366	0.006119	0.006248	0.006981	0.006356
729.000000	0.005877	0.006192	0.006311	0.006355	0.006546	0.007014	0.006602
730.000000	0.006233	0.006376	0.006206	0.006709	0.007039	0.007186	0.007034
731.000000	0.006570	0.006156	0.005970	0.006793	0.007345	0.007279	0.007176
732.000000	0.006863	0.005668	0.005652	0.006686	0.007506	0.007305	0.007105
