[HEADER]
Format	J&M ASCII Table
Comment	
Date	5/30/2023 8:04:59 AM
Order	Y (evenX)
TechType	UV
NumPoints	483
FirstX	250.00
LastX	732.00
XType	NMetr
YType	Absrb
ZType	Secs
NumSubFile	7
Matrix	Z vs X
[DATA]
	0.000000	5.000064	10.000128	15.000256	20.000320	25.000383	30.000511
250.000000	0.012564	0.012031	0.011432	0.011043	0.010538	0.010448	0.010525
251.000000	0.004508	0.003911	0.003376	0.003009	0.002534	0.002487	0.002446
252.000000	-0.003056	-0.003948	-0.004303	-0.004638	-0.004945	-0.004909	-0.005202
253.000000	-0.010221	-0.011238	-0.011424	-0.011673	-0.011863	-0.011871	-0.012179
254.000000	-0.017053	-0.017752	-0.017882	-0.017971	-0.018239	-0.018492	-0.018368
255.000000	-0.023421	-0.023707	-0.023837	-0.023782	-0.024217	-0.024610	-0.024105
256.000000	-0.029196	-0.029366	-0.029480	-0.029384	-0.029932	-0.030065	-0.029738
257.000000	-0.034486	-0.034726	-0.034841	-0.034770	-0.035346	-0.035052	-0.035159
258.000000	-0.039449	-0.039688	-0.039881	-0.039829	-0.040352	-0.039838	-0.040120
259.000000	-0.043979	-0.044104	-0.044421	-0.044366	-0.044780	-0.044299	-0.044482
260.000000	-0.047861	-0.047823	-0.048241	-0.048171	-0.048460	-0.048141	-0.048189
261.000000	-0.051252	-0.051114	-0.051552	-0.051458	-0.051649	-0.051514	-0.051506
262.000000	-0.054585	-0.054548	-0.054884	-0.054750	-0.054926	-0.054909	-0.054936
263.000000	-0.057975	-0.058182	-0.058351	-0.058184	-0.058384	-0.058409	-0.058509
264.000000	-0.061159	-0.061478	-0.061585	-0.061445	-0.061556	-0.061628	-0.061711
265.000000	-0.063984	-0.064156	-0.064358	-0.064314	-0.064216	-0.064357	-0.064307
266.000000	-0.066514	-0.066426	-0.066725	-0.066787	-0.066597	-0.066733	-0.066580
267.000000	-0.068804	-0.068513	-0.068795	-0.068927	-0.068881	-0.068897	-0.068765
268.000000	-0.070828	-0.070557	-0.070738	-0.070919	-0.071009	-0.070919	-0.070828
269.000000	-0.072587	-0.072622	-0.072686	-0.072903	-0.072911	-0.072843	-0.072726
270.000000	-0.074236	-0.074530	-0.074597	-0.074751	-0.074629	-0.074657	-0.074522
271.000000	-0.075939	-0.076101	-0.076388	-0.076319	-0.076233	-0.076344	-0.076292
272.000000	-0.077676	-0.077501	-0.078002	-0.077775	-0.077801	-0.077962	-0.078001
273.000000	-0.079359	-0.079008	-0.079413	-0.079372	-0.079400	-0.079585	-0.079578
274.000000	-0.080897	-0.080623	-0.080750	-0.081017	-0.080978	-0.081162	-0.081027
275.000000	-0.082205	-0.082192	-0.082218	-0.082428	-0.082420	-0.082579	-0.082391
276.000000	-0.083368	-0.083663	-0.083778	-0.083614	-0.083702	-0.083837	-0.083699
277.000000	-0.084609	-0.085067	-0.085177	-0.084827	-0.084879	-0.085035	-0.084967
278.000000	-0.085958	-0.086343	-0.086316	-0.086118	-0.085995	-0.086200	-0.086163
279.000000	-0.087197	-0.087313	-0.087295	-0.087275	-0.087077	-0.087260	-0.087197
280.000000	-0.088234	-0.087997	-0.088231	-0.088226	-0.088153	-0.088211	-0.088104
281.000000	-0.089250	-0.088807	-0.089254	-0.089194	-0.089257	-0.089193	-0.089157
282.000000	-0.090384	-0.090018	-0.090433	-0.090342	-0.090415	-0.090306	-0.090503
283.000000	-0.091564	-0.091384	-0.091677	-0.091562	-0.091620	-0.091504	-0.091852
284.000000	-0.092689	-0.092613	-0.092863	-0.092709	-0.092830	-0.092702	-0.092907
285.000000	-0.093678	-0.093620	-0.093866	-0.093685	-0.093866	-0.093784	-0.093709
286.000000	-0.094484	-0.094401	-0.094596	-0.094436	-0.094568	-0.094645	-0.094395
287.000000	-0.095240	-0.095125	-0.095223	-0.095131	-0.095191	-0.095353	-0.095119
288.000000	-0.096137	-0.096010	-0.096000	-0.096005	-0.096128	-0.096044	-0.096019
289.000000	-0.097087	-0.096992	-0.096895	-0.096964	-0.097254	-0.096793	-0.096999
290.000000	-0.097841	-0.097832	-0.097701	-0.097714	-0.098130	-0.097628	-0.097820
291.000000	-0.098394	-0.098485	-0.098382	-0.098259	-0.098679	-0.098489	-0.098444
292.000000	-0.098978	-0.099087	-0.099064	-0.098886	-0.099171	-0.099233	-0.099021
293.000000	-0.099686	-0.099711	-0.099784	-0.099673	-0.099742	-0.099810	-0.099638
294.000000	-0.100407	-0.100332	-0.100443	-0.100394	-0.100321	-0.100303	-0.100287
295.000000	-0.101046	-0.100906	-0.100987	-0.100920	-0.100857	-0.100772	-0.100919
296.000000	-0.101579	-0.101364	-0.101475	-0.101370	-0.101374	-0.101211	-0.101417
297.000000	-0.102017	-0.101691	-0.101969	-0.101858	-0.101896	-0.101641	-0.101732
298.000000	-0.102449	-0.102062	-0.102492	-0.102394	-0.102399	-0.102193	-0.102065
299.000000	-0.102954	-0.102633	-0.103045	-0.102947	-0.102860	-0.102950	-0.102599
300.000000	-0.103472	-0.103271	-0.103565	-0.103411	-0.103270	-0.103648	-0.103194
301.000000	-0.103911	-0.103778	-0.103983	-0.103685	-0.103635	-0.103972	-0.103639
302.000000	-0.104272	-0.104150	-0.104342	-0.103926	-0.104021	-0.104082	-0.103975
303.000000	-0.104598	-0.104469	-0.104728	-0.104382	-0.104505	-0.104332	-0.104349
304.000000	-0.104905	-0.104793	-0.105119	-0.104967	-0.104992	-0.104739	-0.104753
305.000000	-0.105189	-0.105159	-0.105418	-0.105363	-0.105269	-0.105083	-0.105076
306.000000	-0.105442	-0.105522	-0.105582	-0.105503	-0.105320	-0.105292	-0.105288
307.000000	-0.105649	-0.105755	-0.105624	-0.105577	-0.105334	-0.105450	-0.105450
308.000000	-0.105835	-0.105860	-0.105637	-0.105730	-0.105469	-0.105635	-0.105630
309.000000	-0.106078	-0.106035	-0.105826	-0.106017	-0.105816	-0.105898	-0.105902
310.000000	-0.106408	-0.106367	-0.106264	-0.106417	-0.106346	-0.106239	-0.106277
311.000000	-0.106729	-0.106652	-0.106695	-0.106765	-0.106765	-0.106544	-0.106619
312.000000	-0.106956	-0.106740	-0.106915	-0.106946	-0.106875	-0.106737	-0.106824
313.000000	-0.107100	-0.106828	-0.107055	-0.107091	-0.106942	-0.106934	-0.106980
314.000000	-0.107198	-0.107126	-0.107283	-0.107346	-0.107246	-0.107252	-0.107188
315.000000	-0.107324	-0.107492	-0.107547	-0.107627	-0.107592	-0.107581	-0.107403
316.000000	-0.107541	-0.107698	-0.107733	-0.107788	-0.107671	-0.107756	-0.107542
317.000000	-0.107768	-0.107743	-0.107817	-0.107828	-0.107607	-0.107809	-0.107605
318.000000	-0.107863	-0.107746	-0.107824	-0.107820	-0.107726	-0.107870	-0.107639
319.000000	-0.107905	-0.107828	-0.107878	-0.107898	-0.108059	-0.108026	-0.107754
320.000000	-0.108139	-0.108111	-0.108164	-0.108231	-0.108415	-0.108333	-0.108101
321.000000	-0.108582	-0.108540	-0.108615	-0.108719	-0.108664	-0.108709	-0.108595
322.000000	-0.109002	-0.108871	-0.108884	-0.108962	-0.108754	-0.108924	-0.108892
323.000000	-0.109232	-0.108988	-0.108829	-0.108835	-0.108726	-0.108894	-0.108860
324.000000	-0.109237	-0.109001	-0.108676	-0.108688	-0.108768	-0.108782	-0.108731
325.000000	-0.109070	-0.108998	-0.108610	-0.108767	-0.108966	-0.108736	-0.108703
326.000000	-0.108961	-0.108960	-0.108642	-0.108965	-0.109123	-0.108804	-0.108804
327.000000	-0.109096	-0.108888	-0.108767	-0.109159	-0.109094	-0.109004	-0.109030
328.000000	-0.109365	-0.108930	-0.109021	-0.109370	-0.109101	-0.109302	-0.109354
329.000000	-0.109611	-0.109222	-0.109423	-0.109633	-0.109379	-0.109638	-0.109731
330.000000	-0.109768	-0.109632	-0.109825	-0.109866	-0.109730	-0.109879	-0.110033
331.000000	-0.109821	-0.109947	-0.110041	-0.109964	-0.109847	-0.109898	-0.110127
332.000000	-0.109902	-0.110126	-0.110100	-0.110008	-0.109866	-0.109875	-0.110133
333.000000	-0.110199	-0.110218	-0.110142	-0.110165	-0.110135	-0.110127	-0.110295
334.000000	-0.110505	-0.110203	-0.110141	-0.110328	-0.110501	-0.110515	-0.110521
335.000000	-0.110306	-0.110010	-0.109940	-0.110183	-0.110424	-0.110540	-0.110461
336.000000	-0.109680	-0.109733	-0.109638	-0.109792	-0.109928	-0.110150	-0.110104
337.000000	-0.109406	-0.109663	-0.109639	-0.109666	-0.109714	-0.109832	-0.109847
338.000000	-0.109803	-0.109871	-0.110034	-0.109994	-0.110044	-0.109842	-0.109890
339.000000	-0.110320	-0.110027	-0.110341	-0.110359	-0.110337	-0.109980	-0.110042
340.000000	-0.110512	-0.109929	-0.110259	-0.110449	-0.110215	-0.110065	-0.110126
341.000000	-0.110456	-0.109805	-0.110101	-0.110397	-0.110042	-0.110101	-0.110101
342.000000	-0.110300	-0.109871	-0.110162	-0.110355	-0.110164	-0.110117	-0.109967
343.000000	-0.110153	-0.110009	-0.110256	-0.110275	-0.110358	-0.110134	-0.109809
344.000000	-0.110099	-0.110049	-0.110139	-0.110091	-0.110317	-0.110168	-0.109723
345.000000	-0.110122	-0.110059	-0.109942	-0.109925	-0.110128	-0.110191	-0.109725
346.000000	-0.110161	-0.110168	-0.109915	-0.109950	-0.110004	-0.110166	-0.109791
347.000000	-0.110140	-0.110271	-0.110035	-0.110069	-0.109953	-0.110059	-0.109810
348.000000	-0.109979	-0.110140	-0.110128	-0.110049	-0.109866	-0.109848	-0.109632
349.000000	-0.109788	-0.109824	-0.110107	-0.109875	-0.109734	-0.109605	-0.109364
350.000000	-0.109830	-0.109598	-0.109957	-0.109717	-0.109630	-0.109474	-0.109324
351.000000	-0.110063	-0.109553	-0.109734	-0.109628	-0.109578	-0.109465	-0.109521
352.000000	-0.110061	-0.109535	-0.109564	-0.109503	-0.109532	-0.109418	-0.109578
353.000000	-0.109675	-0.109446	-0.109495	-0.109301	-0.109459	-0.109253	-0.109332
354.000000	-0.109296	-0.109310	-0.109412	-0.109111	-0.109365	-0.109058	-0.109055
355.000000	-0.109212	-0.109167	-0.109239	-0.109019	-0.109267	-0.108933	-0.108961
356.000000	-0.109254	-0.109063	-0.109064	-0.109060	-0.109207	-0.108963	-0.108965
357.000000	-0.109218	-0.109017	-0.108969	-0.109208	-0.109201	-0.109161	-0.108948
358.000000	-0.109076	-0.108930	-0.108878	-0.109217	-0.109122	-0.109252	-0.108839
359.000000	-0.108858	-0.108703	-0.108701	-0.108864	-0.108852	-0.108959	-0.108608
360.000000	-0.108679	-0.108465	-0.108510	-0.108443	-0.108564	-0.108520	-0.108402
361.000000	-0.108669	-0.108411	-0.108427	-0.108403	-0.108516	-0.108339	-0.108411
362.000000	-0.108730	-0.108477	-0.108415	-0.108618	-0.108615	-0.108404	-0.108546
363.000000	-0.108643	-0.108456	-0.108347	-0.108637	-0.108571	-0.108456	-0.108565
364.000000	-0.108454	-0.108331	-0.108243	-0.108421	-0.108370	-0.108409	-0.108439
365.000000	-0.108438	-0.108255	-0.108248	-0.108297	-0.108241	-0.108334	-0.108331
366.000000	-0.108584	-0.108261	-0.108342	-0.108342	-0.108233	-0.108273	-0.108289
367.000000	-0.108504	-0.108219	-0.108297	-0.108302	-0.108159	-0.108233	-0.108213
368.000000	-0.108077	-0.108077	-0.108025	-0.108065	-0.107933	-0.108190	-0.108053
369.000000	-0.107740	-0.107936	-0.107731	-0.107835	-0.107687	-0.108070	-0.107883
370.000000	-0.107788	-0.107876	-0.107585	-0.107769	-0.107550	-0.107856	-0.107773
371.000000	-0.107944	-0.107850	-0.107558	-0.107799	-0.107555	-0.107705	-0.107751
372.000000	-0.107899	-0.107793	-0.107584	-0.107817	-0.107682	-0.107729	-0.107801
373.000000	-0.107662	-0.107647	-0.107608	-0.107701	-0.107727	-0.107694	-0.107744
374.000000	-0.107344	-0.107384	-0.107581	-0.107375	-0.107496	-0.107352	-0.107421
375.000000	-0.107170	-0.107191	-0.107515	-0.107099	-0.107220	-0.107008	-0.107080
376.000000	-0.107364	-0.107298	-0.107443	-0.107221	-0.107259	-0.107132	-0.107094
377.000000	-0.107674	-0.107503	-0.107353	-0.107516	-0.107493	-0.107491	-0.107309
378.000000	-0.107580	-0.107355	-0.107204	-0.107433	-0.107518	-0.107447	-0.107269
379.000000	-0.107127	-0.106906	-0.107034	-0.106983	-0.107281	-0.107010	-0.106960
380.000000	-0.106865	-0.106660	-0.106947	-0.106689	-0.107046	-0.106774	-0.106771
381.000000	-0.106986	-0.106779	-0.106976	-0.106748	-0.106945	-0.106917	-0.106839
382.000000	-0.107174	-0.106959	-0.107053	-0.106907	-0.106926	-0.107039	-0.106943
383.000000	-0.107222	-0.107004	-0.107120	-0.106982	-0.106933	-0.106919	-0.106948
384.000000	-0.107204	-0.106988	-0.107153	-0.106988	-0.106935	-0.106763	-0.106937
385.000000	-0.107191	-0.106982	-0.107140	-0.106969	-0.106915	-0.106750	-0.106966
386.000000	-0.107164	-0.106948	-0.107109	-0.106996	-0.106891	-0.106832	-0.106948
387.000000	-0.107094	-0.106844	-0.107078	-0.107100	-0.106875	-0.106922	-0.106804
388.000000	-0.106990	-0.106717	-0.106995	-0.107105	-0.106824	-0.106929	-0.106617
389.000000	-0.106875	-0.106632	-0.106811	-0.106836	-0.106704	-0.106793	-0.106501
390.000000	-0.106817	-0.106636	-0.106635	-0.106505	-0.106670	-0.106663	-0.106486
391.000000	-0.106879	-0.106749	-0.106619	-0.106451	-0.106912	-0.106747	-0.106551
392.000000	-0.106897	-0.106813	-0.106668	-0.106599	-0.107161	-0.106884	-0.106583
393.000000	-0.106580	-0.106572	-0.106543	-0.106622	-0.106892	-0.106704	-0.106414
394.000000	-0.106031	-0.106109	-0.106254	-0.106428	-0.106212	-0.106241	-0.106115
395.000000	-0.105717	-0.105821	-0.106039	-0.106145	-0.105802	-0.105901	-0.105974
396.000000	-0.105788	-0.105816	-0.105998	-0.105888	-0.105875	-0.105858	-0.106046
397.000000	-0.105957	-0.105798	-0.106039	-0.105750	-0.105977	-0.105948	-0.106063
398.000000	-0.105991	-0.105620	-0.106053	-0.105725	-0.105827	-0.106002	-0.105868
399.000000	-0.105820	-0.105485	-0.105928	-0.105623	-0.105566	-0.105874	-0.105559
400.000000	-0.105489	-0.105547	-0.105645	-0.105357	-0.105362	-0.105533	-0.105285
401.000000	-0.105316	-0.105713	-0.105469	-0.105215	-0.105315	-0.105271	-0.105259
402.000000	-0.105550	-0.105854	-0.105618	-0.105440	-0.105466	-0.105347	-0.105601
403.000000	-0.105894	-0.105893	-0.105859	-0.105752	-0.105662	-0.105595	-0.105955
404.000000	-0.105955	-0.105787	-0.105877	-0.105782	-0.105719	-0.105753	-0.105914
405.000000	-0.105773	-0.105608	-0.105712	-0.105581	-0.105642	-0.105741	-0.105631
406.000000	-0.105562	-0.105471	-0.105547	-0.105373	-0.105515	-0.105561	-0.105475
407.000000	-0.105421	-0.105423	-0.105473	-0.105238	-0.105409	-0.105325	-0.105455
408.000000	-0.105373	-0.105466	-0.105519	-0.105169	-0.105388	-0.105203	-0.105370
409.000000	-0.105410	-0.105540	-0.105619	-0.105178	-0.105451	-0.105229	-0.105223
410.000000	-0.105497	-0.105531	-0.105624	-0.105288	-0.105539	-0.105309	-0.105208
411.000000	-0.105560	-0.105411	-0.105509	-0.105427	-0.105566	-0.105371	-0.105337
412.000000	-0.105477	-0.105265	-0.105417	-0.105395	-0.105413	-0.105382	-0.105372
413.000000	-0.105249	-0.105163	-0.105419	-0.105162	-0.105098	-0.105337	-0.105214
414.000000	-0.105125	-0.105124	-0.105415	-0.105045	-0.104911	-0.105290	-0.105077
415.000000	-0.105252	-0.105146	-0.105337	-0.105235	-0.105025	-0.105270	-0.105107
416.000000	-0.105383	-0.105183	-0.105265	-0.105422	-0.105181	-0.105227	-0.105145
417.000000	-0.105275	-0.105183	-0.105266	-0.105304	-0.105119	-0.105110	-0.105027
418.000000	-0.105026	-0.105116	-0.105231	-0.105027	-0.104935	-0.104939	-0.104825
419.000000	-0.104806	-0.104959	-0.105030	-0.104828	-0.104802	-0.104751	-0.104663
420.000000	-0.104637	-0.104737	-0.104762	-0.104701	-0.104700	-0.104589	-0.104548
421.000000	-0.104480	-0.104493	-0.104604	-0.104548	-0.104541	-0.104495	-0.104443
422.000000	-0.104358	-0.104320	-0.104553	-0.104414	-0.104359	-0.104465	-0.104371
423.000000	-0.104328	-0.104326	-0.104495	-0.104429	-0.104257	-0.104469	-0.104383
424.000000	-0.104361	-0.104440	-0.104407	-0.104527	-0.104239	-0.104462	-0.104446
425.000000	-0.104343	-0.104423	-0.104345	-0.104467	-0.104222	-0.104385	-0.104442
426.000000	-0.104241	-0.104219	-0.104307	-0.104201	-0.104160	-0.104220	-0.104313
427.000000	-0.104122	-0.104019	-0.104204	-0.103948	-0.104061	-0.104000	-0.104085
428.000000	-0.104012	-0.103917	-0.104002	-0.103821	-0.103925	-0.103762	-0.103800
429.000000	-0.103835	-0.103782	-0.103780	-0.103698	-0.103718	-0.103552	-0.103514
430.000000	-0.103558	-0.103529	-0.103600	-0.103488	-0.103435	-0.103392	-0.103274
431.000000	-0.103298	-0.103271	-0.103434	-0.103270	-0.103162	-0.103242	-0.103103
432.000000	-0.103167	-0.103121	-0.103250	-0.103129	-0.102985	-0.103070	-0.103010
433.000000	-0.103121	-0.103048	-0.103067	-0.103048	-0.102928	-0.102942	-0.102964
434.000000	-0.103081	-0.102980	-0.102912	-0.102983	-0.102982	-0.102929	-0.102924
435.000000	-0.102991	-0.102884	-0.102796	-0.102903	-0.103018	-0.102938	-0.102853
436.000000	-0.102822	-0.102743	-0.102719	-0.102786	-0.102881	-0.102831	-0.102725
437.000000	-0.102634	-0.102586	-0.102668	-0.102653	-0.102629	-0.102645	-0.102578
438.000000	-0.102544	-0.102473	-0.102628	-0.102550	-0.102442	-0.102526	-0.102487
439.000000	-0.102561	-0.102434	-0.102606	-0.102498	-0.102386	-0.102507	-0.102466
440.000000	-0.102605	-0.102470	-0.102629	-0.102502	-0.102421	-0.102526	-0.102475
441.000000	-0.102622	-0.102549	-0.102671	-0.102549	-0.102497	-0.102547	-0.102488
442.000000	-0.102608	-0.102597	-0.102641	-0.102605	-0.102556	-0.102578	-0.102504
443.000000	-0.102545	-0.102548	-0.102498	-0.102611	-0.102540	-0.102582	-0.102496
444.000000	-0.102389	-0.102360	-0.102299	-0.102449	-0.102386	-0.102427	-0.102394
445.000000	-0.102148	-0.102057	-0.102115	-0.102098	-0.102104	-0.102081	-0.102176
446.000000	-0.101989	-0.101835	-0.102011	-0.101814	-0.101901	-0.101813	-0.101990
447.000000	-0.102037	-0.101853	-0.102025	-0.101815	-0.101942	-0.101850	-0.101959
448.000000	-0.102134	-0.101971	-0.102071	-0.101963	-0.102079	-0.102011	-0.101986
449.000000	-0.102081	-0.101996	-0.102044	-0.102046	-0.102108	-0.102037	-0.101936
450.000000	-0.101922	-0.101901	-0.101940	-0.102002	-0.102009	-0.101898	-0.101811
451.000000	-0.101792	-0.101728	-0.101794	-0.101836	-0.101842	-0.101658	-0.101666
452.000000	-0.101684	-0.101558	-0.101659	-0.101608	-0.101654	-0.101434	-0.101546
453.000000	-0.101514	-0.101487	-0.101593	-0.101406	-0.101489	-0.101366	-0.101484
454.000000	-0.101292	-0.101459	-0.101540	-0.101261	-0.101339	-0.101396	-0.101428
455.000000	-0.101104	-0.101297	-0.101354	-0.101153	-0.101155	-0.101301	-0.101254
456.000000	-0.100986	-0.101001	-0.101031	-0.101041	-0.100948	-0.101040	-0.100964
457.000000	-0.100900	-0.100805	-0.100753	-0.100864	-0.100809	-0.100808	-0.100717
458.000000	-0.100821	-0.100804	-0.100624	-0.100623	-0.100758	-0.100707	-0.100602
459.000000	-0.100753	-0.100822	-0.100586	-0.100444	-0.100680	-0.100643	-0.100564
460.000000	-0.100688	-0.100721	-0.100568	-0.100401	-0.100511	-0.100542	-0.100534
461.000000	-0.100582	-0.100561	-0.100496	-0.100388	-0.100367	-0.100432	-0.100453
462.000000	-0.100409	-0.100414	-0.100332	-0.100303	-0.100343	-0.100346	-0.100288
463.000000	-0.100226	-0.100285	-0.100174	-0.100178	-0.100340	-0.100277	-0.100115
464.000000	-0.100101	-0.100166	-0.100126	-0.100068	-0.100231	-0.100205	-0.100019
465.000000	-0.100017	-0.100062	-0.100103	-0.099976	-0.100047	-0.100099	-0.099967
466.000000	-0.099930	-0.099983	-0.099969	-0.099887	-0.099877	-0.099936	-0.099893
467.000000	-0.099860	-0.099929	-0.099798	-0.099818	-0.099775	-0.099778	-0.099808
468.000000	-0.099852	-0.099893	-0.099767	-0.099801	-0.099768	-0.099726	-0.099764
469.000000	-0.099828	-0.099816	-0.099800	-0.099763	-0.099757	-0.099723	-0.099696
470.000000	-0.099613	-0.099603	-0.099618	-0.099554	-0.099549	-0.099589	-0.099449
471.000000	-0.099258	-0.099298	-0.099244	-0.099223	-0.099185	-0.099331	-0.099088
472.000000	-0.099083	-0.099110	-0.099066	-0.099063	-0.098989	-0.099192	-0.098943
473.000000	-0.099190	-0.099112	-0.099213	-0.099168	-0.099081	-0.099252	-0.099112
474.000000	-0.099277	-0.099121	-0.099320	-0.099257	-0.099200	-0.099297	-0.099265
475.000000	-0.099148	-0.099014	-0.099160	-0.099146	-0.099156	-0.099184	-0.099175
476.000000	-0.098976	-0.098891	-0.098977	-0.098976	-0.099041	-0.099041	-0.098997
477.000000	-0.098937	-0.098852	-0.098994	-0.098900	-0.098968	-0.098990	-0.098904
478.000000	-0.098978	-0.098873	-0.099083	-0.098897	-0.098959	-0.098985	-0.098913
479.000000	-0.099000	-0.098903	-0.099061	-0.098908	-0.098997	-0.098949	-0.098988
480.000000	-0.098949	-0.098892	-0.098937	-0.098877	-0.098986	-0.098865	-0.099017
481.000000	-0.098790	-0.098799	-0.098783	-0.098757	-0.098817	-0.098736	-0.098880
482.000000	-0.098570	-0.098638	-0.098607	-0.098558	-0.098548	-0.098575	-0.098616
483.000000	-0.098372	-0.098451	-0.098387	-0.098320	-0.098318	-0.098395	-0.098353
484.000000	-0.098205	-0.098257	-0.098147	-0.098085	-0.098155	-0.098194	-0.098135
485.000000	-0.098020	-0.098056	-0.097950	-0.097894	-0.097993	-0.097958	-0.097951
486.000000	-0.097833	-0.097874	-0.097818	-0.097778	-0.097825	-0.097730	-0.097802
487.000000	-0.097735	-0.097766	-0.097724	-0.097753	-0.097700	-0.097621	-0.097710
488.000000	-0.097737	-0.097728	-0.097657	-0.097783	-0.097639	-0.097649	-0.097663
489.000000	-0.097710	-0.097668	-0.097625	-0.097743	-0.097601	-0.097685	-0.097590
490.000000	-0.097585	-0.097534	-0.097609	-0.097567	-0.097548	-0.097631	-0.097462
491.000000	-0.097460	-0.097402	-0.097514	-0.097341	-0.097459	-0.097495	-0.097366
492.000000	-0.097408	-0.097337	-0.097287	-0.097155	-0.097325	-0.097309	-0.097357
493.000000	-0.097326	-0.097297	-0.097047	-0.097036	-0.097175	-0.097121	-0.097322
494.000000	-0.097108	-0.097225	-0.096924	-0.096983	-0.097038	-0.096974	-0.097145
495.000000	-0.096846	-0.097107	-0.096879	-0.096929	-0.096928	-0.096882	-0.096927
496.000000	-0.096680	-0.096943	-0.096820	-0.096792	-0.096841	-0.096837	-0.096810
497.000000	-0.096586	-0.096750	-0.096713	-0.096591	-0.096725	-0.096757	-0.096731
498.000000	-0.096467	-0.096553	-0.096548	-0.096391	-0.096508	-0.096536	-0.096532
499.000000	-0.096306	-0.096366	-0.096354	-0.096224	-0.096236	-0.096239	-0.096252
500.000000	-0.096151	-0.096197	-0.096179	-0.096096	-0.096036	-0.096048	-0.096067
501.000000	-0.096022	-0.096051	-0.096042	-0.096002	-0.095940	-0.095994	-0.096009
502.000000	-0.095914	-0.095926	-0.095929	-0.095923	-0.095874	-0.095940	-0.095961
503.000000	-0.095814	-0.095830	-0.095818	-0.095849	-0.095798	-0.095817	-0.095860
504.000000	-0.095709	-0.095775	-0.095685	-0.095787	-0.095715	-0.095668	-0.095742
505.000000	-0.095583	-0.095735	-0.095520	-0.095716	-0.095619	-0.095520	-0.095623
506.000000	-0.095413	-0.095590	-0.095350	-0.095558	-0.095462	-0.095348	-0.095462
507.000000	-0.095196	-0.095285	-0.095202	-0.095284	-0.095226	-0.095147	-0.095241
508.000000	-0.094992	-0.095008	-0.095083	-0.095053	-0.095007	-0.095001	-0.095039
509.000000	-0.094856	-0.094936	-0.094987	-0.095007	-0.094898	-0.094976	-0.094928
510.000000	-0.094775	-0.094932	-0.094882	-0.095010	-0.094851	-0.094954	-0.094868
511.000000	-0.094714	-0.094793	-0.094735	-0.094868	-0.094780	-0.094787	-0.094789
512.000000	-0.094645	-0.094572	-0.094581	-0.094629	-0.094664	-0.094546	-0.094667
513.000000	-0.094540	-0.094425	-0.094477	-0.094442	-0.094510	-0.094391	-0.094501
514.000000	-0.094374	-0.094344	-0.094382	-0.094314	-0.094335	-0.094311	-0.094310
515.000000	-0.094123	-0.094214	-0.094197	-0.094163	-0.094159	-0.094188	-0.094126
516.000000	-0.093836	-0.094003	-0.093941	-0.093953	-0.093974	-0.093980	-0.093937
517.000000	-0.093629	-0.093760	-0.093754	-0.093689	-0.093744	-0.093723	-0.093692
518.000000	-0.093520	-0.093523	-0.093662	-0.093417	-0.093484	-0.093468	-0.093414
519.000000	-0.093390	-0.093311	-0.093531	-0.093224	-0.093274	-0.093280	-0.093230
520.000000	-0.093183	-0.093135	-0.093297	-0.093138	-0.093150	-0.093178	-0.093182
521.000000	-0.092995	-0.092998	-0.093059	-0.093054	-0.093039	-0.093098	-0.093125
522.000000	-0.092892	-0.092892	-0.092899	-0.092898	-0.092891	-0.092984	-0.092950
523.000000	-0.092809	-0.092783	-0.092782	-0.092729	-0.092755	-0.092839	-0.092731
524.000000	-0.092675	-0.092642	-0.092663	-0.092614	-0.092674	-0.092678	-0.092558
525.000000	-0.092504	-0.092496	-0.092526	-0.092529	-0.092598	-0.092515	-0.092437
526.000000	-0.092336	-0.092382	-0.092372	-0.092430	-0.092466	-0.092364	-0.092351
527.000000	-0.092215	-0.092303	-0.092237	-0.092311	-0.092319	-0.092261	-0.092280
528.000000	-0.092173	-0.092242	-0.092157	-0.092177	-0.092229	-0.092232	-0.092199
529.000000	-0.092120	-0.092111	-0.092030	-0.092006	-0.092097	-0.092143	-0.092023
530.000000	-0.091902	-0.091804	-0.091694	-0.091768	-0.091746	-0.091789	-0.091657
531.000000	-0.091694	-0.091608	-0.091491	-0.091601	-0.091479	-0.091506	-0.091424
532.000000	-0.091934	-0.092119	-0.092162	-0.091773	-0.091978	-0.092065	-0.091973
533.000000	-0.092182	-0.092560	-0.092803	-0.091927	-0.092490	-0.092622	-0.092521
534.000000	-0.090909	-0.090461	-0.090477	-0.090937	-0.090486	-0.090336	-0.090518
535.000000	-0.089014	-0.087413	-0.086970	-0.089510	-0.087503	-0.086983	-0.087495
536.000000	-0.091920	-0.092549	-0.092850	-0.091759	-0.092639	-0.092913	-0.092571
537.000000	-0.098764	-0.104336	-0.106415	-0.096988	-0.104353	-0.106319	-0.104262
538.000000	-0.090707	-0.090755	-0.090875	-0.090760	-0.090697	-0.090655	-0.090779
539.000000	-0.056768	-0.033317	-0.024998	-0.064533	-0.033242	-0.024892	-0.033668
540.000000	-0.029033	0.012611	0.027487	-0.042250	0.012670	0.027435	0.012540
541.000000	-0.041236	-0.010997	-0.000178	-0.049509	-0.010945	-0.000191	-0.009674
542.000000	-0.072343	-0.067208	-0.065358	-0.073083	-0.067152	-0.065234	-0.066208
543.000000	-0.084985	-0.090718	-0.092721	-0.087639	-0.090658	-0.092565	-0.095034
544.000000	-0.080305	-0.082477	-0.083188	-0.090163	-0.082430	-0.083096	-0.092928
545.000000	-0.079424	-0.077960	-0.077433	-0.089537	-0.077958	-0.077383	-0.087677
546.000000	-0.086206	-0.085332	-0.085124	-0.089466	-0.085388	-0.085069	-0.088551
547.000000	-0.090973	-0.091245	-0.091488	-0.089484	-0.091322	-0.091419	-0.090081
548.000000	-0.090423	-0.090719	-0.090918	-0.089348	-0.090774	-0.090849	-0.089811
549.000000	-0.088829	-0.088828	-0.088860	-0.089189	-0.088870	-0.088800	-0.089125
550.000000	-0.088694	-0.088616	-0.088599	-0.089079	-0.088672	-0.088552	-0.088905
551.000000	-0.089009	-0.088978	-0.088969	-0.088963	-0.089039	-0.088943	-0.088890
552.000000	-0.088895	-0.088922	-0.088912	-0.088795	-0.088953	-0.088917	-0.088807
553.000000	-0.088548	-0.088621	-0.088578	-0.088584	-0.088598	-0.088621	-0.088603
554.000000	-0.088265	-0.088369	-0.088262	-0.088373	-0.088289	-0.088340	-0.088313
555.000000	-0.088181	-0.088302	-0.088168	-0.088293	-0.088191	-0.088251	-0.088164
556.000000	-0.088289	-0.088412	-0.088344	-0.088384	-0.088317	-0.088384	-0.088284
557.000000	-0.088015	-0.088115	-0.088133	-0.088075	-0.088064	-0.088128	-0.088052
558.000000	-0.086890	-0.086929	-0.086961	-0.086896	-0.086923	-0.086959	-0.086907
559.000000	-0.086795	-0.086765	-0.086762	-0.086753	-0.086788	-0.086788	-0.086747
560.000000	-0.090126	-0.090061	-0.090058	-0.090082	-0.090093	-0.090075	-0.090036
561.000000	-0.091187	-0.091136	-0.091165	-0.091171	-0.091144	-0.091138	-0.091089
562.000000	-0.079757	-0.079757	-0.079794	-0.079741	-0.079700	-0.079730	-0.079662
563.000000	-0.071580	-0.071631	-0.071650	-0.071525	-0.071505	-0.071571	-0.071494
564.000000	-0.107403	-0.107448	-0.107476	-0.107303	-0.107334	-0.107387	-0.107355
565.000000	-0.178184	-0.178163	-0.178229	-0.178052	-0.178137	-0.178133	-0.178184
566.000000	-0.202559	-0.202503	-0.202556	-0.202422	-0.202506	-0.202481	-0.202547
567.000000	-0.146155	-0.146133	-0.146106	-0.146040	-0.146060	-0.146081	-0.146060
568.000000	-0.082850	-0.082870	-0.082810	-0.082774	-0.082756	-0.082820	-0.082718
569.000000	-0.071633	-0.071650	-0.071674	-0.071595	-0.071626	-0.071672	-0.071583
570.000000	-0.085826	-0.085819	-0.085922	-0.085801	-0.085886	-0.085888	-0.085860
571.000000	-0.090507	-0.090485	-0.090547	-0.090453	-0.090519	-0.090495	-0.090512
572.000000	-0.086835	-0.086810	-0.086793	-0.086752	-0.086761	-0.086740	-0.086768
573.000000	-0.084887	-0.084863	-0.084842	-0.084818	-0.084796	-0.084805	-0.084807
574.000000	-0.085540	-0.085526	-0.085540	-0.085498	-0.085492	-0.085525	-0.085496
575.000000	-0.086003	-0.086011	-0.086009	-0.085945	-0.085994	-0.086012	-0.085985
576.000000	-0.085689	-0.085730	-0.085677	-0.085603	-0.085696	-0.085684	-0.085679
577.000000	-0.085342	-0.085418	-0.085358	-0.085292	-0.085347	-0.085342	-0.085338
578.000000	-0.085223	-0.085313	-0.085299	-0.085248	-0.085209	-0.085250	-0.085224
579.000000	-0.085153	-0.085198	-0.085231	-0.085178	-0.085105	-0.085178	-0.085148
580.000000	-0.085020	-0.084984	-0.085033	-0.084958	-0.084938	-0.085007	-0.085003
581.000000	-0.084818	-0.084756	-0.084789	-0.084697	-0.084732	-0.084770	-0.084806
582.000000	-0.084622	-0.084618	-0.084614	-0.084528	-0.084574	-0.084579	-0.084636
583.000000	-0.084647	-0.084691	-0.084665	-0.084593	-0.084656	-0.084659	-0.084671
584.000000	-0.084809	-0.084831	-0.084817	-0.084758	-0.084865	-0.084911	-0.084805
585.000000	-0.084204	-0.084205	-0.084196	-0.084154	-0.084263	-0.084349	-0.084179
586.000000	-0.082685	-0.082723	-0.082685	-0.082665	-0.082687	-0.082767	-0.082678
587.000000	-0.083534	-0.083605	-0.083551	-0.083556	-0.083477	-0.083532	-0.083551
588.000000	-0.089456	-0.089483	-0.089473	-0.089500	-0.089396	-0.089442	-0.089461
589.000000	-0.094930	-0.094887	-0.094940	-0.094965	-0.094892	-0.094944	-0.094902
590.000000	-0.092623	-0.092568	-0.092635	-0.092618	-0.092576	-0.092636	-0.092571
591.000000	-0.085568	-0.085551	-0.085581	-0.085515	-0.085504	-0.085560	-0.085514
592.000000	-0.081787	-0.081804	-0.081782	-0.081712	-0.081763	-0.081788	-0.081756
593.000000	-0.082306	-0.082331	-0.082273	-0.082231	-0.082346	-0.082326	-0.082303
594.000000	-0.082930	-0.082941	-0.082894	-0.082844	-0.082960	-0.082911	-0.082922
595.000000	-0.082407	-0.082395	-0.082396	-0.082301	-0.082358	-0.082313	-0.082367
596.000000	-0.082748	-0.082727	-0.082766	-0.082659	-0.082669	-0.082669	-0.082700
597.000000	-0.083653	-0.083643	-0.083686	-0.083613	-0.083631	-0.083693	-0.083634
598.000000	-0.081037	-0.081038	-0.081067	-0.080998	-0.081062	-0.081144	-0.081038
599.000000	-0.074147	-0.074142	-0.074161	-0.074030	-0.074151	-0.074187	-0.074131
600.000000	-0.070321	-0.070284	-0.070321	-0.070152	-0.070285	-0.070285	-0.070274
601.000000	-0.074570	-0.074485	-0.074566	-0.074447	-0.074521	-0.074551	-0.074507
602.000000	-0.080784	-0.080690	-0.080774	-0.080735	-0.080738	-0.080806	-0.080726
603.000000	-0.082285	-0.082262	-0.082255	-0.082256	-0.082242	-0.082293	-0.082252
604.000000	-0.080647	-0.080692	-0.080617	-0.080611	-0.080618	-0.080625	-0.080635
605.000000	-0.079520	-0.079532	-0.079545	-0.079501	-0.079529	-0.079512	-0.079494
606.000000	-0.079307	-0.079258	-0.079410	-0.079329	-0.079359	-0.079343	-0.079259
607.000000	-0.079027	-0.079024	-0.079169	-0.079089	-0.079095	-0.079090	-0.078993
608.000000	-0.078515	-0.078623	-0.078640	-0.078589	-0.078567	-0.078569	-0.078522
609.000000	-0.078117	-0.078255	-0.078183	-0.078152	-0.078137	-0.078131	-0.078156
610.000000	-0.077872	-0.077951	-0.077883	-0.077847	-0.077868	-0.077846	-0.077926
611.000000	-0.077532	-0.077584	-0.077569	-0.077504	-0.077546	-0.077523	-0.077607
612.000000	-0.077059	-0.077151	-0.077184	-0.077096	-0.077126	-0.077119	-0.077158
613.000000	-0.076707	-0.076826	-0.076836	-0.076792	-0.076800	-0.076799	-0.076788
614.000000	-0.076579	-0.076665	-0.076583	-0.076650	-0.076642	-0.076629	-0.076590
615.000000	-0.076469	-0.076486	-0.076370	-0.076488	-0.076475	-0.076464	-0.076408
616.000000	-0.076227	-0.076179	-0.076152	-0.076192	-0.076179	-0.076199	-0.076136
617.000000	-0.075941	-0.075886	-0.075940	-0.075886	-0.075873	-0.075913	-0.075873
618.000000	-0.075711	-0.075738	-0.075753	-0.075693	-0.075674	-0.075697	-0.075715
619.000000	-0.075537	-0.075643	-0.075591	-0.075562	-0.075535	-0.075557	-0.075602
620.000000	-0.075390	-0.075478	-0.075452	-0.075410	-0.075381	-0.075476	-0.075450
621.000000	-0.075245	-0.075278	-0.075331	-0.075245	-0.075225	-0.075390	-0.075275
622.000000	-0.075084	-0.075132	-0.075221	-0.075103	-0.075110	-0.075236	-0.075128
623.000000	-0.074954	-0.075049	-0.075114	-0.074993	-0.075022	-0.075055	-0.075013
624.000000	-0.074924	-0.074997	-0.074999	-0.074908	-0.074918	-0.074944	-0.074907
625.000000	-0.074921	-0.074929	-0.074870	-0.074819	-0.074787	-0.074879	-0.074787
626.000000	-0.074766	-0.074790	-0.074727	-0.074679	-0.074641	-0.074749	-0.074633
627.000000	-0.074455	-0.074581	-0.074567	-0.074483	-0.074483	-0.074527	-0.074456
628.000000	-0.074171	-0.074370	-0.074390	-0.074263	-0.074301	-0.074288	-0.074307
629.000000	-0.074014	-0.074197	-0.074208	-0.074058	-0.074110	-0.074096	-0.074196
630.000000	-0.073933	-0.074047	-0.074046	-0.073908	-0.073968	-0.073991	-0.074078
631.000000	-0.073859	-0.073903	-0.073905	-0.073810	-0.073886	-0.073953	-0.073913
632.000000	-0.073710	-0.073741	-0.073724	-0.073667	-0.073754	-0.073825	-0.073693
633.000000	-0.073446	-0.073545	-0.073472	-0.073420	-0.073502	-0.073511	-0.073426
634.000000	-0.073184	-0.073331	-0.073240	-0.073169	-0.073230	-0.073161	-0.073170
635.000000	-0.073033	-0.073118	-0.073111	-0.073016	-0.073046	-0.072937	-0.072980
636.000000	-0.072930	-0.072914	-0.073007	-0.072903	-0.072927	-0.072819	-0.072841
637.000000	-0.072772	-0.072725	-0.072823	-0.072735	-0.072812	-0.072732	-0.072718
638.000000	-0.072567	-0.072544	-0.072587	-0.072523	-0.072672	-0.072613	-0.072581
639.000000	-0.072369	-0.072360	-0.072385	-0.072324	-0.072494	-0.072418	-0.072407
640.000000	-0.072200	-0.072193	-0.072228	-0.072162	-0.072302	-0.072197	-0.072214
641.000000	-0.072058	-0.072076	-0.072083	-0.072041	-0.072140	-0.072054	-0.072045
642.000000	-0.071947	-0.072013	-0.071965	-0.071959	-0.072019	-0.071999	-0.071926
643.000000	-0.071874	-0.071975	-0.071924	-0.071914	-0.071921	-0.071950	-0.071866
644.000000	-0.071827	-0.071937	-0.071946	-0.071888	-0.071833	-0.071865	-0.071843
645.000000	-0.071767	-0.071872	-0.071922	-0.071849	-0.071749	-0.071756	-0.071801
646.000000	-0.071685	-0.071784	-0.071816	-0.071785	-0.071677	-0.071654	-0.071721
647.000000	-0.071631	-0.071722	-0.071737	-0.071718	-0.071650	-0.071621	-0.071661
648.000000	-0.071644	-0.071724	-0.071762	-0.071675	-0.071684	-0.071689	-0.071666
649.000000	-0.071720	-0.071782	-0.071843	-0.071690	-0.071751	-0.071797	-0.071736
650.000000	-0.071833	-0.071868	-0.071917	-0.071767	-0.071814	-0.071879	-0.071840
651.000000	-0.071893	-0.071921	-0.071928	-0.071805	-0.071834	-0.071896	-0.071882
652.000000	-0.071812	-0.071877	-0.071831	-0.071700	-0.071770	-0.071818	-0.071768
653.000000	-0.071603	-0.071704	-0.071620	-0.071481	-0.071598	-0.071639	-0.071540
654.000000	-0.071312	-0.071391	-0.071308	-0.071223	-0.071305	-0.071367	-0.071285
655.000000	-0.070984	-0.070997	-0.070950	-0.070951	-0.070956	-0.071033	-0.071020
656.000000	-0.070662	-0.070614	-0.070618	-0.070667	-0.070651	-0.070687	-0.070734
657.000000	-0.070395	-0.070321	-0.070356	-0.070399	-0.070427	-0.070392	-0.070457
658.000000	-0.070234	-0.070182	-0.070184	-0.070196	-0.070270	-0.070217	-0.070251
659.000000	-0.070173	-0.070178	-0.070105	-0.070087	-0.070172	-0.070163	-0.070140
660.000000	-0.070145	-0.070207	-0.070103	-0.070072	-0.070134	-0.070151	-0.070107
661.000000	-0.070107	-0.070208	-0.070142	-0.070119	-0.070135	-0.070141	-0.070121
662.000000	-0.070054	-0.070190	-0.070163	-0.070147	-0.070125	-0.070152	-0.070129
663.000000	-0.069971	-0.070134	-0.070102	-0.070082	-0.070048	-0.070155	-0.070072
664.000000	-0.069821	-0.069949	-0.069897	-0.069882	-0.069848	-0.070000	-0.069882
665.000000	-0.069572	-0.069588	-0.069528	-0.069537	-0.069504	-0.069600	-0.069527
666.000000	-0.069233	-0.069165	-0.069112	-0.069130	-0.069095	-0.069115	-0.069096
667.000000	-0.068828	-0.068796	-0.068765	-0.068746	-0.068703	-0.068716	-0.068687
668.000000	-0.068417	-0.068462	-0.068471	-0.068392	-0.068327	-0.068400	-0.068333
669.000000	-0.068062	-0.068118	-0.068180	-0.068057	-0.067952	-0.068118	-0.068045
670.000000	-0.067751	-0.067796	-0.067868	-0.067757	-0.067627	-0.067848	-0.067780
671.000000	-0.067446	-0.067556	-0.067530	-0.067513	-0.067416	-0.067580	-0.067484
672.000000	-0.067185	-0.067388	-0.067232	-0.067323	-0.067287	-0.067322	-0.067201
673.000000	-0.067045	-0.067243	-0.067077	-0.067167	-0.067154	-0.067089	-0.067024
674.000000	-0.067010	-0.067105	-0.067053	-0.067046	-0.067010	-0.066913	-0.066960
675.000000	-0.066982	-0.066990	-0.067046	-0.066976	-0.066910	-0.066831	-0.066932
676.000000	-0.066918	-0.066900	-0.066995	-0.066945	-0.066872	-0.066838	-0.066902
677.000000	-0.066842	-0.066824	-0.066909	-0.066902	-0.066862	-0.066875	-0.066875
678.000000	-0.066782	-0.066771	-0.066808	-0.066825	-0.066856	-0.066888	-0.066845
679.000000	-0.066759	-0.066787	-0.066732	-0.066748	-0.066851	-0.066837	-0.066783
680.000000	-0.066765	-0.066868	-0.066693	-0.066696	-0.066835	-0.066720	-0.066680
681.000000	-0.066712	-0.066880	-0.066639	-0.066659	-0.066767	-0.066621	-0.066583
682.000000	-0.066549	-0.066736	-0.066531	-0.066624	-0.066632	-0.066606	-0.066535
683.000000	-0.066420	-0.066590	-0.066439	-0.066587	-0.066531	-0.066621	-0.066527
684.000000	-0.066465	-0.066605	-0.066436	-0.066551	-0.066559	-0.066600	-0.066542
685.000000	-0.066588	-0.066691	-0.066498	-0.066533	-0.066637	-0.066560	-0.066566
686.000000	-0.066635	-0.066696	-0.066573	-0.066553	-0.066641	-0.066541	-0.066590
687.000000	-0.066601	-0.066628	-0.066629	-0.066581	-0.066584	-0.066553	-0.066612
688.000000	-0.066556	-0.066569	-0.066647	-0.066571	-0.066543	-0.066593	-0.066639
689.000000	-0.066544	-0.066569	-0.066647	-0.066550	-0.066544	-0.066665	-0.066681
690.000000	-0.066593	-0.066651	-0.066677	-0.066592	-0.066584	-0.066772	-0.066755
691.000000	-0.066701	-0.066799	-0.066749	-0.066712	-0.066660	-0.066883	-0.066855
692.000000	-0.066836	-0.066960	-0.066837	-0.066859	-0.066770	-0.066924	-0.066958
693.000000	-0.066948	-0.067063	-0.066906	-0.066964	-0.066879	-0.066872	-0.067014
694.000000	-0.066965	-0.067027	-0.066904	-0.066925	-0.066910	-0.066763	-0.066938
695.000000	-0.066880	-0.066858	-0.066834	-0.066747	-0.066851	-0.066666	-0.066743
696.000000	-0.066823	-0.066735	-0.066806	-0.066636	-0.066827	-0.066693	-0.066638
697.000000	-0.066881	-0.066777	-0.066890	-0.066732	-0.066911	-0.066890	-0.066756
698.000000	-0.066981	-0.066875	-0.067023	-0.066917	-0.066982	-0.067087	-0.066959
699.000000	-0.067049	-0.066922	-0.067131	-0.067059	-0.066939	-0.067138	-0.067100
700.000000	-0.067109	-0.066957	-0.067201	-0.067153	-0.066896	-0.067137	-0.067177
701.000000	-0.067198	-0.067042	-0.067240	-0.067219	-0.066987	-0.067207	-0.067228
702.000000	-0.067280	-0.067137	-0.067292	-0.067248	-0.067157	-0.067287	-0.067262
703.000000	-0.067298	-0.067174	-0.067403	-0.067223	-0.067288	-0.067261	-0.067284
704.000000	-0.067270	-0.067189	-0.067511	-0.067174	-0.067347	-0.067191	-0.067288
705.000000	-0.067250	-0.067266	-0.067498	-0.067155	-0.067353	-0.067220	-0.067266
706.000000	-0.067265	-0.067360	-0.067381	-0.067152	-0.067319	-0.067318	-0.067229
707.000000	-0.067320	-0.067330	-0.067271	-0.067104	-0.067258	-0.067325	-0.067203
708.000000	-0.067350	-0.067181	-0.067210	-0.067013	-0.067181	-0.067229	-0.067183
709.000000	-0.067223	-0.067078	-0.067165	-0.066944	-0.067097	-0.067176	-0.067128
710.000000	-0.066965	-0.067067	-0.067103	-0.066921	-0.067018	-0.067208	-0.067035
711.000000	-0.066848	-0.066999	-0.067000	-0.066900	-0.066955	-0.067190	-0.066953
712.000000	-0.066955	-0.066800	-0.066852	-0.066834	-0.066900	-0.067034	-0.066891
713.000000	-0.066917	-0.066594	-0.066694	-0.066691	-0.066792	-0.066782	-0.066755
714.000000	-0.066500	-0.066475	-0.066549	-0.066469	-0.066601	-0.066493	-0.066496
715.000000	-0.066077	-0.066366	-0.066403	-0.066257	-0.066404	-0.066224	-0.066257
716.000000	-0.066006	-0.066182	-0.066240	-0.066132	-0.066267	-0.066016	-0.066158
717.000000	-0.066040	-0.065943	-0.066089	-0.066043	-0.066107	-0.065845	-0.066059
718.000000	-0.065819	-0.065692	-0.065971	-0.065907	-0.065820	-0.065666	-0.065781
719.000000	-0.065403	-0.065417	-0.065769	-0.065667	-0.065470	-0.065449	-0.065418
720.000000	-0.065019	-0.065091	-0.065338	-0.065291	-0.065178	-0.065177	-0.065159
721.000000	-0.064798	-0.064796	-0.064851	-0.064897	-0.064938	-0.064914	-0.064980
722.000000	-0.064804	-0.064667	-0.064650	-0.064680	-0.064680	-0.064762	-0.064738
723.000000	-0.064863	-0.064635	-0.064649	-0.064616	-0.064465	-0.064667	-0.064437
724.000000	-0.064613	-0.064467	-0.064416	-0.064502	-0.064465	-0.064451	-0.064205
725.000000	-0.064065	-0.064159	-0.063946	-0.064271	-0.064635	-0.064114	-0.064076
726.000000	-0.063673	-0.063982	-0.063748	-0.064018	-0.064668	-0.063868	-0.063973
727.000000	-0.063624	-0.064025	-0.063957	-0.063801	-0.064432	-0.063815	-0.063847
728.000000	-0.063617	-0.064048	-0.064035	-0.063592	-0.064109	-0.063851	-0.063713
729.000000	-0.063504	-0.063925	-0.063728	-0.063442	-0.063881	-0.063923	-0.063628
730.000000	-0.063606	-0.063866	-0.063598	-0.063610	-0.063869	-0.064154	-0.063739
731.000000	-0.064186	-0.064051	-0.064119	-0.064274	-0.064136	-0.064633	-0.064147
732.000000	-0.065063	-0.064393	-0.065057	-0.065235	-0.064565	-0.065263	-0.064731
