[HEADER]
Format	J&M ASCII Table
Comment	
Date	5/30/2023 8:29:56 AM
Order	Y (evenX)
TechType	UV
NumPoints	483
FirstX	250.00
LastX	732.00
XType	NMetr
YType	Absrb
ZType	Secs
NumSubFile	7
Matrix	Z vs X
[DATA]
	0.000000	5.000064	10.000128	15.000256	20.000320	25.000383	30.000511
250.000000	0.514957	0.515231	0.514684	0.514412	0.514855	0.514334	0.514114
251.000000	0.515493	0.515631	0.515270	0.514906	0.515465	0.514907	0.514432
252.000000	0.516542	0.516212	0.516063	0.516187	0.516168	0.516103	0.515193
253.000000	0.517893	0.517244	0.517248	0.517912	0.517244	0.517691	0.516621
254.000000	0.519401	0.518943	0.518953	0.519763	0.518910	0.519443	0.518797
255.000000	0.521309	0.521270	0.521079	0.521774	0.521071	0.521338	0.521289
256.000000	0.523856	0.524088	0.523489	0.524027	0.523558	0.523406	0.523651
257.000000	0.526785	0.527048	0.526137	0.526449	0.526181	0.525736	0.525989
258.000000	0.529728	0.529786	0.529014	0.528954	0.528785	0.528430	0.528578
259.000000	0.532756	0.532456	0.532204	0.531803	0.531612	0.531540	0.531574
260.000000	0.536149	0.535451	0.535813	0.535384	0.535070	0.535073	0.535046
261.000000	0.539819	0.538802	0.539523	0.539354	0.538915	0.538769	0.538748
262.000000	0.543395	0.542250	0.542709	0.542822	0.542420	0.542172	0.542193
263.000000	0.546530	0.545488	0.545284	0.545530	0.545284	0.545059	0.545103
264.000000	0.548915	0.548164	0.547787	0.547951	0.547706	0.547482	0.547440
265.000000	0.550539	0.550148	0.550300	0.550227	0.549760	0.549489	0.549248
266.000000	0.551888	0.551698	0.552070	0.551866	0.551260	0.551093	0.550671
267.000000	0.553212	0.552923	0.552670	0.552542	0.552082	0.552238	0.551766
268.000000	0.554031	0.553459	0.552697	0.552507	0.552318	0.552698	0.552318
269.000000	0.553900	0.553032	0.552699	0.552056	0.552084	0.552318	0.552142
270.000000	0.552980	0.552041	0.552359	0.551288	0.551456	0.551329	0.551318
271.000000	0.551530	0.550929	0.551206	0.550206	0.550445	0.549989	0.549952
272.000000	0.549475	0.549363	0.549140	0.548503	0.548715	0.548144	0.547881
273.000000	0.546636	0.546769	0.546210	0.545801	0.545855	0.545514	0.544889
274.000000	0.543088	0.543083	0.542574	0.542205	0.541984	0.542121	0.541218
275.000000	0.539046	0.538556	0.538450	0.538092	0.537535	0.538164	0.537350
276.000000	0.534585	0.533627	0.534030	0.533679	0.532891	0.533759	0.533270
277.000000	0.529660	0.528886	0.529476	0.529042	0.528382	0.528950	0.528541
278.000000	0.524315	0.524373	0.524703	0.524125	0.523890	0.523786	0.523125
279.000000	0.518706	0.519428	0.519309	0.518715	0.518742	0.518329	0.517506
280.000000	0.512973	0.513712	0.513251	0.512755	0.512717	0.512635	0.511925
281.000000	0.507201	0.507585	0.507191	0.506495	0.506526	0.506750	0.506097
282.000000	0.501437	0.501418	0.501525	0.500199	0.500699	0.500739	0.499866
283.000000	0.495621	0.495398	0.495636	0.494060	0.494949	0.494729	0.493617
284.000000	0.489708	0.489584	0.489019	0.488215	0.488956	0.488816	0.487729
285.000000	0.483790	0.483630	0.482456	0.482593	0.482897	0.482901	0.482132
286.000000	0.477959	0.477202	0.476886	0.477050	0.477036	0.476867	0.476630
287.000000	0.472041	0.470829	0.471790	0.471325	0.471269	0.470841	0.471024
288.000000	0.465803	0.465327	0.466134	0.465170	0.465371	0.465041	0.465152
289.000000	0.459683	0.460480	0.460154	0.459048	0.459506	0.459558	0.459275
290.000000	0.454501	0.455441	0.454853	0.453829	0.454073	0.454393	0.453899
291.000000	0.450045	0.449970	0.450179	0.449305	0.449029	0.449345	0.448975
292.000000	0.445143	0.444419	0.445080	0.444254	0.443919	0.444031	0.443929
293.000000	0.439490	0.439080	0.439320	0.438413	0.438623	0.438442	0.438572
294.000000	0.434049	0.434129	0.433862	0.432916	0.433520	0.433098	0.433276
295.000000	0.429397	0.429570	0.429208	0.428398	0.428801	0.428279	0.428286
296.000000	0.425095	0.425074	0.424720	0.424227	0.424196	0.423676	0.423491
297.000000	0.420657	0.420330	0.419842	0.419769	0.419433	0.418998	0.418744
298.000000	0.415849	0.415231	0.414740	0.414898	0.414426	0.414241	0.413932
299.000000	0.410575	0.409787	0.409675	0.409652	0.409167	0.409436	0.408977
300.000000	0.405164	0.404405	0.404668	0.404394	0.403855	0.404528	0.403953
301.000000	0.400017	0.399515	0.399664	0.399502	0.398724	0.399445	0.398951
302.000000	0.395064	0.394796	0.394599	0.394699	0.393745	0.394239	0.393859
303.000000	0.390032	0.389636	0.389420	0.389453	0.388778	0.389016	0.388499
304.000000	0.384921	0.384228	0.384269	0.383947	0.383843	0.383853	0.383117
305.000000	0.379921	0.379313	0.379413	0.378848	0.379064	0.378804	0.378233
306.000000	0.375113	0.374941	0.374831	0.374248	0.374387	0.373878	0.373792
307.000000	0.370461	0.370447	0.370206	0.369640	0.369572	0.369035	0.369147
308.000000	0.365835	0.365516	0.365378	0.364769	0.364589	0.364250	0.364053
309.000000	0.360973	0.360422	0.360450	0.359799	0.359738	0.359527	0.358927
310.000000	0.355822	0.355441	0.355536	0.354904	0.355169	0.354858	0.354100
311.000000	0.350829	0.350734	0.350725	0.350206	0.350624	0.350201	0.349583
312.000000	0.346343	0.346332	0.346059	0.345732	0.345879	0.345534	0.345282
313.000000	0.342129	0.341861	0.341436	0.341225	0.341034	0.340903	0.340900
314.000000	0.337868	0.336986	0.336756	0.336463	0.336234	0.336365	0.336195
315.000000	0.333489	0.332048	0.332114	0.331763	0.331506	0.331952	0.331464
316.000000	0.329011	0.327561	0.327647	0.327551	0.326853	0.327674	0.327123
317.000000	0.324492	0.323548	0.323307	0.323628	0.322440	0.323420	0.323024
318.000000	0.320011	0.319775	0.318967	0.319503	0.318488	0.319035	0.318756
319.000000	0.315620	0.315912	0.314690	0.315109	0.314790	0.314589	0.314340
320.000000	0.311352	0.311579	0.310677	0.310701	0.310835	0.310317	0.310112
321.000000	0.307219	0.306901	0.306838	0.306431	0.306539	0.306215	0.306115
322.000000	0.303214	0.302559	0.302763	0.302334	0.302300	0.302009	0.302059
323.000000	0.299334	0.298815	0.298392	0.298423	0.298311	0.297680	0.297850
324.000000	0.295578	0.295193	0.294270	0.294687	0.294383	0.293641	0.293736
325.000000	0.291872	0.291349	0.290665	0.291056	0.290399	0.290100	0.289873
326.000000	0.287965	0.287437	0.287038	0.287304	0.286508	0.286645	0.286110
327.000000	0.283716	0.283614	0.282936	0.283283	0.282810	0.282898	0.282288
328.000000	0.279499	0.279764	0.278693	0.279220	0.279073	0.278949	0.278395
329.000000	0.275713	0.275756	0.274759	0.275374	0.275078	0.274978	0.274475
330.000000	0.272188	0.271732	0.271176	0.271674	0.271118	0.271037	0.270679
331.000000	0.268576	0.267909	0.267827	0.267941	0.267600	0.267141	0.267156
332.000000	0.264838	0.264241	0.264469	0.264154	0.264233	0.263375	0.263686
333.000000	0.261101	0.260556	0.260818	0.260374	0.260392	0.259849	0.259876
334.000000	0.257386	0.256923	0.256967	0.256697	0.256276	0.256487	0.255922
335.000000	0.253631	0.253595	0.253304	0.253243	0.252725	0.253064	0.252471
336.000000	0.249890	0.250495	0.249905	0.249967	0.249801	0.249499	0.249533
337.000000	0.246348	0.247147	0.246459	0.246632	0.246618	0.245884	0.246353
338.000000	0.243063	0.243392	0.242841	0.243119	0.242807	0.242319	0.242616
339.000000	0.239851	0.239666	0.239279	0.239531	0.238985	0.238893	0.238855
340.000000	0.236568	0.236267	0.235937	0.235969	0.235609	0.235643	0.235454
341.000000	0.233241	0.232980	0.232719	0.232459	0.232458	0.232458	0.232198
342.000000	0.229913	0.229602	0.229512	0.229023	0.229282	0.229245	0.228860
343.000000	0.226589	0.226309	0.226316	0.225698	0.226166	0.226058	0.225564
344.000000	0.223277	0.223313	0.223159	0.222520	0.223233	0.222966	0.222478
345.000000	0.220088	0.220430	0.220080	0.219472	0.220325	0.219881	0.219488
346.000000	0.217149	0.217363	0.217112	0.216521	0.217206	0.216683	0.216402
347.000000	0.214373	0.214174	0.214204	0.213673	0.213966	0.213472	0.213304
348.000000	0.211555	0.211129	0.211264	0.210952	0.210870	0.210470	0.210428
349.000000	0.208673	0.208330	0.208332	0.208322	0.207984	0.207701	0.207772
350.000000	0.205853	0.205733	0.205554	0.205694	0.205205	0.205027	0.205143
351.000000	0.203129	0.203231	0.202941	0.202993	0.202477	0.202391	0.202436
352.000000	0.200415	0.200644	0.200336	0.200163	0.199812	0.199852	0.199669
353.000000	0.197678	0.197931	0.197680	0.197272	0.197224	0.197403	0.196932
354.000000	0.195000	0.195315	0.195119	0.194622	0.194721	0.194909	0.194439
355.000000	0.192452	0.192920	0.192714	0.192331	0.192288	0.192292	0.192276
356.000000	0.190042	0.190524	0.190238	0.189951	0.189852	0.189663	0.190136
357.000000	0.187754	0.187939	0.187532	0.187132	0.187370	0.187158	0.187742
358.000000	0.185532	0.185379	0.184911	0.184365	0.184982	0.184870	0.185211
359.000000	0.183309	0.183101	0.182730	0.182228	0.182826	0.182837	0.182740
360.000000	0.181063	0.180957	0.180743	0.180419	0.180703	0.180842	0.180363
361.000000	0.178788	0.178661	0.178509	0.178336	0.178322	0.178591	0.178052
362.000000	0.176476	0.176235	0.176063	0.176004	0.175799	0.176111	0.175797
363.000000	0.174120	0.173877	0.173715	0.173800	0.173482	0.173620	0.173599
364.000000	0.171779	0.171646	0.171537	0.171734	0.171402	0.171248	0.171415
365.000000	0.169560	0.169473	0.169388	0.169491	0.169314	0.169043	0.169167
366.000000	0.167469	0.167320	0.167222	0.167044	0.167142	0.166981	0.166917
367.000000	0.165368	0.165201	0.165128	0.164750	0.165043	0.164957	0.164914
368.000000	0.163206	0.163112	0.163126	0.162787	0.163064	0.162904	0.163160
369.000000	0.161108	0.161009	0.161103	0.160952	0.161005	0.160840	0.161172
370.000000	0.159130	0.158853	0.158965	0.159030	0.158746	0.158769	0.158668
371.000000	0.157073	0.156629	0.156719	0.156897	0.156450	0.156627	0.156098
372.000000	0.154766	0.154360	0.154411	0.154511	0.154287	0.154379	0.153908
373.000000	0.152368	0.152215	0.152157	0.152092	0.152225	0.152152	0.151942
374.000000	0.150091	0.150336	0.150060	0.149888	0.150174	0.150081	0.149904
375.000000	0.147876	0.148408	0.148012	0.147820	0.148046	0.148028	0.147656
376.000000	0.145579	0.145995	0.145836	0.145693	0.145771	0.145778	0.145153
377.000000	0.143356	0.143403	0.143611	0.143521	0.143464	0.143495	0.142696
378.000000	0.141532	0.141363	0.141568	0.141444	0.141344	0.141562	0.140768
379.000000	0.139996	0.139822	0.139722	0.139495	0.139446	0.139897	0.139284
380.000000	0.138252	0.138026	0.137896	0.137606	0.137636	0.138009	0.137649
381.000000	0.136161	0.135768	0.135980	0.135722	0.135782	0.135775	0.135627
382.000000	0.134067	0.133607	0.133965	0.133809	0.133767	0.133585	0.133482
383.000000	0.132141	0.131824	0.131871	0.131835	0.131594	0.131655	0.131410
384.000000	0.130139	0.130073	0.129770	0.129766	0.129501	0.129788	0.129408
385.000000	0.127924	0.128065	0.127730	0.127628	0.127650	0.127819	0.127463
386.000000	0.125802	0.125905	0.125799	0.125614	0.125889	0.125805	0.125611
387.000000	0.124053	0.123776	0.124003	0.123873	0.124060	0.123842	0.123868
388.000000	0.122466	0.121908	0.122291	0.122209	0.122219	0.122018	0.122127
389.000000	0.120742	0.120466	0.120593	0.120378	0.120456	0.120393	0.120279
390.000000	0.118925	0.119072	0.118845	0.118483	0.118682	0.118857	0.118447
391.000000	0.117195	0.117189	0.117002	0.116751	0.116759	0.117241	0.116836
392.000000	0.115600	0.115095	0.115201	0.115213	0.114901	0.115565	0.115390
393.000000	0.114096	0.113544	0.113679	0.113772	0.113518	0.113962	0.113902
394.000000	0.112600	0.112509	0.112378	0.112349	0.112502	0.112426	0.112300
395.000000	0.110991	0.111249	0.110970	0.110885	0.111271	0.110825	0.110641
396.000000	0.109278	0.109500	0.109350	0.109360	0.109595	0.109128	0.108962
397.000000	0.107638	0.107680	0.107719	0.107814	0.107736	0.107451	0.107268
398.000000	0.106176	0.106081	0.106186	0.106286	0.105934	0.105892	0.105599
399.000000	0.104827	0.104656	0.104632	0.104815	0.104309	0.104495	0.104068
400.000000	0.103499	0.103310	0.102991	0.103401	0.102907	0.103218	0.102719
401.000000	0.102091	0.101927	0.101439	0.101931	0.101597	0.101773	0.101359
402.000000	0.100540	0.100422	0.100124	0.100323	0.100238	0.099953	0.099835
403.000000	0.098962	0.098880	0.098854	0.098722	0.098798	0.098112	0.098366
404.000000	0.097510	0.097418	0.097398	0.097305	0.097291	0.096686	0.097206
405.000000	0.096230	0.096050	0.095907	0.096028	0.095829	0.095580	0.096113
406.000000	0.095105	0.094747	0.094661	0.094760	0.094548	0.094486	0.094682
407.000000	0.093951	0.093504	0.093570	0.093439	0.093371	0.093268	0.093049
408.000000	0.092491	0.092324	0.092318	0.092049	0.092097	0.091908	0.091677
409.000000	0.090842	0.091121	0.090880	0.090661	0.090735	0.090535	0.090629
410.000000	0.089475	0.089735	0.089505	0.089416	0.089485	0.089409	0.089602
411.000000	0.088486	0.088235	0.088286	0.088334	0.088382	0.088510	0.088446
412.000000	0.087454	0.086997	0.087097	0.087257	0.087233	0.087431	0.087231
413.000000	0.086164	0.086139	0.085886	0.086091	0.085962	0.086011	0.086018
414.000000	0.084889	0.085224	0.084774	0.084886	0.084767	0.084621	0.084823
415.000000	0.083836	0.083964	0.083833	0.083717	0.083772	0.083543	0.083659
416.000000	0.082871	0.082691	0.082931	0.082683	0.082811	0.082622	0.082565
417.000000	0.081842	0.081742	0.081941	0.081842	0.081728	0.081670	0.081572
418.000000	0.080804	0.080950	0.080920	0.081022	0.080677	0.080728	0.080665
419.000000	0.079857	0.080045	0.079963	0.080026	0.079848	0.079872	0.079810
420.000000	0.078975	0.079026	0.079045	0.078928	0.079115	0.079003	0.078937
421.000000	0.078083	0.078000	0.078101	0.077899	0.078228	0.077966	0.077965
422.000000	0.077160	0.077013	0.077126	0.076954	0.077133	0.076824	0.076889
423.000000	0.076218	0.076073	0.076156	0.076007	0.075898	0.075773	0.075753
424.000000	0.075262	0.075184	0.075202	0.075030	0.074679	0.074860	0.074646
425.000000	0.074289	0.074352	0.074251	0.074045	0.073701	0.073994	0.073697
426.000000	0.073300	0.073511	0.073289	0.073088	0.072970	0.073121	0.072909
427.000000	0.072300	0.072504	0.072301	0.072201	0.072203	0.072238	0.072113
428.000000	0.071324	0.071318	0.071309	0.071391	0.071267	0.071347	0.071230
429.000000	0.070462	0.070227	0.070415	0.070587	0.070373	0.070450	0.070373
430.000000	0.069746	0.069424	0.069655	0.069736	0.069660	0.069556	0.069620
431.000000	0.069023	0.068773	0.068863	0.068863	0.068942	0.068698	0.068861
432.000000	0.068160	0.068102	0.067903	0.068001	0.068042	0.067894	0.067998
433.000000	0.067250	0.067326	0.066937	0.067163	0.067067	0.067088	0.067124
434.000000	0.066428	0.066413	0.066169	0.066353	0.066180	0.066224	0.066355
435.000000	0.065658	0.065486	0.065514	0.065552	0.065387	0.065362	0.065620
436.000000	0.064844	0.064715	0.064777	0.064735	0.064628	0.064602	0.064788
437.000000	0.063981	0.064033	0.063940	0.063899	0.063867	0.063910	0.063898
438.000000	0.063121	0.063237	0.063089	0.063051	0.063082	0.063173	0.063091
439.000000	0.062293	0.062307	0.062264	0.062207	0.062247	0.062334	0.062367
440.000000	0.061507	0.061390	0.061464	0.061389	0.061338	0.061393	0.061601
441.000000	0.060749	0.060566	0.060683	0.060597	0.060420	0.060420	0.060734
442.000000	0.059976	0.059828	0.059914	0.059806	0.059679	0.059582	0.059800
443.000000	0.059190	0.059150	0.059146	0.059036	0.059158	0.058956	0.058886
444.000000	0.058487	0.058482	0.058372	0.058400	0.058619	0.058437	0.058167
445.000000	0.057906	0.057790	0.057600	0.057926	0.057892	0.057906	0.057701
446.000000	0.057315	0.057092	0.056868	0.057379	0.057094	0.057253	0.057187
447.000000	0.056592	0.056408	0.056208	0.056565	0.056361	0.056422	0.056372
448.000000	0.055816	0.055739	0.055577	0.055670	0.055701	0.055568	0.055476
449.000000	0.055103	0.055080	0.054927	0.054939	0.055087	0.054870	0.054795
450.000000	0.054480	0.054454	0.054295	0.054351	0.054508	0.054290	0.054292
451.000000	0.053930	0.053884	0.053744	0.053783	0.053950	0.053711	0.053809
452.000000	0.053374	0.053312	0.053207	0.053184	0.053329	0.053094	0.053267
453.000000	0.052698	0.052642	0.052555	0.052550	0.052529	0.052456	0.052639
454.000000	0.051947	0.051921	0.051854	0.051928	0.051680	0.051850	0.051961
455.000000	0.051298	0.051319	0.051331	0.051406	0.051116	0.051359	0.051319
456.000000	0.050798	0.050870	0.050986	0.050959	0.050850	0.050964	0.050743
457.000000	0.050334	0.050428	0.050525	0.050422	0.050485	0.050510	0.050191
458.000000	0.049829	0.049909	0.049829	0.049740	0.049827	0.049923	0.049642
459.000000	0.049299	0.049358	0.049136	0.049077	0.049095	0.049286	0.049121
460.000000	0.048765	0.048815	0.048614	0.048549	0.048483	0.048675	0.048639
461.000000	0.048238	0.048269	0.048147	0.048087	0.047995	0.048087	0.048148
462.000000	0.047727	0.047710	0.047613	0.047605	0.047589	0.047520	0.047606
463.000000	0.047243	0.047162	0.047069	0.047076	0.047157	0.047003	0.047045
464.000000	0.046788	0.046653	0.046597	0.046502	0.046609	0.046561	0.046506
465.000000	0.046301	0.046164	0.046175	0.045952	0.046044	0.046129	0.045989
466.000000	0.045715	0.045667	0.045738	0.045508	0.045613	0.045620	0.045479
467.000000	0.045104	0.045169	0.045252	0.045089	0.045243	0.045053	0.044984
468.000000	0.044617	0.044702	0.044704	0.044533	0.044748	0.044506	0.044527
469.000000	0.044290	0.044304	0.044185	0.043949	0.044165	0.044048	0.044131
470.000000	0.044063	0.044012	0.043867	0.043653	0.043713	0.043734	0.043814
471.000000	0.043815	0.043776	0.043707	0.043606	0.043410	0.043487	0.043522
472.000000	0.043366	0.043441	0.043409	0.043340	0.043033	0.043074	0.043118
473.000000	0.042709	0.042941	0.042848	0.042680	0.042501	0.042452	0.042579
474.000000	0.042154	0.042373	0.042217	0.042014	0.042004	0.041915	0.042097
475.000000	0.041871	0.041831	0.041691	0.041616	0.041670	0.041638	0.041782
476.000000	0.041601	0.041363	0.041305	0.041335	0.041394	0.041394	0.041482
477.000000	0.041113	0.040986	0.041039	0.041001	0.041064	0.040979	0.041054
478.000000	0.040543	0.040639	0.040732	0.040614	0.040674	0.040503	0.040543
479.000000	0.040085	0.040261	0.040245	0.040218	0.040249	0.040124	0.040040
480.000000	0.039758	0.039889	0.039753	0.039840	0.039807	0.039822	0.039629
481.000000	0.039516	0.039591	0.039509	0.039498	0.039365	0.039520	0.039374
482.000000	0.039294	0.039346	0.039375	0.039195	0.038969	0.039179	0.039196
483.000000	0.039020	0.039091	0.039032	0.038923	0.038672	0.038790	0.038945
484.000000	0.038687	0.038779	0.038509	0.038634	0.038440	0.038383	0.038596
485.000000	0.038333	0.038380	0.038100	0.038252	0.038181	0.038018	0.038214
486.000000	0.037982	0.037936	0.037881	0.037806	0.037858	0.037701	0.037840
487.000000	0.037637	0.037565	0.037667	0.037436	0.037501	0.037379	0.037475
488.000000	0.037290	0.037298	0.037359	0.037184	0.037147	0.037038	0.037132
489.000000	0.036927	0.037014	0.037010	0.036911	0.036840	0.036738	0.036844
490.000000	0.036554	0.036647	0.036668	0.036545	0.036598	0.036507	0.036607
491.000000	0.036228	0.036305	0.036329	0.036201	0.036386	0.036281	0.036330
492.000000	0.035984	0.036068	0.035984	0.035969	0.036157	0.036001	0.035947
493.000000	0.035742	0.035822	0.035624	0.035742	0.035853	0.035694	0.035546
494.000000	0.035416	0.035444	0.035241	0.035400	0.035433	0.035387	0.035221
495.000000	0.035025	0.034987	0.034847	0.034964	0.034962	0.035030	0.034928
496.000000	0.034623	0.034558	0.034460	0.034506	0.034536	0.034564	0.034590
497.000000	0.034245	0.034214	0.034133	0.034120	0.034194	0.034088	0.034223
498.000000	0.033913	0.033982	0.033925	0.033898	0.033941	0.033766	0.033883
499.000000	0.033623	0.033795	0.033746	0.033728	0.033706	0.033568	0.033572
500.000000	0.033347	0.033520	0.033405	0.033361	0.033371	0.033323	0.033250
501.000000	0.033045	0.033124	0.032909	0.032809	0.032933	0.032959	0.032882
502.000000	0.032667	0.032676	0.032468	0.032358	0.032510	0.032507	0.032438
503.000000	0.032215	0.032235	0.032169	0.032106	0.032150	0.032032	0.031963
504.000000	0.031781	0.031830	0.031893	0.031843	0.031785	0.031638	0.031606
505.000000	0.031425	0.031480	0.031560	0.031452	0.031391	0.031372	0.031419
506.000000	0.031132	0.031174	0.031215	0.031061	0.031067	0.031157	0.031219
507.000000	0.030865	0.030889	0.030894	0.030780	0.030861	0.030908	0.030860
508.000000	0.030564	0.030566	0.030565	0.030537	0.030608	0.030588	0.030422
509.000000	0.030181	0.030161	0.030192	0.030240	0.030152	0.030178	0.030011
510.000000	0.029766	0.029742	0.029804	0.029858	0.029619	0.029733	0.029621
511.000000	0.029393	0.029396	0.029438	0.029393	0.029192	0.029315	0.029219
512.000000	0.029041	0.029066	0.029059	0.028929	0.028850	0.028914	0.028820
513.000000	0.028654	0.028644	0.028608	0.028576	0.028484	0.028489	0.028459
514.000000	0.028245	0.028185	0.028128	0.028283	0.028086	0.028063	0.028124
515.000000	0.027872	0.027844	0.027727	0.027901	0.027711	0.027705	0.027772
516.000000	0.027549	0.027608	0.027440	0.027446	0.027384	0.027416	0.027417
517.000000	0.027242	0.027301	0.027223	0.027090	0.027101	0.027131	0.027121
518.000000	0.026929	0.026881	0.027003	0.026858	0.026831	0.026810	0.026875
519.000000	0.026609	0.026491	0.026664	0.026562	0.026506	0.026444	0.026561
520.000000	0.026273	0.026197	0.026185	0.026115	0.026101	0.026041	0.026129
521.000000	0.025901	0.025865	0.025737	0.025661	0.025679	0.025645	0.025677
522.000000	0.025490	0.025413	0.025438	0.025312	0.025295	0.025292	0.025287
523.000000	0.025087	0.024979	0.025174	0.025013	0.024960	0.024977	0.024942
524.000000	0.024737	0.024690	0.024826	0.024688	0.024666	0.024683	0.024613
525.000000	0.024425	0.024454	0.024438	0.024332	0.024387	0.024378	0.024289
526.000000	0.024124	0.024142	0.024087	0.023961	0.024094	0.024029	0.023970
527.000000	0.023820	0.023771	0.023780	0.023605	0.023786	0.023664	0.023662
528.000000	0.023505	0.023413	0.023491	0.023298	0.023477	0.023325	0.023374
529.000000	0.023171	0.023080	0.023177	0.023023	0.023153	0.023016	0.023071
530.000000	0.022811	0.022744	0.022787	0.022733	0.022791	0.022713	0.022696
531.000000	0.022442	0.022414	0.022361	0.022409	0.022412	0.022404	0.022293
532.000000	0.022107	0.022128	0.022016	0.022060	0.022077	0.022095	0.021986
533.000000	0.021814	0.021888	0.021779	0.021719	0.021804	0.021786	0.021794
534.000000	0.021530	0.021651	0.021561	0.021453	0.021557	0.021477	0.021593
535.000000	0.021246	0.021382	0.021300	0.021268	0.021301	0.021167	0.021316
536.000000	0.020993	0.021071	0.020996	0.021049	0.021013	0.020861	0.021014
537.000000	0.020782	0.020727	0.020667	0.020726	0.020684	0.020565	0.020723
538.000000	0.020547	0.020412	0.020367	0.020367	0.020337	0.020293	0.020412
539.000000	0.020235	0.020167	0.020131	0.020049	0.020002	0.020047	0.020059
540.000000	0.019889	0.019913	0.019906	0.019787	0.019704	0.019804	0.019722
541.000000	0.019566	0.019570	0.019629	0.019571	0.019459	0.019538	0.019465
542.000000	0.019275	0.019230	0.019324	0.019354	0.019244	0.019260	0.019248
543.000000	0.019006	0.019023	0.019038	0.019079	0.019024	0.018993	0.019000
544.000000	0.018750	0.018882	0.018764	0.018763	0.018782	0.018738	0.018721
545.000000	0.018500	0.018638	0.018472	0.018455	0.018513	0.018481	0.018444
546.000000	0.018261	0.018295	0.018186	0.018180	0.018228	0.018218	0.018177
547.000000	0.018047	0.017983	0.017974	0.017939	0.017946	0.017949	0.017906
548.000000	0.017846	0.017752	0.017830	0.017726	0.017683	0.017682	0.017631
549.000000	0.017620	0.017552	0.017663	0.017525	0.017451	0.017430	0.017376
550.000000	0.017353	0.017345	0.017431	0.017324	0.017240	0.017193	0.017149
551.000000	0.017073	0.017121	0.017168	0.017110	0.017013	0.016943	0.016940
552.000000	0.016830	0.016890	0.016919	0.016888	0.016768	0.016689	0.016749
553.000000	0.016706	0.016701	0.016727	0.016700	0.016598	0.016534	0.016597
554.000000	0.016698	0.016551	0.016576	0.016544	0.016526	0.016505	0.016463
555.000000	0.016475	0.016243	0.016247	0.016241	0.016291	0.016303	0.016165
556.000000	0.015838	0.015693	0.015639	0.015725	0.015745	0.015744	0.015636
557.000000	0.015654	0.015639	0.015531	0.015709	0.015649	0.015625	0.015617
558.000000	0.016732	0.016714	0.016606	0.016792	0.016685	0.016676	0.016732
559.000000	0.016626	0.016523	0.016436	0.016568	0.016461	0.016496	0.016542
560.000000	0.012114	0.011992	0.011884	0.011971	0.011892	0.011959	0.011926
561.000000	0.010396	0.010347	0.010184	0.010241	0.010211	0.010276	0.010150
562.000000	0.024526	0.024572	0.024383	0.024392	0.024424	0.024446	0.024310
563.000000	0.034577	0.034676	0.034514	0.034464	0.034546	0.034510	0.034450
564.000000	-0.010993	-0.010940	-0.011028	-0.011101	-0.011033	-0.011071	-0.011066
565.000000	-0.092911	-0.092980	-0.092988	-0.093036	-0.093042	-0.093019	-0.093007
566.000000	-0.089423	-0.089553	-0.089548	-0.089566	-0.089633	-0.089555	-0.089577
567.000000	0.037293	0.037230	0.037155	0.037145	0.037086	0.037157	0.037093
568.000000	0.135910	0.135948	0.135778	0.135780	0.135788	0.135795	0.135723
569.000000	0.097999	0.098086	0.097876	0.097904	0.098013	0.097918	0.097896
570.000000	0.016011	0.016089	0.015901	0.015925	0.016099	0.015936	0.015988
571.000000	-0.006702	-0.006680	-0.006794	-0.006834	-0.006692	-0.006829	-0.006725
572.000000	0.010230	0.010194	0.010161	0.010067	0.010117	0.010052	0.010171
573.000000	0.018646	0.018591	0.018603	0.018545	0.018499	0.018483	0.018575
574.000000	0.014524	0.014467	0.014488	0.014505	0.014398	0.014398	0.014443
575.000000	0.011443	0.011359	0.011374	0.011409	0.011302	0.011297	0.011304
576.000000	0.012176	0.012057	0.012062	0.012075	0.012011	0.011990	0.011965
577.000000	0.012987	0.012875	0.012871	0.012896	0.012879	0.012837	0.012774
578.000000	0.012664	0.012560	0.012570	0.012643	0.012645	0.012601	0.012532
579.000000	0.012265	0.012068	0.012143	0.012231	0.012202	0.012212	0.012258
580.000000	0.012242	0.011967	0.012076	0.012099	0.012043	0.012099	0.012260
581.000000	0.012193	0.012243	0.012137	0.012002	0.012069	0.011979	0.011880
582.000000	0.011950	0.012469	0.012068	0.011840	0.012076	0.011753	0.011250
583.000000	0.011863	0.011540	0.011647	0.011840	0.011737	0.011729	0.012025
584.000000	0.012013	0.009830	0.011083	0.011989	0.011184	0.011939	0.013968
585.000000	0.011641	0.011751	0.011712	0.011556	0.011764	0.011578	0.011505
586.000000	0.011738	0.019356	0.014917	0.011577	0.014896	0.011614	0.004609
587.000000	0.020573	0.023058	0.021572	0.020371	0.021505	0.020395	0.018061
588.000000	0.043812	0.013721	0.031229	0.043641	0.031186	0.043663	0.071235
589.000000	0.061653	0.001250	0.036464	0.061556	0.036453	0.061566	0.117000
590.000000	0.049324	0.000438	0.028963	0.049291	0.028915	0.049246	0.094145
591.000000	0.019919	0.008210	0.015065	0.019942	0.014955	0.019834	0.030616
592.000000	0.004652	0.012719	0.008024	0.004740	0.007930	0.004635	-0.002780
593.000000	0.007532	0.011738	0.009257	0.007651	0.009245	0.007610	0.003658
594.000000	0.012217	0.010272	0.011331	0.012233	0.011370	0.012264	0.013883
595.000000	0.011861	0.010368	0.011141	0.011708	0.011167	0.011766	0.012945
596.000000	0.010368	0.010712	0.010461	0.010211	0.010448	0.010199	0.009766
597.000000	0.010115	0.010564	0.010341	0.010161	0.010310	0.010015	0.009633
598.000000	0.010318	0.010321	0.010355	0.010512	0.010373	0.010323	0.010438
599.000000	0.010294	0.010271	0.010179	0.010425	0.010312	0.010350	0.010438
600.000000	0.010176	0.010244	0.009998	0.010167	0.010203	0.010213	0.010079
601.000000	0.010127	0.010088	0.009980	0.010045	0.010130	0.010094	0.009917
602.000000	0.010078	0.009898	0.010015	0.010004	0.010051	0.009994	0.009902
603.000000	0.009938	0.009793	0.009964	0.009939	0.009915	0.009887	0.009884
604.000000	0.009776	0.009745	0.009838	0.009854	0.009793	0.009794	0.009816
605.000000	0.009690	0.009692	0.009693	0.009782	0.009770	0.009741	0.009689
606.000000	0.009678	0.009636	0.009573	0.009728	0.009790	0.009718	0.009568
607.000000	0.009688	0.009600	0.009513	0.009680	0.009746	0.009694	0.009538
608.000000	0.009651	0.009551	0.009474	0.009605	0.009622	0.009632	0.009530
609.000000	0.009493	0.009420	0.009381	0.009463	0.009462	0.009497	0.009389
610.000000	0.009276	0.009258	0.009254	0.009304	0.009322	0.009323	0.009168
611.000000	0.009181	0.009215	0.009206	0.009261	0.009260	0.009208	0.009108
612.000000	0.009229	0.009283	0.009227	0.009315	0.009253	0.009168	0.009221
613.000000	0.009222	0.009237	0.009155	0.009246	0.009173	0.009104	0.009209
614.000000	0.009066	0.009004	0.008946	0.008984	0.008980	0.008973	0.008964
615.000000	0.008890	0.008814	0.008804	0.008761	0.008812	0.008846	0.008767
616.000000	0.008793	0.008813	0.008852	0.008733	0.008766	0.008776	0.008800
617.000000	0.008733	0.008832	0.008914	0.008766	0.008766	0.008733	0.008865
618.000000	0.008655	0.008708	0.008827	0.008720	0.008726	0.008678	0.008769
619.000000	0.008561	0.008521	0.008655	0.008627	0.008632	0.008582	0.008601
620.000000	0.008466	0.008390	0.008505	0.008548	0.008493	0.008432	0.008494
621.000000	0.008384	0.008314	0.008381	0.008453	0.008359	0.008289	0.008434
622.000000	0.008323	0.008251	0.008255	0.008290	0.008280	0.008231	0.008354
623.000000	0.008248	0.008172	0.008129	0.008106	0.008213	0.008200	0.008239
624.000000	0.008108	0.008067	0.008020	0.007993	0.008069	0.008080	0.008098
625.000000	0.007936	0.007965	0.007935	0.007958	0.007891	0.007901	0.007953
626.000000	0.007828	0.007928	0.007873	0.007943	0.007817	0.007803	0.007829
627.000000	0.007801	0.007931	0.007825	0.007901	0.007852	0.007813	0.007748
628.000000	0.007785	0.007857	0.007777	0.007807	0.007848	0.007827	0.007722
629.000000	0.007733	0.007681	0.007704	0.007656	0.007738	0.007769	0.007717
630.000000	0.007631	0.007529	0.007570	0.007481	0.007593	0.007617	0.007625
631.000000	0.007498	0.007476	0.007387	0.007327	0.007478	0.007403	0.007423
632.000000	0.007408	0.007443	0.007288	0.007253	0.007428	0.007268	0.007286
633.000000	0.007402	0.007364	0.007350	0.007282	0.007442	0.007302	0.007329
634.000000	0.007377	0.007287	0.007424	0.007303	0.007429	0.007370	0.007375
635.000000	0.007242	0.007264	0.007356	0.007219	0.007311	0.007328	0.007245
636.000000	0.007090	0.007254	0.007206	0.007116	0.007176	0.007192	0.007073
637.000000	0.007052	0.007201	0.007086	0.007114	0.007141	0.007031	0.007046
638.000000	0.007105	0.007128	0.007017	0.007150	0.007163	0.006923	0.007082
639.000000	0.007157	0.007089	0.006978	0.007091	0.007134	0.006939	0.006999
640.000000	0.007134	0.007075	0.006959	0.006964	0.007042	0.007014	0.006832
641.000000	0.006983	0.007037	0.006953	0.006894	0.006933	0.007003	0.006750
642.000000	0.006770	0.006949	0.006930	0.006880	0.006831	0.006876	0.006770
643.000000	0.006669	0.006802	0.006838	0.006808	0.006745	0.006712	0.006765
644.000000	0.006709	0.006630	0.006681	0.006662	0.006673	0.006570	0.006684
645.000000	0.006730	0.006513	0.006539	0.006551	0.006609	0.006480	0.006581
646.000000	0.006647	0.006484	0.006465	0.006536	0.006545	0.006445	0.006493
647.000000	0.006546	0.006483	0.006448	0.006561	0.006474	0.006426	0.006420
648.000000	0.006483	0.006451	0.006456	0.006563	0.006394	0.006387	0.006354
649.000000	0.006389	0.006353	0.006426	0.006481	0.006316	0.006316	0.006280
650.000000	0.006221	0.006188	0.006318	0.006294	0.006253	0.006216	0.006189
651.000000	0.006099	0.006079	0.006197	0.006125	0.006223	0.006137	0.006119
652.000000	0.006147	0.006142	0.006143	0.006108	0.006236	0.006127	0.006106
653.000000	0.006268	0.006258	0.006134	0.006194	0.006244	0.006147	0.006126
654.000000	0.006300	0.006250	0.006117	0.006276	0.006188	0.006133	0.006135
655.000000	0.006232	0.006163	0.006104	0.006303	0.006110	0.006082	0.006112
656.000000	0.006130	0.006148	0.006134	0.006251	0.006093	0.006026	0.006052
657.000000	0.006055	0.006191	0.006183	0.006147	0.006129	0.005979	0.005989
658.000000	0.006056	0.006162	0.006181	0.006052	0.006141	0.005948	0.005986
659.000000	0.006119	0.006046	0.006112	0.006000	0.006103	0.005943	0.006039
660.000000	0.006162	0.005959	0.006015	0.006004	0.006048	0.005980	0.006071
661.000000	0.006130	0.005939	0.005917	0.006023	0.005986	0.006033	0.006037
662.000000	0.006018	0.005901	0.005817	0.005940	0.005890	0.006016	0.005950
663.000000	0.005851	0.005803	0.005720	0.005735	0.005758	0.005892	0.005834
664.000000	0.005713	0.005716	0.005634	0.005597	0.005655	0.005751	0.005734
665.000000	0.005666	0.005694	0.005574	0.005653	0.005626	0.005666	0.005678
666.000000	0.005674	0.005696	0.005570	0.005736	0.005634	0.005615	0.005636
667.000000	0.005685	0.005674	0.005633	0.005682	0.005627	0.005568	0.005576
668.000000	0.005659	0.005633	0.005672	0.005590	0.005578	0.005526	0.005510
669.000000	0.005569	0.005595	0.005594	0.005606	0.005472	0.005500	0.005460
670.000000	0.005480	0.005562	0.005458	0.005648	0.005362	0.005477	0.005430
671.000000	0.005475	0.005532	0.005383	0.005560	0.005320	0.005439	0.005416
672.000000	0.005489	0.005489	0.005374	0.005399	0.005340	0.005383	0.005395
673.000000	0.005375	0.005415	0.005369	0.005342	0.005362	0.005312	0.005335
674.000000	0.005172	0.005326	0.005346	0.005378	0.005330	0.005238	0.005246
675.000000	0.005073	0.005267	0.005315	0.005335	0.005188	0.005175	0.005173
676.000000	0.005131	0.005242	0.005265	0.005177	0.004984	0.005125	0.005131
677.000000	0.005218	0.005203	0.005158	0.005035	0.004885	0.005072	0.005102
678.000000	0.005244	0.005133	0.005008	0.004992	0.004949	0.005012	0.005070
679.000000	0.005202	0.005076	0.004927	0.005027	0.005023	0.004969	0.005033
680.000000	0.005119	0.005061	0.004976	0.005103	0.005010	0.004968	0.004993
681.000000	0.005082	0.005060	0.005062	0.005171	0.004995	0.005019	0.004972
682.000000	0.005144	0.005045	0.005098	0.005189	0.005048	0.005107	0.004980
683.000000	0.005181	0.005006	0.005091	0.005160	0.005071	0.005119	0.004981
684.000000	0.005070	0.004944	0.005067	0.005092	0.004966	0.004960	0.004936
685.000000	0.004896	0.004891	0.005029	0.004983	0.004820	0.004760	0.004845
686.000000	0.004794	0.004882	0.004974	0.004833	0.004764	0.004696	0.004724
687.000000	0.004765	0.004858	0.004901	0.004698	0.004765	0.004728	0.004634
688.000000	0.004742	0.004728	0.004809	0.004653	0.004720	0.004722	0.004645
689.000000	0.004708	0.004566	0.004692	0.004668	0.004633	0.004648	0.004696
690.000000	0.004673	0.004549	0.004542	0.004648	0.004580	0.004549	0.004642
691.000000	0.004624	0.004638	0.004387	0.004564	0.004542	0.004447	0.004464
692.000000	0.004522	0.004589	0.004287	0.004462	0.004409	0.004346	0.004268
693.000000	0.004398	0.004380	0.004279	0.004403	0.004217	0.004278	0.004161
694.000000	0.004376	0.004305	0.004376	0.004468	0.004202	0.004319	0.004243
695.000000	0.004496	0.004485	0.004536	0.004652	0.004430	0.004476	0.004484
696.000000	0.004612	0.004664	0.004631	0.004779	0.004612	0.004614	0.004601
697.000000	0.004616	0.004651	0.004578	0.004727	0.004552	0.004634	0.004437
698.000000	0.004557	0.004557	0.004458	0.004583	0.004432	0.004582	0.004257
699.000000	0.004497	0.004509	0.004361	0.004457	0.004428	0.004517	0.004305
700.000000	0.004432	0.004479	0.004298	0.004396	0.004430	0.004435	0.004436
701.000000	0.004350	0.004417	0.004257	0.004415	0.004297	0.004326	0.004442
702.000000	0.004315	0.004375	0.004242	0.004423	0.004149	0.004249	0.004368
703.000000	0.004396	0.004430	0.004257	0.004313	0.004178	0.004270	0.004338
704.000000	0.004494	0.004515	0.004271	0.004174	0.004301	0.004324	0.004336
705.000000	0.004433	0.004494	0.004244	0.004181	0.004299	0.004284	0.004281
706.000000	0.004258	0.004387	0.004198	0.004290	0.004204	0.004185	0.004191
707.000000	0.004177	0.004330	0.004207	0.004287	0.004231	0.004178	0.004159
708.000000	0.004237	0.004339	0.004257	0.004157	0.004377	0.004274	0.004199
709.000000	0.004313	0.004301	0.004242	0.004099	0.004405	0.004333	0.004236
710.000000	0.004326	0.004189	0.004144	0.004176	0.004239	0.004290	0.004234
711.000000	0.004287	0.004118	0.004086	0.004230	0.004059	0.004213	0.004230
712.000000	0.004247	0.004161	0.004146	0.004194	0.004014	0.004177	0.004254
713.000000	0.004321	0.004280	0.004281	0.004242	0.004130	0.004241	0.004314
714.000000	0.004559	0.004425	0.004428	0.004472	0.004371	0.004421	0.004406
715.000000	0.004772	0.004556	0.004516	0.004646	0.004557	0.004599	0.004513
716.000000	0.004793	0.004644	0.004511	0.004561	0.004543	0.004671	0.004614
717.000000	0.004759	0.004704	0.004543	0.004459	0.004470	0.004740	0.004701
718.000000	0.004858	0.004767	0.004746	0.004644	0.004531	0.004930	0.004774
719.000000	0.005035	0.004866	0.004949	0.004957	0.004722	0.005117	0.004868
720.000000	0.005142	0.005023	0.004893	0.005073	0.004954	0.005098	0.005021
721.000000	0.005118	0.005140	0.004698	0.004985	0.005085	0.004962	0.005170
722.000000	0.004970	0.005060	0.004695	0.004876	0.004958	0.004953	0.005201
723.000000	0.004845	0.004893	0.004852	0.004849	0.004672	0.005077	0.005144
724.000000	0.004998	0.004958	0.004840	0.004938	0.004531	0.005137	0.005146
725.000000	0.005328	0.005223	0.004613	0.005041	0.004639	0.005065	0.005205
726.000000	0.005313	0.005234	0.004461	0.004899	0.004848	0.004948	0.005141
727.000000	0.004854	0.004923	0.004574	0.004546	0.005058	0.004921	0.004964
728.000000	0.004602	0.004896	0.004931	0.004521	0.005263	0.005176	0.005019
729.000000	0.004909	0.005408	0.005391	0.005062	0.005426	0.005712	0.005430
730.000000	0.005259	0.005729	0.005566	0.005586	0.005403	0.006056	0.005736
731.000000	0.005186	0.005249	0.005177	0.005589	0.005098	0.005838	0.005550
732.000000	0.004827	0.004252	0.004438	0.005246	0.004624	0.005264	0.005048
