[HEADER]
Format	J&M ASCII Table
Comment	
Date	5/30/2023 8:27:37 AM
Order	Y (evenX)
TechType	UV
NumPoints	483
FirstX	250.00
LastX	732.00
XType	NMetr
YType	Absrb
ZType	Secs
NumSubFile	7
Matrix	Z vs X
[DATA]
	0.000000	5.000064	10.000192	15.000256	20.000320	25.000448	30.000511
250.000000	0.523014	0.522477	0.522297	0.522777	0.522387	0.522390	0.522548
251.000000	0.523374	0.522768	0.522530	0.523376	0.522731	0.522438	0.522708
252.000000	0.524431	0.523979	0.523445	0.524169	0.523479	0.522639	0.523422
253.000000	0.525953	0.525745	0.524853	0.525279	0.524622	0.523533	0.524626
254.000000	0.527697	0.527675	0.526570	0.526790	0.526156	0.525466	0.526206
255.000000	0.529569	0.529578	0.528613	0.528639	0.528150	0.527904	0.527970
256.000000	0.531568	0.531383	0.531013	0.530750	0.530655	0.530276	0.529814
257.000000	0.534031	0.533450	0.533635	0.533169	0.533542	0.532854	0.532157
258.000000	0.537322	0.536222	0.536323	0.535973	0.536628	0.536112	0.535490
259.000000	0.541029	0.539600	0.539253	0.539178	0.539781	0.539809	0.539338
260.000000	0.544389	0.543214	0.542732	0.542752	0.542909	0.543352	0.542778
261.000000	0.547371	0.546759	0.546556	0.546440	0.546078	0.546524	0.545683
262.000000	0.550496	0.549992	0.550133	0.549823	0.549466	0.549395	0.548527
263.000000	0.553711	0.552802	0.553097	0.552729	0.552822	0.552006	0.551403
264.000000	0.556292	0.555233	0.555359	0.555272	0.555412	0.554347	0.553948
265.000000	0.557948	0.557311	0.557002	0.557481	0.556984	0.556417	0.555965
266.000000	0.559169	0.559019	0.558378	0.559216	0.558143	0.558225	0.557580
267.000000	0.560275	0.560292	0.559640	0.560338	0.559303	0.559641	0.558853
268.000000	0.560949	0.560949	0.560368	0.560755	0.560175	0.560174	0.559595
269.000000	0.560856	0.560838	0.560206	0.560439	0.560405	0.559514	0.559617
270.000000	0.559999	0.559995	0.559404	0.559595	0.559797	0.558311	0.558873
271.000000	0.558454	0.558494	0.558257	0.558407	0.558243	0.557264	0.557365
272.000000	0.556249	0.556388	0.556419	0.556576	0.555906	0.555893	0.555149
273.000000	0.553396	0.553707	0.553377	0.553674	0.553028	0.553346	0.552299
274.000000	0.549936	0.550350	0.549462	0.549873	0.549593	0.549595	0.548835
275.000000	0.545932	0.546158	0.545462	0.545674	0.545455	0.545087	0.544757
276.000000	0.541493	0.541313	0.541473	0.541197	0.540780	0.540304	0.540189
277.000000	0.536762	0.536279	0.537005	0.536235	0.535995	0.535730	0.535367
278.000000	0.531701	0.531234	0.531819	0.530828	0.531123	0.531221	0.530385
279.000000	0.526040	0.525977	0.526027	0.525339	0.525667	0.525843	0.525160
280.000000	0.519819	0.520389	0.519850	0.519847	0.519494	0.519286	0.519521
281.000000	0.513689	0.514562	0.513669	0.513854	0.513228	0.512526	0.513153
282.000000	0.508082	0.508574	0.507746	0.507160	0.507288	0.506346	0.506097
283.000000	0.502614	0.502411	0.501940	0.500590	0.501274	0.500573	0.499451
284.000000	0.496846	0.496064	0.496063	0.494872	0.494824	0.494886	0.494109
285.000000	0.490751	0.489629	0.490036	0.489473	0.488412	0.489079	0.489184
286.000000	0.484438	0.483244	0.483854	0.483635	0.482628	0.483025	0.483493
287.000000	0.478158	0.477140	0.477810	0.477479	0.477246	0.476950	0.477264
288.000000	0.472204	0.471557	0.472276	0.471474	0.471740	0.471200	0.471276
289.000000	0.466625	0.466429	0.467054	0.465790	0.466174	0.465753	0.465632
290.000000	0.461315	0.461487	0.461602	0.460397	0.460959	0.460352	0.460016
291.000000	0.456071	0.456446	0.455852	0.455159	0.455907	0.454885	0.454410
292.000000	0.450608	0.451017	0.450193	0.449853	0.450261	0.449383	0.449080
293.000000	0.444959	0.445171	0.444812	0.444455	0.444007	0.443920	0.444009
294.000000	0.439602	0.439242	0.439587	0.439221	0.438197	0.438623	0.438771
295.000000	0.434745	0.433593	0.434442	0.434280	0.433389	0.433540	0.433248
296.000000	0.429970	0.428579	0.429438	0.429442	0.428939	0.428551	0.428031
297.000000	0.424939	0.424292	0.424586	0.424531	0.424249	0.423570	0.423491
298.000000	0.419840	0.419975	0.419679	0.419521	0.419353	0.418699	0.419017
299.000000	0.414874	0.414910	0.414526	0.414416	0.414371	0.414001	0.413972
300.000000	0.409803	0.409407	0.409223	0.409213	0.409223	0.409174	0.408534
301.000000	0.404323	0.404021	0.403931	0.403902	0.403802	0.403869	0.403092
302.000000	0.398677	0.398752	0.398632	0.398447	0.398268	0.398220	0.397714
303.000000	0.393338	0.393363	0.393231	0.392815	0.392891	0.392586	0.392323
304.000000	0.388352	0.387937	0.387822	0.387228	0.387672	0.387171	0.387013
305.000000	0.383464	0.382769	0.382622	0.382071	0.382433	0.382065	0.381985
306.000000	0.378520	0.377868	0.377687	0.377317	0.377193	0.377182	0.377210
307.000000	0.373477	0.372941	0.372907	0.372518	0.372170	0.372262	0.372422
308.000000	0.368375	0.367920	0.368147	0.367494	0.367402	0.367203	0.367463
309.000000	0.363372	0.363095	0.363251	0.362510	0.362629	0.362169	0.362350
310.000000	0.358550	0.358560	0.358177	0.357738	0.357713	0.357281	0.357182
311.000000	0.353789	0.353890	0.353146	0.353050	0.352835	0.352521	0.352199
312.000000	0.348975	0.348781	0.348338	0.348320	0.348148	0.347838	0.347553
313.000000	0.344103	0.343588	0.343657	0.343559	0.343545	0.343136	0.343014
314.000000	0.339224	0.338736	0.338977	0.338817	0.338890	0.338337	0.338326
315.000000	0.334559	0.334225	0.334368	0.334165	0.334197	0.333552	0.333560
316.000000	0.330322	0.329906	0.329939	0.329666	0.329532	0.328935	0.328887
317.000000	0.326215	0.325586	0.325638	0.325249	0.325000	0.324520	0.324412
318.000000	0.321720	0.321070	0.321332	0.320783	0.320703	0.320272	0.320190
319.000000	0.316996	0.316487	0.316965	0.316282	0.316485	0.316074	0.316110
320.000000	0.312693	0.312201	0.312549	0.311874	0.312010	0.311758	0.311941
321.000000	0.308898	0.308250	0.308182	0.307632	0.307389	0.307404	0.307678
322.000000	0.305057	0.304306	0.304061	0.303571	0.303243	0.303368	0.303566
323.000000	0.300866	0.300192	0.300199	0.299662	0.299731	0.299700	0.299652
324.000000	0.296491	0.296014	0.296301	0.295810	0.296224	0.295921	0.295633
325.000000	0.292151	0.291901	0.292198	0.291930	0.292259	0.291737	0.291342
326.000000	0.288104	0.287971	0.288100	0.287967	0.287960	0.287430	0.287031
327.000000	0.284456	0.284283	0.284188	0.283911	0.283573	0.283295	0.282945
328.000000	0.280733	0.280685	0.280313	0.279899	0.279471	0.279345	0.279063
329.000000	0.276480	0.276993	0.276313	0.276068	0.275939	0.275528	0.275310
330.000000	0.272165	0.273141	0.272380	0.272365	0.272600	0.271806	0.271650
331.000000	0.268485	0.269123	0.268794	0.268671	0.268887	0.268146	0.268050
332.000000	0.265166	0.265068	0.265414	0.264894	0.264770	0.264511	0.264413
333.000000	0.261448	0.261174	0.261887	0.260973	0.260512	0.260869	0.260619
334.000000	0.257410	0.257519	0.258187	0.257171	0.256466	0.257312	0.256784
335.000000	0.253789	0.254079	0.254553	0.253990	0.253040	0.254021	0.253203
336.000000	0.250691	0.250739	0.251056	0.251320	0.250180	0.250870	0.249917
337.000000	0.247454	0.247282	0.247563	0.248323	0.247296	0.247366	0.246662
338.000000	0.243776	0.243653	0.243984	0.244619	0.244025	0.243391	0.243277
339.000000	0.240069	0.240087	0.240325	0.240707	0.240466	0.239521	0.239817
340.000000	0.236645	0.236742	0.236664	0.237026	0.236791	0.236143	0.236360
341.000000	0.233371	0.233502	0.233241	0.233632	0.233241	0.232980	0.232980
342.000000	0.230090	0.230250	0.230212	0.230478	0.229981	0.229718	0.229741
343.000000	0.226825	0.227059	0.227297	0.227332	0.226823	0.226349	0.226664
344.000000	0.223642	0.224012	0.224165	0.223985	0.223546	0.222955	0.223728
345.000000	0.220562	0.220966	0.220880	0.220620	0.220253	0.219722	0.220730
346.000000	0.217583	0.217724	0.217647	0.217540	0.217154	0.216850	0.217442
347.000000	0.214662	0.214421	0.214563	0.214714	0.214264	0.214260	0.214129
348.000000	0.211734	0.211369	0.211657	0.211920	0.211486	0.211716	0.211302
349.000000	0.208845	0.208632	0.208864	0.209052	0.208779	0.209070	0.208891
350.000000	0.206128	0.206063	0.206049	0.206106	0.206142	0.206255	0.206338
351.000000	0.203567	0.203538	0.203190	0.203172	0.203528	0.203332	0.203468
352.000000	0.200952	0.200975	0.200420	0.200448	0.200826	0.200521	0.200609
353.000000	0.198184	0.198320	0.197811	0.197999	0.198025	0.197946	0.197977
354.000000	0.195380	0.195581	0.195322	0.195629	0.195297	0.195532	0.195530
355.000000	0.192669	0.192818	0.192874	0.193172	0.192761	0.193172	0.193155
356.000000	0.190139	0.190235	0.190335	0.190622	0.190331	0.190718	0.190624
357.000000	0.187831	0.187981	0.187652	0.188028	0.187915	0.188084	0.187820
358.000000	0.185625	0.185885	0.185159	0.185550	0.185547	0.185480	0.185176
359.000000	0.183381	0.183727	0.183184	0.183340	0.183285	0.183141	0.183146
360.000000	0.181133	0.181502	0.181359	0.181277	0.181113	0.180956	0.181346
361.000000	0.178969	0.179283	0.179099	0.179149	0.178983	0.178695	0.179119
362.000000	0.176842	0.177018	0.176531	0.176902	0.176803	0.176324	0.176508
363.000000	0.174626	0.174593	0.174178	0.174577	0.174464	0.173928	0.173967
364.000000	0.172294	0.172070	0.172080	0.172208	0.172025	0.171560	0.171656
365.000000	0.169907	0.169668	0.169843	0.169822	0.169695	0.169249	0.169478
366.000000	0.167558	0.167471	0.167397	0.167480	0.167546	0.167055	0.167365
367.000000	0.165379	0.165385	0.165098	0.165285	0.165471	0.165089	0.165304
368.000000	0.163402	0.163347	0.163115	0.163280	0.163369	0.163323	0.163282
369.000000	0.161467	0.161384	0.161204	0.161391	0.161170	0.161465	0.161289
370.000000	0.159431	0.159475	0.159154	0.159502	0.158856	0.159309	0.159274
371.000000	0.157254	0.157431	0.156985	0.157432	0.156540	0.156989	0.157078
372.000000	0.154952	0.155114	0.154754	0.155066	0.154332	0.154681	0.154613
373.000000	0.152694	0.152724	0.152524	0.152636	0.152228	0.152500	0.152172
374.000000	0.150640	0.150506	0.150348	0.150412	0.150184	0.150499	0.150081
375.000000	0.148591	0.148389	0.148205	0.148248	0.148112	0.148433	0.148160
376.000000	0.146243	0.146186	0.146045	0.145867	0.145921	0.145988	0.146050
377.000000	0.143734	0.143926	0.143888	0.143450	0.143702	0.143419	0.143768
378.000000	0.141461	0.141770	0.141792	0.141438	0.141653	0.141304	0.141558
379.000000	0.139524	0.139772	0.139789	0.139772	0.139767	0.139607	0.139517
380.000000	0.137746	0.137895	0.137885	0.137950	0.137857	0.137743	0.137607
381.000000	0.135971	0.136043	0.136022	0.135840	0.135863	0.135545	0.135742
382.000000	0.134082	0.134052	0.134066	0.133815	0.133906	0.133420	0.133788
383.000000	0.132023	0.131888	0.131968	0.132032	0.132038	0.131583	0.131711
384.000000	0.129850	0.129777	0.129865	0.130147	0.130160	0.129794	0.129692
385.000000	0.127657	0.127866	0.127871	0.127940	0.128194	0.127864	0.127827
386.000000	0.125615	0.125988	0.125984	0.125715	0.126177	0.125895	0.125900
387.000000	0.123854	0.123991	0.124167	0.123781	0.124169	0.124024	0.123742
388.000000	0.122267	0.122038	0.122329	0.122025	0.122231	0.122285	0.121672
389.000000	0.120689	0.120338	0.120391	0.120256	0.120412	0.120665	0.120055
390.000000	0.119015	0.118776	0.118477	0.118517	0.118652	0.119014	0.118656
391.000000	0.117183	0.117121	0.116774	0.116940	0.116859	0.117156	0.117024
392.000000	0.115331	0.115398	0.115282	0.115443	0.115108	0.115249	0.115229
393.000000	0.113709	0.113786	0.113877	0.113825	0.113571	0.113643	0.113647
394.000000	0.112281	0.112294	0.112429	0.112110	0.112212	0.112308	0.112301
395.000000	0.110753	0.110772	0.110802	0.110531	0.110814	0.110867	0.110885
396.000000	0.109045	0.109164	0.109013	0.109101	0.109242	0.109178	0.109234
397.000000	0.107376	0.107546	0.107276	0.107522	0.107495	0.107432	0.107386
398.000000	0.105881	0.105979	0.105728	0.105731	0.105673	0.105809	0.105494
399.000000	0.104489	0.104480	0.104325	0.104162	0.104070	0.104418	0.103912
400.000000	0.103113	0.103029	0.102988	0.103046	0.102832	0.103245	0.102800
401.000000	0.101685	0.101526	0.101603	0.101847	0.101600	0.101931	0.101679
402.000000	0.100166	0.099906	0.100082	0.100086	0.100047	0.100190	0.100117
403.000000	0.098638	0.098320	0.098497	0.098197	0.098408	0.098356	0.098416
404.000000	0.097202	0.096948	0.096960	0.096771	0.097013	0.096870	0.097010
405.000000	0.095833	0.095714	0.095567	0.095673	0.095748	0.095679	0.095797
406.000000	0.094462	0.094449	0.094385	0.094491	0.094334	0.094532	0.094475
407.000000	0.093074	0.093123	0.093283	0.093180	0.092844	0.093286	0.093059
408.000000	0.091694	0.091798	0.092016	0.091917	0.091558	0.091877	0.091758
409.000000	0.090360	0.090480	0.090587	0.090715	0.090476	0.090408	0.090567
410.000000	0.089123	0.089131	0.089224	0.089428	0.089340	0.089129	0.089281
411.000000	0.087995	0.087801	0.088029	0.088047	0.088049	0.088089	0.087885
412.000000	0.086929	0.086662	0.086918	0.086752	0.086734	0.087060	0.086636
413.000000	0.085859	0.085756	0.085805	0.085620	0.085489	0.085903	0.085621
414.000000	0.084686	0.084843	0.084623	0.084500	0.084305	0.084690	0.084565
415.000000	0.083391	0.083748	0.083364	0.083293	0.083183	0.083505	0.083296
416.000000	0.082195	0.082570	0.082195	0.082134	0.082189	0.082381	0.082073
417.000000	0.081285	0.081439	0.081256	0.081152	0.081353	0.081334	0.081137
418.000000	0.080487	0.080396	0.080429	0.080264	0.080506	0.080338	0.080318
419.000000	0.079567	0.079445	0.079541	0.079341	0.079468	0.079357	0.079365
420.000000	0.078567	0.078514	0.078575	0.078392	0.078395	0.078395	0.078315
421.000000	0.077636	0.077511	0.077576	0.077472	0.077550	0.077466	0.077315
422.000000	0.076726	0.076494	0.076550	0.076533	0.076795	0.076569	0.076360
423.000000	0.075678	0.075602	0.075480	0.075470	0.075759	0.075692	0.075359
424.000000	0.074538	0.074788	0.074410	0.074356	0.074478	0.074802	0.074350
425.000000	0.073534	0.073834	0.073437	0.073420	0.073358	0.073857	0.073492
426.000000	0.072725	0.072716	0.072566	0.072669	0.072544	0.072853	0.072776
427.000000	0.071933	0.071670	0.071683	0.071806	0.071816	0.071845	0.071958
428.000000	0.071053	0.070835	0.070743	0.070723	0.071025	0.070889	0.070941
429.000000	0.070149	0.070128	0.069854	0.069720	0.070199	0.070029	0.069928
430.000000	0.069284	0.069440	0.069095	0.069008	0.069374	0.069279	0.069080
431.000000	0.068453	0.068658	0.068407	0.068406	0.068535	0.068572	0.068328
432.000000	0.067634	0.067714	0.067707	0.067707	0.067672	0.067830	0.067572
433.000000	0.066785	0.066719	0.066904	0.066897	0.066815	0.067016	0.066775
434.000000	0.065871	0.065816	0.065934	0.066014	0.066000	0.066109	0.065925
435.000000	0.064963	0.065012	0.064919	0.065098	0.065210	0.065150	0.065068
436.000000	0.064165	0.064257	0.064041	0.064188	0.064404	0.064198	0.064269
437.000000	0.063463	0.063505	0.063297	0.063330	0.063573	0.063290	0.063507
438.000000	0.062771	0.062714	0.062572	0.062571	0.062724	0.062451	0.062712
439.000000	0.062027	0.061890	0.061808	0.061859	0.061871	0.061674	0.061897
440.000000	0.061190	0.061079	0.061003	0.061063	0.061031	0.060930	0.061145
441.000000	0.060287	0.060285	0.060177	0.060165	0.060220	0.060185	0.060444
442.000000	0.059433	0.059456	0.059372	0.059293	0.059447	0.059401	0.059659
443.000000	0.058701	0.058610	0.058635	0.058554	0.058725	0.058606	0.058779
444.000000	0.058068	0.057905	0.058006	0.057983	0.058064	0.057942	0.058033
445.000000	0.057480	0.057413	0.057477	0.057547	0.057455	0.057468	0.057541
446.000000	0.056836	0.056929	0.056899	0.057027	0.056835	0.056962	0.057027
447.000000	0.056063	0.056259	0.056151	0.056243	0.056149	0.056224	0.056239
448.000000	0.055252	0.055475	0.055322	0.055334	0.055408	0.055360	0.055330
449.000000	0.054527	0.054708	0.054541	0.054501	0.054642	0.054544	0.054531
450.000000	0.053911	0.054004	0.053845	0.053821	0.053914	0.053857	0.053865
451.000000	0.053381	0.053375	0.053226	0.053307	0.053287	0.053328	0.053273
452.000000	0.052856	0.052776	0.052656	0.052825	0.052709	0.052845	0.052686
453.000000	0.052227	0.052141	0.052095	0.052167	0.052073	0.052224	0.052037
454.000000	0.051525	0.051513	0.051542	0.051399	0.051413	0.051508	0.051378
455.000000	0.050902	0.051028	0.051029	0.050816	0.050888	0.050936	0.050860
456.000000	0.050386	0.050662	0.050549	0.050453	0.050498	0.050521	0.050483
457.000000	0.049849	0.050189	0.050046	0.050013	0.050049	0.049983	0.050056
458.000000	0.049250	0.049519	0.049482	0.049359	0.049446	0.049235	0.049484
459.000000	0.048734	0.048828	0.048858	0.048678	0.048800	0.048568	0.048863
460.000000	0.048363	0.048255	0.048205	0.048124	0.048208	0.048165	0.048283
461.000000	0.047936	0.047754	0.047633	0.047663	0.047663	0.047814	0.047754
462.000000	0.047289	0.047258	0.047217	0.047225	0.047144	0.047301	0.047264
463.000000	0.046600	0.046741	0.046844	0.046741	0.046644	0.046691	0.046769
464.000000	0.046086	0.046192	0.046375	0.046160	0.046159	0.046109	0.046227
465.000000	0.045670	0.045654	0.045824	0.045553	0.045697	0.045625	0.045685
466.000000	0.045177	0.045182	0.045262	0.045027	0.045267	0.045271	0.045211
467.000000	0.044619	0.044754	0.044726	0.044591	0.044833	0.044937	0.044771
468.000000	0.044110	0.044315	0.044237	0.044196	0.044341	0.044443	0.044281
469.000000	0.043713	0.043870	0.043824	0.043828	0.043842	0.043864	0.043791
470.000000	0.043448	0.043477	0.043521	0.043503	0.043467	0.043480	0.043463
471.000000	0.043227	0.043121	0.043265	0.043187	0.043185	0.043285	0.043251
472.000000	0.042842	0.042694	0.042876	0.042794	0.042778	0.042935	0.042867
473.000000	0.042255	0.042183	0.042314	0.042304	0.042185	0.042312	0.042228
474.000000	0.041736	0.041743	0.041791	0.041820	0.041639	0.041725	0.041634
475.000000	0.041439	0.041450	0.041442	0.041418	0.041281	0.041374	0.041282
476.000000	0.041157	0.041127	0.041157	0.041068	0.040949	0.041068	0.041010
477.000000	0.040702	0.040631	0.040811	0.040727	0.040500	0.040628	0.040646
478.000000	0.040188	0.040100	0.040366	0.040354	0.040034	0.040153	0.040213
479.000000	0.039772	0.039699	0.039831	0.039922	0.039688	0.039782	0.039774
480.000000	0.039452	0.039378	0.039336	0.039465	0.039436	0.039483	0.039381
481.000000	0.039169	0.039023	0.039033	0.039040	0.039203	0.039172	0.039074
482.000000	0.038866	0.038633	0.038843	0.038681	0.038949	0.038835	0.038812
483.000000	0.038496	0.038267	0.038577	0.038410	0.038654	0.038499	0.038511
484.000000	0.038089	0.037964	0.038214	0.038161	0.038308	0.038159	0.038160
485.000000	0.037734	0.037738	0.037866	0.037812	0.037906	0.037791	0.037802
486.000000	0.037453	0.037554	0.037556	0.037369	0.037476	0.037401	0.037456
487.000000	0.037192	0.037322	0.037211	0.036991	0.037080	0.037035	0.037117
488.000000	0.036916	0.036996	0.036823	0.036744	0.036752	0.036715	0.036778
489.000000	0.036630	0.036610	0.036505	0.036538	0.036480	0.036422	0.036439
490.000000	0.036336	0.036212	0.036301	0.036289	0.036236	0.036139	0.036112
491.000000	0.036018	0.035864	0.036072	0.035965	0.035968	0.035865	0.035841
492.000000	0.035664	0.035597	0.035701	0.035569	0.035638	0.035591	0.035633
493.000000	0.035291	0.035335	0.035270	0.035185	0.035288	0.035266	0.035366
494.000000	0.034920	0.034990	0.034883	0.034892	0.034960	0.034851	0.034931
495.000000	0.034545	0.034564	0.034534	0.034609	0.034619	0.034404	0.034451
496.000000	0.034155	0.034092	0.034189	0.034224	0.034211	0.034010	0.034104
497.000000	0.033778	0.033671	0.033846	0.033806	0.033790	0.033697	0.033849
498.000000	0.033456	0.033412	0.033525	0.033502	0.033452	0.033460	0.033546
499.000000	0.033156	0.033224	0.033216	0.033272	0.033189	0.033231	0.033176
500.000000	0.032796	0.032879	0.032894	0.032945	0.032912	0.032896	0.032807
501.000000	0.032378	0.032367	0.032538	0.032493	0.032569	0.032447	0.032453
502.000000	0.031991	0.031908	0.032131	0.032034	0.032145	0.031985	0.032071
503.000000	0.031651	0.031595	0.031694	0.031636	0.031661	0.031568	0.031663
504.000000	0.031259	0.031307	0.031295	0.031276	0.031189	0.031181	0.031305
505.000000	0.030787	0.030973	0.030971	0.030940	0.030782	0.030824	0.031027
506.000000	0.030386	0.030674	0.030670	0.030652	0.030453	0.030544	0.030734
507.000000	0.030151	0.030456	0.030340	0.030410	0.030188	0.030351	0.030357
508.000000	0.029923	0.030201	0.029953	0.030118	0.029922	0.030115	0.029950
509.000000	0.029540	0.029792	0.029501	0.029695	0.029592	0.029716	0.029577
510.000000	0.029087	0.029291	0.029045	0.029218	0.029207	0.029225	0.029220
511.000000	0.028704	0.028805	0.028654	0.028797	0.028797	0.028760	0.028841
512.000000	0.028368	0.028365	0.028316	0.028419	0.028384	0.028341	0.028421
513.000000	0.027984	0.027968	0.027984	0.028014	0.027986	0.027948	0.027954
514.000000	0.027561	0.027598	0.027629	0.027586	0.027596	0.027583	0.027494
515.000000	0.027169	0.027237	0.027235	0.027179	0.027194	0.027265	0.027136
516.000000	0.026827	0.026887	0.026837	0.026821	0.026819	0.026979	0.026862
517.000000	0.026499	0.026564	0.026515	0.026513	0.026567	0.026680	0.026554
518.000000	0.026160	0.026254	0.026255	0.026230	0.026395	0.026333	0.026171
519.000000	0.025810	0.025896	0.025910	0.025904	0.026075	0.025922	0.025790
520.000000	0.025452	0.025466	0.025429	0.025507	0.025525	0.025468	0.025456
521.000000	0.025098	0.025015	0.024985	0.025092	0.024997	0.025060	0.025136
522.000000	0.024752	0.024600	0.024694	0.024709	0.024676	0.024752	0.024800
523.000000	0.024390	0.024261	0.024440	0.024370	0.024439	0.024459	0.024460
524.000000	0.023997	0.024014	0.024098	0.024070	0.024138	0.024098	0.024124
525.000000	0.023628	0.023777	0.023696	0.023768	0.023777	0.023695	0.023750
526.000000	0.023343	0.023458	0.023297	0.023420	0.023399	0.023303	0.023298
527.000000	0.023085	0.023070	0.022941	0.023044	0.023034	0.022945	0.022865
528.000000	0.022761	0.022666	0.022645	0.022675	0.022700	0.022628	0.022583
529.000000	0.022385	0.022282	0.022365	0.022310	0.022376	0.022328	0.022384
530.000000	0.022035	0.021940	0.022019	0.021919	0.022017	0.022005	0.022084
531.000000	0.021731	0.021643	0.021627	0.021532	0.021633	0.021656	0.021667
532.000000	0.021447	0.021375	0.021296	0.021227	0.021282	0.021312	0.021261
533.000000	0.021157	0.021111	0.021054	0.021010	0.020990	0.020993	0.020937
534.000000	0.020848	0.020820	0.020821	0.020793	0.020748	0.020703	0.020685
535.000000	0.020522	0.020495	0.020559	0.020525	0.020526	0.020440	0.020475
536.000000	0.020203	0.020172	0.020304	0.020236	0.020266	0.020198	0.020240
537.000000	0.019908	0.019883	0.020074	0.019948	0.019942	0.019961	0.019939
538.000000	0.019621	0.019621	0.019800	0.019651	0.019621	0.019696	0.019606
539.000000	0.019329	0.019371	0.019433	0.019333	0.019356	0.019381	0.019280
540.000000	0.019036	0.019108	0.019045	0.019010	0.019094	0.019054	0.018988
541.000000	0.018748	0.018809	0.018726	0.018702	0.018773	0.018757	0.018745
542.000000	0.018446	0.018506	0.018475	0.018425	0.018448	0.018486	0.018521
543.000000	0.018107	0.018241	0.018258	0.018190	0.018204	0.018222	0.018275
544.000000	0.017779	0.017997	0.018029	0.017965	0.018001	0.017957	0.018011
545.000000	0.017541	0.017727	0.017740	0.017701	0.017739	0.017695	0.017759
546.000000	0.017378	0.017433	0.017424	0.017409	0.017418	0.017438	0.017508
547.000000	0.017203	0.017151	0.017175	0.017152	0.017120	0.017192	0.017221
548.000000	0.016979	0.016906	0.016988	0.016934	0.016885	0.016955	0.016921
549.000000	0.016722	0.016707	0.016740	0.016699	0.016695	0.016715	0.016691
550.000000	0.016449	0.016526	0.016405	0.016424	0.016510	0.016468	0.016535
551.000000	0.016170	0.016270	0.016110	0.016145	0.016260	0.016214	0.016316
552.000000	0.015916	0.015923	0.015941	0.015900	0.015939	0.015973	0.015983
553.000000	0.015764	0.015655	0.015841	0.015722	0.015709	0.015801	0.015721
554.000000	0.015716	0.015559	0.015715	0.015594	0.015649	0.015697	0.015631
555.000000	0.015484	0.015350	0.015396	0.015326	0.015453	0.015431	0.015427
556.000000	0.014896	0.014840	0.014850	0.014837	0.014920	0.014891	0.014913
557.000000	0.014757	0.014774	0.014805	0.014819	0.014809	0.014822	0.014838
558.000000	0.015799	0.015824	0.015872	0.015858	0.015819	0.015881	0.015881
559.000000	0.015623	0.015624	0.015660	0.015597	0.015586	0.015673	0.015656
560.000000	0.011102	0.011121	0.011117	0.011041	0.011051	0.011123	0.011084
561.000000	0.009435	0.009503	0.009459	0.009408	0.009404	0.009440	0.009393
562.000000	0.023601	0.023689	0.023650	0.023625	0.023572	0.023596	0.023583
563.000000	0.033648	0.033709	0.033717	0.033707	0.033599	0.033642	0.033686
564.000000	-0.011940	-0.011918	-0.011874	-0.011866	-0.011976	-0.011910	-0.011855
565.000000	-0.093888	-0.093891	-0.093852	-0.093823	-0.093875	-0.093801	-0.093793
566.000000	-0.090464	-0.090476	-0.090476	-0.090443	-0.090449	-0.090382	-0.090408
567.000000	0.036167	0.036159	0.036112	0.036119	0.036105	0.036160	0.036145
568.000000	0.134777	0.134778	0.134721	0.134687	0.134640	0.134701	0.134684
569.000000	0.096992	0.096991	0.096988	0.096918	0.096845	0.096935	0.096868
570.000000	0.015146	0.015106	0.015169	0.015102	0.015015	0.015124	0.015026
571.000000	-0.007528	-0.007653	-0.007568	-0.007571	-0.007658	-0.007573	-0.007626
572.000000	0.009362	0.009197	0.009251	0.009309	0.009248	0.009288	0.009286
573.000000	0.017715	0.017645	0.017622	0.017671	0.017671	0.017676	0.017645
574.000000	0.013529	0.013609	0.013522	0.013505	0.013572	0.013562	0.013481
575.000000	0.010394	0.010536	0.010464	0.010377	0.010476	0.010469	0.010423
576.000000	0.011102	0.011211	0.011211	0.011101	0.011188	0.011184	0.011214
577.000000	0.011939	0.011991	0.012045	0.012002	0.012047	0.012020	0.012040
578.000000	0.011642	0.011701	0.011749	0.011775	0.011779	0.011710	0.011691
579.000000	0.011166	0.011384	0.011353	0.011265	0.011276	0.011175	0.011293
580.000000	0.011070	0.011383	0.011284	0.011042	0.011101	0.010998	0.011265
581.000000	0.011319	0.011081	0.011119	0.011241	0.011321	0.011238	0.011047
582.000000	0.011494	0.010530	0.010790	0.011498	0.011544	0.011493	0.010608
583.000000	0.010556	0.011075	0.010955	0.010617	0.010624	0.010595	0.010965
584.000000	0.008908	0.012580	0.011599	0.008902	0.008903	0.008873	0.012058
585.000000	0.010884	0.010697	0.010760	0.010788	0.010799	0.010767	0.010724
586.000000	0.018476	0.005631	0.009140	0.018371	0.018384	0.018367	0.007397
587.000000	0.022150	0.017827	0.018989	0.022088	0.022100	0.022099	0.018366
588.000000	0.012836	0.063073	0.049293	0.012814	0.012824	0.012825	0.055984
589.000000	0.000407	0.101458	0.073770	0.000391	0.000394	0.000408	0.087291
590.000000	-0.000405	0.081387	0.058976	-0.000462	-0.000476	-0.000413	0.069941
591.000000	0.007332	0.026888	0.021527	0.007231	0.007210	0.007329	0.024165
592.000000	0.011818	-0.001681	0.002036	0.011731	0.011748	0.011869	0.000234
593.000000	0.010833	0.003859	0.005815	0.010797	0.010870	0.010944	0.004872
594.000000	0.009362	0.012624	0.011763	0.009328	0.009404	0.009435	0.012211
595.000000	0.009456	0.011801	0.011144	0.009364	0.009390	0.009405	0.011511
596.000000	0.009819	0.009022	0.009208	0.009688	0.009685	0.009697	0.009152
597.000000	0.009697	0.008831	0.009059	0.009587	0.009602	0.009621	0.008939
598.000000	0.009419	0.009483	0.009449	0.009367	0.009392	0.009439	0.009432
599.000000	0.009266	0.009515	0.009366	0.009277	0.009270	0.009353	0.009420
600.000000	0.009216	0.009272	0.009141	0.009242	0.009200	0.009263	0.009192
601.000000	0.009198	0.009183	0.009122	0.009170	0.009127	0.009084	0.009103
602.000000	0.009121	0.009158	0.009144	0.009051	0.009047	0.008933	0.009073
603.000000	0.008923	0.009044	0.008996	0.008899	0.008964	0.008926	0.008972
604.000000	0.008703	0.008876	0.008777	0.008773	0.008887	0.008963	0.008838
605.000000	0.008591	0.008742	0.008657	0.008731	0.008823	0.008905	0.008752
606.000000	0.008586	0.008677	0.008631	0.008744	0.008751	0.008784	0.008721
607.000000	0.008628	0.008687	0.008618	0.008745	0.008640	0.008700	0.008716
608.000000	0.008632	0.008678	0.008572	0.008684	0.008502	0.008639	0.008677
609.000000	0.008509	0.008507	0.008469	0.008530	0.008377	0.008519	0.008530
610.000000	0.008312	0.008251	0.008335	0.008334	0.008297	0.008356	0.008328
611.000000	0.008224	0.008185	0.008236	0.008226	0.008290	0.008257	0.008238
612.000000	0.008258	0.008328	0.008184	0.008216	0.008315	0.008234	0.008277
613.000000	0.008197	0.008356	0.008115	0.008159	0.008249	0.008178	0.008263
614.000000	0.007968	0.008129	0.008003	0.007998	0.008057	0.008044	0.008113
615.000000	0.007794	0.007899	0.007910	0.007858	0.007887	0.007923	0.007950
616.000000	0.007821	0.007848	0.007872	0.007819	0.007840	0.007881	0.007871
617.000000	0.007893	0.007860	0.007844	0.007794	0.007827	0.007876	0.007827
618.000000	0.007847	0.007801	0.007778	0.007699	0.007760	0.007854	0.007762
619.000000	0.007703	0.007681	0.007678	0.007590	0.007672	0.007779	0.007688
620.000000	0.007525	0.007545	0.007558	0.007539	0.007615	0.007629	0.007626
621.000000	0.007377	0.007437	0.007434	0.007515	0.007559	0.007448	0.007560
622.000000	0.007313	0.007391	0.007319	0.007449	0.007452	0.007293	0.007458
623.000000	0.007286	0.007343	0.007208	0.007335	0.007297	0.007172	0.007306
624.000000	0.007203	0.007189	0.007087	0.007197	0.007130	0.007063	0.007102
625.000000	0.007070	0.006973	0.006970	0.007071	0.006989	0.006972	0.006903
626.000000	0.006968	0.006851	0.006892	0.007000	0.006914	0.006921	0.006812
627.000000	0.006920	0.006857	0.006862	0.006973	0.006900	0.006899	0.006833
628.000000	0.006881	0.006883	0.006864	0.006925	0.006889	0.006861	0.006869
629.000000	0.006817	0.006847	0.006859	0.006823	0.006837	0.006787	0.006846
630.000000	0.006709	0.006718	0.006778	0.006689	0.006723	0.006700	0.006741
631.000000	0.006571	0.006520	0.006607	0.006559	0.006562	0.006616	0.006574
632.000000	0.006482	0.006394	0.006461	0.006482	0.006445	0.006531	0.006464
633.000000	0.006490	0.006427	0.006424	0.006476	0.006431	0.006444	0.006485
634.000000	0.006510	0.006475	0.006423	0.006445	0.006440	0.006372	0.006511
635.000000	0.006454	0.006393	0.006373	0.006307	0.006388	0.006329	0.006419
636.000000	0.006348	0.006246	0.006302	0.006152	0.006293	0.006286	0.006278
637.000000	0.006249	0.006153	0.006264	0.006105	0.006201	0.006211	0.006204
638.000000	0.006149	0.006127	0.006244	0.006135	0.006128	0.006140	0.006186
639.000000	0.006020	0.006134	0.006203	0.006147	0.006079	0.006125	0.006160
640.000000	0.005910	0.006138	0.006132	0.006107	0.006040	0.006121	0.006098
641.000000	0.005911	0.006097	0.006039	0.006022	0.005989	0.006020	0.005994
642.000000	0.005978	0.006001	0.005928	0.005913	0.005918	0.005839	0.005874
643.000000	0.005942	0.005867	0.005796	0.005817	0.005836	0.005700	0.005788
644.000000	0.005773	0.005729	0.005676	0.005755	0.005762	0.005677	0.005753
645.000000	0.005631	0.005642	0.005643	0.005726	0.005727	0.005764	0.005749
646.000000	0.005599	0.005625	0.005705	0.005716	0.005730	0.005893	0.005745
647.000000	0.005604	0.005620	0.005728	0.005690	0.005707	0.005880	0.005705
648.000000	0.005575	0.005578	0.005622	0.005617	0.005612	0.005641	0.005611
649.000000	0.005492	0.005492	0.005455	0.005492	0.005473	0.005382	0.005492
650.000000	0.005362	0.005379	0.005313	0.005331	0.005333	0.005292	0.005382
651.000000	0.005266	0.005315	0.005244	0.005228	0.005247	0.005311	0.005304
652.000000	0.005276	0.005363	0.005272	0.005262	0.005256	0.005331	0.005270
653.000000	0.005322	0.005428	0.005333	0.005337	0.005302	0.005328	0.005259
654.000000	0.005296	0.005382	0.005341	0.005309	0.005298	0.005310	0.005235
655.000000	0.005228	0.005265	0.005290	0.005210	0.005257	0.005270	0.005187
656.000000	0.005215	0.005202	0.005218	0.005157	0.005241	0.005197	0.005119
657.000000	0.005247	0.005201	0.005163	0.005163	0.005244	0.005121	0.005061
658.000000	0.005232	0.005189	0.005155	0.005163	0.005211	0.005104	0.005063
659.000000	0.005150	0.005139	0.005176	0.005132	0.005147	0.005140	0.005113
660.000000	0.005053	0.005085	0.005157	0.005085	0.005117	0.005151	0.005138
661.000000	0.004971	0.005034	0.005075	0.005022	0.005121	0.005096	0.005090
662.000000	0.004885	0.004962	0.004982	0.004915	0.005049	0.004994	0.004968
663.000000	0.004795	0.004865	0.004922	0.004773	0.004873	0.004873	0.004810
664.000000	0.004736	0.004796	0.004898	0.004698	0.004756	0.004772	0.004739
665.000000	0.004733	0.004788	0.004898	0.004750	0.004803	0.004722	0.004820
666.000000	0.004745	0.004787	0.004872	0.004844	0.004869	0.004723	0.004909
667.000000	0.004732	0.004740	0.004783	0.004882	0.004807	0.004764	0.004865
668.000000	0.004703	0.004683	0.004703	0.004855	0.004707	0.004801	0.004756
669.000000	0.004675	0.004664	0.004710	0.004783	0.004700	0.004784	0.004690
670.000000	0.004646	0.004648	0.004731	0.004711	0.004751	0.004709	0.004651
671.000000	0.004600	0.004575	0.004646	0.004687	0.004759	0.004591	0.004578
672.000000	0.004541	0.004467	0.004508	0.004680	0.004683	0.004469	0.004493
673.000000	0.004480	0.004396	0.004465	0.004621	0.004521	0.004394	0.004463
674.000000	0.004411	0.004370	0.004497	0.004501	0.004331	0.004366	0.004465
675.000000	0.004309	0.004343	0.004445	0.004365	0.004216	0.004348	0.004405
676.000000	0.004198	0.004292	0.004282	0.004247	0.004204	0.004310	0.004276
677.000000	0.004157	0.004221	0.004153	0.004155	0.004229	0.004241	0.004184
678.000000	0.004202	0.004151	0.004132	0.004094	0.004235	0.004154	0.004186
679.000000	0.004235	0.004128	0.004151	0.004057	0.004205	0.004101	0.004247
680.000000	0.004198	0.004171	0.004164	0.004037	0.004153	0.004111	0.004313
681.000000	0.004165	0.004232	0.004212	0.004035	0.004168	0.004144	0.004316
682.000000	0.004195	0.004261	0.004315	0.004045	0.004288	0.004166	0.004220
683.000000	0.004214	0.004238	0.004367	0.004057	0.004330	0.004186	0.004109
684.000000	0.004143	0.004164	0.004266	0.004056	0.004129	0.004213	0.004070
685.000000	0.004025	0.004081	0.004084	0.004032	0.003893	0.004180	0.004055
686.000000	0.003936	0.004039	0.003941	0.003981	0.003900	0.004018	0.003982
687.000000	0.003881	0.004003	0.003872	0.003913	0.004028	0.003809	0.003875
688.000000	0.003838	0.003904	0.003870	0.003844	0.003986	0.003703	0.003802
689.000000	0.003809	0.003778	0.003866	0.003786	0.003794	0.003705	0.003752
690.000000	0.003814	0.003728	0.003754	0.003739	0.003679	0.003722	0.003664
691.000000	0.003811	0.003714	0.003551	0.003675	0.003663	0.003696	0.003544
692.000000	0.003704	0.003564	0.003392	0.003536	0.003568	0.003602	0.003465
693.000000	0.003520	0.003313	0.003361	0.003379	0.003378	0.003487	0.003467
694.000000	0.003450	0.003292	0.003459	0.003413	0.003313	0.003489	0.003541
695.000000	0.003568	0.003604	0.003635	0.003669	0.003469	0.003645	0.003645
696.000000	0.003692	0.003868	0.003735	0.003802	0.003682	0.003791	0.003681
697.000000	0.003687	0.003819	0.003676	0.003607	0.003792	0.003798	0.003605
698.000000	0.003632	0.003658	0.003607	0.003383	0.003757	0.003707	0.003532
699.000000	0.003613	0.003605	0.003647	0.003410	0.003583	0.003590	0.003556
700.000000	0.003596	0.003616	0.003655	0.003550	0.003400	0.003515	0.003572
701.000000	0.003529	0.003592	0.003473	0.003588	0.003347	0.003536	0.003457
702.000000	0.003446	0.003530	0.003281	0.003531	0.003422	0.003587	0.003330
703.000000	0.003406	0.003460	0.003344	0.003464	0.003562	0.003574	0.003373
704.000000	0.003406	0.003400	0.003555	0.003420	0.003650	0.003514	0.003515
705.000000	0.003414	0.003361	0.003616	0.003403	0.003554	0.003483	0.003559
706.000000	0.003411	0.003345	0.003491	0.003404	0.003352	0.003479	0.003483
707.000000	0.003396	0.003347	0.003340	0.003402	0.003277	0.003440	0.003404
708.000000	0.003381	0.003366	0.003260	0.003372	0.003364	0.003374	0.003388
709.000000	0.003396	0.003398	0.003271	0.003282	0.003425	0.003358	0.003447
710.000000	0.003439	0.003420	0.003346	0.003165	0.003367	0.003395	0.003532
711.000000	0.003455	0.003366	0.003388	0.003154	0.003258	0.003371	0.003505
712.000000	0.003425	0.003253	0.003357	0.003295	0.003177	0.003257	0.003355
713.000000	0.003422	0.003278	0.003345	0.003425	0.003195	0.003233	0.003356
714.000000	0.003492	0.003537	0.003419	0.003433	0.003338	0.003420	0.003658
715.000000	0.003565	0.003738	0.003520	0.003435	0.003477	0.003686	0.003910
716.000000	0.003577	0.003628	0.003585	0.003556	0.003504	0.003875	0.003796
717.000000	0.003575	0.003480	0.003659	0.003744	0.003518	0.003967	0.003628
718.000000	0.003639	0.003646	0.003801	0.003910	0.003650	0.003983	0.003808
719.000000	0.003803	0.003973	0.003956	0.004024	0.003833	0.003983	0.004150
720.000000	0.004071	0.004124	0.004029	0.004086	0.003932	0.004032	0.004257
721.000000	0.004264	0.004083	0.003977	0.004079	0.003962	0.004101	0.004123
722.000000	0.004119	0.004018	0.003799	0.003984	0.004023	0.004113	0.003975
723.000000	0.003770	0.004023	0.003639	0.003859	0.004084	0.004076	0.003939
724.000000	0.003671	0.004120	0.003755	0.003822	0.004011	0.004073	0.004054
725.000000	0.003909	0.004221	0.004049	0.003842	0.003808	0.004072	0.004178
726.000000	0.004123	0.004116	0.004002	0.003716	0.003647	0.003903	0.003959
727.000000	0.004133	0.003794	0.003571	0.003443	0.003635	0.003620	0.003455
728.000000	0.004101	0.003590	0.003537	0.003371	0.003758	0.003651	0.003414
729.000000	0.004134	0.003683	0.004238	0.003693	0.003964	0.004163	0.004149
730.000000	0.004128	0.003815	0.004777	0.004153	0.004138	0.004623	0.004784
731.000000	0.003990	0.003753	0.004396	0.004506	0.004192	0.004578	0.004576
732.000000	0.003766	0.003556	0.003415	0.004775	0.004169	0.004200	0.003815
