[HEADER]
Format	J&M ASCII Table
Comment	
Date	5/30/2023 8:17:24 AM
Order	Y (evenX)
TechType	UV
NumPoints	483
FirstX	250.00
LastX	732.00
XType	NMetr
YType	Absrb
ZType	Secs
NumSubFile	7
Matrix	Z vs X
[DATA]
	0.000000	5.000064	10.000128	15.000256	20.000320	25.000383	30.000511
250.000000	0.519639	0.519615	0.519551	0.518912	0.518719	0.519558	0.519476
251.000000	0.518076	0.518067	0.517876	0.517334	0.517375	0.517605	0.517874
252.000000	0.516797	0.516649	0.516691	0.516725	0.516880	0.516068	0.516627
253.000000	0.516091	0.515645	0.515859	0.516527	0.516510	0.515230	0.515870
254.000000	0.516118	0.515271	0.515295	0.516269	0.515752	0.515252	0.515697
255.000000	0.516542	0.515433	0.515219	0.516137	0.515252	0.515843	0.516076
256.000000	0.516994	0.516005	0.515854	0.516404	0.515758	0.516643	0.516908
257.000000	0.517518	0.517084	0.517081	0.517031	0.517208	0.517479	0.517902
258.000000	0.518306	0.518788	0.518677	0.517920	0.519242	0.518292	0.518759
259.000000	0.519656	0.520791	0.520528	0.519363	0.521309	0.519483	0.519699
260.000000	0.521870	0.522578	0.522571	0.521799	0.522818	0.521628	0.521185
261.000000	0.524594	0.524258	0.524671	0.524768	0.524035	0.524384	0.523235
262.000000	0.526979	0.526396	0.526638	0.527144	0.525865	0.526722	0.525528
263.000000	0.528703	0.528862	0.528375	0.528560	0.528322	0.528317	0.527735
264.000000	0.530051	0.530725	0.529899	0.529539	0.530395	0.529670	0.529532
265.000000	0.531248	0.531636	0.531180	0.530498	0.531574	0.531070	0.530839
266.000000	0.532355	0.532310	0.532114	0.531604	0.532291	0.532376	0.531984
267.000000	0.533334	0.533187	0.532637	0.532804	0.532909	0.533366	0.533076
268.000000	0.533914	0.533732	0.532823	0.533550	0.533368	0.533731	0.533549
269.000000	0.533863	0.533441	0.532735	0.533389	0.533514	0.533267	0.532974
270.000000	0.533235	0.532557	0.532321	0.532557	0.533063	0.532231	0.531866
271.000000	0.532125	0.531430	0.531481	0.531405	0.531764	0.530924	0.530834
272.000000	0.530419	0.529964	0.530014	0.529938	0.529762	0.529198	0.529584
273.000000	0.527954	0.527906	0.527715	0.528020	0.527337	0.526777	0.527535
274.000000	0.524905	0.525204	0.524733	0.525429	0.524598	0.523882	0.524700
275.000000	0.521622	0.521924	0.521412	0.521921	0.521550	0.520992	0.521429
276.000000	0.518122	0.518191	0.517875	0.517761	0.518114	0.518099	0.517882
277.000000	0.514141	0.514175	0.514056	0.513645	0.514148	0.514776	0.514057
278.000000	0.509697	0.509970	0.509991	0.509699	0.509717	0.510815	0.509949
279.000000	0.505172	0.505564	0.505854	0.505317	0.505155	0.506300	0.505563
280.000000	0.500767	0.500931	0.501659	0.500323	0.500689	0.501370	0.500912
281.000000	0.496290	0.496030	0.497104	0.495451	0.496317	0.496222	0.496037
282.000000	0.491584	0.490903	0.492021	0.491143	0.491956	0.491026	0.490990
283.000000	0.486714	0.485836	0.486726	0.486710	0.487368	0.485845	0.485845
284.000000	0.481776	0.481080	0.481561	0.481550	0.482366	0.480723	0.480698
285.000000	0.476833	0.476532	0.476595	0.476355	0.477122	0.475713	0.475698
286.000000	0.471935	0.471990	0.471812	0.471968	0.471885	0.470849	0.470973
287.000000	0.467106	0.467207	0.467097	0.467763	0.466751	0.466027	0.466387
288.000000	0.462356	0.461972	0.462310	0.462610	0.461753	0.461108	0.461709
289.000000	0.457615	0.456627	0.457438	0.456842	0.456916	0.456236	0.456938
290.000000	0.452769	0.451840	0.452556	0.451682	0.452257	0.451720	0.452214
291.000000	0.447791	0.447638	0.447756	0.447318	0.447637	0.447436	0.447489
292.000000	0.442743	0.443431	0.443136	0.442948	0.442770	0.442855	0.442542
293.000000	0.437751	0.438847	0.438628	0.438153	0.437679	0.437875	0.437440
294.000000	0.433034	0.433852	0.433918	0.433105	0.432823	0.433001	0.432658
295.000000	0.428696	0.428614	0.428913	0.428056	0.428406	0.428532	0.428397
296.000000	0.424590	0.423675	0.424017	0.423339	0.424034	0.424220	0.424224
297.000000	0.420469	0.419360	0.419501	0.419098	0.419380	0.419766	0.419718
298.000000	0.415850	0.415164	0.415023	0.414853	0.414561	0.414903	0.414749
299.000000	0.410388	0.410515	0.410198	0.410121	0.409724	0.409485	0.409329
300.000000	0.404643	0.405344	0.405028	0.405005	0.404717	0.403901	0.403862
301.000000	0.399342	0.399763	0.399640	0.399758	0.399348	0.398633	0.398795
302.000000	0.394330	0.394084	0.394179	0.394363	0.393802	0.393558	0.393909
303.000000	0.389078	0.388684	0.388793	0.388703	0.388420	0.388302	0.388713
304.000000	0.383622	0.383533	0.383536	0.382982	0.383206	0.382894	0.383219
305.000000	0.378380	0.378324	0.378389	0.377615	0.377942	0.377641	0.377784
306.000000	0.373372	0.372973	0.373216	0.372616	0.372594	0.372612	0.372495
307.000000	0.368200	0.367632	0.367764	0.367588	0.367330	0.367620	0.367156
308.000000	0.362779	0.362382	0.362073	0.362346	0.362204	0.362521	0.361727
309.000000	0.357522	0.357179	0.356645	0.357061	0.357079	0.357258	0.356434
310.000000	0.352638	0.352008	0.351750	0.351882	0.351883	0.351873	0.351409
311.000000	0.347773	0.346936	0.347053	0.346832	0.346723	0.346618	0.346525
312.000000	0.342644	0.342008	0.342215	0.341893	0.341703	0.341671	0.341658
313.000000	0.337489	0.337157	0.337186	0.336962	0.336838	0.336846	0.336837
314.000000	0.332585	0.332315	0.332022	0.331958	0.332112	0.331928	0.332098
315.000000	0.327801	0.327547	0.327026	0.327038	0.327443	0.326971	0.327363
316.000000	0.322913	0.322944	0.322523	0.322404	0.322746	0.322112	0.322538
317.000000	0.318088	0.318417	0.318305	0.317999	0.318083	0.317476	0.317709
318.000000	0.313664	0.313804	0.313916	0.313640	0.313583	0.313154	0.313051
319.000000	0.309532	0.309150	0.309303	0.309227	0.309240	0.308948	0.308634
320.000000	0.305264	0.304658	0.304716	0.304727	0.304950	0.304455	0.304449
321.000000	0.300787	0.300421	0.300306	0.300236	0.300673	0.299738	0.300375
322.000000	0.296431	0.296403	0.296109	0.295988	0.296446	0.295387	0.296180
323.000000	0.292385	0.292559	0.292127	0.292070	0.292333	0.291635	0.291860
324.000000	0.288572	0.288833	0.288319	0.288323	0.288440	0.288098	0.287797
325.000000	0.284866	0.285124	0.284628	0.284599	0.284775	0.284436	0.284193
326.000000	0.281095	0.281222	0.280968	0.280834	0.281097	0.280568	0.280708
327.000000	0.277155	0.277033	0.277262	0.277007	0.277213	0.276532	0.277012
328.000000	0.273225	0.272954	0.273493	0.273213	0.273241	0.272660	0.273111
329.000000	0.269511	0.269386	0.269670	0.269548	0.269349	0.269247	0.269113
330.000000	0.265952	0.266059	0.265870	0.265965	0.265582	0.265946	0.265278
331.000000	0.262405	0.262514	0.262186	0.262368	0.261935	0.262242	0.261862
332.000000	0.258801	0.258799	0.258610	0.258699	0.258353	0.258238	0.258591
333.000000	0.255128	0.255219	0.255088	0.254927	0.254769	0.254363	0.254950
334.000000	0.251559	0.251796	0.251623	0.251177	0.251280	0.250839	0.251121
335.000000	0.248409	0.248321	0.248270	0.247688	0.248105	0.247712	0.247838
336.000000	0.245559	0.244761	0.244969	0.244454	0.245160	0.244821	0.245050
337.000000	0.242379	0.241299	0.241533	0.241172	0.241997	0.241763	0.241767
338.000000	0.238635	0.238036	0.237942	0.237754	0.238444	0.238363	0.237714
339.000000	0.234829	0.234916	0.234482	0.234519	0.234856	0.234859	0.233948
340.000000	0.231344	0.231827	0.231313	0.231623	0.231503	0.231458	0.231134
341.000000	0.228052	0.228568	0.228181	0.228697	0.228310	0.228181	0.228567
342.000000	0.224800	0.225024	0.224866	0.225427	0.225168	0.225025	0.225536
343.000000	0.221670	0.221479	0.221569	0.222077	0.222057	0.222027	0.222215
344.000000	0.218759	0.218264	0.218546	0.218982	0.218975	0.219199	0.218953
345.000000	0.215889	0.215356	0.215718	0.216020	0.215911	0.216362	0.215805
346.000000	0.212816	0.212601	0.212890	0.212922	0.212858	0.213285	0.212717
347.000000	0.209671	0.209891	0.209992	0.209730	0.209860	0.210020	0.209675
348.000000	0.206779	0.207152	0.207028	0.206656	0.206995	0.206780	0.206690
349.000000	0.204158	0.204339	0.204164	0.203796	0.204283	0.203777	0.203853
350.000000	0.201561	0.201432	0.201681	0.201137	0.201700	0.201219	0.201316
351.000000	0.198872	0.198507	0.199478	0.198642	0.199148	0.198996	0.198988
352.000000	0.196150	0.195754	0.196976	0.196242	0.196438	0.196612	0.196478
353.000000	0.193475	0.193252	0.193971	0.193866	0.193580	0.193862	0.193682
354.000000	0.190949	0.190855	0.191004	0.191440	0.190951	0.191124	0.191049
355.000000	0.188570	0.188431	0.188469	0.188917	0.188740	0.188658	0.188838
356.000000	0.186039	0.185940	0.186127	0.186322	0.186509	0.186225	0.186604
357.000000	0.183172	0.183383	0.183713	0.183713	0.183878	0.183611	0.183959
358.000000	0.180479	0.180868	0.181309	0.181222	0.181162	0.181044	0.181249
359.000000	0.178500	0.178514	0.179050	0.178969	0.178778	0.178798	0.178915
360.000000	0.176770	0.176342	0.176847	0.176878	0.176581	0.176668	0.176760
361.000000	0.174502	0.174317	0.174540	0.174791	0.174237	0.174304	0.174380
362.000000	0.171827	0.172275	0.172202	0.172596	0.171806	0.171856	0.171890
363.000000	0.169404	0.169988	0.170036	0.170210	0.169565	0.169748	0.169696
364.000000	0.167358	0.167548	0.167984	0.167712	0.167538	0.167895	0.167780
365.000000	0.165341	0.165319	0.165758	0.165320	0.165521	0.165776	0.165749
366.000000	0.163192	0.163347	0.163326	0.163100	0.163417	0.163313	0.163468
367.000000	0.161008	0.161257	0.160994	0.160914	0.161276	0.161024	0.161155
368.000000	0.158892	0.158936	0.158912	0.158731	0.159150	0.159136	0.158966
369.000000	0.156915	0.156830	0.156898	0.156747	0.157072	0.157251	0.156901
370.000000	0.155048	0.155161	0.154808	0.155024	0.155045	0.155074	0.154917
371.000000	0.152986	0.153336	0.152713	0.153157	0.152981	0.152807	0.152891
372.000000	0.150524	0.150853	0.150687	0.150821	0.150814	0.150675	0.150735
373.000000	0.148107	0.148236	0.148642	0.148395	0.148642	0.148630	0.148555
374.000000	0.146227	0.146156	0.146464	0.146349	0.146574	0.146557	0.146476
375.000000	0.144467	0.144341	0.144179	0.144456	0.144498	0.144412	0.144402
376.000000	0.142121	0.142188	0.141873	0.142255	0.142238	0.142190	0.142170
377.000000	0.139491	0.139734	0.139703	0.139892	0.139949	0.139970	0.139928
378.000000	0.137462	0.137405	0.137852	0.137871	0.137973	0.137884	0.137996
379.000000	0.136039	0.135390	0.136234	0.136219	0.136245	0.135997	0.136307
380.000000	0.134431	0.133661	0.134518	0.134532	0.134336	0.134308	0.134449
381.000000	0.132339	0.132114	0.132574	0.132630	0.132163	0.132709	0.132329
382.000000	0.130151	0.130561	0.130547	0.130651	0.130113	0.130955	0.130295
383.000000	0.128141	0.128828	0.128556	0.128690	0.128366	0.128930	0.128512
384.000000	0.126269	0.126783	0.126633	0.126714	0.126641	0.126792	0.126727
385.000000	0.124451	0.124448	0.124792	0.124710	0.124735	0.124702	0.124756
386.000000	0.122565	0.122285	0.123018	0.122747	0.122835	0.122745	0.122749
387.000000	0.120557	0.120671	0.121277	0.120890	0.121135	0.120962	0.120888
388.000000	0.118701	0.119241	0.119480	0.119098	0.119528	0.119265	0.119233
389.000000	0.117275	0.117508	0.117551	0.117315	0.117844	0.117546	0.117772
390.000000	0.115958	0.115549	0.115608	0.115562	0.116056	0.115774	0.116225
391.000000	0.114234	0.113677	0.113843	0.113893	0.114208	0.113964	0.114257
392.000000	0.112269	0.112068	0.112287	0.112358	0.112480	0.112242	0.112207
393.000000	0.110631	0.110807	0.110868	0.110995	0.111115	0.110793	0.110794
394.000000	0.109374	0.109715	0.109516	0.109708	0.109986	0.109556	0.109926
395.000000	0.108071	0.108386	0.108168	0.108288	0.108635	0.108248	0.108763
396.000000	0.106514	0.106712	0.106769	0.106692	0.106943	0.106754	0.107030
397.000000	0.104812	0.104997	0.105282	0.105114	0.105268	0.105190	0.105244
398.000000	0.103111	0.103476	0.103730	0.103678	0.103828	0.103667	0.103747
399.000000	0.101592	0.102191	0.102250	0.102343	0.102508	0.102257	0.102427
400.000000	0.100330	0.101066	0.100917	0.101026	0.101161	0.100958	0.101132
401.000000	0.099090	0.099745	0.099577	0.099584	0.099666	0.099581	0.099742
402.000000	0.097658	0.097974	0.098093	0.097941	0.097976	0.097993	0.098194
403.000000	0.096176	0.096195	0.096578	0.096396	0.096342	0.096473	0.096654
404.000000	0.094861	0.094940	0.095197	0.095266	0.095044	0.095340	0.095320
405.000000	0.093733	0.093973	0.093943	0.094297	0.093929	0.094367	0.094149
406.000000	0.092723	0.092778	0.092740	0.093030	0.092691	0.093137	0.093002
407.000000	0.091666	0.091396	0.091528	0.091503	0.091338	0.091684	0.091783
408.000000	0.090354	0.090205	0.090266	0.090056	0.090070	0.090322	0.090428
409.000000	0.088844	0.089199	0.088986	0.088829	0.088925	0.089114	0.089024
410.000000	0.087434	0.088023	0.087785	0.087769	0.087789	0.087892	0.087789
411.000000	0.086263	0.086636	0.086690	0.086789	0.086638	0.086630	0.086771
412.000000	0.085241	0.085432	0.085632	0.085768	0.085579	0.085502	0.085776
413.000000	0.084260	0.084568	0.084558	0.084639	0.084638	0.084563	0.084679
414.000000	0.083206	0.083668	0.083468	0.083459	0.083670	0.083604	0.083526
415.000000	0.082035	0.082466	0.082378	0.082293	0.082576	0.082489	0.082392
416.000000	0.080901	0.081213	0.081330	0.081208	0.081456	0.081392	0.081387
417.000000	0.079952	0.080182	0.080360	0.080249	0.080431	0.080482	0.080589
418.000000	0.079139	0.079321	0.079449	0.079382	0.079547	0.079670	0.079883
419.000000	0.078370	0.078496	0.078570	0.078551	0.078809	0.078812	0.079116
420.000000	0.077620	0.077627	0.077711	0.077714	0.078052	0.077899	0.078206
421.000000	0.076883	0.076668	0.076864	0.076840	0.077064	0.076972	0.077114
422.000000	0.076057	0.075677	0.075985	0.075928	0.075937	0.075994	0.075929
423.000000	0.074992	0.074771	0.075011	0.074993	0.074940	0.074881	0.074814
424.000000	0.073787	0.073939	0.073993	0.074046	0.074109	0.073732	0.073826
425.000000	0.072767	0.073055	0.073077	0.073086	0.073266	0.072802	0.072925
426.000000	0.072010	0.072099	0.072286	0.072135	0.072328	0.072128	0.072076
427.000000	0.071251	0.071196	0.071468	0.071240	0.071346	0.071455	0.071250
428.000000	0.070352	0.070398	0.070558	0.070421	0.070392	0.070642	0.070443
429.000000	0.069467	0.069594	0.069683	0.069645	0.069562	0.069815	0.069695
430.000000	0.068717	0.068711	0.068931	0.068880	0.068892	0.069070	0.069016
431.000000	0.068040	0.067841	0.068206	0.068124	0.068245	0.068329	0.068327
432.000000	0.067346	0.067078	0.067409	0.067375	0.067483	0.067514	0.067554
433.000000	0.066580	0.066395	0.066578	0.066611	0.066628	0.066689	0.066734
434.000000	0.065714	0.065731	0.065778	0.065811	0.065746	0.065938	0.065930
435.000000	0.064860	0.065018	0.065011	0.064991	0.064926	0.065205	0.065180
436.000000	0.064168	0.064194	0.064251	0.064184	0.064250	0.064387	0.064499
437.000000	0.063564	0.063317	0.063511	0.063430	0.063638	0.063524	0.063803
438.000000	0.062842	0.062509	0.062814	0.062764	0.062919	0.062740	0.062954
439.000000	0.061961	0.061788	0.062101	0.062120	0.062067	0.062035	0.062001
440.000000	0.061025	0.061077	0.061237	0.061340	0.061192	0.061307	0.061155
441.000000	0.060122	0.060346	0.060249	0.060433	0.060370	0.060514	0.060471
442.000000	0.059311	0.059628	0.059373	0.059622	0.059627	0.059702	0.059795
443.000000	0.058622	0.058945	0.058740	0.059013	0.058973	0.058943	0.059053
444.000000	0.058042	0.058290	0.058246	0.058462	0.058401	0.058339	0.058356
445.000000	0.057527	0.057648	0.057773	0.057845	0.057874	0.057909	0.057779
446.000000	0.056963	0.056995	0.057218	0.057187	0.057283	0.057410	0.057248
447.000000	0.056263	0.056320	0.056514	0.056525	0.056548	0.056646	0.056678
448.000000	0.055524	0.055667	0.055728	0.055865	0.055779	0.055815	0.056053
449.000000	0.054874	0.055085	0.054962	0.055204	0.055114	0.055170	0.055381
450.000000	0.054348	0.054557	0.054311	0.054577	0.054538	0.054654	0.054716
451.000000	0.053931	0.054038	0.053844	0.054022	0.053978	0.054097	0.054119
452.000000	0.053497	0.053470	0.053425	0.053467	0.053396	0.053486	0.053549
453.000000	0.052867	0.052799	0.052811	0.052790	0.052773	0.052896	0.052917
454.000000	0.052102	0.052103	0.052055	0.052059	0.052162	0.052350	0.052268
455.000000	0.051467	0.051570	0.051456	0.051503	0.051669	0.051820	0.051764
456.000000	0.051050	0.051208	0.051087	0.051151	0.051276	0.051295	0.051402
457.000000	0.050705	0.050792	0.050718	0.050775	0.050811	0.050788	0.050972
458.000000	0.050298	0.050205	0.050225	0.050253	0.050198	0.050296	0.050375
459.000000	0.049742	0.049560	0.049698	0.049694	0.049564	0.049788	0.049747
460.000000	0.049032	0.048959	0.049210	0.049180	0.049012	0.049250	0.049197
461.000000	0.048360	0.048420	0.048723	0.048663	0.048541	0.048723	0.048693
462.000000	0.047885	0.047939	0.048194	0.048092	0.048119	0.048240	0.048194
463.000000	0.047482	0.047484	0.047624	0.047502	0.047671	0.047762	0.047700
464.000000	0.046989	0.047021	0.047037	0.046947	0.047133	0.047245	0.047218
465.000000	0.046462	0.046569	0.046511	0.046472	0.046585	0.046733	0.046738
466.000000	0.046029	0.046158	0.046127	0.046104	0.046149	0.046289	0.046243
467.000000	0.045668	0.045756	0.045784	0.045768	0.045776	0.045865	0.045760
468.000000	0.045278	0.045301	0.045296	0.045336	0.045331	0.045354	0.045338
469.000000	0.044860	0.044833	0.044745	0.044847	0.044843	0.044829	0.045002
470.000000	0.044491	0.044474	0.044422	0.044469	0.044472	0.044506	0.044758
471.000000	0.044162	0.044201	0.044299	0.044207	0.044221	0.044352	0.044522
472.000000	0.043760	0.043818	0.043958	0.043861	0.043901	0.044037	0.044104
473.000000	0.043257	0.043269	0.043278	0.043360	0.043437	0.043452	0.043469
474.000000	0.042786	0.042752	0.042697	0.042875	0.042964	0.042902	0.042859
475.000000	0.042433	0.042398	0.042476	0.042518	0.042579	0.042584	0.042440
476.000000	0.042135	0.042105	0.042283	0.042194	0.042223	0.042313	0.042105
477.000000	0.041812	0.041760	0.041814	0.041804	0.041834	0.041906	0.041737
478.000000	0.041409	0.041349	0.041218	0.041376	0.041430	0.041414	0.041342
479.000000	0.040904	0.040889	0.040725	0.040957	0.041044	0.040935	0.040954
480.000000	0.040400	0.040446	0.040382	0.040558	0.040670	0.040522	0.040598
481.000000	0.040030	0.040094	0.040162	0.040179	0.040290	0.040200	0.040296
482.000000	0.039778	0.039818	0.039988	0.039836	0.039928	0.039933	0.040022
483.000000	0.039548	0.039559	0.039759	0.039556	0.039626	0.039652	0.039728
484.000000	0.039300	0.039288	0.039442	0.039318	0.039353	0.039327	0.039410
485.000000	0.039036	0.038996	0.039055	0.039064	0.039024	0.038961	0.039098
486.000000	0.038734	0.038681	0.038641	0.038756	0.038625	0.038582	0.038780
487.000000	0.038338	0.038338	0.038257	0.038372	0.038222	0.038248	0.038397
488.000000	0.037878	0.037967	0.037934	0.037940	0.037859	0.037966	0.037954
489.000000	0.037518	0.037575	0.037648	0.037561	0.037540	0.037666	0.037558
490.000000	0.037331	0.037187	0.037377	0.037286	0.037246	0.037323	0.037274
491.000000	0.037137	0.036878	0.037111	0.037033	0.036926	0.037035	0.037034
492.000000	0.036784	0.036685	0.036832	0.036725	0.036558	0.036856	0.036771
493.000000	0.036347	0.036483	0.036496	0.036388	0.036248	0.036620	0.036486
494.000000	0.035933	0.036145	0.036069	0.036059	0.036084	0.036161	0.036182
495.000000	0.035563	0.035712	0.035626	0.035718	0.035871	0.035604	0.035812
496.000000	0.035229	0.035282	0.035266	0.035336	0.035372	0.035150	0.035329
497.000000	0.034915	0.034913	0.034964	0.034940	0.034760	0.034826	0.034845
498.000000	0.034605	0.034639	0.034641	0.034585	0.034388	0.034572	0.034532
499.000000	0.034270	0.034378	0.034285	0.034266	0.034226	0.034321	0.034321
500.000000	0.033877	0.033973	0.033928	0.033935	0.033972	0.034007	0.033973
501.000000	0.033446	0.033437	0.033554	0.033556	0.033532	0.033602	0.033469
502.000000	0.033050	0.032966	0.033104	0.033108	0.033029	0.033122	0.033019
503.000000	0.032695	0.032626	0.032585	0.032612	0.032552	0.032613	0.032694
504.000000	0.032288	0.032279	0.032114	0.032162	0.032115	0.032163	0.032344
505.000000	0.031800	0.031849	0.031756	0.031808	0.031731	0.031813	0.031893
506.000000	0.031366	0.031431	0.031434	0.031501	0.031415	0.031500	0.031476
507.000000	0.031078	0.031096	0.031081	0.031187	0.031156	0.031160	0.031185
508.000000	0.030799	0.030759	0.030715	0.030824	0.030845	0.030781	0.030886
509.000000	0.030385	0.030328	0.030357	0.030393	0.030390	0.030368	0.030441
510.000000	0.029891	0.029860	0.029963	0.029941	0.029900	0.029940	0.029930
511.000000	0.029418	0.029440	0.029484	0.029525	0.029513	0.029514	0.029484
512.000000	0.028991	0.029041	0.028965	0.029100	0.029160	0.029086	0.029080
513.000000	0.028597	0.028591	0.028488	0.028583	0.028687	0.028638	0.028635
514.000000	0.028211	0.028122	0.028087	0.028049	0.028148	0.028195	0.028176
515.000000	0.027803	0.027731	0.027755	0.027672	0.027722	0.027806	0.027796
516.000000	0.027392	0.027425	0.027457	0.027445	0.027432	0.027463	0.027493
517.000000	0.027045	0.027123	0.027132	0.027189	0.027145	0.027098	0.027170
518.000000	0.026758	0.026766	0.026752	0.026815	0.026779	0.026692	0.026777
519.000000	0.026428	0.026329	0.026342	0.026369	0.026325	0.026293	0.026332
520.000000	0.025995	0.025833	0.025921	0.025900	0.025817	0.025921	0.025861
521.000000	0.025505	0.025387	0.025493	0.025458	0.025369	0.025532	0.025400
522.000000	0.025017	0.025058	0.025067	0.025069	0.025043	0.025098	0.024981
523.000000	0.024603	0.024746	0.024658	0.024711	0.024729	0.024676	0.024620
524.000000	0.024304	0.024358	0.024285	0.024353	0.024326	0.024319	0.024317
525.000000	0.024028	0.023951	0.023942	0.023986	0.023914	0.023994	0.024001
526.000000	0.023667	0.023606	0.023621	0.023604	0.023597	0.023657	0.023600
527.000000	0.023264	0.023288	0.023301	0.023216	0.023316	0.023306	0.023178
528.000000	0.022915	0.022921	0.022960	0.022836	0.022951	0.022962	0.022846
529.000000	0.022610	0.022523	0.022599	0.022482	0.022522	0.022615	0.022571
530.000000	0.022280	0.022162	0.022234	0.022171	0.022129	0.022242	0.022243
531.000000	0.021906	0.021845	0.021866	0.021891	0.021795	0.021856	0.021859
532.000000	0.021514	0.021525	0.021485	0.021602	0.021483	0.021507	0.021508
533.000000	0.021143	0.021188	0.021110	0.021286	0.021168	0.021211	0.021218
534.000000	0.020850	0.020867	0.020796	0.020952	0.020847	0.020941	0.020933
535.000000	0.020630	0.020574	0.020556	0.020615	0.020527	0.020666	0.020623
536.000000	0.020371	0.020280	0.020317	0.020295	0.020220	0.020351	0.020310
537.000000	0.020007	0.019964	0.020025	0.020001	0.019927	0.019990	0.020011
538.000000	0.019636	0.019651	0.019696	0.019711	0.019621	0.019651	0.019725
539.000000	0.019347	0.019360	0.019354	0.019405	0.019286	0.019386	0.019445
540.000000	0.019091	0.019079	0.019013	0.019096	0.018986	0.019136	0.019154
541.000000	0.018802	0.018786	0.018685	0.018800	0.018781	0.018834	0.018841
542.000000	0.018512	0.018475	0.018397	0.018509	0.018585	0.018520	0.018534
543.000000	0.018284	0.018144	0.018169	0.018210	0.018273	0.018264	0.018272
544.000000	0.018070	0.017832	0.017954	0.017918	0.017893	0.018031	0.018028
545.000000	0.017771	0.017594	0.017672	0.017661	0.017582	0.017732	0.017745
546.000000	0.017417	0.017404	0.017343	0.017431	0.017369	0.017393	0.017439
547.000000	0.017136	0.017176	0.017064	0.017189	0.017200	0.017129	0.017182
548.000000	0.016945	0.016901	0.016866	0.016924	0.017027	0.016949	0.016978
549.000000	0.016726	0.016653	0.016698	0.016652	0.016811	0.016746	0.016756
550.000000	0.016437	0.016452	0.016512	0.016391	0.016537	0.016468	0.016487
551.000000	0.016163	0.016227	0.016261	0.016153	0.016230	0.016167	0.016212
552.000000	0.015960	0.015952	0.015952	0.015950	0.015934	0.015901	0.015973
553.000000	0.015799	0.015734	0.015707	0.015801	0.015721	0.015737	0.015786
554.000000	0.015619	0.015615	0.015582	0.015677	0.015600	0.015663	0.015624
555.000000	0.015291	0.015343	0.015327	0.015382	0.015329	0.015408	0.015316
556.000000	0.014793	0.014776	0.014801	0.014836	0.014784	0.014822	0.014805
557.000000	0.014734	0.014684	0.014752	0.014773	0.014719	0.014718	0.014782
558.000000	0.015623	0.015757	0.015847	0.015817	0.015796	0.015829	0.015821
559.000000	0.015508	0.015594	0.015670	0.015576	0.015615	0.015706	0.015567
560.000000	0.011875	0.011087	0.011113	0.010986	0.011084	0.011165	0.011027
561.000000	0.010442	0.009428	0.009395	0.009289	0.009407	0.009426	0.009388
562.000000	0.021548	0.023574	0.023525	0.023500	0.023552	0.023554	0.023526
563.000000	0.029471	0.033589	0.033556	0.033639	0.033577	0.033620	0.033494
564.000000	-0.006612	-0.011987	-0.012037	-0.011893	-0.012004	-0.011923	-0.012111
565.000000	-0.077697	-0.093879	-0.093986	-0.093859	-0.093926	-0.093842	-0.093985
566.000000	-0.102404	-0.090448	-0.090571	-0.090507	-0.090540	-0.090459	-0.090505
567.000000	-0.046335	0.036107	0.036046	0.036035	0.035976	0.036062	0.036104
568.000000	0.016659	0.134657	0.134661	0.134599	0.134527	0.134615	0.134671
569.000000	0.027602	0.096892	0.096900	0.096841	0.096819	0.096897	0.096865
570.000000	0.013147	0.015060	0.015040	0.015037	0.015068	0.015124	0.014996
571.000000	0.008189	-0.007679	-0.007725	-0.007638	-0.007613	-0.007585	-0.007730
572.000000	0.011564	0.009174	0.009113	0.009252	0.009229	0.009240	0.009136
573.000000	0.013204	0.017639	0.017574	0.017656	0.017587	0.017608	0.017551
574.000000	0.012262	0.013608	0.013557	0.013537	0.013457	0.013502	0.013465
575.000000	0.011569	0.010485	0.010473	0.010419	0.010385	0.010444	0.010379
576.000000	0.011673	0.011096	0.011141	0.011112	0.011131	0.011193	0.011109
577.000000	0.011754	0.011888	0.011989	0.011965	0.011958	0.012018	0.012021
578.000000	0.011543	0.011627	0.011762	0.011719	0.011664	0.011697	0.011814
579.000000	0.011271	0.011185	0.011300	0.011275	0.011324	0.011269	0.011298
580.000000	0.011153	0.011085	0.011143	0.011145	0.011311	0.011226	0.011044
581.000000	0.011358	0.011330	0.011359	0.011260	0.011030	0.011292	0.011233
582.000000	0.011582	0.011523	0.011567	0.011342	0.010535	0.011215	0.011519
583.000000	0.010678	0.010611	0.010633	0.010807	0.011146	0.010876	0.010673
584.000000	0.008986	0.008991	0.008915	0.009873	0.012695	0.010444	0.008976
585.000000	0.010926	0.011001	0.010852	0.010932	0.010803	0.010796	0.010884
586.000000	0.018568	0.018635	0.018519	0.015614	0.005664	0.012056	0.018505
587.000000	0.022313	0.022348	0.022290	0.021243	0.017823	0.010987	0.022255
588.000000	0.013010	0.013056	0.012984	0.024422	0.063163	0.004928	0.012981
589.000000	0.000572	0.000633	0.000544	0.023635	0.101690	-0.000694	0.000549
590.000000	-0.000196	-0.000179	-0.000187	0.018443	0.081679	0.001341	-0.000289
591.000000	0.007616	0.007568	0.007675	0.011987	0.027166	0.008083	0.007450
592.000000	0.012134	0.012086	0.012205	0.008985	-0.001416	0.011678	0.012023
593.000000	0.011139	0.011154	0.011196	0.009568	0.004131	0.010963	0.011165
594.000000	0.009668	0.009738	0.009745	0.010467	0.012905	0.009793	0.009744
595.000000	0.009794	0.009875	0.009921	0.010340	0.012100	0.009801	0.009801
596.000000	0.010219	0.010264	0.010348	0.010009	0.009392	0.010103	0.010149
597.000000	0.010186	0.010164	0.010239	0.009954	0.009316	0.010134	0.010088
598.000000	0.010034	0.009944	0.009971	0.009974	0.010035	0.010013	0.009909
599.000000	0.010021	0.009898	0.009855	0.009911	0.010047	0.009884	0.009848
600.000000	0.010030	0.009940	0.009843	0.009839	0.009790	0.009813	0.009841
601.000000	0.009950	0.009956	0.009848	0.009826	0.009762	0.009824	0.009807
602.000000	0.009850	0.009908	0.009834	0.009807	0.009817	0.009821	0.009738
603.000000	0.009816	0.009790	0.009780	0.009715	0.009737	0.009715	0.009650
604.000000	0.009823	0.009676	0.009696	0.009595	0.009585	0.009570	0.009582
605.000000	0.009814	0.009651	0.009603	0.009518	0.009502	0.009482	0.009570
606.000000	0.009768	0.009677	0.009538	0.009497	0.009511	0.009465	0.009580
607.000000	0.009674	0.009667	0.009539	0.009518	0.009583	0.009490	0.009546
608.000000	0.009542	0.009577	0.009533	0.009513	0.009617	0.009483	0.009440
609.000000	0.009389	0.009395	0.009384	0.009384	0.009478	0.009351	0.009258
610.000000	0.009249	0.009190	0.009139	0.009175	0.009207	0.009136	0.009073
611.000000	0.009174	0.009101	0.009013	0.009057	0.009010	0.009002	0.009026
612.000000	0.009137	0.009113	0.009043	0.009047	0.008947	0.008981	0.009090
613.000000	0.009019	0.009017	0.009029	0.008960	0.008878	0.008928	0.009019
614.000000	0.008788	0.008751	0.008870	0.008729	0.008733	0.008778	0.008732
615.000000	0.008600	0.008556	0.008674	0.008535	0.008583	0.008634	0.008482
616.000000	0.008558	0.008581	0.008537	0.008499	0.008493	0.008565	0.008437
617.000000	0.008568	0.008634	0.008437	0.008502	0.008453	0.008486	0.008436
618.000000	0.008526	0.008527	0.008341	0.008424	0.008428	0.008324	0.008318
619.000000	0.008417	0.008325	0.008244	0.008284	0.008324	0.008149	0.008137
620.000000	0.008252	0.008141	0.008142	0.008137	0.008067	0.008044	0.007989
621.000000	0.008072	0.008005	0.008027	0.008007	0.007811	0.007969	0.007883
622.000000	0.007920	0.007911	0.007892	0.007903	0.007760	0.007844	0.007791
623.000000	0.007784	0.007813	0.007729	0.007796	0.007798	0.007674	0.007680
624.000000	0.007625	0.007650	0.007539	0.007640	0.007661	0.007508	0.007516
625.000000	0.007471	0.007446	0.007362	0.007448	0.007381	0.007366	0.007329
626.000000	0.007400	0.007288	0.007271	0.007276	0.007216	0.007246	0.007197
627.000000	0.007398	0.007220	0.007257	0.007166	0.007218	0.007162	0.007144
628.000000	0.007352	0.007238	0.007220	0.007138	0.007208	0.007137	0.007138
629.000000	0.007220	0.007272	0.007119	0.007152	0.007101	0.007140	0.007128
630.000000	0.007072	0.007162	0.007010	0.007068	0.006971	0.007050	0.007036
631.000000	0.006963	0.006871	0.006937	0.006847	0.006877	0.006837	0.006848
632.000000	0.006882	0.006653	0.006903	0.006690	0.006813	0.006691	0.006707
633.000000	0.006808	0.006690	0.006887	0.006731	0.006762	0.006740	0.006708
634.000000	0.006727	0.006789	0.006817	0.006776	0.006692	0.006793	0.006723
635.000000	0.006628	0.006733	0.006642	0.006633	0.006581	0.006658	0.006617
636.000000	0.006536	0.006572	0.006458	0.006426	0.006468	0.006448	0.006446
637.000000	0.006478	0.006427	0.006387	0.006353	0.006401	0.006345	0.006320
638.000000	0.006442	0.006329	0.006384	0.006383	0.006358	0.006329	0.006259
639.000000	0.006402	0.006271	0.006336	0.006396	0.006294	0.006294	0.006250
640.000000	0.006334	0.006235	0.006240	0.006332	0.006206	0.006220	0.006241
641.000000	0.006224	0.006191	0.006162	0.006177	0.006116	0.006137	0.006164
642.000000	0.006094	0.006130	0.006096	0.005994	0.006045	0.006060	0.006024
643.000000	0.006006	0.006057	0.005974	0.005909	0.006002	0.005985	0.005897
644.000000	0.005971	0.005991	0.005813	0.005937	0.005982	0.005911	0.005819
645.000000	0.005938	0.005968	0.005748	0.005940	0.005960	0.005840	0.005776
646.000000	0.005892	0.005981	0.005818	0.005856	0.005910	0.005783	0.005750
647.000000	0.005882	0.005940	0.005881	0.005782	0.005805	0.005771	0.005729
648.000000	0.005915	0.005799	0.005829	0.005771	0.005645	0.005802	0.005699
649.000000	0.005858	0.005657	0.005693	0.005711	0.005492	0.005785	0.005638
650.000000	0.005622	0.005603	0.005535	0.005524	0.005409	0.005654	0.005541
651.000000	0.005401	0.005590	0.005444	0.005360	0.005416	0.005509	0.005450
652.000000	0.005404	0.005553	0.005487	0.005387	0.005509	0.005461	0.005415
653.000000	0.005528	0.005507	0.005564	0.005522	0.005609	0.005467	0.005424
654.000000	0.005575	0.005496	0.005537	0.005605	0.005623	0.005440	0.005448
655.000000	0.005525	0.005517	0.005449	0.005615	0.005568	0.005398	0.005463
656.000000	0.005449	0.005544	0.005431	0.005602	0.005516	0.005413	0.005448
657.000000	0.005407	0.005576	0.005500	0.005581	0.005489	0.005459	0.005414
658.000000	0.005446	0.005620	0.005587	0.005544	0.005476	0.005448	0.005390
659.000000	0.005537	0.005661	0.005641	0.005514	0.005470	0.005384	0.005396
660.000000	0.005577	0.005652	0.005636	0.005542	0.005471	0.005374	0.005436
661.000000	0.005519	0.005578	0.005565	0.005601	0.005471	0.005436	0.005487
662.000000	0.005415	0.005472	0.005449	0.005541	0.005450	0.005450	0.005488
663.000000	0.005308	0.005369	0.005330	0.005321	0.005404	0.005365	0.005414
664.000000	0.005212	0.005295	0.005303	0.005154	0.005357	0.005298	0.005335
665.000000	0.005150	0.005267	0.005411	0.005196	0.005324	0.005333	0.005309
666.000000	0.005174	0.005262	0.005508	0.005319	0.005285	0.005366	0.005303
667.000000	0.005307	0.005254	0.005460	0.005368	0.005220	0.005295	0.005280
668.000000	0.005397	0.005231	0.005331	0.005340	0.005166	0.005179	0.005235
669.000000	0.005286	0.005186	0.005229	0.005273	0.005160	0.005110	0.005173
670.000000	0.005097	0.005124	0.005152	0.005192	0.005147	0.005099	0.005091
671.000000	0.005051	0.005058	0.005056	0.005119	0.005039	0.005121	0.004988
672.000000	0.005109	0.004993	0.004946	0.005066	0.004896	0.005120	0.004898
673.000000	0.005080	0.004932	0.004852	0.005041	0.004850	0.005031	0.004879
674.000000	0.004932	0.004863	0.004774	0.005002	0.004882	0.004873	0.004886
675.000000	0.004765	0.004763	0.004682	0.004866	0.004840	0.004742	0.004798
676.000000	0.004650	0.004654	0.004580	0.004655	0.004693	0.004672	0.004612
677.000000	0.004608	0.004610	0.004511	0.004526	0.004559	0.004615	0.004479
678.000000	0.004625	0.004637	0.004496	0.004536	0.004505	0.004542	0.004468
679.000000	0.004621	0.004613	0.004524	0.004560	0.004495	0.004461	0.004500
680.000000	0.004557	0.004490	0.004572	0.004514	0.004498	0.004394	0.004507
681.000000	0.004514	0.004428	0.004602	0.004447	0.004515	0.004384	0.004492
682.000000	0.004550	0.004537	0.004584	0.004415	0.004534	0.004448	0.004465
683.000000	0.004585	0.004629	0.004526	0.004409	0.004486	0.004496	0.004433
684.000000	0.004529	0.004506	0.004441	0.004402	0.004319	0.004444	0.004400
685.000000	0.004392	0.004285	0.004351	0.004354	0.004168	0.004334	0.004349
686.000000	0.004222	0.004161	0.004276	0.004230	0.004192	0.004247	0.004261
687.000000	0.004089	0.004124	0.004218	0.004083	0.004285	0.004193	0.004162
688.000000	0.004064	0.004072	0.004169	0.004003	0.004228	0.004148	0.004095
689.000000	0.004091	0.004014	0.004124	0.003999	0.004072	0.004092	0.004045
690.000000	0.004030	0.004034	0.004076	0.004025	0.004048	0.004010	0.003961
691.000000	0.003875	0.004095	0.004010	0.004020	0.004128	0.003903	0.003838
692.000000	0.003747	0.004043	0.003896	0.003912	0.004038	0.003788	0.003721
693.000000	0.003727	0.003883	0.003787	0.003746	0.003766	0.003712	0.003664
694.000000	0.003841	0.003833	0.003835	0.003725	0.003671	0.003755	0.003740
695.000000	0.004049	0.003980	0.004058	0.003914	0.003899	0.003927	0.003941
696.000000	0.004202	0.004130	0.004194	0.004081	0.004136	0.004084	0.004107
697.000000	0.004197	0.004131	0.004077	0.004064	0.004139	0.004124	0.004121
698.000000	0.004107	0.004032	0.003907	0.003982	0.004008	0.004106	0.004032
699.000000	0.004021	0.003920	0.003884	0.003968	0.003882	0.004092	0.003921
700.000000	0.003980	0.003872	0.003945	0.004000	0.003824	0.004044	0.003872
701.000000	0.004004	0.003946	0.003978	0.004024	0.003866	0.003922	0.003951
702.000000	0.004064	0.004077	0.003975	0.004028	0.003987	0.003816	0.004097
703.000000	0.004117	0.004165	0.003969	0.004019	0.004136	0.003851	0.004209
704.000000	0.004147	0.004201	0.003988	0.004024	0.004235	0.003971	0.004203
705.000000	0.004155	0.004225	0.004058	0.004076	0.004195	0.004036	0.004024
706.000000	0.004168	0.004258	0.004152	0.004169	0.004076	0.004048	0.003817
707.000000	0.004229	0.004309	0.004214	0.004266	0.004047	0.004115	0.003871
708.000000	0.004330	0.004365	0.004248	0.004336	0.004145	0.004258	0.004168
709.000000	0.004413	0.004397	0.004331	0.004360	0.004265	0.004404	0.004357
710.000000	0.004453	0.004408	0.004476	0.004362	0.004365	0.004503	0.004319
711.000000	0.004481	0.004455	0.004600	0.004428	0.004514	0.004550	0.004315
712.000000	0.004560	0.004581	0.004679	0.004609	0.004742	0.004580	0.004503
713.000000	0.004801	0.004792	0.004829	0.004873	0.004984	0.004712	0.004752
714.000000	0.005243	0.005070	0.005120	0.005174	0.005183	0.005012	0.004947
715.000000	0.005672	0.005330	0.005416	0.005458	0.005374	0.005328	0.005155
716.000000	0.005891	0.005509	0.005593	0.005685	0.005596	0.005520	0.005448
717.000000	0.006020	0.005705	0.005760	0.005870	0.005853	0.005670	0.005755
718.000000	0.006243	0.006033	0.006066	0.006056	0.006134	0.005903	0.005985
719.000000	0.006576	0.006416	0.006460	0.006338	0.006429	0.006199	0.006204
720.000000	0.006961	0.006707	0.006811	0.006805	0.006719	0.006481	0.006518
721.000000	0.007291	0.006901	0.007050	0.007271	0.006964	0.006764	0.006796
722.000000	0.007444	0.007074	0.007153	0.007407	0.007113	0.007111	0.006792
723.000000	0.007505	0.007314	0.007261	0.007320	0.007202	0.007460	0.006680
724.000000	0.007721	0.007704	0.007645	0.007463	0.007333	0.007649	0.006980
725.000000	0.008069	0.008142	0.008262	0.007884	0.007539	0.007706	0.007662
726.000000	0.008200	0.008307	0.008696	0.008134	0.007767	0.007878	0.008048
727.000000	0.008100	0.008216	0.008801	0.008139	0.007975	0.008262	0.007951
728.000000	0.008335	0.008465	0.008908	0.008482	0.008142	0.008692	0.008057
729.000000	0.009130	0.009289	0.009234	0.009391	0.008281	0.009030	0.008742
730.000000	0.009772	0.009932	0.009611	0.010096	0.008477	0.009282	0.009459
731.000000	0.009660	0.009763	0.009873	0.009959	0.008794	0.009472	0.009712
732.000000	0.009061	0.009069	0.010053	0.009280	0.009187	0.009630	0.009652
