[HEADER]
Format	J&M ASCII Table
Comment	
Date	5/30/2023 8:23:37 AM
Order	Y (evenX)
TechType	UV
NumPoints	483
FirstX	250.00
LastX	732.00
XType	NMetr
YType	Absrb
ZType	Secs
NumSubFile	7
Matrix	Z vs X
[DATA]
	0.000000	5.000064	10.000192	15.000256	20.000320	25.000448	30.000511
250.000000	0.280525	0.279983	0.279981	0.279918	0.279706	0.279412	0.279303
251.000000	0.280671	0.280211	0.280200	0.280103	0.279978	0.279482	0.279362
252.000000	0.280406	0.279914	0.279796	0.279939	0.279637	0.279096	0.278939
253.000000	0.279872	0.279240	0.278986	0.279365	0.278862	0.278503	0.278249
254.000000	0.279157	0.278326	0.277974	0.278363	0.277839	0.277866	0.277451
255.000000	0.278039	0.277129	0.276742	0.277012	0.276609	0.276869	0.276354
256.000000	0.276295	0.275567	0.275211	0.275387	0.275158	0.275177	0.274737
257.000000	0.274060	0.273533	0.273253	0.273386	0.273342	0.272916	0.272627
258.000000	0.271563	0.270950	0.270763	0.270885	0.270999	0.270349	0.270140
259.000000	0.268808	0.268034	0.267970	0.268033	0.268194	0.267613	0.267387
260.000000	0.265688	0.265128	0.265239	0.265097	0.265098	0.264755	0.264466
261.000000	0.262193	0.262074	0.262319	0.261969	0.261708	0.261577	0.261278
262.000000	0.258392	0.258349	0.258509	0.258254	0.257891	0.257705	0.257574
263.000000	0.254299	0.253892	0.253794	0.253881	0.253608	0.253192	0.253298
264.000000	0.249869	0.249176	0.248955	0.249151	0.248937	0.248582	0.248613
265.000000	0.245132	0.244493	0.244370	0.244290	0.244015	0.244095	0.243684
266.000000	0.240253	0.239783	0.239666	0.239360	0.239074	0.239359	0.238661
267.000000	0.235313	0.234959	0.234584	0.234385	0.234237	0.234167	0.233672
268.000000	0.230148	0.229968	0.229335	0.229335	0.229336	0.228884	0.228795
269.000000	0.224665	0.224786	0.224159	0.224194	0.224207	0.223849	0.224034
270.000000	0.219224	0.219491	0.219104	0.219039	0.218904	0.218930	0.219125
271.000000	0.214189	0.214182	0.214142	0.213940	0.213536	0.213907	0.213813
272.000000	0.209274	0.208903	0.209074	0.208764	0.208230	0.208739	0.208303
273.000000	0.204001	0.203679	0.203674	0.203331	0.203097	0.203454	0.202946
274.000000	0.198524	0.198519	0.198136	0.197843	0.198033	0.198115	0.197774
275.000000	0.193337	0.193416	0.192874	0.192693	0.192822	0.192799	0.192640
276.000000	0.188452	0.188354	0.187892	0.187837	0.187504	0.187587	0.187478
277.000000	0.183471	0.183305	0.182844	0.182864	0.182337	0.182558	0.182296
278.000000	0.178299	0.178307	0.177678	0.177699	0.177471	0.177705	0.177197
279.000000	0.173239	0.173476	0.172726	0.172718	0.172908	0.172911	0.172400
280.000000	0.168457	0.168794	0.168112	0.168067	0.168509	0.168103	0.167910
281.000000	0.163811	0.163968	0.163511	0.163405	0.163886	0.163307	0.163307
282.000000	0.159155	0.158856	0.158693	0.158506	0.158832	0.158549	0.158335
283.000000	0.154443	0.153832	0.153832	0.153626	0.153735	0.153828	0.153325
284.000000	0.149705	0.149265	0.149145	0.149042	0.148999	0.149169	0.148648
285.000000	0.145234	0.145101	0.144727	0.144723	0.144620	0.144726	0.144377
286.000000	0.141317	0.141163	0.140612	0.140559	0.140480	0.140648	0.140475
287.000000	0.137665	0.137237	0.136676	0.136498	0.136480	0.136773	0.136735
288.000000	0.133794	0.133134	0.132746	0.132523	0.132544	0.132834	0.132903
289.000000	0.129782	0.129092	0.128886	0.128772	0.128788	0.128910	0.129071
290.000000	0.126055	0.125601	0.125306	0.125466	0.125443	0.125294	0.125541
291.000000	0.122732	0.122623	0.122073	0.122482	0.122441	0.122035	0.122337
292.000000	0.119631	0.119616	0.119113	0.119385	0.119439	0.118955	0.119217
293.000000	0.116675	0.116426	0.116321	0.116104	0.116351	0.116006	0.116130
294.000000	0.113954	0.113462	0.113548	0.113095	0.113473	0.113336	0.113304
295.000000	0.111499	0.110990	0.110809	0.110652	0.110988	0.111023	0.110868
296.000000	0.109197	0.108880	0.108454	0.108637	0.108787	0.108966	0.108705
297.000000	0.106963	0.106961	0.106669	0.106842	0.106731	0.107017	0.106669
298.000000	0.104851	0.105078	0.104994	0.105003	0.104699	0.104945	0.104624
299.000000	0.102930	0.103119	0.102979	0.102932	0.102624	0.102606	0.102484
300.000000	0.101184	0.101163	0.100885	0.100874	0.100695	0.100380	0.100391
301.000000	0.099567	0.099332	0.099123	0.099151	0.099126	0.098719	0.098543
302.000000	0.098005	0.097630	0.097597	0.097617	0.097681	0.097365	0.096958
303.000000	0.096414	0.096011	0.095989	0.095933	0.095957	0.095775	0.095573
304.000000	0.094823	0.094475	0.094303	0.094173	0.094060	0.094001	0.094254
305.000000	0.093336	0.093056	0.092763	0.092688	0.092445	0.092499	0.092829
306.000000	0.091996	0.091773	0.091460	0.091533	0.091210	0.091355	0.091309
307.000000	0.090775	0.090625	0.090341	0.090445	0.090079	0.090260	0.089893
308.000000	0.089599	0.089527	0.089291	0.089249	0.088874	0.089015	0.088634
309.000000	0.088326	0.088261	0.088108	0.087915	0.087584	0.087615	0.087351
310.000000	0.086907	0.086756	0.086698	0.086464	0.086244	0.086122	0.085956
311.000000	0.085518	0.085287	0.085226	0.084997	0.084949	0.084718	0.084606
312.000000	0.084291	0.084076	0.083837	0.083597	0.083755	0.083511	0.083418
313.000000	0.083109	0.082981	0.082484	0.082248	0.082535	0.082304	0.082240
314.000000	0.081824	0.081813	0.081104	0.080929	0.081168	0.080893	0.080903
315.000000	0.080445	0.080544	0.079791	0.079708	0.079765	0.079418	0.079480
316.000000	0.079038	0.079201	0.078662	0.078658	0.078488	0.078104	0.078111
317.000000	0.077728	0.077820	0.077599	0.077617	0.077302	0.076949	0.076818
318.000000	0.076650	0.076435	0.076378	0.076320	0.076074	0.075834	0.075562
319.000000	0.075608	0.075024	0.074991	0.074793	0.074762	0.074628	0.074257
320.000000	0.074169	0.073525	0.073592	0.073276	0.073388	0.073204	0.072786
321.000000	0.072379	0.072020	0.072264	0.071878	0.071987	0.071670	0.071246
322.000000	0.070819	0.070744	0.071005	0.070551	0.070607	0.070397	0.069961
323.000000	0.069723	0.069754	0.069798	0.069276	0.069293	0.069450	0.069023
324.000000	0.068704	0.068793	0.068614	0.068090	0.068088	0.068374	0.068116
325.000000	0.067490	0.067650	0.067415	0.066997	0.066994	0.066926	0.067007
326.000000	0.066226	0.066301	0.066144	0.065908	0.065908	0.065506	0.065745
327.000000	0.065055	0.064779	0.064762	0.064736	0.064727	0.064425	0.064412
328.000000	0.063867	0.063230	0.063310	0.063460	0.063390	0.063298	0.063048
329.000000	0.062537	0.061821	0.061859	0.062097	0.061891	0.061715	0.061693
330.000000	0.061192	0.060674	0.060556	0.060815	0.060485	0.060091	0.060460
331.000000	0.060023	0.059860	0.059547	0.059796	0.059469	0.059051	0.059464
332.000000	0.058945	0.059077	0.058682	0.058889	0.058623	0.058370	0.058546
333.000000	0.057739	0.057864	0.057670	0.057785	0.057486	0.057396	0.057425
334.000000	0.056526	0.056432	0.056551	0.056569	0.056195	0.056153	0.056174
335.000000	0.055689	0.055513	0.055625	0.055639	0.055356	0.055195	0.055144
336.000000	0.055151	0.055119	0.054931	0.054990	0.054928	0.054611	0.054402
337.000000	0.054280	0.054399	0.054189	0.054124	0.054097	0.053922	0.053668
338.000000	0.052893	0.053051	0.053256	0.052882	0.052613	0.052900	0.052781
339.000000	0.051638	0.051819	0.052251	0.051730	0.051287	0.051808	0.051818
340.000000	0.050938	0.051184	0.051265	0.050960	0.050642	0.050855	0.050867
341.000000	0.050411	0.050668	0.050240	0.050240	0.050154	0.049983	0.049983
342.000000	0.049656	0.049796	0.049144	0.049253	0.049319	0.049116	0.049195
343.000000	0.048727	0.048738	0.048132	0.048156	0.048375	0.048285	0.048447
344.000000	0.047781	0.047781	0.047367	0.047190	0.047667	0.047530	0.047668
345.000000	0.046889	0.046954	0.046748	0.046378	0.047031	0.046792	0.046825
346.000000	0.046086	0.046183	0.046081	0.045664	0.046152	0.045982	0.045911
347.000000	0.045323	0.045409	0.045326	0.045050	0.045175	0.045155	0.045015
348.000000	0.044513	0.044584	0.044523	0.044563	0.044488	0.044437	0.044276
349.000000	0.043673	0.043742	0.043699	0.044094	0.044046	0.043813	0.043687
350.000000	0.042908	0.042990	0.042864	0.043421	0.043445	0.043147	0.043120
351.000000	0.042260	0.042331	0.042063	0.042537	0.042573	0.042377	0.042473
352.000000	0.041691	0.041645	0.041383	0.041709	0.041687	0.041535	0.041681
353.000000	0.041132	0.040891	0.040848	0.041056	0.040943	0.040709	0.040795
354.000000	0.040465	0.040201	0.040356	0.040399	0.040264	0.040077	0.040066
355.000000	0.039639	0.039631	0.039804	0.039620	0.039580	0.039685	0.039611
356.000000	0.038790	0.038992	0.039128	0.038856	0.038922	0.039194	0.039125
357.000000	0.038066	0.038139	0.038321	0.038243	0.038320	0.038332	0.038346
358.000000	0.037515	0.037294	0.037599	0.037724	0.037737	0.037379	0.037497
359.000000	0.037127	0.036717	0.037171	0.037200	0.037126	0.036696	0.036878
360.000000	0.036702	0.036281	0.036810	0.036638	0.036472	0.036176	0.036411
361.000000	0.035995	0.035733	0.036153	0.036028	0.035777	0.035555	0.035880
362.000000	0.035123	0.035094	0.035273	0.035352	0.035072	0.034886	0.035222
363.000000	0.034400	0.034546	0.034489	0.034591	0.034403	0.034401	0.034469
364.000000	0.033822	0.034073	0.033861	0.033800	0.033782	0.034014	0.033706
365.000000	0.033106	0.033484	0.033221	0.033097	0.033192	0.033374	0.033061
366.000000	0.032251	0.032760	0.032547	0.032519	0.032651	0.032481	0.032554
367.000000	0.031626	0.032109	0.032016	0.031996	0.032228	0.031812	0.032061
368.000000	0.031383	0.031643	0.031690	0.031479	0.031893	0.031559	0.031529
369.000000	0.031204	0.031253	0.031389	0.030982	0.031427	0.031322	0.031054
370.000000	0.030810	0.030818	0.030954	0.030500	0.030701	0.030802	0.030679
371.000000	0.030173	0.030238	0.030371	0.029968	0.029906	0.030169	0.030234
372.000000	0.029372	0.029484	0.029669	0.029357	0.029260	0.029628	0.029592
373.000000	0.028735	0.028819	0.028981	0.028862	0.028850	0.029159	0.028961
374.000000	0.028561	0.028512	0.028434	0.028670	0.028682	0.028681	0.028575
375.000000	0.028459	0.028311	0.027948	0.028516	0.028473	0.028123	0.028224
376.000000	0.027825	0.027796	0.027379	0.027988	0.027866	0.027434	0.027562
377.000000	0.026877	0.027085	0.026840	0.027177	0.027049	0.026763	0.026786
378.000000	0.026317	0.026613	0.026584	0.026471	0.026525	0.026371	0.026399
379.000000	0.026217	0.026423	0.026513	0.026011	0.026342	0.026239	0.026349
380.000000	0.026083	0.026203	0.026216	0.025707	0.026134	0.026095	0.026074
381.000000	0.025676	0.025779	0.025598	0.025446	0.025706	0.025756	0.025397
382.000000	0.025128	0.025178	0.024995	0.025094	0.025108	0.025171	0.024671
383.000000	0.024561	0.024487	0.024584	0.024604	0.024443	0.024403	0.024136
384.000000	0.024022	0.023875	0.024172	0.024100	0.023882	0.023726	0.023748
385.000000	0.023546	0.023457	0.023620	0.023678	0.023530	0.023338	0.023437
386.000000	0.023147	0.023145	0.023078	0.023295	0.023289	0.023140	0.023145
387.000000	0.022826	0.022830	0.022702	0.022902	0.023032	0.022983	0.022825
388.000000	0.022525	0.022467	0.022438	0.022529	0.022689	0.022747	0.022464
389.000000	0.022180	0.022043	0.022183	0.022205	0.022224	0.022343	0.022066
390.000000	0.021777	0.021656	0.021888	0.021810	0.021715	0.021857	0.021676
391.000000	0.021330	0.021437	0.021535	0.021193	0.021287	0.021437	0.021355
392.000000	0.020913	0.021358	0.021182	0.020601	0.020992	0.021141	0.021124
393.000000	0.020632	0.021290	0.020929	0.020503	0.020837	0.020967	0.020978
394.000000	0.020480	0.021109	0.020774	0.020771	0.020755	0.020825	0.020859
395.000000	0.020344	0.020707	0.020614	0.020735	0.020613	0.020553	0.020660
396.000000	0.020130	0.020132	0.020366	0.020199	0.020349	0.020128	0.020313
397.000000	0.019777	0.019644	0.019976	0.019623	0.019994	0.019722	0.019812
398.000000	0.019334	0.019365	0.019472	0.019305	0.019588	0.019445	0.019239
399.000000	0.019062	0.019111	0.019039	0.019125	0.019168	0.019263	0.018846
400.000000	0.019078	0.018739	0.018792	0.018935	0.018772	0.019095	0.018755
401.000000	0.018980	0.018314	0.018576	0.018647	0.018442	0.018784	0.018643
402.000000	0.018421	0.017925	0.018232	0.018216	0.018192	0.018231	0.018208
403.000000	0.017701	0.017583	0.017802	0.017738	0.017917	0.017668	0.017623
404.000000	0.017248	0.017275	0.017382	0.017338	0.017509	0.017374	0.017165
405.000000	0.017067	0.016996	0.017051	0.017083	0.017082	0.017265	0.016897
406.000000	0.016987	0.016744	0.016868	0.016999	0.016827	0.017124	0.016785
407.000000	0.016858	0.016550	0.016755	0.016947	0.016693	0.016908	0.016728
408.000000	0.016551	0.016454	0.016552	0.016697	0.016490	0.016692	0.016585
409.000000	0.016102	0.016358	0.016231	0.016245	0.016171	0.016476	0.016305
410.000000	0.015696	0.016034	0.015890	0.015797	0.015827	0.016202	0.015918
411.000000	0.015427	0.015501	0.015609	0.015469	0.015528	0.015857	0.015512
412.000000	0.015260	0.015117	0.015438	0.015248	0.015306	0.015497	0.015252
413.000000	0.015131	0.015034	0.015339	0.015086	0.015146	0.015179	0.015175
414.000000	0.014944	0.014950	0.015097	0.014889	0.014942	0.014951	0.015059
415.000000	0.014661	0.014658	0.014613	0.014614	0.014635	0.014825	0.014758
416.000000	0.014436	0.014385	0.014178	0.014384	0.014335	0.014702	0.014441
417.000000	0.014399	0.014346	0.014066	0.014301	0.014160	0.014496	0.014280
418.000000	0.014404	0.014358	0.014132	0.014222	0.014096	0.014275	0.014207
419.000000	0.014261	0.014167	0.014139	0.013978	0.014087	0.014130	0.014099
420.000000	0.014012	0.013843	0.014034	0.013676	0.014030	0.013995	0.013942
421.000000	0.013787	0.013577	0.013839	0.013520	0.013811	0.013757	0.013762
422.000000	0.013588	0.013369	0.013577	0.013475	0.013489	0.013463	0.013533
423.000000	0.013341	0.013113	0.013270	0.013357	0.013220	0.013257	0.013203
424.000000	0.013044	0.012827	0.012956	0.013135	0.013029	0.013132	0.012831
425.000000	0.012761	0.012648	0.012683	0.012909	0.012817	0.012946	0.012583
426.000000	0.012540	0.012574	0.012475	0.012714	0.012541	0.012668	0.012468
427.000000	0.012411	0.012415	0.012318	0.012491	0.012238	0.012421	0.012294
428.000000	0.012352	0.012109	0.012183	0.012228	0.011964	0.012268	0.011990
429.000000	0.012246	0.011872	0.012016	0.012021	0.011802	0.012135	0.011760
430.000000	0.012018	0.011846	0.011795	0.011930	0.011787	0.011967	0.011739
431.000000	0.011740	0.011875	0.011593	0.011876	0.011803	0.011807	0.011767
432.000000	0.011493	0.011783	0.011475	0.011773	0.011736	0.011688	0.011679
433.000000	0.011278	0.011564	0.011395	0.011616	0.011583	0.011524	0.011512
434.000000	0.011078	0.011268	0.011282	0.011427	0.011378	0.011224	0.011348
435.000000	0.010929	0.010996	0.011125	0.011247	0.011164	0.010907	0.011189
436.000000	0.010880	0.010860	0.010939	0.011121	0.010984	0.010757	0.011006
437.000000	0.010847	0.010803	0.010747	0.010987	0.010832	0.010740	0.010812
438.000000	0.010678	0.010677	0.010577	0.010731	0.010671	0.010689	0.010642
439.000000	0.010376	0.010444	0.010409	0.010401	0.010478	0.010537	0.010485
440.000000	0.010080	0.010172	0.010179	0.010192	0.010245	0.010304	0.010287
441.000000	0.009865	0.009904	0.009881	0.010126	0.009987	0.010030	0.010050
442.000000	0.009712	0.009656	0.009585	0.009994	0.009751	0.009777	0.009855
443.000000	0.009603	0.009460	0.009379	0.009724	0.009573	0.009599	0.009748
444.000000	0.009526	0.009389	0.009373	0.009521	0.009467	0.009533	0.009706
445.000000	0.009467	0.009448	0.009571	0.009511	0.009416	0.009565	0.009677
446.000000	0.009382	0.009439	0.009667	0.009496	0.009325	0.009553	0.009556
447.000000	0.009237	0.009198	0.009412	0.009293	0.009124	0.009378	0.009278
448.000000	0.009043	0.008860	0.009030	0.009018	0.008897	0.009131	0.008987
449.000000	0.008828	0.008612	0.008823	0.008838	0.008752	0.008938	0.008843
450.000000	0.008643	0.008483	0.008743	0.008724	0.008676	0.008806	0.008775
451.000000	0.008539	0.008429	0.008614	0.008577	0.008612	0.008692	0.008627
452.000000	0.008466	0.008377	0.008418	0.008362	0.008498	0.008552	0.008403
453.000000	0.008322	0.008242	0.008233	0.008090	0.008278	0.008350	0.008192
454.000000	0.008116	0.008048	0.008105	0.007849	0.008012	0.008140	0.008061
455.000000	0.007953	0.007910	0.008054	0.007792	0.007853	0.008049	0.008046
456.000000	0.007858	0.007870	0.008045	0.007910	0.007827	0.008066	0.008084
457.000000	0.007753	0.007872	0.007981	0.007986	0.007799	0.008000	0.007987
458.000000	0.007608	0.007850	0.007824	0.007907	0.007690	0.007778	0.007711
459.000000	0.007498	0.007733	0.007653	0.007766	0.007543	0.007571	0.007491
460.000000	0.007459	0.007507	0.007531	0.007630	0.007411	0.007492	0.007470
461.000000	0.007410	0.007328	0.007438	0.007439	0.007327	0.007438	0.007465
462.000000	0.007276	0.007304	0.007342	0.007155	0.007302	0.007303	0.007302
463.000000	0.007100	0.007262	0.007231	0.006926	0.007255	0.007127	0.007076
464.000000	0.006944	0.007010	0.007098	0.006905	0.007105	0.006975	0.006925
465.000000	0.006817	0.006703	0.006976	0.006972	0.006913	0.006830	0.006836
466.000000	0.006701	0.006599	0.006901	0.006923	0.006781	0.006654	0.006740
467.000000	0.006564	0.006633	0.006824	0.006733	0.006683	0.006484	0.006624
468.000000	0.006374	0.006569	0.006657	0.006483	0.006532	0.006402	0.006508
469.000000	0.006219	0.006401	0.006442	0.006285	0.006379	0.006424	0.006436
470.000000	0.006279	0.006311	0.006330	0.006266	0.006391	0.006512	0.006472
471.000000	0.006477	0.006330	0.006325	0.006389	0.006529	0.006582	0.006552
472.000000	0.006428	0.006300	0.006260	0.006420	0.006506	0.006498	0.006462
473.000000	0.006037	0.006145	0.006080	0.006255	0.006231	0.006243	0.006152
474.000000	0.005738	0.005951	0.005940	0.006030	0.005983	0.006008	0.005864
475.000000	0.005792	0.005798	0.005924	0.005860	0.005934	0.005924	0.005767
476.000000	0.005880	0.005716	0.005879	0.005743	0.005907	0.005907	0.005771
477.000000	0.005713	0.005708	0.005683	0.005656	0.005738	0.005861	0.005761
478.000000	0.005464	0.005691	0.005483	0.005563	0.005540	0.005755	0.005675
479.000000	0.005370	0.005582	0.005447	0.005436	0.005458	0.005592	0.005490
480.000000	0.005376	0.005417	0.005481	0.005317	0.005437	0.005448	0.005318
481.000000	0.005337	0.005272	0.005421	0.005265	0.005364	0.005411	0.005298
482.000000	0.005255	0.005188	0.005281	0.005270	0.005246	0.005408	0.005379
483.000000	0.005204	0.005184	0.005170	0.005286	0.005151	0.005290	0.005412
484.000000	0.005181	0.005213	0.005110	0.005259	0.005091	0.005100	0.005347
485.000000	0.005125	0.005178	0.005059	0.005138	0.005030	0.005025	0.005213
486.000000	0.005024	0.005063	0.004997	0.004954	0.004963	0.005081	0.005052
487.000000	0.004926	0.004944	0.004935	0.004832	0.004920	0.005082	0.004917
488.000000	0.004868	0.004864	0.004884	0.004816	0.004898	0.004955	0.004834
489.000000	0.004865	0.004802	0.004858	0.004806	0.004847	0.004817	0.004779
490.000000	0.004901	0.004748	0.004856	0.004749	0.004750	0.004755	0.004731
491.000000	0.004893	0.004727	0.004846	0.004728	0.004677	0.004725	0.004676
492.000000	0.004778	0.004746	0.004800	0.004794	0.004681	0.004681	0.004609
493.000000	0.004612	0.004743	0.004724	0.004817	0.004693	0.004625	0.004552
494.000000	0.004469	0.004655	0.004629	0.004665	0.004634	0.004569	0.004524
495.000000	0.004366	0.004519	0.004532	0.004439	0.004518	0.004505	0.004482
496.000000	0.004304	0.004401	0.004449	0.004302	0.004393	0.004422	0.004380
497.000000	0.004300	0.004330	0.004384	0.004281	0.004319	0.004329	0.004283
498.000000	0.004367	0.004313	0.004332	0.004330	0.004351	0.004244	0.004298
499.000000	0.004425	0.004319	0.004290	0.004363	0.004423	0.004189	0.004374
500.000000	0.004330	0.004294	0.004249	0.004269	0.004384	0.004184	0.004343
501.000000	0.004105	0.004213	0.004193	0.004076	0.004228	0.004205	0.004190
502.000000	0.003946	0.004084	0.004092	0.003961	0.004102	0.004180	0.004053
503.000000	0.003920	0.003939	0.003952	0.003980	0.004060	0.004099	0.003990
504.000000	0.003880	0.003842	0.003836	0.003999	0.004006	0.004037	0.003920
505.000000	0.003754	0.003816	0.003783	0.003945	0.003899	0.004035	0.003810
506.000000	0.003679	0.003800	0.003783	0.003905	0.003843	0.004025	0.003762
507.000000	0.003751	0.003746	0.003808	0.003942	0.003905	0.003959	0.003840
508.000000	0.003846	0.003709	0.003812	0.003971	0.003952	0.003893	0.003927
509.000000	0.003829	0.003738	0.003757	0.003901	0.003856	0.003880	0.003906
510.000000	0.003715	0.003740	0.003679	0.003771	0.003707	0.003857	0.003819
511.000000	0.003567	0.003603	0.003627	0.003653	0.003643	0.003740	0.003750
512.000000	0.003431	0.003417	0.003596	0.003558	0.003623	0.003586	0.003669
513.000000	0.003342	0.003347	0.003556	0.003471	0.003537	0.003508	0.003506
514.000000	0.003313	0.003373	0.003484	0.003407	0.003406	0.003505	0.003328
515.000000	0.003342	0.003356	0.003367	0.003402	0.003332	0.003504	0.003285
516.000000	0.003389	0.003286	0.003246	0.003443	0.003337	0.003480	0.003374
517.000000	0.003374	0.003270	0.003210	0.003468	0.003363	0.003457	0.003441
518.000000	0.003291	0.003326	0.003269	0.003450	0.003363	0.003441	0.003416
519.000000	0.003235	0.003342	0.003317	0.003409	0.003313	0.003409	0.003349
520.000000	0.003252	0.003255	0.003297	0.003361	0.003218	0.003347	0.003288
521.000000	0.003288	0.003135	0.003267	0.003295	0.003141	0.003258	0.003248
522.000000	0.003285	0.003046	0.003260	0.003213	0.003120	0.003159	0.003233
523.000000	0.003226	0.003002	0.003209	0.003155	0.003104	0.003087	0.003207
524.000000	0.003109	0.002998	0.003058	0.003153	0.003043	0.003071	0.003142
525.000000	0.002990	0.003008	0.002908	0.003160	0.002956	0.003075	0.003068
526.000000	0.002931	0.002999	0.002877	0.003121	0.002885	0.003055	0.003023
527.000000	0.002919	0.002965	0.002941	0.003051	0.002862	0.003013	0.002985
528.000000	0.002913	0.002912	0.003012	0.002996	0.002911	0.002969	0.002909
529.000000	0.002892	0.002860	0.003027	0.002964	0.002986	0.002921	0.002815
530.000000	0.002849	0.002834	0.002939	0.002944	0.002995	0.002849	0.002755
531.000000	0.002797	0.002828	0.002793	0.002920	0.002930	0.002783	0.002747
532.000000	0.002766	0.002809	0.002707	0.002875	0.002852	0.002789	0.002772
533.000000	0.002772	0.002772	0.002712	0.002816	0.002803	0.002857	0.002801
534.000000	0.002810	0.002749	0.002719	0.002774	0.002802	0.002884	0.002786
535.000000	0.002849	0.002745	0.002685	0.002761	0.002835	0.002825	0.002726
536.000000	0.002807	0.002709	0.002658	0.002743	0.002829	0.002755	0.002706
537.000000	0.002653	0.002615	0.002671	0.002699	0.002746	0.002727	0.002766
538.000000	0.002501	0.002516	0.002688	0.002645	0.002645	0.002702	0.002803
539.000000	0.002454	0.002465	0.002671	0.002600	0.002583	0.002642	0.002730
540.000000	0.002473	0.002461	0.002625	0.002576	0.002551	0.002570	0.002616
541.000000	0.002494	0.002485	0.002562	0.002578	0.002522	0.002521	0.002553
542.000000	0.002498	0.002500	0.002490	0.002582	0.002483	0.002508	0.002530
543.000000	0.002487	0.002469	0.002416	0.002559	0.002428	0.002527	0.002503
544.000000	0.002456	0.002420	0.002363	0.002512	0.002386	0.002533	0.002465
545.000000	0.002399	0.002411	0.002361	0.002460	0.002396	0.002466	0.002430
546.000000	0.002332	0.002427	0.002389	0.002414	0.002438	0.002350	0.002389
547.000000	0.002283	0.002398	0.002385	0.002380	0.002438	0.002280	0.002315
548.000000	0.002261	0.002316	0.002330	0.002357	0.002376	0.002271	0.002225
549.000000	0.002246	0.002248	0.002252	0.002336	0.002288	0.002254	0.002181
550.000000	0.002223	0.002219	0.002175	0.002306	0.002215	0.002208	0.002200
551.000000	0.002181	0.002180	0.002118	0.002256	0.002192	0.002193	0.002216
552.000000	0.002134	0.002114	0.002100	0.002191	0.002232	0.002239	0.002191
553.000000	0.002133	0.002094	0.002134	0.002156	0.002285	0.002270	0.002169
554.000000	0.002184	0.002152	0.002192	0.002171	0.002305	0.002233	0.002183
555.000000	0.002096	0.002124	0.002097	0.002133	0.002288	0.002197	0.002187
556.000000	0.001776	0.001916	0.001771	0.001984	0.002242	0.002232	0.002144
557.000000	0.001861	0.001998	0.001851	0.002031	0.002195	0.002274	0.002152
558.000000	0.002914	0.002789	0.002894	0.002548	0.002174	0.002229	0.002303
559.000000	0.002960	0.002742	0.002934	0.002552	0.002149	0.002113	0.002305
560.000000	-0.000555	-0.000121	-0.000570	0.000770	0.002070	0.001998	0.001774
561.000000	-0.001799	-0.001094	-0.001799	0.000096	0.002042	0.002008	0.001568
562.000000	0.009766	0.008273	0.009758	0.005759	0.002251	0.002286	0.003242
563.000000	0.018014	0.014966	0.017994	0.009869	0.002379	0.002456	0.004472
564.000000	-0.018852	-0.014680	-0.018824	-0.008097	0.001640	0.001665	-0.000789
565.000000	-0.090802	-0.072461	-0.090676	-0.042897	0.000969	0.000871	-0.010480
566.000000	-0.112575	-0.089395	-0.112424	-0.051900	0.003772	0.003628	-0.010799
567.000000	-0.049473	-0.037638	-0.049412	-0.018386	0.010187	0.010134	0.002787
568.000000	0.017117	0.016283	0.017104	0.015062	0.013226	0.013264	0.013845
569.000000	0.023426	0.020440	0.023448	0.015629	0.008492	0.008514	0.010449
570.000000	0.002550	0.002487	0.002623	0.002316	0.002114	0.002074	0.002173
571.000000	-0.003926	-0.003071	-0.003879	-0.001698	0.000431	0.000358	-0.000148
572.000000	0.000980	0.001068	0.000975	0.001262	0.001691	0.001632	0.001575
573.000000	0.003423	0.003185	0.003418	0.002746	0.002319	0.002313	0.002453
574.000000	0.002255	0.002246	0.002292	0.002047	0.002006	0.002056	0.002059
575.000000	0.001393	0.001488	0.001465	0.001539	0.001746	0.001809	0.001744
576.000000	0.001642	0.001620	0.001707	0.001708	0.001767	0.001785	0.001802
577.000000	0.001937	0.001825	0.001928	0.001898	0.001836	0.001759	0.001885
578.000000	0.001878	0.001810	0.001805	0.001874	0.001854	0.001687	0.001871
579.000000	0.001675	0.001756	0.001707	0.001786	0.001846	0.001691	0.001841
580.000000	0.001561	0.001745	0.001763	0.001717	0.001818	0.001780	0.001830
581.000000	0.001757	0.001715	0.001777	0.001651	0.001741	0.001815	0.001811
582.000000	0.002057	0.001652	0.001669	0.001599	0.001634	0.001743	0.001772
583.000000	0.001480	0.001643	0.001596	0.001630	0.001601	0.001686	0.001746
584.000000	0.000219	0.001726	0.001658	0.001757	0.001692	0.001721	0.001748
585.000000	0.001716	0.001775	0.001734	0.001827	0.001786	0.001765	0.001744
586.000000	0.007866	0.001694	0.001714	0.001728	0.001777	0.001743	0.001707
587.000000	0.012536	0.001578	0.001650	0.001607	0.001723	0.001700	0.001668
588.000000	0.009459	0.001547	0.001624	0.001632	0.001706	0.001696	0.001661
589.000000	0.002886	0.001559	0.001633	0.001709	0.001700	0.001699	0.001662
590.000000	0.000060	0.001525	0.001641	0.001678	0.001655	0.001652	0.001635
591.000000	0.000957	0.001472	0.001634	0.001581	0.001612	0.001585	0.001609
592.000000	0.001897	0.001483	0.001607	0.001559	0.001651	0.001566	0.001646
593.000000	0.001797	0.001560	0.001582	0.001617	0.001739	0.001599	0.001714
594.000000	0.001551	0.001648	0.001602	0.001654	0.001756	0.001635	0.001714
595.000000	0.001544	0.001694	0.001645	0.001641	0.001683	0.001651	0.001647
596.000000	0.001566	0.001655	0.001624	0.001630	0.001612	0.001656	0.001620
597.000000	0.001503	0.001538	0.001526	0.001629	0.001589	0.001651	0.001663
598.000000	0.001432	0.001423	0.001464	0.001579	0.001580	0.001627	0.001682
599.000000	0.001411	0.001369	0.001497	0.001466	0.001557	0.001580	0.001629
600.000000	0.001424	0.001371	0.001560	0.001395	0.001512	0.001526	0.001582
601.000000	0.001442	0.001407	0.001580	0.001436	0.001451	0.001481	0.001592
602.000000	0.001428	0.001425	0.001540	0.001493	0.001412	0.001466	0.001581
603.000000	0.001360	0.001384	0.001443	0.001469	0.001425	0.001490	0.001475
604.000000	0.001295	0.001306	0.001345	0.001411	0.001468	0.001507	0.001380
605.000000	0.001302	0.001234	0.001313	0.001403	0.001501	0.001470	0.001425
606.000000	0.001380	0.001237	0.001349	0.001452	0.001509	0.001437	0.001547
607.000000	0.001491	0.001377	0.001425	0.001527	0.001487	0.001503	0.001605
608.000000	0.001543	0.001532	0.001483	0.001570	0.001449	0.001597	0.001573
609.000000	0.001420	0.001475	0.001449	0.001509	0.001428	0.001556	0.001502
610.000000	0.001204	0.001277	0.001367	0.001390	0.001445	0.001415	0.001442
611.000000	0.001156	0.001274	0.001382	0.001368	0.001515	0.001387	0.001446
612.000000	0.001306	0.001506	0.001501	0.001460	0.001597	0.001515	0.001505
613.000000	0.001374	0.001610	0.001549	0.001503	0.001580	0.001611	0.001539
614.000000	0.001251	0.001434	0.001458	0.001432	0.001450	0.001579	0.001517
615.000000	0.001184	0.001265	0.001385	0.001388	0.001390	0.001528	0.001520
616.000000	0.001326	0.001310	0.001438	0.001463	0.001503	0.001543	0.001591
617.000000	0.001473	0.001424	0.001538	0.001554	0.001619	0.001587	0.001651
618.000000	0.001435	0.001453	0.001587	0.001561	0.001582	0.001609	0.001631
619.000000	0.001338	0.001432	0.001556	0.001518	0.001475	0.001611	0.001582
620.000000	0.001347	0.001431	0.001444	0.001480	0.001419	0.001601	0.001572
621.000000	0.001417	0.001434	0.001331	0.001444	0.001423	0.001575	0.001571
622.000000	0.001434	0.001401	0.001309	0.001385	0.001453	0.001523	0.001519
623.000000	0.001387	0.001337	0.001348	0.001324	0.001468	0.001455	0.001429
624.000000	0.001317	0.001270	0.001355	0.001301	0.001429	0.001387	0.001349
625.000000	0.001262	0.001226	0.001319	0.001319	0.001346	0.001348	0.001306
626.000000	0.001253	0.001219	0.001293	0.001348	0.001269	0.001373	0.001307
627.000000	0.001280	0.001248	0.001297	0.001365	0.001237	0.001438	0.001334
628.000000	0.001291	0.001288	0.001316	0.001351	0.001283	0.001459	0.001341
629.000000	0.001268	0.001313	0.001330	0.001310	0.001380	0.001406	0.001312
630.000000	0.001248	0.001292	0.001310	0.001281	0.001418	0.001342	0.001278
631.000000	0.001255	0.001227	0.001259	0.001289	0.001347	0.001317	0.001266
632.000000	0.001277	0.001189	0.001242	0.001311	0.001273	0.001329	0.001277
633.000000	0.001293	0.001230	0.001303	0.001325	0.001284	0.001362	0.001305
634.000000	0.001285	0.001313	0.001368	0.001320	0.001333	0.001372	0.001334
635.000000	0.001250	0.001384	0.001366	0.001293	0.001361	0.001330	0.001345
636.000000	0.001235	0.001403	0.001332	0.001275	0.001376	0.001305	0.001333
637.000000	0.001294	0.001348	0.001328	0.001297	0.001404	0.001375	0.001299
638.000000	0.001376	0.001287	0.001340	0.001333	0.001436	0.001458	0.001260
639.000000	0.001390	0.001321	0.001322	0.001333	0.001453	0.001415	0.001242
640.000000	0.001333	0.001405	0.001287	0.001298	0.001432	0.001303	0.001258
641.000000	0.001256	0.001405	0.001282	0.001259	0.001354	0.001297	0.001312
642.000000	0.001197	0.001318	0.001308	0.001225	0.001254	0.001376	0.001371
643.000000	0.001183	0.001258	0.001333	0.001181	0.001213	0.001339	0.001366
644.000000	0.001209	0.001265	0.001344	0.001149	0.001248	0.001166	0.001294
645.000000	0.001229	0.001283	0.001359	0.001197	0.001288	0.001080	0.001234
646.000000	0.001222	0.001280	0.001380	0.001319	0.001298	0.001182	0.001226
647.000000	0.001213	0.001289	0.001372	0.001374	0.001329	0.001318	0.001231
648.000000	0.001209	0.001316	0.001313	0.001278	0.001394	0.001358	0.001212
649.000000	0.001158	0.001285	0.001230	0.001139	0.001393	0.001303	0.001176
650.000000	0.001035	0.001152	0.001161	0.001071	0.001259	0.001185	0.001136
651.000000	0.000965	0.001058	0.001144	0.001072	0.001135	0.001098	0.001112
652.000000	0.001071	0.001144	0.001204	0.001113	0.001173	0.001120	0.001125
653.000000	0.001236	0.001294	0.001285	0.001155	0.001281	0.001197	0.001165
654.000000	0.001281	0.001317	0.001311	0.001161	0.001302	0.001231	0.001216
655.000000	0.001215	0.001233	0.001274	0.001157	0.001257	0.001221	0.001265
656.000000	0.001143	0.001166	0.001201	0.001197	0.001259	0.001210	0.001300
657.000000	0.001118	0.001174	0.001144	0.001252	0.001308	0.001209	0.001319
658.000000	0.001148	0.001257	0.001167	0.001239	0.001320	0.001206	0.001324
659.000000	0.001202	0.001355	0.001250	0.001173	0.001284	0.001209	0.001315
660.000000	0.001204	0.001349	0.001281	0.001178	0.001264	0.001252	0.001289
661.000000	0.001131	0.001207	0.001219	0.001264	0.001266	0.001312	0.001246
662.000000	0.001037	0.001044	0.001134	0.001268	0.001202	0.001282	0.001196
663.000000	0.000969	0.000952	0.001083	0.001124	0.001058	0.001133	0.001158
664.000000	0.000953	0.000956	0.001071	0.001007	0.000993	0.001028	0.001174
665.000000	0.000995	0.001050	0.001094	0.001048	0.001106	0.001081	0.001250
666.000000	0.001061	0.001162	0.001124	0.001142	0.001225	0.001183	0.001271
667.000000	0.001109	0.001218	0.001136	0.001167	0.001190	0.001211	0.001152
668.000000	0.001128	0.001201	0.001130	0.001135	0.001126	0.001178	0.001045
669.000000	0.001116	0.001120	0.001113	0.001096	0.001203	0.001133	0.001129
670.000000	0.001088	0.001057	0.001101	0.001077	0.001310	0.001116	0.001287
671.000000	0.001066	0.001107	0.001109	0.001100	0.001243	0.001156	0.001298
672.000000	0.001081	0.001192	0.001126	0.001160	0.001092	0.001220	0.001190
673.000000	0.001162	0.001140	0.001126	0.001237	0.001102	0.001234	0.001133
674.000000	0.001246	0.000988	0.001114	0.001289	0.001245	0.001175	0.001142
675.000000	0.001194	0.000951	0.001116	0.001255	0.001258	0.001056	0.001106
676.000000	0.001010	0.001065	0.001122	0.001138	0.001092	0.000947	0.001022
677.000000	0.000879	0.001148	0.001070	0.001023	0.000969	0.000973	0.001028
678.000000	0.000896	0.001106	0.000966	0.000962	0.001002	0.001138	0.001153
679.000000	0.000984	0.001020	0.000930	0.000947	0.001090	0.001227	0.001229
680.000000	0.001069	0.000968	0.001024	0.000971	0.001149	0.001128	0.001162
681.000000	0.001125	0.000974	0.001149	0.001041	0.001190	0.001037	0.001103
682.000000	0.001142	0.001040	0.001205	0.001148	0.001228	0.001117	0.001173
683.000000	0.001132	0.001105	0.001199	0.001216	0.001241	0.001234	0.001258
684.000000	0.001114	0.001112	0.001160	0.001180	0.001206	0.001227	0.001227
685.000000	0.001098	0.001081	0.001122	0.001106	0.001150	0.001152	0.001134
686.000000	0.001089	0.001057	0.001117	0.001090	0.001112	0.001123	0.001087
687.000000	0.001073	0.001057	0.001140	0.001096	0.001079	0.001119	0.001073
688.000000	0.001035	0.001079	0.001170	0.001036	0.001024	0.001063	0.001028
689.000000	0.000984	0.001091	0.001160	0.000933	0.000971	0.000983	0.000973
690.000000	0.000953	0.001044	0.001055	0.000885	0.000981	0.000975	0.000980
691.000000	0.000920	0.000931	0.000894	0.000880	0.001013	0.001024	0.001013
692.000000	0.000819	0.000794	0.000806	0.000800	0.000932	0.001008	0.000931
693.000000	0.000692	0.000701	0.000841	0.000665	0.000756	0.000905	0.000766
694.000000	0.000740	0.000758	0.000938	0.000686	0.000717	0.000833	0.000784
695.000000	0.001007	0.000970	0.001028	0.000927	0.000899	0.000859	0.001055
696.000000	0.001211	0.001139	0.001054	0.001144	0.001067	0.000919	0.001227
697.000000	0.001158	0.001125	0.000996	0.001157	0.001047	0.000952	0.001079
698.000000	0.000993	0.001018	0.000942	0.001067	0.000943	0.000943	0.000893
699.000000	0.000885	0.000930	0.000968	0.000998	0.000878	0.000896	0.000943
700.000000	0.000850	0.000900	0.001024	0.000957	0.000852	0.000873	0.001092
701.000000	0.000865	0.000938	0.001041	0.000929	0.000843	0.000929	0.001138
702.000000	0.000904	0.001007	0.001010	0.000915	0.000870	0.001010	0.001093
703.000000	0.000942	0.001054	0.000952	0.000924	0.000959	0.001027	0.001043
704.000000	0.000962	0.001073	0.000894	0.000951	0.001043	0.000971	0.001007
705.000000	0.000956	0.001082	0.000867	0.000981	0.001013	0.000877	0.000967
706.000000	0.000925	0.001061	0.000881	0.000985	0.000895	0.000821	0.000935
707.000000	0.000878	0.000965	0.000925	0.000921	0.000815	0.000900	0.000940
708.000000	0.000819	0.000816	0.000957	0.000806	0.000815	0.001057	0.000987
709.000000	0.000744	0.000717	0.000899	0.000716	0.000848	0.001068	0.001051
710.000000	0.000664	0.000699	0.000771	0.000680	0.000864	0.000889	0.001080
711.000000	0.000623	0.000692	0.000742	0.000654	0.000819	0.000753	0.000970
712.000000	0.000643	0.000664	0.000879	0.000632	0.000727	0.000789	0.000739
713.000000	0.000694	0.000697	0.001001	0.000701	0.000736	0.000843	0.000657
714.000000	0.000756	0.000830	0.000972	0.000892	0.000915	0.000806	0.000883
715.000000	0.000851	0.000941	0.000902	0.001027	0.001030	0.000810	0.001110
716.000000	0.000980	0.000915	0.000901	0.000954	0.000886	0.000978	0.001048
717.000000	0.001000	0.000839	0.000893	0.000837	0.000733	0.001158	0.000892
718.000000	0.000778	0.000840	0.000778	0.000892	0.000877	0.001161	0.000925
719.000000	0.000534	0.000928	0.000710	0.001044	0.001145	0.001085	0.001057
720.000000	0.000592	0.001055	0.000911	0.001112	0.001190	0.001124	0.001068
721.000000	0.000822	0.001111	0.001214	0.001058	0.000992	0.001212	0.001006
722.000000	0.000844	0.000960	0.001244	0.000934	0.000724	0.001145	0.001068
723.000000	0.000652	0.000681	0.000982	0.000854	0.000556	0.000959	0.001265
724.000000	0.000551	0.000531	0.000704	0.000976	0.000643	0.000886	0.001444
725.000000	0.000572	0.000535	0.000550	0.001167	0.000873	0.000931	0.001427
726.000000	0.000408	0.000443	0.000481	0.000959	0.000824	0.000831	0.001010
727.000000	0.000001	0.000237	0.000466	0.000325	0.000405	0.000534	0.000316
728.000000	-0.000267	0.000295	0.000506	-0.000001	0.000101	0.000367	0.000003
729.000000	-0.000202	0.000734	0.000556	0.000339	0.000189	0.000498	0.000380
730.000000	-0.000164	0.000944	0.000464	0.000633	0.000317	0.000635	0.000802
731.000000	-0.000465	0.000432	0.000122	0.000261	0.000165	0.000518	0.000702
732.000000	-0.000991	-0.000539	-0.000373	-0.000551	-0.000178	0.000232	0.000248
