[HEADER]
Format	J&M ASCII Table
Comment	
Date	5/30/2023 8:00:46 AM
Order	Y (evenX)
TechType	UV
NumPoints	483
FirstX	250.00
LastX	732.00
XType	NMetr
YType	Count
[DATA]
250.000000	7280.731934
251.000000	7040.052246
252.000000	6819.376953
253.000000	6631.156738
254.000000	6485.767090
255.000000	6384.869629
256.000000	6327.841309
257.000000	6311.931152
258.000000	6334.345215
259.000000	6398.256348
260.000000	6509.124023
261.000000	6660.319336
262.000000	6836.162109
263.000000	7029.886230
264.000000	7245.089844
265.000000	7479.347656
266.000000	7719.062500
267.000000	7949.913086
268.000000	8158.489258
269.000000	8331.317383
270.000000	8454.108398
271.000000	8513.542969
272.000000	8503.626953
273.000000	8422.002930
274.000000	8274.609375
275.000000	8072.290527
276.000000	7827.427734
277.000000	7553.723145
278.000000	7266.674805
279.000000	6983.964844
280.000000	6718.691406
281.000000	6475.009766
282.000000	6256.823730
283.000000	6070.174316
284.000000	5920.468750
285.000000	5808.574707
286.000000	5733.802246
287.000000	5693.428223
288.000000	5684.077637
289.000000	5704.953125
290.000000	5756.871094
291.000000	5839.664062
292.000000	5952.171387
293.000000	6091.802734
294.000000	6254.025879
295.000000	6435.721191
296.000000	6637.022461
297.000000	6857.250000
298.000000	7091.839355
299.000000	7335.788574
300.000000	7585.767578
301.000000	7838.771484
302.000000	8090.295410
303.000000	8334.962891
304.000000	8565.268555
305.000000	8772.339844
306.000000	8950.443359
307.000000	9097.074219
308.000000	9206.899414
309.000000	9270.060547
310.000000	9281.100586
311.000000	9245.466797
312.000000	9168.791992
313.000000	9052.073242
314.000000	8896.293945
315.000000	8707.867187
316.000000	8494.996094
317.000000	8265.511719
318.000000	8026.859863
319.000000	7783.674805
320.000000	7538.567383
321.000000	7297.181152
322.000000	7068.543945
323.000000	6857.891113
324.000000	6663.942871
325.000000	6485.493164
326.000000	6323.007324
327.000000	6177.010742
328.000000	6047.305176
329.000000	5933.647461
330.000000	5836.531250
331.000000	5756.499023
332.000000	5692.024414
333.000000	5640.639648
334.000000	5602.994629
335.000000	5582.124512
336.000000	5576.519043
337.000000	5579.257812
338.000000	5588.016113
339.000000	5609.037598
340.000000	5646.043457
341.000000	5693.895508
342.000000	5747.771973
343.000000	5809.892090
344.000000	5883.304687
345.000000	5965.158203
346.000000	6050.740234
347.000000	6139.551758
348.000000	6233.361328
349.000000	6330.895508
350.000000	6428.363770
351.000000	6525.366699
352.000000	6625.787598
353.000000	6729.988281
354.000000	6831.384766
355.000000	6924.865723
356.000000	7011.420898
357.000000	7092.541504
358.000000	7167.429199
359.000000	7234.335937
360.000000	7289.246094
361.000000	7327.758789
362.000000	7351.133789
363.000000	7363.756348
364.000000	7364.576660
365.000000	7347.824707
366.000000	7312.654297
367.000000	7264.772949
368.000000	7207.652344
369.000000	7139.690430
370.000000	7061.325195
371.000000	6980.450195
372.000000	6904.883789
373.000000	6836.301270
374.000000	6774.348145
375.000000	6716.312988
376.000000	6658.927246
377.000000	6603.663574
378.000000	6554.619629
379.000000	6509.648437
380.000000	6461.051758
381.000000	6407.649414
382.000000	6357.149414
383.000000	6315.338379
384.000000	6283.066406
385.000000	6260.341309
386.000000	6246.376465
387.000000	6240.799805
388.000000	6245.744141
389.000000	6263.116211
390.000000	6288.328125
391.000000	6314.826660
392.000000	6345.134277
393.000000	6387.054199
394.000000	6439.226074
395.000000	6491.858398
396.000000	6539.070312
397.000000	6580.677246
398.000000	6619.007812
399.000000	6660.560059
400.000000	6709.391602
401.000000	6760.891602
402.000000	6811.129395
403.000000	6866.486328
404.000000	6934.991699
405.000000	7015.722656
406.000000	7104.192871
407.000000	7199.039062
408.000000	7300.928711
409.000000	7411.293457
410.000000	7532.228027
411.000000	7665.210937
412.000000	7810.845703
413.000000	7968.339844
414.000000	8134.270020
415.000000	8307.986328
416.000000	8497.932617
417.000000	8711.632812
418.000000	8944.952148
419.000000	9191.152344
420.000000	9448.253906
421.000000	9715.669922
422.000000	9985.646484
423.000000	10246.541992
424.000000	10499.161133
425.000000	10755.652344
426.000000	11023.399414
427.000000	11302.882812
428.000000	11591.803711
429.000000	11883.390625
430.000000	12170.851562
431.000000	12448.850586
432.000000	12711.986328
433.000000	12953.440430
434.000000	13168.416016
435.000000	13368.642578
436.000000	13571.980469
437.000000	13787.802734
438.000000	14019.700195
439.000000	14261.130859
440.000000	14496.694336
441.000000	14716.831055
442.000000	14919.959961
443.000000	15103.351562
444.000000	15261.096680
445.000000	15389.331055
446.000000	15490.953125
447.000000	15569.839844
448.000000	15628.997070
449.000000	15671.178711
450.000000	15698.992187
451.000000	15715.520508
452.000000	15729.462891
453.000000	15752.468750
454.000000	15789.005859
455.000000	15837.145508
456.000000	15890.256836
457.000000	15936.142578
458.000000	15968.192383
459.000000	15990.616211
460.000000	16007.566406
461.000000	16019.923828
462.000000	16027.773437
463.000000	16030.178711
464.000000	16025.515625
465.000000	16009.480469
466.000000	15977.529297
467.000000	15932.984375
468.000000	15883.883789
469.000000	15841.974609
470.000000	15821.728516
471.000000	15827.762695
472.000000	15852.869141
473.000000	15893.706055
474.000000	15954.819336
475.000000	16038.045898
476.000000	16136.287109
477.000000	16243.974609
478.000000	16366.861328
479.000000	16513.810547
480.000000	16695.960937
481.000000	16923.328125
482.000000	17187.947266
483.000000	17471.406250
484.000000	17743.478516
485.000000	17965.263672
486.000000	18111.791016
487.000000	18174.375000
488.000000	18168.537109
489.000000	18147.726562
490.000000	18155.351562
491.000000	18202.533203
492.000000	18292.462891
493.000000	18416.826172
494.000000	18565.652344
495.000000	18733.947266
496.000000	18919.070312
497.000000	19123.916016
498.000000	19353.357422
499.000000	19601.130859
500.000000	19853.210937
501.000000	20104.740234
502.000000	20360.558594
503.000000	20619.875000
504.000000	20872.726562
505.000000	21114.847656
506.000000	21356.210937
507.000000	21604.203125
508.000000	21851.486328
509.000000	22089.996094
510.000000	22323.048828
511.000000	22556.638672
512.000000	22790.251953
513.000000	23020.984375
514.000000	23253.427734
515.000000	23496.837891
516.000000	23752.339844
517.000000	24013.208984
518.000000	24276.634766
519.000000	24545.656250
520.000000	24822.285156
521.000000	25105.609375
522.000000	25395.265625
523.000000	25693.560547
524.000000	26001.677734
525.000000	26313.562500
526.000000	26622.701172
527.000000	26933.246094
528.000000	27252.947266
529.000000	27580.197266
530.000000	27907.964844
531.000000	28234.537109
532.000000	28562.865234
533.000000	28892.947266
534.000000	29220.882812
535.000000	29543.257812
536.000000	29858.009766
537.000000	30165.234375
538.000000	30470.412109
539.000000	30777.673828
540.000000	31082.275391
541.000000	31378.603516
542.000000	31669.138672
543.000000	31958.619141
544.000000	32244.535156
545.000000	32520.705078
546.000000	32785.527344
547.000000	33041.078125
548.000000	33290.398437
549.000000	33537.492187
550.000000	33784.953125
551.000000	34032.992187
552.000000	34282.683594
553.000000	34537.601562
554.000000	34797.710937
555.000000	35049.050781
556.000000	35285.281250
557.000000	35556.347656
558.000000	35907.042969
559.000000	36191.488281
560.000000	36220.496094
561.000000	36441.480469
562.000000	37658.863281
563.000000	38651.703125
564.000000	36248.406250
565.000000	31160.107422
566.000000	29736.919922
567.000000	34659.664062
568.000000	40156.730469
569.000000	41614.652344
570.000000	41094.851562
571.000000	41300.796875
572.000000	42122.292969
573.000000	42755.558594
574.000000	43125.437500
575.000000	43447.886719
576.000000	43766.144531
577.000000	44018.667969
578.000000	44171.417969
579.000000	44215.886719
580.000000	44148.031250
581.000000	43968.253906
582.000000	43671.546875
583.000000	43242.812500
584.000000	42700.570312
585.000000	42153.593750
586.000000	41643.234375
587.000000	40893.375000
588.000000	39677.281250
589.000000	38503.882812
590.000000	38044.128906
591.000000	38039.121094
592.000000	37779.839844
593.000000	37149.121094
594.000000	36473.421875
595.000000	35881.816406
596.000000	35279.828125
597.000000	34620.707031
598.000000	33947.902344
599.000000	33297.074219
600.000000	32669.724609
601.000000	32064.904297
602.000000	31488.693359
603.000000	30948.617187
604.000000	30452.291016
605.000000	30006.148437
606.000000	29607.617187
607.000000	29250.105469
608.000000	28927.091797
609.000000	28632.316406
610.000000	28363.207031
611.000000	28120.441406
612.000000	27898.339844
613.000000	27682.867187
614.000000	27467.296875
615.000000	27259.603516
616.000000	27064.660156
617.000000	26874.513672
618.000000	26682.865234
619.000000	26498.771484
620.000000	26333.748047
621.000000	26190.789062
622.000000	26069.289062
623.000000	25964.783203
624.000000	25870.951172
625.000000	25784.941406
626.000000	25706.509766
627.000000	25632.726562
628.000000	25557.687500
629.000000	25478.183594
630.000000	25395.460937
631.000000	25311.792969
632.000000	25230.914062
633.000000	25154.710937
634.000000	25078.349609
635.000000	24996.771484
636.000000	24910.626953
637.000000	24821.923828
638.000000	24729.820312
639.000000	24632.542969
640.000000	24532.333984
641.000000	24433.867187
642.000000	24338.773437
643.000000	24245.992187
644.000000	24159.673828
645.000000	24090.781250
646.000000	24045.546875
647.000000	24020.630859
648.000000	24014.191406
649.000000	24031.148437
650.000000	24085.839844
651.000000	24225.355469
652.000000	24502.716797
653.000000	24958.353516
654.000000	25607.332031
655.000000	26278.158203
656.000000	26709.531250
657.000000	26765.339844
658.000000	26407.656250
659.000000	25686.896484
660.000000	24745.220703
661.000000	23751.154297
662.000000	22905.662109
663.000000	22318.890625
664.000000	21900.126953
665.000000	21556.753906
666.000000	21271.599609
667.000000	21040.722656
668.000000	20853.242187
669.000000	20697.853516
670.000000	20574.314453
671.000000	20486.195312
672.000000	20427.580078
673.000000	20386.851562
674.000000	20353.863281
675.000000	20320.000000
676.000000	20283.310547
677.000000	20249.804687
678.000000	20221.337891
679.000000	20191.794922
680.000000	20156.066406
681.000000	20113.476562
682.000000	20063.927734
683.000000	20006.970703
684.000000	19941.871094
685.000000	19866.767578
686.000000	19779.521484
687.000000	19678.685547
688.000000	19563.199219
689.000000	19432.509766
690.000000	19286.417969
691.000000	19124.500000
692.000000	18946.160156
693.000000	18752.148437
694.000000	18545.058594
695.000000	18324.455078
696.000000	18083.777344
697.000000	17819.244141
698.000000	17536.855469
699.000000	17241.968750
700.000000	16930.302734
701.000000	16596.480469
702.000000	16243.615234
703.000000	15877.457031
704.000000	15498.495117
705.000000	15104.423828
706.000000	14693.977539
707.000000	14266.720703
708.000000	13822.605469
709.000000	13361.937500
710.000000	12882.651367
711.000000	12379.066406
712.000000	11849.654297
713.000000	11302.503906
714.000000	10744.270508
715.000000	10173.210937
716.000000	9587.926758
717.000000	8996.165039
718.000000	8407.607422
719.000000	7827.173340
720.000000	7257.781250
721.000000	6702.272461
722.000000	6163.520020
723.000000	5645.631836
724.000000	5153.651367
725.000000	4689.330566
726.000000	4250.504883
727.000000	3835.218506
728.000000	3442.243164
729.000000	3072.130127
730.000000	2729.483398
731.000000	2415.552734
732.000000	2118.032471
