[HEADER]
Format	J&M ASCII Table
Comment	
Date	5/30/2023 8:00:51 AM
Order	Y (evenX)
TechType	UV
NumPoints	483
FirstX	250.00
LastX	732.00
XType	NMetr
YType	Absrb
ZType	Secs
NumSubFile	7
Matrix	Z vs X
[DATA]
	0.000000	5.000128	10.000192	15.000256	20.000383	25.000448	30.000511
250.000000	0.001159	0.001706	0.002123	0.002601	0.003008	0.003000	0.003678
251.000000	0.001204	0.001701	0.002073	0.002558	0.003062	0.002884	0.003597
252.000000	0.000932	0.001508	0.001958	0.002355	0.002851	0.002925	0.003318
253.000000	0.000718	0.001303	0.001830	0.002158	0.002545	0.002880	0.003007
254.000000	0.000837	0.001222	0.001733	0.002083	0.002305	0.002595	0.002815
255.000000	0.001016	0.001169	0.001647	0.001997	0.002132	0.002333	0.002736
256.000000	0.000937	0.001027	0.001540	0.001747	0.001988	0.002348	0.002710
257.000000	0.000685	0.000814	0.001368	0.001397	0.001792	0.002339	0.002564
258.000000	0.000470	0.000606	0.001107	0.001084	0.001482	0.001904	0.002138
259.000000	0.000424	0.000548	0.000931	0.000966	0.001299	0.001369	0.001728
260.000000	0.000619	0.000797	0.001086	0.001194	0.001600	0.001384	0.001826
261.000000	0.000899	0.001128	0.001408	0.001571	0.002105	0.001805	0.002207
262.000000	0.000933	0.001042	0.001426	0.001647	0.002068	0.001887	0.002118
263.000000	0.000680	0.000536	0.001046	0.001343	0.001434	0.001486	0.001500
264.000000	0.000425	0.000188	0.000611	0.001007	0.000940	0.001151	0.001096
265.000000	0.000322	0.000281	0.000366	0.000833	0.000944	0.001146	0.001215
266.000000	0.000274	0.000548	0.000353	0.000716	0.001090	0.001184	0.001360
267.000000	0.000221	0.000732	0.000538	0.000587	0.001089	0.001066	0.001196
268.000000	0.000267	0.000746	0.000746	0.000533	0.001012	0.000959	0.001012
269.000000	0.000474	0.000577	0.000822	0.000629	0.000961	0.001018	0.001089
270.000000	0.000658	0.000418	0.000782	0.000798	0.000929	0.001122	0.001266
271.000000	0.000608	0.000462	0.000682	0.000929	0.000886	0.001113	0.001312
272.000000	0.000384	0.000593	0.000553	0.000947	0.000804	0.001009	0.001220
273.000000	0.000139	0.000600	0.000419	0.000806	0.000662	0.000895	0.001067
274.000000	0.000000	0.000508	0.000353	0.000623	0.000517	0.000815	0.000909
275.000000	0.000062	0.000468	0.000444	0.000597	0.000460	0.000787	0.000787
276.000000	0.000233	0.000459	0.000580	0.000662	0.000448	0.000753	0.000691
277.000000	0.000266	0.000310	0.000486	0.000532	0.000325	0.000595	0.000567
278.000000	0.000129	0.000047	0.000198	0.000257	0.000132	0.000382	0.000427
279.000000	0.000066	-0.000059	0.000162	0.000323	0.000172	0.000420	0.000367
280.000000	0.000166	0.000087	0.000497	0.000824	0.000497	0.000758	0.000415
281.000000	0.000191	0.000202	0.000659	0.001059	0.000664	0.000931	0.000471
282.000000	-0.000018	0.000092	0.000302	0.000584	0.000391	0.000630	0.000439
283.000000	-0.000279	-0.000068	-0.000133	-0.000054	0.000010	0.000159	0.000294
284.000000	-0.000384	-0.000089	-0.000200	-0.000280	-0.000120	-0.000127	0.000066
285.000000	-0.000271	-0.000016	-0.000033	-0.000182	-0.000030	-0.000114	-0.000021
286.000000	0.000048	0.000055	0.000096	-0.000016	0.000142	0.000199	0.000240
287.000000	0.000344	0.000080	0.000102	0.000077	0.000241	0.000508	0.000571
288.000000	0.000326	0.000048	-0.000009	0.000024	0.000122	0.000425	0.000526
289.000000	0.000057	-0.000030	-0.000135	-0.000075	-0.000128	0.000098	0.000202
290.000000	-0.000177	-0.000126	-0.000117	-0.000016	-0.000285	0.000002	0.000024
291.000000	-0.000248	-0.000204	0.000018	0.000188	-0.000253	0.000164	0.000086
292.000000	-0.000183	-0.000214	0.000073	0.000324	-0.000059	0.000193	0.000164
293.000000	-0.000038	-0.000166	0.000009	0.000277	0.000188	-0.000016	0.000136
294.000000	0.000094	-0.000140	0.000019	0.000088	0.000274	-0.000144	0.000048
295.000000	0.000173	-0.000150	0.000186	-0.000127	0.000142	0.000000	-0.000027
296.000000	0.000273	-0.000051	0.000334	-0.000116	0.000069	0.000285	0.000009
297.000000	0.000425	0.000231	0.000316	0.000235	0.000244	0.000541	0.000194
298.000000	0.000492	0.000480	0.000193	0.000543	0.000423	0.000617	0.000361
299.000000	0.000354	0.000483	0.000057	0.000442	0.000356	0.000426	0.000352
300.000000	0.000147	0.000324	-0.000043	0.000159	0.000154	0.000195	0.000248
301.000000	0.000059	0.000158	-0.000078	0.000053	0.000020	0.000193	0.000186
302.000000	0.000058	0.000007	-0.000063	0.000067	-0.000008	0.000279	0.000168
303.000000	0.000021	-0.000164	-0.000036	-0.000027	0.000025	0.000145	0.000133
304.000000	-0.000042	-0.000292	-0.000011	-0.000179	0.000058	-0.000125	0.000097
305.000000	-0.000029	-0.000257	0.000011	-0.000153	0.000020	-0.000184	0.000125
306.000000	0.000071	-0.000074	0.000048	0.000060	-0.000036	0.000026	0.000220
307.000000	0.000174	0.000093	0.000131	0.000232	0.000059	0.000258	0.000317
308.000000	0.000217	0.000143	0.000207	0.000245	0.000292	0.000354	0.000349
309.000000	0.000170	0.000071	0.000096	0.000170	0.000361	0.000309	0.000249
310.000000	0.000039	-0.000075	-0.000229	0.000077	0.000131	0.000175	0.000016
311.000000	-0.000099	-0.000140	-0.000423	-0.000003	-0.000099	0.000094	-0.000194
312.000000	-0.000170	-0.000036	-0.000239	-0.000047	-0.000084	0.000153	-0.000253
313.000000	-0.000151	0.000050	0.000032	-0.000050	0.000039	0.000197	-0.000201
314.000000	-0.000048	-0.000070	0.000058	-0.000017	0.000080	0.000068	-0.000104
315.000000	0.000044	-0.000267	-0.000071	0.000004	0.000056	-0.000119	0.000017
316.000000	0.000021	-0.000323	-0.000140	-0.000039	0.000047	-0.000177	0.000153
317.000000	-0.000021	-0.000169	-0.000068	-0.000099	0.000081	-0.000074	0.000253
318.000000	0.000095	0.000169	0.000141	-0.000088	0.000155	0.000134	0.000247
319.000000	0.000249	0.000458	0.000336	-0.000023	0.000201	0.000273	0.000138
320.000000	0.000110	0.000319	0.000260	0.000001	0.000101	0.000094	-0.000015
321.000000	-0.000271	-0.000177	-0.000042	-0.000017	-0.000101	-0.000297	-0.000145
322.000000	-0.000418	-0.000456	-0.000190	0.000027	-0.000182	-0.000396	-0.000178
323.000000	-0.000139	-0.000271	-0.000037	0.000189	-0.000076	-0.000063	-0.000082
324.000000	0.000252	0.000046	0.000151	0.000434	0.000001	0.000214	0.000098
325.000000	0.000489	0.000234	0.000192	0.000670	-0.000051	0.000134	0.000298
326.000000	0.000549	0.000345	0.000207	0.000684	0.000004	-0.000001	0.000413
327.000000	0.000451	0.000432	0.000302	0.000351	0.000324	0.000085	0.000371
328.000000	0.000247	0.000384	0.000363	-0.000038	0.000573	0.000211	0.000235
329.000000	-0.000000	0.000104	0.000269	-0.000164	0.000401	0.000153	0.000101
330.000000	-0.000194	-0.000187	0.000154	-0.000098	0.000060	0.000019	0.000059
331.000000	-0.000246	-0.000199	0.000212	-0.000039	-0.000029	0.000012	0.000173
332.000000	-0.000224	-0.000076	0.000319	-0.000052	0.000064	0.000039	0.000305
333.000000	-0.000269	-0.000174	0.000199	-0.000122	0.000024	-0.000131	0.000229
334.000000	-0.000278	-0.000391	-0.000042	-0.000119	-0.000100	-0.000374	0.000092
335.000000	0.000034	-0.000269	-0.000008	0.000172	0.000025	-0.000290	0.000325
336.000000	0.000570	0.000205	0.000292	0.000631	0.000385	0.000132	0.000848
337.000000	0.000771	0.000506	0.000355	0.000750	0.000547	0.000440	0.000967
338.000000	0.000419	0.000399	0.000034	0.000365	0.000333	0.000415	0.000454
339.000000	-0.000058	0.000216	-0.000151	-0.000038	0.000045	0.000298	-0.000043
340.000000	-0.000289	0.000189	0.000093	-0.000107	-0.000065	0.000282	-0.000072
341.000000	-0.000229	0.000153	0.000305	-0.000000	-0.000000	0.000305	0.000076
342.000000	0.000054	-0.000035	0.000085	0.000085	0.000170	0.000282	0.000075
343.000000	0.000231	-0.000156	-0.000208	0.000141	0.000294	0.000174	-0.000052
344.000000	-0.000002	0.000025	-0.000129	0.000194	0.000234	-0.000023	-0.000196
345.000000	-0.000372	0.000269	0.000111	0.000178	0.000054	-0.000195	-0.000240
346.000000	-0.000433	0.000199	0.000098	0.000011	-0.000106	-0.000198	-0.000089
347.000000	-0.000230	-0.000066	-0.000093	-0.000181	-0.000162	-0.000066	0.000144
348.000000	-0.000075	-0.000140	-0.000117	-0.000171	-0.000069	0.000068	0.000232
349.000000	-0.000058	0.000049	0.000075	0.000000	0.000090	0.000134	0.000170
350.000000	-0.000070	0.000307	0.000277	0.000070	0.000125	0.000120	0.000136
351.000000	-0.000045	0.000468	0.000378	-0.000001	0.000010	0.000049	0.000200
352.000000	0.000023	0.000423	0.000391	0.000034	-0.000076	-0.000011	0.000283
353.000000	0.000119	0.000197	0.000351	0.000250	-0.000033	-0.000007	0.000326
354.000000	0.000198	0.000062	0.000316	0.000385	0.000079	0.000080	0.000314
355.000000	0.000213	0.000167	0.000309	0.000264	0.000179	0.000228	0.000242
356.000000	0.000127	0.000249	0.000250	0.000065	0.000187	0.000310	0.000126
357.000000	-0.000052	0.000092	0.000091	-0.000022	0.000071	0.000239	0.000003
358.000000	-0.000133	-0.000016	-0.000005	-0.000007	-0.000006	0.000175	-0.000016
359.000000	0.000066	0.000248	0.000134	0.000046	0.000123	0.000295	0.000161
360.000000	0.000359	0.000571	0.000367	0.000104	0.000287	0.000423	0.000345
361.000000	0.000441	0.000452	0.000446	0.000143	0.000218	0.000285	0.000273
362.000000	0.000313	0.000084	0.000331	0.000167	0.000030	-0.000017	0.000055
363.000000	0.000157	0.000049	0.000103	0.000190	0.000053	-0.000162	0.000013
364.000000	0.000050	0.000327	-0.000156	0.000177	0.000248	-0.000106	0.000121
365.000000	-0.000031	0.000371	-0.000371	0.000048	0.000255	-0.000047	0.000050
366.000000	-0.000094	0.000048	-0.000467	-0.000156	0.000015	-0.000076	-0.000231
367.000000	-0.000123	-0.000217	-0.000370	-0.000236	-0.000127	-0.000133	-0.000354
368.000000	-0.000109	-0.000173	-0.000101	-0.000107	0.000002	-0.000157	-0.000146
369.000000	-0.000052	0.000024	0.000141	0.000079	0.000201	-0.000112	0.000150
370.000000	0.000026	0.000208	0.000203	0.000174	0.000288	-0.000001	0.000314
371.000000	0.000063	0.000310	0.000128	0.000129	0.000252	0.000062	0.000314
372.000000	0.000016	0.000301	0.000005	-0.000053	0.000140	0.000001	0.000182
373.000000	-0.000009	0.000258	-0.000019	-0.000189	0.000110	-0.000019	0.000068
374.000000	0.000093	0.000262	0.000172	-0.000100	0.000297	0.000175	0.000116
375.000000	0.000160	0.000234	0.000339	0.000053	0.000467	0.000306	0.000199
376.000000	-0.000044	0.000049	0.000145	-0.000004	0.000277	-0.000023	0.000109
377.000000	-0.000344	-0.000196	-0.000203	-0.000173	-0.000099	-0.000514	-0.000051
378.000000	-0.000331	-0.000274	-0.000184	-0.000143	-0.000187	-0.000476	-0.000002
379.000000	-0.000024	-0.000162	0.000174	0.000062	0.000028	0.000037	0.000185
380.000000	0.000176	-0.000016	0.000354	0.000122	0.000144	0.000299	0.000128
381.000000	0.000129	0.000026	0.000181	-0.000036	0.000029	0.000095	-0.000198
382.000000	0.000063	-0.000130	-0.000043	-0.000143	-0.000081	-0.000081	-0.000330
383.000000	0.000106	-0.000444	-0.000110	-0.000082	-0.000064	0.000030	-0.000080
384.000000	0.000136	-0.000624	-0.000060	-0.000079	-0.000077	0.000139	0.000147
385.000000	0.000057	-0.000491	0.000031	-0.000270	-0.000223	0.000026	0.000063
386.000000	-0.000065	-0.000283	0.000070	-0.000416	-0.000346	-0.000135	-0.000068
387.000000	-0.000147	-0.000242	-0.000001	-0.000286	-0.000296	-0.000155	0.000022
388.000000	-0.000149	-0.000278	-0.000070	0.000013	-0.000161	-0.000083	0.000190
389.000000	-0.000061	-0.000233	-0.000011	0.000281	-0.000080	-0.000030	0.000209
390.000000	0.000009	-0.000152	0.000032	0.000334	-0.000105	-0.000045	0.000106
391.000000	-0.000078	-0.000144	-0.000164	0.000034	-0.000235	-0.000140	0.000013
392.000000	-0.000177	-0.000162	-0.000437	-0.000350	-0.000319	-0.000189	0.000017
393.000000	0.000015	-0.000063	-0.000401	-0.000317	-0.000126	0.000003	0.000168
394.000000	0.000425	0.000125	-0.000039	0.000082	0.000250	0.000343	0.000364
395.000000	0.000639	0.000213	0.000320	0.000298	0.000423	0.000477	0.000368
396.000000	0.000495	0.000127	0.000461	0.000148	0.000263	0.000307	0.000134
397.000000	0.000185	-0.000045	0.000343	-0.000025	0.000009	0.000090	-0.000116
398.000000	-0.000081	-0.000180	0.000057	-0.000009	-0.000128	0.000013	-0.000211
399.000000	-0.000119	-0.000109	-0.000059	0.000072	-0.000044	0.000078	-0.000111
400.000000	0.000118	0.000216	0.000165	0.000089	0.000259	0.000221	0.000152
401.000000	0.000260	0.000448	0.000324	0.000006	0.000510	0.000261	0.000380
402.000000	-0.000007	0.000291	0.000060	-0.000163	0.000462	0.000058	0.000392
403.000000	-0.000394	-0.000020	-0.000286	-0.000259	0.000234	-0.000215	0.000230
404.000000	-0.000504	-0.000148	-0.000264	-0.000124	0.000029	-0.000335	0.000000
405.000000	-0.000370	-0.000129	-0.000043	0.000086	-0.000063	-0.000321	-0.000167
406.000000	-0.000194	-0.000142	-0.000018	0.000110	-0.000013	-0.000288	-0.000150
407.000000	-0.000081	-0.000184	-0.000151	-0.000042	0.000068	-0.000260	-0.000031
408.000000	-0.000066	-0.000141	-0.000145	-0.000186	-0.000009	-0.000207	-0.000013
409.000000	-0.000128	-0.000033	0.000008	-0.000259	-0.000190	-0.000141	-0.000115
410.000000	-0.000197	-0.000009	0.000042	-0.000309	-0.000199	-0.000112	-0.000192
411.000000	-0.000227	-0.000099	-0.000110	-0.000331	0.000015	-0.000135	-0.000185
412.000000	-0.000217	-0.000179	-0.000242	-0.000244	0.000193	-0.000178	-0.000166
413.000000	-0.000171	-0.000178	-0.000230	-0.000064	0.000163	-0.000222	-0.000173
414.000000	-0.000099	-0.000160	-0.000152	-0.000007	-0.000024	-0.000273	-0.000156
415.000000	-0.000017	-0.000171	-0.000087	-0.000187	-0.000261	-0.000332	-0.000082
416.000000	0.000049	-0.000155	-0.000052	-0.000355	-0.000359	-0.000358	-0.000002
417.000000	0.000075	-0.000064	-0.000041	-0.000272	-0.000189	-0.000315	0.000032
418.000000	0.000056	0.000037	-0.000012	-0.000042	0.000029	-0.000216	0.000045
419.000000	0.000001	0.000067	0.000080	0.000152	0.000028	-0.000087	0.000074
420.000000	-0.000044	0.000076	0.000197	0.000257	-0.000079	0.000023	0.000120
421.000000	-0.000024	0.000153	0.000268	0.000278	-0.000047	0.000062	0.000167
422.000000	0.000011	0.000228	0.000255	0.000202	0.000051	0.000030	0.000165
423.000000	-0.000050	0.000140	0.000143	0.000017	-0.000043	-0.000040	0.000054
424.000000	-0.000200	-0.000085	-0.000014	-0.000203	-0.000285	-0.000105	-0.000109
425.000000	-0.000324	-0.000249	-0.000100	-0.000300	-0.000356	-0.000118	-0.000161
426.000000	-0.000374	-0.000269	-0.000089	-0.000257	-0.000191	-0.000075	-0.000072
427.000000	-0.000390	-0.000216	-0.000081	-0.000239	-0.000066	-0.000031	0.000012
428.000000	-0.000388	-0.000140	-0.000123	-0.000299	-0.000114	-0.000008	0.000003
429.000000	-0.000317	-0.000021	-0.000146	-0.000237	-0.000141	0.000046	-0.000041
430.000000	-0.000154	0.000137	-0.000096	0.000050	-0.000005	0.000149	-0.000052
431.000000	0.000029	0.000243	-0.000003	0.000309	0.000170	0.000209	0.000030
432.000000	0.000152	0.000222	0.000094	0.000304	0.000243	0.000147	0.000218
433.000000	0.000175	0.000145	0.000185	0.000157	0.000213	0.000046	0.000338
434.000000	0.000090	0.000108	0.000263	0.000067	0.000122	0.000015	0.000212
435.000000	0.000003	0.000101	0.000278	0.000058	0.000023	0.000049	0.000021
436.000000	0.000053	0.000077	0.000176	0.000085	-0.000028	0.000097	0.000057
437.000000	0.000183	0.000055	0.000020	0.000115	-0.000019	0.000125	0.000223
438.000000	0.000218	0.000092	-0.000058	0.000129	0.000032	0.000112	0.000199
439.000000	0.000130	0.000152	-0.000044	0.000115	0.000095	0.000075	-0.000006
440.000000	0.000020	0.000121	-0.000030	0.000068	0.000126	0.000060	-0.000095
441.000000	-0.000054	-0.000017	-0.000064	-0.000003	0.000096	0.000062	-0.000006
442.000000	-0.000095	-0.000140	-0.000140	-0.000076	-0.000003	0.000005	0.000013
443.000000	-0.000095	-0.000161	-0.000210	-0.000107	-0.000133	-0.000107	-0.000137
444.000000	-0.000013	-0.000069	-0.000154	-0.000007	-0.000165	-0.000101	-0.000227
445.000000	0.000150	0.000103	0.000069	0.000229	-0.000042	0.000105	-0.000101
446.000000	0.000279	0.000223	0.000251	0.000365	0.000083	0.000306	0.000081
447.000000	0.000273	0.000184	0.000211	0.000216	0.000073	0.000303	0.000145
448.000000	0.000183	0.000051	0.000073	-0.000006	0.000027	0.000165	0.000098
449.000000	0.000095	-0.000072	0.000015	-0.000033	0.000081	0.000022	-0.000001
450.000000	0.000054	-0.000119	0.000024	0.000062	0.000177	-0.000037	-0.000061
451.000000	0.000082	-0.000051	0.000022	0.000084	0.000191	0.000042	0.000007
452.000000	0.000131	0.000058	-0.000010	-0.000000	0.000109	0.000143	0.000120
453.000000	0.000122	0.000075	-0.000049	-0.000125	-0.000017	0.000062	0.000110
454.000000	0.000068	0.000004	-0.000067	-0.000206	-0.000120	-0.000128	0.000012
455.000000	0.000066	-0.000030	-0.000033	-0.000145	-0.000122	-0.000120	0.000037
456.000000	0.000129	0.000021	0.000042	0.000042	-0.000023	0.000123	0.000216
457.000000	0.000166	0.000105	0.000088	0.000192	0.000076	0.000295	0.000346
458.000000	0.000131	0.000160	0.000075	0.000213	0.000108	0.000241	0.000315
459.000000	0.000075	0.000123	0.000053	0.000153	0.000073	0.000124	0.000201
460.000000	0.000042	-0.000009	0.000054	0.000072	0.000001	0.000080	0.000089
461.000000	0.000027	-0.000081	0.000054	0.000027	-0.000027	0.000081	0.000027
462.000000	0.000018	0.000025	0.000026	0.000049	0.000043	0.000081	0.000034
463.000000	0.000003	0.000155	-0.000020	0.000060	0.000108	0.000060	0.000034
464.000000	-0.000025	0.000122	-0.000059	-0.000020	0.000053	0.000012	-0.000045
465.000000	-0.000051	-0.000016	-0.000047	-0.000121	-0.000058	-0.000042	-0.000113
466.000000	-0.000053	-0.000118	0.000054	-0.000128	-0.000108	-0.000074	-0.000039
467.000000	-0.000061	-0.000144	0.000145	-0.000071	-0.000132	-0.000083	0.000089
468.000000	-0.000130	-0.000113	0.000062	-0.000054	-0.000236	-0.000078	0.000078
469.000000	-0.000193	-0.000045	-0.000101	-0.000059	-0.000317	-0.000045	-0.000024
470.000000	-0.000094	0.000035	-0.000040	0.000026	-0.000108	0.000050	0.000027
471.000000	0.000123	0.000097	0.000236	0.000177	0.000311	0.000166	0.000238
472.000000	0.000173	0.000104	0.000352	0.000204	0.000450	0.000178	0.000326
473.000000	-0.000018	0.000050	0.000160	0.000062	0.000155	0.000054	0.000179
474.000000	-0.000136	-0.000006	-0.000047	-0.000028	-0.000096	-0.000066	0.000010
475.000000	0.000014	-0.000025	-0.000066	0.000063	0.000005	-0.000076	-0.000025
476.000000	0.000217	-0.000027	-0.000027	0.000162	0.000190	0.000001	0.000000
477.000000	0.000259	-0.000036	-0.000062	0.000106	0.000182	0.000109	-0.000001
478.000000	0.000174	-0.000051	-0.000106	-0.000035	0.000046	0.000140	-0.000023
479.000000	0.000053	-0.000068	-0.000068	-0.000147	-0.000087	0.000008	-0.000041
480.000000	-0.000039	-0.000094	0.000010	-0.000170	-0.000154	-0.000174	-0.000034
481.000000	-0.000056	-0.000137	0.000047	-0.000072	-0.000124	-0.000236	0.000011
482.000000	-0.000030	-0.000160	0.000036	0.000078	-0.000035	-0.000170	0.000064
483.000000	-0.000034	-0.000111	0.000008	0.000163	0.000038	-0.000056	0.000073
484.000000	-0.000065	-0.000044	-0.000016	0.000135	0.000051	0.000052	0.000032
485.000000	-0.000067	-0.000091	-0.000027	-0.000000	-0.000018	0.000123	-0.000027
486.000000	-0.000049	-0.000242	-0.000026	-0.000165	-0.000127	0.000133	-0.000084
487.000000	-0.000100	-0.000315	-0.000023	-0.000207	-0.000166	0.000065	-0.000135
488.000000	-0.000224	-0.000239	-0.000024	-0.000093	-0.000108	-0.000058	-0.000164
489.000000	-0.000287	-0.000127	-0.000024	0.000009	-0.000073	-0.000155	-0.000132
490.000000	-0.000208	-0.000063	-0.000017	-0.000001	-0.000112	-0.000165	-0.000033
491.000000	-0.000066	-0.000022	0.000001	-0.000023	-0.000092	-0.000091	0.000049
492.000000	0.000054	0.000021	0.000033	0.000032	0.000084	0.000041	0.000058
493.000000	0.000135	0.000047	0.000068	0.000112	0.000271	0.000157	0.000066
494.000000	0.000174	0.000027	0.000089	0.000142	0.000305	0.000187	0.000144
495.000000	0.000154	-0.000044	0.000079	0.000124	0.000215	0.000136	0.000195
496.000000	0.000069	-0.000158	0.000025	0.000086	0.000093	0.000043	0.000089
497.000000	-0.000014	-0.000221	-0.000011	0.000064	0.000009	-0.000023	-0.000066
498.000000	0.000004	-0.000112	0.000057	0.000092	0.000017	0.000017	-0.000059
499.000000	0.000086	0.000106	0.000181	0.000125	0.000083	0.000128	0.000086
500.000000	0.000104	0.000243	0.000222	0.000064	0.000117	0.000198	0.000185
501.000000	0.000039	0.000224	0.000144	-0.000064	0.000086	0.000179	0.000164
502.000000	-0.000008	0.000098	0.000023	-0.000099	0.000017	0.000094	0.000071
503.000000	-0.000005	-0.000056	-0.000070	-0.000008	-0.000048	-0.000016	-0.000035
504.000000	-0.000033	-0.000128	-0.000074	0.000039	-0.000057	-0.000094	-0.000086
505.000000	-0.000115	-0.000073	0.000015	-0.000036	0.000004	-0.000099	-0.000052
506.000000	-0.000117	0.000003	0.000083	-0.000080	0.000063	-0.000034	0.000026
507.000000	0.000039	0.000012	0.000048	0.000021	0.000063	0.000073	0.000102
508.000000	0.000193	-0.000000	-0.000017	0.000135	0.000041	0.000138	0.000156
509.000000	0.000184	0.000021	-0.000025	0.000123	0.000043	0.000091	0.000175
510.000000	0.000079	0.000041	0.000011	0.000037	0.000057	-0.000017	0.000148
511.000000	0.000005	0.000007	0.000045	-0.000025	0.000054	-0.000101	0.000072
512.000000	-0.000028	-0.000067	0.000028	-0.000061	0.000031	-0.000123	-0.000015
513.000000	-0.000060	-0.000140	-0.000085	-0.000111	-0.000007	-0.000072	-0.000061
514.000000	-0.000097	-0.000174	-0.000225	-0.000143	-0.000044	0.000018	-0.000046
515.000000	-0.000121	-0.000140	-0.000254	-0.000086	-0.000059	0.000083	0.000022
516.000000	-0.000109	-0.000042	-0.000142	0.000035	-0.000024	0.000111	0.000102
517.000000	-0.000038	0.000085	0.000030	0.000103	0.000089	0.000140	0.000126
518.000000	0.000071	0.000182	0.000176	0.000075	0.000237	0.000174	0.000083
519.000000	0.000128	0.000155	0.000204	0.000026	0.000275	0.000171	0.000050
520.000000	0.000089	-0.000001	0.000094	0.000002	0.000154	0.000111	0.000063
521.000000	0.000009	-0.000106	-0.000026	-0.000020	0.000027	0.000026	0.000068
522.000000	-0.000053	-0.000038	-0.000056	-0.000058	0.000015	-0.000047	0.000030
523.000000	-0.000068	0.000081	-0.000035	-0.000084	0.000066	-0.000068	0.000000
524.000000	-0.000027	0.000120	-0.000013	-0.000075	0.000101	-0.000017	0.000024
525.000000	0.000015	0.000090	0.000011	-0.000052	0.000090	0.000044	0.000063
526.000000	-0.000005	0.000045	0.000047	-0.000047	0.000024	0.000044	0.000059
527.000000	-0.000054	0.000017	0.000068	-0.000049	-0.000042	0.000027	0.000026
528.000000	-0.000068	0.000028	0.000035	-0.000038	-0.000030	0.000072	0.000000
529.000000	-0.000052	0.000056	-0.000033	-0.000005	0.000029	0.000144	-0.000012
530.000000	-0.000049	0.000058	-0.000089	0.000044	0.000048	0.000140	-0.000020
531.000000	-0.000056	0.000031	-0.000110	0.000091	0.000017	0.000060	-0.000016
532.000000	-0.000027	0.000009	-0.000098	0.000110	-0.000004	-0.000004	0.000019
533.000000	0.000035	0.000003	-0.000050	0.000104	0.000006	-0.000004	0.000080
534.000000	0.000059	-0.000002	0.000047	0.000109	0.000015	0.000049	0.000129
535.000000	0.000023	-0.000010	0.000166	0.000139	0.000001	0.000131	0.000146
536.000000	0.000001	0.000004	0.000199	0.000162	-0.000035	0.000196	0.000145
537.000000	0.000036	0.000047	0.000104	0.000148	-0.000078	0.000204	0.000141
538.000000	0.000071	0.000071	0.000028	0.000085	-0.000085	0.000142	0.000128
539.000000	0.000049	0.000042	0.000091	-0.000020	-0.000032	0.000022	0.000101
540.000000	-0.000017	0.000003	0.000177	-0.000095	0.000025	-0.000056	0.000073
541.000000	-0.000093	0.000007	0.000148	-0.000069	0.000018	0.000005	0.000056
542.000000	-0.000119	0.000044	0.000058	0.000009	-0.000020	0.000118	0.000054
543.000000	-0.000044	0.000078	0.000027	0.000057	-0.000031	0.000141	0.000061
544.000000	0.000068	0.000088	0.000048	0.000060	-0.000018	0.000069	0.000068
545.000000	0.000093	0.000058	0.000050	0.000041	-0.000014	-0.000033	0.000062
546.000000	0.000033	0.000012	0.000030	0.000015	-0.000018	-0.000102	0.000046
547.000000	-0.000014	0.000002	0.000033	-0.000013	-0.000002	-0.000084	0.000037
548.000000	-0.000016	0.000017	0.000064	-0.000038	0.000025	0.000004	0.000030
549.000000	-0.000015	-0.000023	0.000078	-0.000057	0.000017	0.000061	-0.000000
550.000000	-0.000031	-0.000124	0.000057	-0.000070	-0.000035	0.000044	-0.000052
551.000000	-0.000037	-0.000163	0.000018	-0.000078	-0.000065	0.000008	-0.000077
552.000000	-0.000020	-0.000081	-0.000016	-0.000084	-0.000041	-0.000007	-0.000049
553.000000	-0.000013	0.000015	-0.000038	-0.000088	-0.000026	-0.000013	0.000002
554.000000	-0.000038	0.000029	-0.000040	-0.000087	-0.000064	-0.000021	0.000046
555.000000	-0.000061	-0.000009	-0.000016	-0.000055	-0.000099	-0.000015	0.000073
556.000000	-0.000047	-0.000044	0.000032	0.000025	-0.000066	0.000024	0.000080
557.000000	-0.000009	-0.000060	0.000078	0.000101	0.000008	0.000067	0.000075
558.000000	0.000024	-0.000053	0.000095	0.000109	0.000067	0.000079	0.000067
559.000000	0.000037	-0.000020	0.000088	0.000072	0.000062	0.000073	0.000061
560.000000	0.000028	0.000042	0.000080	0.000051	-0.000038	0.000078	0.000060
561.000000	0.000017	0.000108	0.000085	0.000075	-0.000079	0.000092	0.000080
562.000000	0.000041	0.000137	0.000108	0.000148	0.000196	0.000089	0.000143
563.000000	0.000077	0.000108	0.000135	0.000216	0.000388	0.000064	0.000202
564.000000	0.000045	0.000018	0.000132	0.000174	-0.000513	0.000037	0.000144
565.000000	-0.000050	-0.000095	0.000096	0.000026	-0.001523	0.000024	-0.000025
566.000000	-0.000084	-0.000128	0.000072	-0.000067	0.001210	0.000035	-0.000125
567.000000	0.000000	-0.000046	0.000081	-0.000022	0.007999	0.000067	-0.000063
568.000000	0.000106	0.000050	0.000099	0.000048	0.011418	0.000088	0.000053
569.000000	0.000143	0.000076	0.000108	0.000054	0.006732	0.000074	0.000120
570.000000	0.000109	0.000074	0.000126	0.000042	0.000262	0.000044	0.000138
571.000000	0.000026	0.000087	0.000167	0.000067	-0.001423	0.000018	0.000124
572.000000	-0.000038	0.000080	0.000188	0.000100	-0.000124	0.000009	0.000105
573.000000	-0.000020	0.000009	0.000140	0.000096	0.000481	0.000024	0.000101
574.000000	0.000026	-0.000070	0.000054	0.000062	0.000130	0.000046	0.000097
575.000000	0.000009	-0.000068	-0.000006	0.000029	-0.000083	0.000053	0.000065
576.000000	-0.000038	-0.000015	-0.000019	0.000016	0.000030	0.000045	0.000022
577.000000	-0.000011	-0.000004	0.000011	0.000034	0.000113	0.000034	0.000007
578.000000	0.000079	-0.000035	0.000042	0.000065	0.000076	0.000014	0.000021
579.000000	0.000126	-0.000027	0.000000	0.000061	0.000067	-0.000033	0.000032
580.000000	0.000108	0.000026	-0.000055	0.000054	0.000119	-0.000046	0.000050
581.000000	0.000120	0.000030	0.000093	0.000169	0.000114	0.000139	0.000130
582.000000	0.000148	-0.000034	0.000326	0.000291	0.000020	0.000365	0.000180
583.000000	-0.000027	-0.000043	-0.000090	-0.000139	-0.000029	-0.000099	-0.000171
584.000000	-0.000347	0.000064	-0.001004	-0.000930	0.000044	-0.001075	-0.000752
585.000000	0.000021	0.000144	0.000210	0.000175	0.000113	0.000149	0.000095
586.000000	0.001249	0.000076	0.004058	0.003575	0.000071	0.004129	0.002657
587.000000	0.000469	-0.000051	0.001294	0.001191	-0.000005	0.001499	0.000989
588.000000	-0.004026	-0.000116	-0.013488	-0.011700	-0.000013	-0.013282	-0.008408
589.000000	-0.002886	-0.000111	-0.009580	-0.008289	0.000032	-0.009449	-0.005980
590.000000	0.014493	-0.000069	0.047770	0.041763	0.000077	0.047856	0.030422
591.000000	0.034156	-0.000012	0.112530	0.098290	0.000100	0.112609	0.071548
592.000000	0.031186	0.000045	0.102642	0.089675	0.000100	0.102705	0.065221
593.000000	0.009850	0.000085	0.032216	0.028216	0.000092	0.032259	0.020431
594.000000	-0.004100	0.000095	-0.013849	-0.012022	0.000105	-0.013785	-0.008809
595.000000	-0.002957	0.000078	-0.010121	-0.008832	0.000136	-0.010005	-0.006352
596.000000	0.001078	0.000054	0.003207	0.002766	0.000145	0.003341	0.002162
597.000000	0.001104	0.000042	0.003397	0.002953	0.000116	0.003491	0.002263
598.000000	-0.000134	0.000057	-0.000521	-0.000410	0.000066	-0.000480	-0.000213
599.000000	-0.000341	0.000092	-0.001038	-0.000806	0.000018	-0.001029	-0.000456
600.000000	-0.000034	0.000105	0.000020	0.000115	0.000000	0.000020	0.000248
601.000000	0.000103	0.000062	0.000338	0.000314	0.000026	0.000356	0.000346
602.000000	0.000073	-0.000021	0.000101	0.000044	0.000054	0.000166	0.000084
603.000000	0.000007	-0.000113	-0.000098	-0.000089	0.000046	0.000037	-0.000032
604.000000	-0.000029	-0.000159	-0.000168	-0.000056	0.000009	0.000016	-0.000008
605.000000	0.000003	-0.000109	-0.000164	0.000009	-0.000033	0.000000	0.000015
606.000000	0.000070	0.000012	-0.000113	0.000077	-0.000050	0.000009	0.000031
607.000000	0.000105	0.000146	-0.000033	0.000158	-0.000012	0.000102	0.000089
608.000000	0.000066	0.000213	0.000035	0.000200	0.000053	0.000205	0.000163
609.000000	-0.000068	0.000131	0.000034	0.000121	0.000086	0.000165	0.000179
610.000000	-0.000214	-0.000031	-0.000004	-0.000022	0.000086	0.000014	0.000152
611.000000	-0.000192	-0.000062	0.000026	-0.000048	0.000106	-0.000049	0.000173
612.000000	-0.000002	0.000067	0.000121	0.000060	0.000145	0.000035	0.000234
613.000000	0.000123	0.000144	0.000124	0.000104	0.000126	0.000126	0.000189
614.000000	0.000070	0.000073	-0.000013	0.000001	0.000040	0.000135	0.000008
615.000000	-0.000025	-0.000004	-0.000116	-0.000083	0.000003	0.000087	-0.000117
616.000000	-0.000048	0.000024	-0.000071	-0.000034	0.000081	0.000029	-0.000057
617.000000	-0.000016	0.000113	0.000016	0.000048	0.000162	0.000032	0.000064
618.000000	0.000030	0.000193	0.000039	0.000063	0.000139	0.000134	0.000117
619.000000	0.000063	0.000217	0.000032	0.000036	0.000073	0.000226	0.000103
620.000000	0.000063	0.000157	0.000055	0.000019	0.000049	0.000192	0.000063
621.000000	0.000030	0.000068	0.000092	0.000016	0.000072	0.000100	0.000045
622.000000	-0.000025	0.000026	0.000106	0.000017	0.000114	0.000073	0.000088
623.000000	-0.000082	0.000013	0.000076	0.000017	0.000122	0.000097	0.000137
624.000000	-0.000119	-0.000036	-0.000000	0.000016	0.000038	0.000087	0.000091
625.000000	-0.000120	-0.000096	-0.000075	0.000009	-0.000071	0.000045	-0.000023
626.000000	-0.000074	-0.000079	-0.000065	-0.000012	-0.000051	0.000039	-0.000080
627.000000	0.000004	0.000009	0.000016	-0.000036	0.000093	0.000082	-0.000045
628.000000	0.000068	0.000055	0.000050	-0.000024	0.000183	0.000134	0.000021
629.000000	0.000081	0.000014	-0.000005	0.000023	0.000136	0.000148	0.000058
630.000000	0.000013	-0.000043	-0.000057	0.000053	0.000030	0.000081	0.000018
631.000000	-0.000118	-0.000060	-0.000044	0.000037	-0.000055	-0.000056	-0.000091
632.000000	-0.000189	-0.000031	0.000003	0.000017	-0.000066	-0.000119	-0.000136
633.000000	-0.000121	0.000024	0.000047	0.000027	0.000015	-0.000019	-0.000032
634.000000	-0.000021	0.000037	0.000054	0.000050	0.000101	0.000100	0.000083
635.000000	-0.000006	-0.000039	0.000007	0.000063	0.000104	0.000091	0.000070
636.000000	-0.000020	-0.000105	-0.000047	0.000044	0.000048	0.000038	0.000006
637.000000	0.000025	-0.000043	-0.000050	-0.000015	-0.000011	0.000069	0.000013
638.000000	0.000094	0.000088	-0.000014	-0.000047	-0.000038	0.000144	0.000061
639.000000	0.000100	0.000158	0.000023	0.000034	-0.000010	0.000154	0.000064
640.000000	0.000063	0.000146	0.000046	0.000171	0.000040	0.000099	0.000020
641.000000	0.000060	0.000095	0.000059	0.000221	0.000050	0.000048	-0.000015
642.000000	0.000089	0.000042	0.000048	0.000141	0.000011	0.000020	-0.000022
643.000000	0.000074	0.000007	-0.000014	-0.000013	-0.000034	-0.000018	-0.000013
644.000000	0.000010	0.000002	-0.000096	-0.000161	-0.000047	-0.000062	0.000004
645.000000	-0.000016	0.000028	-0.000093	-0.000188	0.000003	-0.000067	0.000023
646.000000	0.000031	0.000073	0.000020	-0.000070	0.000106	-0.000017	0.000039
647.000000	0.000075	0.000112	0.000115	0.000046	0.000188	0.000043	0.000057
648.000000	0.000057	0.000119	0.000098	0.000050	0.000190	0.000068	0.000070
649.000000	-0.000000	0.000072	0.000018	-0.000037	0.000126	0.000036	0.000054
650.000000	-0.000056	-0.000027	-0.000058	-0.000157	0.000029	-0.000049	-0.000003
651.000000	-0.000060	-0.000075	-0.000062	-0.000203	-0.000048	-0.000093	-0.000037
652.000000	0.000024	0.000017	0.000048	-0.000087	-0.000054	-0.000007	0.000014
653.000000	0.000124	0.000141	0.000173	0.000076	0.000010	0.000118	0.000103
654.000000	0.000140	0.000137	0.000184	0.000124	0.000114	0.000150	0.000148
655.000000	0.000089	0.000045	0.000101	0.000089	0.000184	0.000127	0.000133
656.000000	0.000038	0.000001	0.000025	0.000098	0.000130	0.000169	0.000078
657.000000	0.000004	0.000035	0.000009	0.000157	0.000012	0.000256	0.000025
658.000000	-0.000038	0.000093	0.000074	0.000183	0.000000	0.000266	0.000028
659.000000	-0.000069	0.000134	0.000175	0.000163	0.000110	0.000193	0.000091
660.000000	-0.000024	0.000131	0.000203	0.000161	0.000187	0.000153	0.000160
661.000000	0.000080	0.000088	0.000125	0.000189	0.000163	0.000172	0.000181
662.000000	0.000104	0.000052	0.000016	0.000180	0.000100	0.000130	0.000105
663.000000	-0.000008	0.000055	-0.000053	0.000101	0.000058	-0.000012	-0.000052
664.000000	-0.000102	0.000082	-0.000057	0.000014	0.000062	-0.000100	-0.000139
665.000000	-0.000061	0.000113	0.000005	-0.000026	0.000116	-0.000023	-0.000058
666.000000	0.000037	0.000123	0.000060	-0.000022	0.000163	0.000098	0.000058
667.000000	0.000094	0.000094	0.000047	0.000011	0.000153	0.000132	0.000072
668.000000	0.000105	0.000049	0.000020	0.000040	0.000127	0.000109	0.000043
669.000000	0.000092	0.000018	0.000052	0.000033	0.000138	0.000095	0.000064
670.000000	0.000058	0.000015	0.000113	0.000006	0.000166	0.000101	0.000104
671.000000	0.000003	0.000045	0.000138	-0.000005	0.000162	0.000118	0.000085
672.000000	-0.000030	0.000089	0.000130	0.000008	0.000136	0.000139	0.000052
673.000000	0.000017	0.000121	0.000132	0.000043	0.000126	0.000161	0.000115
674.000000	0.000105	0.000114	0.000140	0.000094	0.000125	0.000166	0.000224
675.000000	0.000117	0.000051	0.000106	0.000155	0.000079	0.000124	0.000197
676.000000	0.000035	-0.000038	0.000023	0.000199	-0.000009	0.000039	0.000028
677.000000	-0.000034	-0.000058	-0.000068	0.000176	-0.000079	-0.000042	-0.000076
678.000000	-0.000035	0.000012	-0.000121	0.000085	-0.000091	-0.000084	-0.000029
679.000000	-0.000021	0.000068	-0.000096	0.000016	-0.000056	-0.000083	0.000024
680.000000	-0.000020	0.000046	0.000011	0.000021	0.000014	-0.000037	-0.000011
681.000000	0.000024	0.000022	0.000110	0.000043	0.000112	0.000046	-0.000043
682.000000	0.000147	0.000059	0.000125	0.000035	0.000221	0.000144	0.000006
683.000000	0.000255	0.000106	0.000091	0.000040	0.000300	0.000177	0.000063
684.000000	0.000252	0.000103	0.000060	0.000105	0.000307	0.000081	0.000048
685.000000	0.000158	0.000072	0.000045	0.000185	0.000242	-0.000062	0.000020
686.000000	0.000039	0.000055	0.000043	0.000209	0.000125	-0.000133	0.000062
687.000000	-0.000051	0.000049	0.000033	0.000163	0.000007	-0.000101	0.000115
688.000000	-0.000064	0.000030	-0.000009	0.000064	-0.000047	0.000017	0.000057
689.000000	-0.000021	-0.000004	-0.000049	-0.000048	-0.000047	0.000137	-0.000071
690.000000	0.000011	-0.000041	-0.000016	-0.000117	-0.000050	0.000134	-0.000120
691.000000	-0.000007	-0.000082	0.000044	-0.000150	-0.000075	0.000012	-0.000073
692.000000	-0.000079	-0.000137	-0.000029	-0.000215	-0.000099	-0.000103	-0.000042
693.000000	-0.000155	-0.000175	-0.000218	-0.000295	-0.000099	-0.000126	-0.000051
694.000000	-0.000112	-0.000109	-0.000264	-0.000250	-0.000054	-0.000037	0.000001
695.000000	0.000070	0.000063	-0.000071	-0.000040	0.000031	0.000131	0.000137
696.000000	0.000197	0.000171	0.000107	0.000161	0.000102	0.000246	0.000217
697.000000	0.000146	0.000111	0.000089	0.000217	0.000118	0.000224	0.000151
698.000000	0.000050	0.000025	0.000001	0.000150	0.000099	0.000125	0.000050
699.000000	0.000042	0.000047	-0.000018	0.000016	0.000068	0.000027	0.000020
700.000000	0.000075	0.000100	-0.000001	-0.000095	0.000031	-0.000044	0.000006
701.000000	0.000068	0.000079	-0.000010	-0.000105	-0.000010	-0.000074	-0.000067
702.000000	0.000034	0.000014	-0.000028	-0.000045	-0.000046	-0.000046	-0.000133
703.000000	0.000017	-0.000021	-0.000009	0.000015	-0.000066	0.000046	-0.000091
704.000000	0.000009	-0.000040	0.000024	0.000051	-0.000050	0.000119	0.000006
705.000000	-0.000024	-0.000097	0.000016	0.000057	0.000024	0.000052	0.000026
706.000000	-0.000084	-0.000155	-0.000044	0.000042	0.000131	-0.000089	-0.000019
707.000000	-0.000151	-0.000113	-0.000134	0.000020	0.000211	-0.000096	-0.000017
708.000000	-0.000184	0.000011	-0.000191	0.000004	0.000226	0.000045	0.000054
709.000000	-0.000129	0.000067	-0.000114	0.000000	0.000161	0.000147	0.000108
710.000000	-0.000009	0.000009	0.000060	0.000005	0.000042	0.000114	0.000101
711.000000	0.000028	-0.000037	0.000084	-0.000004	-0.000046	0.000011	0.000060
712.000000	-0.000061	0.000007	-0.000120	-0.000030	-0.000043	-0.000073	0.000036
713.000000	-0.000068	0.000082	-0.000225	-0.000037	0.000049	-0.000027	0.000129
714.000000	0.000132	0.000140	-0.000010	-0.000003	0.000194	0.000188	0.000359
715.000000	0.000298	0.000210	0.000250	0.000041	0.000298	0.000381	0.000474
716.000000	0.000202	0.000315	0.000265	0.000060	0.000290	0.000368	0.000273
717.000000	0.000019	0.000388	0.000124	0.000052	0.000282	0.000224	0.000020
718.000000	-0.000002	0.000353	0.000011	0.000035	0.000405	0.000085	0.000050
719.000000	0.000089	0.000255	0.000021	0.000076	0.000551	0.000041	0.000275
720.000000	0.000139	0.000180	0.000192	0.000239	0.000531	0.000142	0.000440
721.000000	0.000165	0.000113	0.000380	0.000335	0.000358	0.000265	0.000449
722.000000	0.000282	-0.000015	0.000345	0.000052	0.000164	0.000203	0.000303
723.000000	0.000382	-0.000147	0.000087	-0.000369	0.000062	0.000060	0.000090
724.000000	0.000189	-0.000125	-0.000193	-0.000251	0.000141	0.000190	-0.000035
725.000000	-0.000258	0.000033	-0.000334	0.000361	0.000302	0.000531	-0.000029
726.000000	-0.000539	0.000095	-0.000237	0.000559	0.000235	0.000524	0.000009
727.000000	-0.000452	0.000007	0.000056	0.000069	-0.000094	0.000074	0.000044
728.000000	-0.000201	0.000023	0.000266	-0.000250	-0.000238	-0.000100	0.000152
729.000000	-0.000001	0.000267	0.000211	0.000096	0.000033	0.000363	0.000349
730.000000	-0.000008	0.000480	-0.000013	0.000483	0.000324	0.000800	0.000477
731.000000	-0.000310	0.000437	-0.000295	0.000339	0.000285	0.000628	0.000411
732.000000	-0.000788	0.000226	-0.000597	-0.000163	0.000024	0.000051	0.000224
