[HEADER]
Format	J&M ASCII Table
Comment	Remin PV CDOM Samples 
Date	2/12/1980 7:05:54 AM
Order	Y (evenX)
TechType	UV
NumPoints	483
FirstX	250.00
LastX	732.00
XType	NMetr
YType	Absrb
ZType	Secs
NumSubFile	7
Matrix	Z vs X
[DATA]
	0.000000	5.000128	10.000192	15.000256	20.000383	25.000448	30.000511
250.000000	0.843032	0.841484	0.841768	0.839949	0.839854	0.841143	0.839296
251.000000	0.817081	0.816219	0.815651	0.813713	0.814818	0.814585	0.814304
252.000000	0.791584	0.791172	0.790762	0.789243	0.790208	0.789364	0.789510
253.000000	0.767434	0.766950	0.766963	0.766063	0.766004	0.765585	0.765574
254.000000	0.745214	0.744106	0.744130	0.743731	0.742427	0.743223	0.743053
255.000000	0.724144	0.722799	0.722424	0.722392	0.720624	0.721969	0.721930
256.000000	0.703400	0.703014	0.702037	0.702272	0.701517	0.701523	0.702038
257.000000	0.683534	0.684237	0.682985	0.683368	0.683720	0.681963	0.683067
258.000000	0.665426	0.665868	0.665171	0.665559	0.665331	0.663478	0.664699
259.000000	0.648751	0.648051	0.648038	0.648387	0.646825	0.646083	0.646980
260.000000	0.632587	0.631266	0.630847	0.631265	0.629790	0.629681	0.630113
261.000000	0.616403	0.615249	0.613705	0.614276	0.614101	0.613874	0.613829
262.000000	0.599979	0.599174	0.597353	0.597991	0.598325	0.598035	0.597499
263.000000	0.583276	0.582671	0.581724	0.582232	0.581862	0.581789	0.580840
264.000000	0.566446	0.565907	0.565821	0.565954	0.565095	0.565060	0.563965
265.000000	0.549578	0.549044	0.549150	0.548760	0.548300	0.547930	0.547053
266.000000	0.532628	0.532182	0.532159	0.531428	0.531476	0.530727	0.530348
267.000000	0.515564	0.515351	0.515147	0.514499	0.514592	0.513694	0.513894
268.000000	0.498419	0.498419	0.497807	0.497605	0.497605	0.496793	0.497198
269.000000	0.481189	0.481222	0.479907	0.480332	0.480431	0.479883	0.479833
270.000000	0.463697	0.463559	0.461910	0.462643	0.462831	0.462607	0.461948
271.000000	0.445776	0.445301	0.444315	0.444615	0.444628	0.444651	0.443844
272.000000	0.427593	0.426817	0.426807	0.426435	0.426262	0.426315	0.425834
273.000000	0.409414	0.408610	0.408809	0.408303	0.408326	0.408094	0.408181
274.000000	0.391206	0.390616	0.390289	0.390128	0.390517	0.390017	0.390569
275.000000	0.372765	0.372456	0.371530	0.371656	0.372063	0.371847	0.372377
276.000000	0.354009	0.353979	0.352705	0.352882	0.352993	0.353407	0.353508
277.000000	0.334961	0.335242	0.333891	0.334017	0.334030	0.334579	0.334317
278.000000	0.315863	0.316372	0.315243	0.315341	0.315554	0.315518	0.315216
279.000000	0.297226	0.297577	0.297018	0.297206	0.297480	0.296719	0.296656
280.000000	0.279281	0.279048	0.279217	0.279625	0.279648	0.278448	0.278774
281.000000	0.261703	0.260926	0.261350	0.261954	0.261806	0.260486	0.261090
282.000000	0.244239	0.243344	0.243234	0.243868	0.243899	0.242734	0.243355
283.000000	0.227034	0.226440	0.225732	0.226175	0.226457	0.225583	0.226158
284.000000	0.210292	0.210286	0.209595	0.209670	0.209970	0.209374	0.210028
285.000000	0.194179	0.194682	0.194247	0.194200	0.194266	0.193838	0.194544
286.000000	0.178838	0.179402	0.178902	0.179376	0.179039	0.178622	0.179148
287.000000	0.164330	0.164593	0.163925	0.165027	0.164318	0.163967	0.164186
288.000000	0.150668	0.150543	0.150097	0.151089	0.150267	0.150319	0.150334
289.000000	0.137707	0.137343	0.137343	0.137645	0.136950	0.137530	0.137556
290.000000	0.125210	0.124953	0.125061	0.124873	0.124363	0.125091	0.125377
291.000000	0.113222	0.113261	0.113168	0.112915	0.112579	0.113023	0.113628
292.000000	0.102043	0.102099	0.102085	0.101874	0.101731	0.101847	0.102441
293.000000	0.091824	0.091511	0.091960	0.091743	0.091807	0.091760	0.091960
294.000000	0.082481	0.081843	0.082539	0.082359	0.082585	0.082478	0.082328
295.000000	0.073873	0.073221	0.073660	0.073579	0.073874	0.073755	0.073562
296.000000	0.065774	0.065254	0.065423	0.065325	0.065583	0.065499	0.065420
297.000000	0.058024	0.057627	0.057874	0.057561	0.057687	0.057679	0.057693
298.000000	0.050707	0.050456	0.050780	0.050376	0.050312	0.050386	0.050392
299.000000	0.043944	0.043899	0.043939	0.043842	0.043592	0.043711	0.043584
300.000000	0.037820	0.037895	0.037580	0.037834	0.037531	0.037621	0.037402
301.000000	0.032367	0.032323	0.032004	0.032191	0.032074	0.032045	0.031952
302.000000	0.027318	0.027118	0.027039	0.026922	0.027028	0.026898	0.027000
303.000000	0.022295	0.022240	0.022311	0.022104	0.022151	0.022096	0.022171
304.000000	0.017384	0.017650	0.017698	0.017631	0.017423	0.017568	0.017431
305.000000	0.012982	0.013308	0.013255	0.013276	0.012980	0.013263	0.012980
306.000000	0.009138	0.009224	0.009078	0.009056	0.008903	0.009183	0.008927
307.000000	0.005533	0.005452	0.005299	0.005241	0.005211	0.005386	0.005284
308.000000	0.002002	0.001982	0.001913	0.001886	0.001837	0.001881	0.001966
309.000000	-0.001364	-0.001306	-0.001296	-0.001295	-0.001411	-0.001406	-0.001252
310.000000	-0.004506	-0.004483	-0.004472	-0.004491	-0.004635	-0.004550	-0.004490
311.000000	-0.007495	-0.007493	-0.007549	-0.007601	-0.007700	-0.007601	-0.007600
312.000000	-0.010377	-0.010300	-0.010449	-0.010512	-0.010490	-0.010575	-0.010446
313.000000	-0.013062	-0.012995	-0.013158	-0.013211	-0.013066	-0.013362	-0.013063
314.000000	-0.015486	-0.015680	-0.015699	-0.015732	-0.015546	-0.015876	-0.015537
315.000000	-0.017883	-0.018340	-0.018233	-0.018239	-0.018141	-0.018311	-0.018029
316.000000	-0.020538	-0.020924	-0.020927	-0.020910	-0.021034	-0.020917	-0.020690
317.000000	-0.023281	-0.023407	-0.023631	-0.023616	-0.023878	-0.023605	-0.023365
318.000000	-0.025740	-0.025776	-0.026052	-0.026091	-0.026112	-0.026128	-0.025765
319.000000	-0.027928	-0.028061	-0.028248	-0.028309	-0.027945	-0.028436	-0.027953
320.000000	-0.030151	-0.030320	-0.030536	-0.030425	-0.030151	-0.030631	-0.030255
321.000000	-0.032519	-0.032593	-0.032971	-0.032552	-0.032831	-0.032797	-0.032715
322.000000	-0.034922	-0.034900	-0.035308	-0.034750	-0.035323	-0.034988	-0.035066
323.000000	-0.037236	-0.037200	-0.037421	-0.037031	-0.037342	-0.037220	-0.037201
324.000000	-0.039342	-0.039353	-0.039400	-0.039327	-0.039284	-0.039442	-0.039303
325.000000	-0.041217	-0.041291	-0.041338	-0.041544	-0.041416	-0.041583	-0.041472
326.000000	-0.043068	-0.043133	-0.043270	-0.043537	-0.043540	-0.043536	-0.043539
327.000000	-0.045073	-0.045010	-0.045218	-0.045241	-0.045479	-0.045271	-0.045379
328.000000	-0.047171	-0.046973	-0.047187	-0.046929	-0.047393	-0.047052	-0.047195
329.000000	-0.049237	-0.049024	-0.049166	-0.048870	-0.049453	-0.049128	-0.049193
330.000000	-0.051114	-0.051002	-0.051076	-0.050858	-0.051400	-0.051209	-0.051160
331.000000	-0.052671	-0.052719	-0.052829	-0.052559	-0.052881	-0.052873	-0.052777
332.000000	-0.054090	-0.054312	-0.054510	-0.054106	-0.054136	-0.054264	-0.054183
333.000000	-0.055706	-0.056075	-0.056280	-0.055860	-0.055693	-0.055809	-0.055741
334.000000	-0.057505	-0.057921	-0.058045	-0.057745	-0.057548	-0.057540	-0.057468
335.000000	-0.059195	-0.059468	-0.059510	-0.059348	-0.059271	-0.059172	-0.059102
336.000000	-0.060674	-0.060693	-0.060678	-0.060635	-0.060711	-0.060632	-0.060589
337.000000	-0.062067	-0.062006	-0.061902	-0.062034	-0.062057	-0.062103	-0.062127
338.000000	-0.063440	-0.063561	-0.063350	-0.063681	-0.063436	-0.063649	-0.063745
339.000000	-0.064725	-0.065023	-0.064825	-0.065160	-0.064817	-0.065099	-0.065152
340.000000	-0.065912	-0.066195	-0.066182	-0.066238	-0.066173	-0.066356	-0.066217
341.000000	-0.067164	-0.067372	-0.067511	-0.067303	-0.067511	-0.067581	-0.067303
342.000000	-0.068597	-0.068789	-0.068885	-0.068682	-0.068820	-0.068898	-0.068698
343.000000	-0.070014	-0.070113	-0.070169	-0.070037	-0.069986	-0.070117	-0.070042
344.000000	-0.071181	-0.070977	-0.071214	-0.070967	-0.070913	-0.071035	-0.070934
345.000000	-0.072133	-0.071681	-0.072122	-0.071694	-0.071781	-0.071856	-0.071707
346.000000	-0.072997	-0.072717	-0.073070	-0.072642	-0.072844	-0.072904	-0.072907
347.000000	-0.073800	-0.073956	-0.074011	-0.073803	-0.073991	-0.074086	-0.074308
348.000000	-0.074519	-0.074934	-0.074782	-0.074925	-0.074919	-0.075091	-0.075273
349.000000	-0.075253	-0.075637	-0.075491	-0.075866	-0.075638	-0.075877	-0.075783
350.000000	-0.076200	-0.076437	-0.076467	-0.076582	-0.076419	-0.076637	-0.076337
351.000000	-0.077343	-0.077434	-0.077693	-0.077187	-0.077346	-0.077477	-0.077176
352.000000	-0.078400	-0.078372	-0.078719	-0.077984	-0.078260	-0.078393	-0.078192
353.000000	-0.079195	-0.079109	-0.079316	-0.079030	-0.079054	-0.079305	-0.079218
354.000000	-0.079784	-0.079741	-0.079711	-0.079918	-0.079745	-0.080013	-0.080024
355.000000	-0.080264	-0.080356	-0.080139	-0.080405	-0.080377	-0.080442	-0.080498
356.000000	-0.080775	-0.080938	-0.080719	-0.080830	-0.081043	-0.080884	-0.080886
357.000000	-0.081430	-0.081474	-0.081502	-0.081527	-0.081810	-0.081598	-0.081434
358.000000	-0.082176	-0.082040	-0.082333	-0.082375	-0.082599	-0.082434	-0.082127
359.000000	-0.082921	-0.082715	-0.083026	-0.083149	-0.083297	-0.083154	-0.082877
360.000000	-0.083565	-0.083422	-0.083546	-0.083744	-0.083819	-0.083667	-0.083555
361.000000	-0.084027	-0.084033	-0.083931	-0.084122	-0.084119	-0.083964	-0.084039
362.000000	-0.084437	-0.084574	-0.084330	-0.084457	-0.084403	-0.084252	-0.084446
363.000000	-0.085035	-0.085153	-0.084943	-0.085029	-0.085008	-0.084847	-0.085020
364.000000	-0.085765	-0.085740	-0.085714	-0.085787	-0.085853	-0.085666	-0.085723
365.000000	-0.086317	-0.086187	-0.086364	-0.086387	-0.086494	-0.086281	-0.086265
366.000000	-0.086608	-0.086477	-0.086776	-0.086713	-0.086789	-0.086581	-0.086561
367.000000	-0.086860	-0.086767	-0.087058	-0.086953	-0.087002	-0.086881	-0.086803
368.000000	-0.087253	-0.087187	-0.087352	-0.087287	-0.087335	-0.087379	-0.087172
369.000000	-0.087842	-0.087791	-0.087834	-0.087842	-0.087828	-0.087992	-0.087800
370.000000	-0.088603	-0.088548	-0.088558	-0.088632	-0.088478	-0.088614	-0.088695
371.000000	-0.089321	-0.089217	-0.089218	-0.089374	-0.089210	-0.089165	-0.089531
372.000000	-0.089803	-0.089604	-0.089558	-0.089813	-0.089927	-0.089598	-0.090013
373.000000	-0.090116	-0.089887	-0.089825	-0.090068	-0.090477	-0.089985	-0.090242
374.000000	-0.090394	-0.090313	-0.090341	-0.090344	-0.090739	-0.090423	-0.090424
375.000000	-0.090751	-0.090875	-0.090989	-0.090739	-0.090916	-0.090939	-0.090709
376.000000	-0.091273	-0.091458	-0.091494	-0.091293	-0.091312	-0.091518	-0.091209
377.000000	-0.091846	-0.091950	-0.091873	-0.091913	-0.091900	-0.092048	-0.091838
378.000000	-0.092237	-0.092248	-0.092311	-0.092424	-0.092452	-0.092363	-0.092395
379.000000	-0.092482	-0.092422	-0.092791	-0.092804	-0.092891	-0.092529	-0.092791
380.000000	-0.092851	-0.092694	-0.093113	-0.093160	-0.093279	-0.092822	-0.093043
381.000000	-0.093422	-0.093158	-0.093295	-0.093554	-0.093655	-0.093345	-0.093243
382.000000	-0.094010	-0.093734	-0.093649	-0.093981	-0.094020	-0.093973	-0.093575
383.000000	-0.094497	-0.094343	-0.094295	-0.094426	-0.094392	-0.094562	-0.094113
384.000000	-0.094925	-0.094943	-0.094939	-0.094869	-0.094813	-0.094969	-0.094709
385.000000	-0.095342	-0.095488	-0.095350	-0.095291	-0.095304	-0.095165	-0.095224
386.000000	-0.095744	-0.095920	-0.095631	-0.095686	-0.095799	-0.095449	-0.095628
387.000000	-0.096121	-0.096206	-0.095927	-0.096048	-0.096232	-0.096061	-0.095936
388.000000	-0.096492	-0.096451	-0.096305	-0.096385	-0.096612	-0.096707	-0.096257
389.000000	-0.096869	-0.096769	-0.096783	-0.096703	-0.096957	-0.097014	-0.096695
390.000000	-0.097184	-0.097073	-0.097185	-0.096995	-0.097242	-0.097104	-0.097110
391.000000	-0.097351	-0.097217	-0.097288	-0.097255	-0.097432	-0.097285	-0.097287
392.000000	-0.097474	-0.097334	-0.097274	-0.097507	-0.097617	-0.097622	-0.097364
393.000000	-0.097764	-0.097712	-0.097561	-0.097797	-0.097957	-0.098022	-0.097676
394.000000	-0.098157	-0.098257	-0.098126	-0.098081	-0.098373	-0.098364	-0.098146
395.000000	-0.098342	-0.098527	-0.098544	-0.098241	-0.098570	-0.098503	-0.098318
396.000000	-0.098302	-0.098445	-0.098662	-0.098301	-0.098535	-0.098479	-0.098170
397.000000	-0.098426	-0.098447	-0.098708	-0.098482	-0.098638	-0.098574	-0.098274
398.000000	-0.098891	-0.098766	-0.098844	-0.098861	-0.099040	-0.098922	-0.098868
399.000000	-0.099389	-0.099166	-0.099043	-0.099211	-0.099430	-0.099331	-0.099442
400.000000	-0.099668	-0.099443	-0.099279	-0.099370	-0.099579	-0.099636	-0.099624
401.000000	-0.099813	-0.099650	-0.099589	-0.099490	-0.099653	-0.099863	-0.099704
402.000000	-0.099945	-0.099865	-0.099987	-0.099726	-0.099843	-0.100057	-0.099991
403.000000	-0.100081	-0.100072	-0.100326	-0.099969	-0.100109	-0.100194	-0.100324
404.000000	-0.100214	-0.100233	-0.100456	-0.100073	-0.100355	-0.100249	-0.100453
405.000000	-0.100374	-0.100382	-0.100503	-0.100137	-0.100545	-0.100300	-0.100412
406.000000	-0.100596	-0.100577	-0.100688	-0.100345	-0.100671	-0.100460	-0.100355
407.000000	-0.100842	-0.100797	-0.100975	-0.100659	-0.100777	-0.100694	-0.100426
408.000000	-0.101027	-0.100979	-0.101174	-0.100903	-0.100934	-0.100874	-0.100750
409.000000	-0.101160	-0.101117	-0.101256	-0.101056	-0.101137	-0.100986	-0.101205
410.000000	-0.101327	-0.101268	-0.101342	-0.101238	-0.101314	-0.101121	-0.101445
411.000000	-0.101523	-0.101430	-0.101485	-0.101482	-0.101449	-0.101313	-0.101391
412.000000	-0.101614	-0.101531	-0.101647	-0.101701	-0.101607	-0.101519	-0.101333
413.000000	-0.101599	-0.101588	-0.101818	-0.101862	-0.101831	-0.101732	-0.101459
414.000000	-0.101759	-0.101806	-0.102066	-0.102060	-0.102110	-0.102027	-0.101710
415.000000	-0.102232	-0.102264	-0.102396	-0.102339	-0.102402	-0.102410	-0.101994
416.000000	-0.102637	-0.102599	-0.102601	-0.102556	-0.102599	-0.102643	-0.102218
417.000000	-0.102641	-0.102509	-0.102531	-0.102591	-0.102632	-0.102553	-0.102323
418.000000	-0.102533	-0.102337	-0.102445	-0.102571	-0.102670	-0.102445	-0.102426
419.000000	-0.102699	-0.102518	-0.102651	-0.102663	-0.102902	-0.102673	-0.102657
420.000000	-0.102960	-0.102855	-0.102949	-0.102811	-0.103153	-0.102993	-0.102886
421.000000	-0.102942	-0.102928	-0.102966	-0.102876	-0.103130	-0.102957	-0.102903
422.000000	-0.102771	-0.102811	-0.102813	-0.102885	-0.102945	-0.102705	-0.102804
423.000000	-0.102870	-0.102870	-0.102882	-0.102957	-0.102945	-0.102724	-0.102864
424.000000	-0.103205	-0.103107	-0.103159	-0.103059	-0.103129	-0.103013	-0.103052
425.000000	-0.103325	-0.103191	-0.103259	-0.103020	-0.103184	-0.103126	-0.103058
426.000000	-0.103118	-0.103048	-0.103086	-0.102836	-0.103040	-0.102941	-0.102845
427.000000	-0.102941	-0.102961	-0.102948	-0.102733	-0.102965	-0.102785	-0.102742
428.000000	-0.103001	-0.103079	-0.103015	-0.102823	-0.103090	-0.102849	-0.102909
429.000000	-0.103148	-0.103237	-0.103145	-0.102965	-0.103234	-0.102997	-0.103120
430.000000	-0.103241	-0.103301	-0.103213	-0.103052	-0.103261	-0.103109	-0.103194
431.000000	-0.103293	-0.103322	-0.103264	-0.103146	-0.103264	-0.103205	-0.103207
432.000000	-0.103337	-0.103372	-0.103347	-0.103317	-0.103346	-0.103317	-0.103257
433.000000	-0.103394	-0.103467	-0.103425	-0.103513	-0.103448	-0.103420	-0.103317
434.000000	-0.103474	-0.103602	-0.103449	-0.103658	-0.103491	-0.103478	-0.103339
435.000000	-0.103554	-0.103716	-0.103472	-0.103728	-0.103508	-0.103510	-0.103381
436.000000	-0.103603	-0.103734	-0.103578	-0.103721	-0.103574	-0.103552	-0.103528
437.000000	-0.103622	-0.103679	-0.103729	-0.103661	-0.103671	-0.103604	-0.103696
438.000000	-0.103632	-0.103632	-0.103812	-0.103587	-0.103723	-0.103649	-0.103711
439.000000	-0.103642	-0.103611	-0.103810	-0.103541	-0.103723	-0.103679	-0.103604
440.000000	-0.103645	-0.103579	-0.103784	-0.103566	-0.103721	-0.103703	-0.103585
441.000000	-0.103655	-0.103552	-0.103781	-0.103664	-0.103746	-0.103736	-0.103711
442.000000	-0.103705	-0.103623	-0.103822	-0.103791	-0.103799	-0.103804	-0.103826
443.000000	-0.103815	-0.103820	-0.103911	-0.103923	-0.103888	-0.103904	-0.103849
444.000000	-0.103967	-0.104042	-0.104034	-0.104087	-0.104040	-0.103976	-0.103858
445.000000	-0.104137	-0.104203	-0.104164	-0.104283	-0.104244	-0.103999	-0.103929
446.000000	-0.104284	-0.104307	-0.104262	-0.104423	-0.104377	-0.104076	-0.104075
447.000000	-0.104371	-0.104372	-0.104305	-0.104431	-0.104345	-0.104283	-0.104282
448.000000	-0.104394	-0.104410	-0.104355	-0.104377	-0.104262	-0.104486	-0.104446
449.000000	-0.104361	-0.104429	-0.104472	-0.104351	-0.104271	-0.104526	-0.104464
450.000000	-0.104319	-0.104403	-0.104550	-0.104356	-0.104327	-0.104438	-0.104372
451.000000	-0.104320	-0.104304	-0.104439	-0.104359	-0.104324	-0.104332	-0.104258
452.000000	-0.104325	-0.104161	-0.104231	-0.104333	-0.104264	-0.104236	-0.104181
453.000000	-0.104249	-0.104042	-0.104151	-0.104254	-0.104212	-0.104135	-0.104177
454.000000	-0.104147	-0.104017	-0.104241	-0.104172	-0.104201	-0.104075	-0.104235
455.000000	-0.104189	-0.104160	-0.104381	-0.104195	-0.104228	-0.104154	-0.104309
456.000000	-0.104371	-0.104414	-0.104480	-0.104312	-0.104282	-0.104334	-0.104359
457.000000	-0.104455	-0.104563	-0.104492	-0.104365	-0.104333	-0.104409	-0.104360
458.000000	-0.104345	-0.104500	-0.104410	-0.104295	-0.104356	-0.104297	-0.104308
459.000000	-0.104215	-0.104337	-0.104301	-0.104249	-0.104330	-0.104171	-0.104239
460.000000	-0.104201	-0.104192	-0.104226	-0.104315	-0.104263	-0.104163	-0.104187
461.000000	-0.104257	-0.104146	-0.104212	-0.104368	-0.104235	-0.104234	-0.104168
462.000000	-0.104313	-0.104228	-0.104262	-0.104297	-0.104300	-0.104320	-0.104188
463.000000	-0.104343	-0.104284	-0.104301	-0.104180	-0.104365	-0.104366	-0.104210
464.000000	-0.104335	-0.104165	-0.104255	-0.104127	-0.104325	-0.104335	-0.104198
465.000000	-0.104313	-0.104052	-0.104198	-0.104155	-0.104251	-0.104289	-0.104190
466.000000	-0.104309	-0.104211	-0.104243	-0.104242	-0.104266	-0.104313	-0.104242
467.000000	-0.104313	-0.104492	-0.104346	-0.104331	-0.104358	-0.104369	-0.104305
468.000000	-0.104292	-0.104533	-0.104382	-0.104357	-0.104436	-0.104353	-0.104277
469.000000	-0.104246	-0.104340	-0.104331	-0.104318	-0.104441	-0.104276	-0.104184
470.000000	-0.104206	-0.104215	-0.104259	-0.104269	-0.104347	-0.104237	-0.104157
471.000000	-0.104196	-0.104245	-0.104215	-0.104234	-0.104197	-0.104256	-0.104220
472.000000	-0.104226	-0.104242	-0.104221	-0.104203	-0.104112	-0.104248	-0.104261
473.000000	-0.104293	-0.104136	-0.104261	-0.104175	-0.104146	-0.104190	-0.104235
474.000000	-0.104359	-0.104086	-0.104254	-0.104175	-0.104229	-0.104177	-0.104218
475.000000	-0.104390	-0.104178	-0.104165	-0.104208	-0.104290	-0.104245	-0.104251
476.000000	-0.104358	-0.104248	-0.104094	-0.104226	-0.104292	-0.104270	-0.104248
477.000000	-0.104255	-0.104167	-0.104125	-0.104196	-0.104225	-0.104159	-0.104148
478.000000	-0.104149	-0.104094	-0.104198	-0.104163	-0.104147	-0.104056	-0.104057
479.000000	-0.104114	-0.104204	-0.104233	-0.104180	-0.104126	-0.104118	-0.104088
480.000000	-0.104139	-0.104364	-0.104248	-0.104225	-0.104171	-0.104239	-0.104176
481.000000	-0.104177	-0.104351	-0.104285	-0.104245	-0.104260	-0.104239	-0.104198
482.000000	-0.104163	-0.104182	-0.104284	-0.104195	-0.104298	-0.104120	-0.104120
483.000000	-0.104022	-0.103998	-0.104138	-0.104035	-0.104159	-0.103982	-0.103956
484.000000	-0.103801	-0.103857	-0.103885	-0.103832	-0.103892	-0.103861	-0.103770
485.000000	-0.103636	-0.103753	-0.103674	-0.103730	-0.103673	-0.103741	-0.103663
486.000000	-0.103567	-0.103671	-0.103562	-0.103744	-0.103566	-0.103620	-0.103638
487.000000	-0.103524	-0.103591	-0.103504	-0.103746	-0.103498	-0.103504	-0.103597
488.000000	-0.103471	-0.103509	-0.103469	-0.103669	-0.103430	-0.103407	-0.103502
489.000000	-0.103431	-0.103447	-0.103454	-0.103552	-0.103394	-0.103352	-0.103428
490.000000	-0.103439	-0.103430	-0.103467	-0.103453	-0.103422	-0.103365	-0.103432
491.000000	-0.103532	-0.103470	-0.103530	-0.103451	-0.103532	-0.103474	-0.103511
492.000000	-0.103689	-0.103544	-0.103628	-0.103563	-0.103687	-0.103648	-0.103619
493.000000	-0.103680	-0.103503	-0.103599	-0.103577	-0.103662	-0.103658	-0.103598
494.000000	-0.103317	-0.103228	-0.103312	-0.103305	-0.103281	-0.103315	-0.103325
495.000000	-0.102901	-0.102924	-0.102974	-0.102970	-0.102860	-0.102904	-0.103019
496.000000	-0.102832	-0.102865	-0.102862	-0.102887	-0.102815	-0.102810	-0.102962
497.000000	-0.102991	-0.102968	-0.102911	-0.102975	-0.103015	-0.102930	-0.103037
498.000000	-0.103020	-0.102988	-0.102894	-0.102971	-0.103073	-0.102934	-0.102943
499.000000	-0.102857	-0.102872	-0.102778	-0.102826	-0.102925	-0.102781	-0.102695
500.000000	-0.102660	-0.102704	-0.102668	-0.102648	-0.102734	-0.102637	-0.102533
501.000000	-0.102496	-0.102534	-0.102592	-0.102489	-0.102559	-0.102542	-0.102493
502.000000	-0.102333	-0.102372	-0.102490	-0.102340	-0.102346	-0.102403	-0.102391
503.000000	-0.102173	-0.102232	-0.102339	-0.102204	-0.102108	-0.102205	-0.102182
504.000000	-0.102074	-0.102141	-0.102172	-0.102104	-0.101969	-0.102070	-0.102036
505.000000	-0.102050	-0.102083	-0.102019	-0.102046	-0.101978	-0.102047	-0.102034
506.000000	-0.102014	-0.101956	-0.101895	-0.101980	-0.102001	-0.102013	-0.102013
507.000000	-0.101894	-0.101708	-0.101799	-0.101868	-0.101921	-0.101860	-0.101846
508.000000	-0.101725	-0.101493	-0.101690	-0.101723	-0.101744	-0.101618	-0.101628
509.000000	-0.101563	-0.101458	-0.101530	-0.101574	-0.101514	-0.101355	-0.101477
510.000000	-0.101450	-0.101499	-0.101369	-0.101465	-0.101331	-0.101202	-0.101399
511.000000	-0.101411	-0.101455	-0.101265	-0.101433	-0.101287	-0.101272	-0.101359
512.000000	-0.101363	-0.101308	-0.101193	-0.101384	-0.101284	-0.101388	-0.101289
513.000000	-0.101188	-0.101109	-0.101093	-0.101184	-0.101150	-0.101268	-0.101113
514.000000	-0.100944	-0.100914	-0.100955	-0.100913	-0.100919	-0.100960	-0.100890
515.000000	-0.100800	-0.100778	-0.100809	-0.100786	-0.100755	-0.100725	-0.100759
516.000000	-0.100741	-0.100686	-0.100660	-0.100794	-0.100676	-0.100626	-0.100724
517.000000	-0.100577	-0.100562	-0.100490	-0.100711	-0.100564	-0.100527	-0.100653
518.000000	-0.100283	-0.100383	-0.100312	-0.100458	-0.100375	-0.100366	-0.100482
519.000000	-0.100068	-0.100209	-0.100177	-0.100167	-0.100171	-0.100192	-0.100245
520.000000	-0.100029	-0.100066	-0.100090	-0.099942	-0.099998	-0.100037	-0.099991
521.000000	-0.100007	-0.099911	-0.099952	-0.099788	-0.099842	-0.099884	-0.099783
522.000000	-0.099873	-0.099711	-0.099705	-0.099689	-0.099691	-0.099720	-0.099655
523.000000	-0.099678	-0.099510	-0.099455	-0.099591	-0.099550	-0.099551	-0.099562
524.000000	-0.099495	-0.099354	-0.099307	-0.099453	-0.099428	-0.099391	-0.099455
525.000000	-0.099340	-0.099248	-0.099231	-0.099310	-0.099330	-0.099275	-0.099336
526.000000	-0.099215	-0.099183	-0.099170	-0.099211	-0.099257	-0.099228	-0.099224
527.000000	-0.099125	-0.099119	-0.099101	-0.099140	-0.099177	-0.099186	-0.099121
528.000000	-0.099071	-0.099010	-0.099022	-0.099060	-0.099053	-0.099055	-0.099027
529.000000	-0.099017	-0.098875	-0.098931	-0.098966	-0.098905	-0.098874	-0.098938
530.000000	-0.098901	-0.098766	-0.098823	-0.098872	-0.098783	-0.098751	-0.098844
531.000000	-0.098693	-0.098669	-0.098661	-0.098719	-0.098621	-0.098625	-0.098674
532.000000	-0.098395	-0.098516	-0.098385	-0.098394	-0.098260	-0.098294	-0.098315
533.000000	-0.098178	-0.098315	-0.098148	-0.098131	-0.097961	-0.097977	-0.098010
534.000000	-0.098418	-0.098176	-0.098365	-0.098595	-0.098495	-0.098408	-0.098439
535.000000	-0.098827	-0.098148	-0.098776	-0.099328	-0.099352	-0.099167	-0.099158
536.000000	-0.097886	-0.098154	-0.097868	-0.097794	-0.097642	-0.097680	-0.097643
537.000000	-0.095800	-0.098088	-0.095834	-0.094365	-0.093795	-0.094284	-0.094264
538.000000	-0.097708	-0.097806	-0.097767	-0.097726	-0.097739	-0.097667	-0.097678
539.000000	-0.104916	-0.097328	-0.104942	-0.110053	-0.111938	-0.110012	-0.110035
540.000000	-0.100247	-0.097366	-0.100236	-0.102151	-0.102894	-0.102126	-0.102131
541.000000	-0.068862	-0.098356	-0.068871	-0.048926	-0.041847	-0.048914	-0.048872
542.000000	-0.037813	-0.098067	-0.037877	0.002847	0.017364	0.002858	0.002940
543.000000	-0.044388	-0.093771	-0.044496	-0.011065	0.000859	-0.011033	-0.010957
544.000000	-0.075235	-0.087438	-0.075360	-0.066987	-0.064015	-0.066932	-0.066900
545.000000	-0.091455	-0.083450	-0.091574	-0.096874	-0.098807	-0.096826	-0.096841
546.000000	-0.087861	-0.083599	-0.087953	-0.090816	-0.091890	-0.090791	-0.090847
547.000000	-0.085566	-0.087564	-0.085608	-0.084324	-0.083866	-0.084291	-0.084390
548.000000	-0.091776	-0.093292	-0.091768	-0.090835	-0.090414	-0.090762	-0.090892
549.000000	-0.097287	-0.096879	-0.097269	-0.097598	-0.097619	-0.097516	-0.097615
550.000000	-0.097311	-0.096828	-0.097328	-0.097635	-0.097744	-0.097592	-0.097602
551.000000	-0.095623	-0.095684	-0.095667	-0.095562	-0.095589	-0.095555	-0.095509
552.000000	-0.095232	-0.095371	-0.095256	-0.095124	-0.095089	-0.095104	-0.095089
553.000000	-0.095515	-0.095476	-0.095492	-0.095519	-0.095445	-0.095443	-0.095487
554.000000	-0.095569	-0.095418	-0.095497	-0.095616	-0.095509	-0.095460	-0.095532
555.000000	-0.095338	-0.095189	-0.095245	-0.095388	-0.095274	-0.095201	-0.095248
556.000000	-0.094976	-0.094917	-0.094910	-0.095058	-0.094978	-0.094946	-0.094913
557.000000	-0.094760	-0.094785	-0.094741	-0.094865	-0.094829	-0.094859	-0.094761
558.000000	-0.094908	-0.094912	-0.094919	-0.094969	-0.094942	-0.094995	-0.094925
559.000000	-0.094836	-0.094769	-0.094845	-0.094824	-0.094795	-0.094823	-0.094832
560.000000	-0.093752	-0.093682	-0.093726	-0.093713	-0.093726	-0.093701	-0.093743
561.000000	-0.093225	-0.093204	-0.093157	-0.093202	-0.093271	-0.093204	-0.093226
562.000000	-0.096165	-0.096142	-0.096089	-0.096138	-0.096202	-0.096150	-0.096154
563.000000	-0.098357	-0.098268	-0.098302	-0.098297	-0.098293	-0.098300	-0.098309
564.000000	-0.088870	-0.088737	-0.088818	-0.088791	-0.088745	-0.088772	-0.088799
565.000000	-0.077867	-0.077754	-0.077790	-0.077805	-0.077769	-0.077765	-0.077798
566.000000	-0.105788	-0.105740	-0.105708	-0.105773	-0.105743	-0.105727	-0.105721
567.000000	-0.176153	-0.176181	-0.176113	-0.176189	-0.176136	-0.176162	-0.176078
568.000000	-0.211624	-0.211677	-0.211616	-0.211656	-0.211604	-0.211659	-0.211564
569.000000	-0.162804	-0.162806	-0.162779	-0.162753	-0.162761	-0.162783	-0.162797
570.000000	-0.095291	-0.095255	-0.095239	-0.095193	-0.095254	-0.095221	-0.095333
571.000000	-0.077351	-0.077370	-0.077301	-0.077336	-0.077383	-0.077321	-0.077398
572.000000	-0.090613	-0.090702	-0.090589	-0.090706	-0.090705	-0.090655	-0.090641
573.000000	-0.097137	-0.097215	-0.097151	-0.097229	-0.097202	-0.097202	-0.097160
574.000000	-0.093784	-0.093805	-0.093823	-0.093809	-0.093790	-0.093831	-0.093805
575.000000	-0.091288	-0.091289	-0.091323	-0.091285	-0.091308	-0.091324	-0.091284
576.000000	-0.091855	-0.091869	-0.091854	-0.091867	-0.091929	-0.091882	-0.091812
577.000000	-0.092546	-0.092553	-0.092489	-0.092557	-0.092609	-0.092540	-0.092478
578.000000	-0.092360	-0.092332	-0.092255	-0.092343	-0.092348	-0.092312	-0.092290
579.000000	-0.092044	-0.091984	-0.091936	-0.092005	-0.091984	-0.091993	-0.091983
580.000000	-0.091856	-0.091788	-0.091790	-0.091821	-0.091812	-0.091848	-0.091809
581.000000	-0.091385	-0.091336	-0.091348	-0.091379	-0.091380	-0.091419	-0.091346
582.000000	-0.090842	-0.090827	-0.090797	-0.090870	-0.090864	-0.090880	-0.090804
583.000000	-0.091623	-0.091633	-0.091574	-0.091642	-0.091646	-0.091623	-0.091591
584.000000	-0.093384	-0.093390	-0.093357	-0.093337	-0.093379	-0.093313	-0.093361
585.000000	-0.090924	-0.090907	-0.090916	-0.090847	-0.090899	-0.090804	-0.090890
586.000000	-0.084373	-0.084331	-0.084357	-0.084373	-0.084367	-0.084270	-0.084297
587.000000	-0.097538	-0.097499	-0.097526	-0.097637	-0.097577	-0.097509	-0.097446
588.000000	-0.148964	-0.148973	-0.149000	-0.149080	-0.149042	-0.149031	-0.148931
589.000000	-0.193097	-0.193145	-0.193167	-0.193162	-0.193162	-0.193213	-0.193130
590.000000	-0.170841	-0.170852	-0.170853	-0.170838	-0.170802	-0.170890	-0.170850
591.000000	-0.109254	-0.109203	-0.109179	-0.109208	-0.109104	-0.109197	-0.109188
592.000000	-0.076801	-0.076768	-0.076741	-0.076771	-0.076673	-0.076741	-0.076712
593.000000	-0.082775	-0.082822	-0.082809	-0.082812	-0.082770	-0.082800	-0.082731
594.000000	-0.092185	-0.092273	-0.092260	-0.092300	-0.092256	-0.092251	-0.092205
595.000000	-0.090967	-0.091029	-0.091002	-0.091126	-0.091019	-0.090991	-0.091035
596.000000	-0.088685	-0.088701	-0.088673	-0.088802	-0.088692	-0.088644	-0.088767
597.000000	-0.089514	-0.089495	-0.089486	-0.089511	-0.089493	-0.089427	-0.089571
598.000000	-0.087582	-0.087534	-0.087534	-0.087485	-0.087549	-0.087473	-0.087594
599.000000	-0.080684	-0.080614	-0.080601	-0.080581	-0.080649	-0.080576	-0.080652
600.000000	-0.076621	-0.076554	-0.076545	-0.076556	-0.076587	-0.076532	-0.076577
601.000000	-0.080915	-0.080876	-0.080913	-0.080881	-0.080877	-0.080852	-0.080896
602.000000	-0.087266	-0.087234	-0.087323	-0.087233	-0.087210	-0.087230	-0.087257
603.000000	-0.088738	-0.088656	-0.088762	-0.088669	-0.088649	-0.088724	-0.088674
604.000000	-0.086998	-0.086909	-0.086966	-0.086901	-0.086897	-0.087013	-0.086888
605.000000	-0.085865	-0.085924	-0.085852	-0.085800	-0.085815	-0.085930	-0.085807
606.000000	-0.085742	-0.085990	-0.085803	-0.085732	-0.085777	-0.085842	-0.085774
607.000000	-0.085566	-0.085855	-0.085691	-0.085564	-0.085668	-0.085639	-0.085616
608.000000	-0.085103	-0.085272	-0.085249	-0.085067	-0.085220	-0.085112	-0.085114
609.000000	-0.084646	-0.084643	-0.084764	-0.084585	-0.084712	-0.084624	-0.084652
610.000000	-0.084310	-0.084173	-0.084361	-0.084242	-0.084293	-0.084297	-0.084343
611.000000	-0.084040	-0.083879	-0.084006	-0.083950	-0.083980	-0.084019	-0.084042
612.000000	-0.083782	-0.083695	-0.083679	-0.083656	-0.083738	-0.083725	-0.083696
613.000000	-0.083497	-0.083462	-0.083383	-0.083371	-0.083473	-0.083414	-0.083383
614.000000	-0.083188	-0.083124	-0.083130	-0.083116	-0.083162	-0.083116	-0.083154
615.000000	-0.082938	-0.082843	-0.082945	-0.082932	-0.082913	-0.082904	-0.082985
616.000000	-0.082794	-0.082724	-0.082829	-0.082832	-0.082794	-0.082802	-0.082841
617.000000	-0.082686	-0.082659	-0.082714	-0.082741	-0.082727	-0.082700	-0.082687
618.000000	-0.082544	-0.082536	-0.082542	-0.082592	-0.082627	-0.082503	-0.082498
619.000000	-0.082374	-0.082362	-0.082347	-0.082404	-0.082473	-0.082279	-0.082305
620.000000	-0.082205	-0.082173	-0.082183	-0.082220	-0.082269	-0.082121	-0.082145
621.000000	-0.082068	-0.082006	-0.082073	-0.082070	-0.082069	-0.082021	-0.082016
622.000000	-0.081984	-0.081893	-0.082021	-0.081978	-0.081936	-0.081934	-0.081898
623.000000	-0.081911	-0.081807	-0.081953	-0.081891	-0.081827	-0.081818	-0.081770
624.000000	-0.081774	-0.081693	-0.081764	-0.081730	-0.081650	-0.081633	-0.081610
625.000000	-0.081572	-0.081541	-0.081489	-0.081514	-0.081427	-0.081408	-0.081431
626.000000	-0.081358	-0.081381	-0.081265	-0.081344	-0.081263	-0.081218	-0.081270
627.000000	-0.081169	-0.081226	-0.081130	-0.081233	-0.081173	-0.081090	-0.081132
628.000000	-0.081022	-0.081072	-0.081007	-0.081102	-0.081066	-0.080990	-0.080986
629.000000	-0.080904	-0.080916	-0.080859	-0.080917	-0.080901	-0.080888	-0.080828
630.000000	-0.080756	-0.080759	-0.080722	-0.080725	-0.080729	-0.080762	-0.080695
631.000000	-0.080562	-0.080607	-0.080611	-0.080565	-0.080585	-0.080605	-0.080605
632.000000	-0.080401	-0.080474	-0.080487	-0.080446	-0.080459	-0.080442	-0.080520
633.000000	-0.080327	-0.080370	-0.080328	-0.080364	-0.080340	-0.080294	-0.080404
634.000000	-0.080257	-0.080271	-0.080183	-0.080285	-0.080240	-0.080155	-0.080260
635.000000	-0.080104	-0.080152	-0.080094	-0.080172	-0.080163	-0.080014	-0.080095
636.000000	-0.079887	-0.079996	-0.079980	-0.080002	-0.080042	-0.079859	-0.079920
637.000000	-0.079658	-0.079795	-0.079749	-0.079767	-0.079804	-0.079682	-0.079746
638.000000	-0.079461	-0.079564	-0.079472	-0.079515	-0.079496	-0.079498	-0.079565
639.000000	-0.079334	-0.079333	-0.079284	-0.079314	-0.079216	-0.079334	-0.079365
640.000000	-0.079257	-0.079145	-0.079193	-0.079179	-0.079046	-0.079200	-0.079188
641.000000	-0.079179	-0.079050	-0.079127	-0.079088	-0.079055	-0.079097	-0.079100
642.000000	-0.079076	-0.079019	-0.079059	-0.079023	-0.079147	-0.079018	-0.079078
643.000000	-0.078958	-0.078958	-0.079000	-0.078971	-0.079091	-0.078949	-0.079018
644.000000	-0.078842	-0.078835	-0.078934	-0.078903	-0.078848	-0.078874	-0.078893
645.000000	-0.078751	-0.078710	-0.078805	-0.078775	-0.078639	-0.078771	-0.078776
646.000000	-0.078707	-0.078637	-0.078634	-0.078609	-0.078596	-0.078653	-0.078716
647.000000	-0.078724	-0.078648	-0.078586	-0.078552	-0.078650	-0.078592	-0.078702
648.000000	-0.078787	-0.078743	-0.078740	-0.078675	-0.078725	-0.078632	-0.078718
649.000000	-0.078801	-0.078832	-0.078910	-0.078817	-0.078770	-0.078725	-0.078755
650.000000	-0.078698	-0.078834	-0.078917	-0.078825	-0.078755	-0.078800	-0.078794
651.000000	-0.078569	-0.078743	-0.078792	-0.078739	-0.078690	-0.078772	-0.078780
652.000000	-0.078509	-0.078577	-0.078606	-0.078628	-0.078590	-0.078573	-0.078657
653.000000	-0.078422	-0.078361	-0.078361	-0.078463	-0.078412	-0.078284	-0.078422
654.000000	-0.078166	-0.078119	-0.078044	-0.078190	-0.078103	-0.078029	-0.078095
655.000000	-0.077807	-0.077843	-0.077702	-0.077829	-0.077737	-0.077802	-0.077723
656.000000	-0.077515	-0.077512	-0.077414	-0.077444	-0.077442	-0.077538	-0.077370
657.000000	-0.077323	-0.077198	-0.077224	-0.077128	-0.077248	-0.077261	-0.077107
658.000000	-0.077165	-0.077032	-0.077148	-0.076995	-0.077106	-0.077061	-0.077005
659.000000	-0.077028	-0.077019	-0.077137	-0.077023	-0.077004	-0.076962	-0.077022
660.000000	-0.076963	-0.077035	-0.077074	-0.077047	-0.076974	-0.076919	-0.076996
661.000000	-0.076952	-0.076992	-0.076917	-0.076976	-0.076993	-0.076879	-0.076870
662.000000	-0.076877	-0.076873	-0.076741	-0.076840	-0.076949	-0.076779	-0.076760
663.000000	-0.076675	-0.076678	-0.076588	-0.076667	-0.076780	-0.076590	-0.076708
664.000000	-0.076416	-0.076433	-0.076402	-0.076452	-0.076535	-0.076349	-0.076572
665.000000	-0.076157	-0.076155	-0.076137	-0.076183	-0.076252	-0.076085	-0.076239
666.000000	-0.075838	-0.075820	-0.075802	-0.075839	-0.075893	-0.075767	-0.075774
667.000000	-0.075416	-0.075418	-0.075429	-0.075422	-0.075432	-0.075379	-0.075277
668.000000	-0.075015	-0.075034	-0.075084	-0.075059	-0.075001	-0.075025	-0.074882
669.000000	-0.074776	-0.074762	-0.074825	-0.074876	-0.074742	-0.074817	-0.074696
670.000000	-0.074629	-0.074533	-0.074611	-0.074740	-0.074579	-0.074672	-0.074592
671.000000	-0.074427	-0.074227	-0.074363	-0.074430	-0.074359	-0.074440	-0.074364
672.000000	-0.074160	-0.073888	-0.074085	-0.074005	-0.074066	-0.074134	-0.074032
673.000000	-0.073901	-0.073655	-0.073832	-0.073682	-0.073769	-0.073862	-0.073750
674.000000	-0.073683	-0.073559	-0.073631	-0.073526	-0.073541	-0.073657	-0.073565
675.000000	-0.073509	-0.073536	-0.073487	-0.073468	-0.073447	-0.073493	-0.073434
676.000000	-0.073375	-0.073528	-0.073398	-0.073443	-0.073464	-0.073362	-0.073339
677.000000	-0.073279	-0.073491	-0.073348	-0.073396	-0.073459	-0.073290	-0.073299
678.000000	-0.073223	-0.073427	-0.073329	-0.073328	-0.073384	-0.073282	-0.073317
679.000000	-0.073213	-0.073423	-0.073347	-0.073333	-0.073341	-0.073310	-0.073370
680.000000	-0.073240	-0.073494	-0.073381	-0.073435	-0.073378	-0.073336	-0.073409
681.000000	-0.073240	-0.073460	-0.073330	-0.073463	-0.073369	-0.073294	-0.073329
682.000000	-0.073178	-0.073219	-0.073147	-0.073303	-0.073229	-0.073161	-0.073091
683.000000	-0.073125	-0.073049	-0.073013	-0.073164	-0.073093	-0.073069	-0.072936
684.000000	-0.073159	-0.073216	-0.073104	-0.073255	-0.073112	-0.073142	-0.073088
685.000000	-0.073230	-0.073478	-0.073288	-0.073415	-0.073232	-0.073278	-0.073340
686.000000	-0.073257	-0.073469	-0.073353	-0.073396	-0.073339	-0.073317	-0.073381
687.000000	-0.073219	-0.073230	-0.073267	-0.073243	-0.073353	-0.073249	-0.073235
688.000000	-0.073126	-0.072989	-0.073090	-0.073130	-0.073227	-0.073133	-0.073077
689.000000	-0.073020	-0.072858	-0.072922	-0.073091	-0.073033	-0.073013	-0.072967
690.000000	-0.072957	-0.072868	-0.072891	-0.073060	-0.072925	-0.072918	-0.072881
691.000000	-0.072944	-0.072955	-0.072983	-0.073019	-0.072927	-0.072867	-0.072826
692.000000	-0.072934	-0.072967	-0.073056	-0.072993	-0.072941	-0.072869	-0.072835
693.000000	-0.072922	-0.072880	-0.073049	-0.073003	-0.072926	-0.072910	-0.072908
694.000000	-0.072955	-0.072843	-0.073011	-0.073059	-0.072922	-0.072946	-0.073003
695.000000	-0.073036	-0.072927	-0.072985	-0.073138	-0.072950	-0.072954	-0.073072
696.000000	-0.073075	-0.073022	-0.072972	-0.073155	-0.072974	-0.072952	-0.073071
697.000000	-0.073023	-0.073044	-0.072984	-0.073072	-0.072971	-0.072963	-0.072995
698.000000	-0.072981	-0.073045	-0.073065	-0.073002	-0.072980	-0.073001	-0.072938
699.000000	-0.073039	-0.073083	-0.073228	-0.073044	-0.073035	-0.073075	-0.072977
700.000000	-0.073137	-0.073158	-0.073345	-0.073137	-0.073115	-0.073160	-0.073052
701.000000	-0.073195	-0.073252	-0.073288	-0.073193	-0.073191	-0.073229	-0.073085
702.000000	-0.073249	-0.073330	-0.073172	-0.073219	-0.073257	-0.073283	-0.073116
703.000000	-0.073362	-0.073354	-0.073178	-0.073252	-0.073314	-0.073330	-0.073210
704.000000	-0.073439	-0.073322	-0.073258	-0.073276	-0.073347	-0.073340	-0.073298
705.000000	-0.073317	-0.073251	-0.073253	-0.073248	-0.073329	-0.073266	-0.073242
706.000000	-0.073063	-0.073151	-0.073150	-0.073158	-0.073254	-0.073132	-0.073071
707.000000	-0.072919	-0.073033	-0.073049	-0.073021	-0.073129	-0.073016	-0.072934
708.000000	-0.072917	-0.072913	-0.072971	-0.072853	-0.072965	-0.072924	-0.072858
709.000000	-0.072862	-0.072811	-0.072847	-0.072669	-0.072777	-0.072787	-0.072733
710.000000	-0.072653	-0.072707	-0.072645	-0.072486	-0.072576	-0.072578	-0.072525
711.000000	-0.072348	-0.072515	-0.072391	-0.072326	-0.072375	-0.072335	-0.072318
712.000000	-0.072022	-0.072211	-0.072129	-0.072182	-0.072173	-0.072098	-0.072154
713.000000	-0.071760	-0.071922	-0.071930	-0.071989	-0.071956	-0.071894	-0.071955
714.000000	-0.071604	-0.071736	-0.071814	-0.071699	-0.071708	-0.071725	-0.071665
715.000000	-0.071447	-0.071559	-0.071635	-0.071344	-0.071416	-0.071523	-0.071342
716.000000	-0.071182	-0.071287	-0.071273	-0.070977	-0.071084	-0.071229	-0.071051
717.000000	-0.070822	-0.070942	-0.070888	-0.070668	-0.070792	-0.070893	-0.070795
718.000000	-0.070420	-0.070579	-0.070671	-0.070473	-0.070618	-0.070587	-0.070552
719.000000	-0.070066	-0.070230	-0.070474	-0.070300	-0.070481	-0.070282	-0.070278
720.000000	-0.069852	-0.069920	-0.070052	-0.070014	-0.070244	-0.069928	-0.069929
721.000000	-0.069787	-0.069714	-0.069597	-0.069706	-0.069928	-0.069654	-0.069626
722.000000	-0.069823	-0.069684	-0.069534	-0.069580	-0.069640	-0.069676	-0.069566
723.000000	-0.069803	-0.069671	-0.069711	-0.069556	-0.069371	-0.069785	-0.069615
724.000000	-0.069492	-0.069328	-0.069504	-0.069320	-0.069016	-0.069440	-0.069373
725.000000	-0.068925	-0.068712	-0.068860	-0.068878	-0.068634	-0.068660	-0.068846
726.000000	-0.068461	-0.068346	-0.068403	-0.068621	-0.068476	-0.068138	-0.068523
727.000000	-0.068293	-0.068441	-0.068412	-0.068678	-0.068576	-0.068167	-0.068600
728.000000	-0.068306	-0.068641	-0.068516	-0.068709	-0.068597	-0.068308	-0.068732
729.000000	-0.068418	-0.068707	-0.068506	-0.068547	-0.068401	-0.068290	-0.068718
730.000000	-0.068684	-0.068811	-0.068685	-0.068540	-0.068408	-0.068410	-0.068813
731.000000	-0.069142	-0.069114	-0.069311	-0.068978	-0.068962	-0.068927	-0.069242
732.000000	-0.069713	-0.069546	-0.070215	-0.069699	-0.069861	-0.069695	-0.069883
