[HEADER]
Format	J&M ASCII Table
Comment	Remin PV CDOM Samples 
Date	2/12/1980 6:31:46 AM
Order	Y (evenX)
TechType	UV
NumPoints	483
FirstX	250.00
LastX	732.00
XType	NMetr
YType	Absrb
ZType	Secs
NumSubFile	7
Matrix	Z vs X
[DATA]
	0.000000	5.000128	10.000192	15.000256	20.000383	25.000448	30.000511
250.000000	1.128233	1.130030	1.129650	1.126739	1.128822	1.125792	1.126518
251.000000	1.112441	1.114031	1.112955	1.110158	1.110959	1.109185	1.109226
252.000000	1.098397	1.096937	1.095480	1.093665	1.094221	1.092807	1.093752
253.000000	1.083969	1.081137	1.079196	1.078268	1.079247	1.078340	1.079226
254.000000	1.068061	1.068493	1.065576	1.064830	1.066316	1.066895	1.065084
255.000000	1.054289	1.057954	1.053474	1.053329	1.054399	1.056995	1.052469
256.000000	1.046078	1.048022	1.041656	1.043526	1.042612	1.046971	1.042506
257.000000	1.040232	1.038227	1.031504	1.035040	1.032419	1.037173	1.034197
258.000000	1.031975	1.028601	1.024929	1.027509	1.025740	1.028561	1.026032
259.000000	1.022358	1.020521	1.020706	1.021144	1.021495	1.021459	1.018319
260.000000	1.015225	1.015882	1.016139	1.016386	1.017190	1.015835	1.012251
261.000000	1.010955	1.013932	1.010870	1.012673	1.012326	1.011286	1.008151
262.000000	1.007271	1.011899	1.006308	1.008680	1.007914	1.007114	1.005630
263.000000	1.002923	1.007805	1.002511	1.003656	1.003783	1.002360	1.003235
264.000000	0.997917	1.000656	0.997940	0.997528	0.998368	0.995793	0.998341
265.000000	0.992133	0.990968	0.991616	0.990360	0.990935	0.987390	0.990132
266.000000	0.985127	0.981726	0.983655	0.982382	0.982280	0.979200	0.980967
267.000000	0.976503	0.974418	0.974276	0.973646	0.973046	0.972137	0.972393
268.000000	0.966081	0.966084	0.963695	0.963696	0.963102	0.963697	0.963103
269.000000	0.953841	0.954027	0.952049	0.952029	0.952092	0.951624	0.951642
270.000000	0.940281	0.939380	0.939153	0.938276	0.939234	0.936769	0.937762
271.000000	0.925865	0.923959	0.924747	0.922258	0.923867	0.920634	0.921639
272.000000	0.910032	0.907898	0.908593	0.904774	0.906703	0.903967	0.904220
273.000000	0.891965	0.890705	0.890516	0.886901	0.888863	0.887122	0.886611
274.000000	0.872229	0.872073	0.870901	0.868752	0.870199	0.869420	0.868510
275.000000	0.852106	0.851833	0.850435	0.849873	0.849883	0.849660	0.848847
276.000000	0.831441	0.830386	0.829376	0.829754	0.828048	0.827989	0.827498
277.000000	0.808870	0.808605	0.807613	0.807863	0.805645	0.805709	0.805163
278.000000	0.784629	0.786695	0.785060	0.784477	0.783203	0.783371	0.782452
279.000000	0.761028	0.764003	0.761683	0.760898	0.760668	0.760525	0.759824
280.000000	0.739038	0.740307	0.737706	0.737826	0.737903	0.736947	0.737246
281.000000	0.716851	0.716316	0.713837	0.714702	0.714687	0.712952	0.713777
282.000000	0.693232	0.692664	0.690605	0.691172	0.691008	0.689013	0.689171
283.000000	0.669488	0.669479	0.667871	0.667883	0.667496	0.665882	0.665484
284.000000	0.646997	0.646770	0.645396	0.645458	0.644730	0.644073	0.644375
285.000000	0.625423	0.624447	0.623009	0.623624	0.622559	0.622824	0.623923
286.000000	0.604039	0.602451	0.600671	0.601943	0.600711	0.601227	0.601714
287.000000	0.582732	0.581158	0.579113	0.580599	0.579474	0.579838	0.578892
288.000000	0.561687	0.561072	0.559287	0.560022	0.559329	0.559738	0.557930
289.000000	0.541485	0.541966	0.540797	0.540439	0.540142	0.540742	0.538982
290.000000	0.522910	0.523180	0.522435	0.521936	0.521412	0.521901	0.520746
291.000000	0.505676	0.504729	0.504026	0.504356	0.503192	0.503228	0.502755
292.000000	0.488500	0.487277	0.486392	0.487317	0.486066	0.485655	0.485366
293.000000	0.471157	0.471071	0.470024	0.470740	0.470185	0.469539	0.468870
294.000000	0.454960	0.455741	0.454901	0.454977	0.455074	0.454375	0.453423
295.000000	0.440623	0.441012	0.440829	0.440265	0.440408	0.439803	0.439048
296.000000	0.427360	0.426895	0.427335	0.426526	0.426284	0.425899	0.425520
297.000000	0.414444	0.413439	0.414078	0.413605	0.412837	0.412730	0.412606
298.000000	0.401920	0.400690	0.401232	0.401211	0.400153	0.400158	0.400154
299.000000	0.389956	0.388686	0.389046	0.389114	0.388282	0.388071	0.388093
300.000000	0.378564	0.377427	0.377613	0.377506	0.377118	0.376667	0.376672
301.000000	0.367707	0.366891	0.366953	0.366659	0.366510	0.366173	0.366162
302.000000	0.357344	0.356933	0.356866	0.356470	0.356344	0.356287	0.356280
303.000000	0.347433	0.347360	0.347067	0.346669	0.346522	0.346502	0.346516
304.000000	0.337945	0.338052	0.337513	0.337201	0.337013	0.336873	0.336843
305.000000	0.328862	0.328946	0.328329	0.328158	0.327832	0.327832	0.327569
306.000000	0.320187	0.320095	0.319574	0.319537	0.319031	0.319385	0.318839
307.000000	0.311941	0.311662	0.311240	0.311233	0.310693	0.311083	0.310619
308.000000	0.304051	0.303689	0.303279	0.303203	0.302778	0.302738	0.302776
309.000000	0.296295	0.296012	0.295597	0.295500	0.295056	0.294580	0.295048
310.000000	0.288560	0.288483	0.288103	0.288091	0.287394	0.286803	0.287300
311.000000	0.281019	0.281015	0.280721	0.280716	0.279924	0.279432	0.279720
312.000000	0.273813	0.273589	0.273413	0.273207	0.272754	0.272413	0.272471
313.000000	0.266851	0.266374	0.266274	0.265805	0.265777	0.265488	0.265479
314.000000	0.259993	0.259513	0.259384	0.258764	0.258843	0.258423	0.258614
315.000000	0.253111	0.252781	0.252591	0.251912	0.251857	0.251344	0.251734
316.000000	0.246115	0.245880	0.245695	0.244978	0.244765	0.244477	0.244720
317.000000	0.239175	0.238965	0.238790	0.238119	0.237772	0.237864	0.237714
318.000000	0.232573	0.232395	0.232102	0.231670	0.231183	0.231446	0.230971
319.000000	0.226215	0.226088	0.225575	0.225466	0.224906	0.225047	0.224474
320.000000	0.219730	0.219637	0.218952	0.218972	0.218553	0.218415	0.218004
321.000000	0.213061	0.212937	0.212222	0.212127	0.212029	0.211607	0.211457
322.000000	0.206512	0.206235	0.205653	0.205397	0.205568	0.205021	0.204862
323.000000	0.200177	0.199707	0.199358	0.199051	0.199259	0.198795	0.198306
324.000000	0.193783	0.193387	0.193174	0.192987	0.192917	0.192612	0.191960
325.000000	0.187226	0.187264	0.186974	0.187064	0.186476	0.186315	0.185926
326.000000	0.180904	0.181243	0.180789	0.181131	0.180229	0.180232	0.180122
327.000000	0.175112	0.175254	0.174675	0.175090	0.174389	0.174602	0.174418
328.000000	0.169475	0.169364	0.168690	0.169045	0.168678	0.169019	0.168589
329.000000	0.163570	0.163651	0.162892	0.163139	0.162791	0.163060	0.162477
330.000000	0.157643	0.158062	0.157327	0.157467	0.156936	0.157069	0.156406
331.000000	0.152124	0.152507	0.152019	0.152083	0.151456	0.151590	0.150817
332.000000	0.146948	0.146982	0.146799	0.146815	0.146218	0.146434	0.145601
333.000000	0.141796	0.141536	0.141415	0.141393	0.140856	0.141052	0.140373
334.000000	0.136649	0.136294	0.135980	0.135950	0.135510	0.135535	0.135120
335.000000	0.131732	0.131432	0.130892	0.130937	0.130708	0.130479	0.130127
336.000000	0.127081	0.126904	0.126244	0.126416	0.126415	0.125947	0.125445
337.000000	0.122504	0.122404	0.121763	0.121981	0.121915	0.121362	0.120837
338.000000	0.117923	0.117793	0.117301	0.117402	0.116981	0.116531	0.116239
339.000000	0.113487	0.113255	0.112962	0.112812	0.112304	0.112001	0.111908
340.000000	0.109280	0.108944	0.108813	0.108357	0.108319	0.108092	0.107958
341.000000	0.105164	0.104854	0.104751	0.104132	0.104544	0.104338	0.104029
342.000000	0.101048	0.100952	0.100699	0.100198	0.100528	0.100320	0.099852
343.000000	0.097182	0.097197	0.096806	0.096493	0.096524	0.096323	0.095819
344.000000	0.093819	0.093557	0.093231	0.092938	0.092890	0.092734	0.092376
345.000000	0.090685	0.090067	0.089868	0.089502	0.089505	0.089458	0.089258
346.000000	0.087345	0.086768	0.086524	0.086176	0.086092	0.086227	0.085977
347.000000	0.083817	0.083545	0.083184	0.082950	0.082666	0.082938	0.082567
348.000000	0.080373	0.080208	0.079935	0.079814	0.079402	0.079587	0.079346
349.000000	0.077154	0.076864	0.076815	0.076743	0.076343	0.076282	0.076320
350.000000	0.074191	0.073862	0.073818	0.073702	0.073420	0.073218	0.073232
351.000000	0.071441	0.071211	0.070921	0.070709	0.070573	0.070399	0.070066
352.000000	0.068780	0.068485	0.068082	0.067845	0.067763	0.067585	0.067108
353.000000	0.066094	0.065539	0.065297	0.065130	0.064986	0.064688	0.064490
354.000000	0.063292	0.062791	0.062627	0.062462	0.062316	0.061924	0.062024
355.000000	0.060390	0.060494	0.060109	0.059789	0.059788	0.059427	0.059539
356.000000	0.057685	0.058278	0.057684	0.057238	0.057313	0.057015	0.057017
357.000000	0.055402	0.055789	0.055275	0.054896	0.054809	0.054506	0.054462
358.000000	0.053258	0.053170	0.052804	0.052570	0.052295	0.051944	0.051880
359.000000	0.050900	0.050664	0.050223	0.050050	0.049821	0.049428	0.049292
360.000000	0.048414	0.048301	0.047694	0.047498	0.047452	0.047037	0.046832
361.000000	0.046034	0.046017	0.045432	0.045196	0.045240	0.044825	0.044649
362.000000	0.043750	0.043715	0.043305	0.043070	0.043060	0.042683	0.042592
363.000000	0.041406	0.041285	0.040987	0.040847	0.040693	0.040410	0.040340
364.000000	0.038963	0.038763	0.038504	0.038487	0.038188	0.038016	0.037899
365.000000	0.036492	0.036317	0.036185	0.036154	0.035823	0.035690	0.035560
366.000000	0.034126	0.034051	0.034125	0.033940	0.033690	0.033513	0.033446
367.000000	0.032079	0.031984	0.032102	0.031826	0.031625	0.031424	0.031448
368.000000	0.030303	0.030017	0.029932	0.029724	0.029478	0.029315	0.029417
369.000000	0.028248	0.027837	0.027551	0.027419	0.027150	0.027014	0.027151
370.000000	0.025604	0.025278	0.024978	0.024832	0.024633	0.024463	0.024571
371.000000	0.022920	0.022647	0.022438	0.022298	0.022161	0.021955	0.021959
372.000000	0.020710	0.020255	0.020125	0.020112	0.019931	0.019744	0.019587
373.000000	0.018688	0.018063	0.017936	0.018061	0.017795	0.017650	0.017379
374.000000	0.016425	0.015939	0.015715	0.015843	0.015546	0.015424	0.015180
375.000000	0.014010	0.013767	0.013512	0.013465	0.013221	0.013130	0.012935
376.000000	0.011720	0.011455	0.011444	0.011066	0.010953	0.010947	0.010634
377.000000	0.009541	0.009085	0.009392	0.008754	0.008784	0.008826	0.008343
378.000000	0.007286	0.006842	0.007107	0.006618	0.006698	0.006582	0.006170
379.000000	0.005012	0.004783	0.004658	0.004610	0.004622	0.004250	0.004092
380.000000	0.002987	0.002846	0.002399	0.002569	0.002434	0.002058	0.001975
381.000000	0.001184	0.000933	0.000431	0.000425	0.000134	0.000061	-0.000199
382.000000	-0.000830	-0.001093	-0.001484	-0.001753	-0.002112	-0.001931	-0.002284
383.000000	-0.003241	-0.003290	-0.003524	-0.003910	-0.004214	-0.004046	-0.004253
384.000000	-0.005709	-0.005554	-0.005693	-0.006038	-0.006242	-0.006267	-0.006332
385.000000	-0.007927	-0.007780	-0.007933	-0.008125	-0.008264	-0.008514	-0.008621
386.000000	-0.009860	-0.009920	-0.010066	-0.010138	-0.010279	-0.010568	-0.010778
387.000000	-0.011566	-0.011942	-0.011954	-0.012061	-0.012268	-0.012279	-0.012521
388.000000	-0.013270	-0.013835	-0.013757	-0.013957	-0.014181	-0.013915	-0.014183
389.000000	-0.015194	-0.015600	-0.015672	-0.015888	-0.015972	-0.015797	-0.016173
390.000000	-0.017199	-0.017281	-0.017586	-0.017747	-0.017683	-0.017771	-0.018212
391.000000	-0.019019	-0.018940	-0.019275	-0.019375	-0.019387	-0.019521	-0.019787
392.000000	-0.020665	-0.020623	-0.020788	-0.020886	-0.021072	-0.021118	-0.021082
393.000000	-0.022316	-0.022358	-0.022334	-0.022546	-0.022676	-0.022866	-0.022691
394.000000	-0.023945	-0.024049	-0.023945	-0.024311	-0.024194	-0.024726	-0.024610
395.000000	-0.025342	-0.025490	-0.025487	-0.025859	-0.025680	-0.026347	-0.026293
396.000000	-0.026551	-0.026730	-0.026950	-0.027148	-0.027168	-0.027654	-0.027571
397.000000	-0.027972	-0.028171	-0.028497	-0.028534	-0.028663	-0.028955	-0.028812
398.000000	-0.029767	-0.029958	-0.030169	-0.030180	-0.030168	-0.030428	-0.030257
399.000000	-0.031576	-0.031690	-0.031742	-0.031814	-0.031685	-0.031934	-0.031818
400.000000	-0.033107	-0.033072	-0.033067	-0.033229	-0.033196	-0.033357	-0.033390
401.000000	-0.034445	-0.034320	-0.034320	-0.034566	-0.034628	-0.034750	-0.034932
402.000000	-0.035718	-0.035674	-0.035688	-0.035976	-0.035926	-0.036161	-0.036405
403.000000	-0.036946	-0.037047	-0.037140	-0.037398	-0.037174	-0.037488	-0.037732
404.000000	-0.038127	-0.038291	-0.038584	-0.038717	-0.038479	-0.038619	-0.038855
405.000000	-0.039329	-0.039466	-0.039961	-0.039908	-0.039830	-0.039706	-0.039940
406.000000	-0.040639	-0.040711	-0.041231	-0.040992	-0.041170	-0.040984	-0.041221
407.000000	-0.041990	-0.042029	-0.042404	-0.042084	-0.042462	-0.042401	-0.042610
408.000000	-0.043227	-0.043339	-0.043523	-0.043349	-0.043688	-0.043729	-0.043832
409.000000	-0.044351	-0.044610	-0.044630	-0.044736	-0.044850	-0.044907	-0.044880
410.000000	-0.045508	-0.045855	-0.045768	-0.045999	-0.045969	-0.046027	-0.045992
411.000000	-0.046744	-0.047065	-0.046943	-0.047062	-0.047064	-0.047158	-0.047246
412.000000	-0.047963	-0.048203	-0.048112	-0.048085	-0.048145	-0.048329	-0.048489
413.000000	-0.049129	-0.049265	-0.049250	-0.049191	-0.049235	-0.049547	-0.049639
414.000000	-0.050343	-0.050324	-0.050379	-0.050390	-0.050385	-0.050789	-0.050781
415.000000	-0.051633	-0.051419	-0.051510	-0.051650	-0.051613	-0.052004	-0.051966
416.000000	-0.052755	-0.052469	-0.052607	-0.052842	-0.052839	-0.053084	-0.053081
417.000000	-0.053523	-0.053411	-0.053642	-0.053863	-0.053982	-0.053965	-0.054041
418.000000	-0.054240	-0.054382	-0.054657	-0.054804	-0.055054	-0.054842	-0.055006
419.000000	-0.055264	-0.055526	-0.055699	-0.055784	-0.056082	-0.055926	-0.056151
420.000000	-0.056414	-0.056650	-0.056724	-0.056749	-0.057017	-0.057052	-0.057255
421.000000	-0.057318	-0.057459	-0.057653	-0.057590	-0.057799	-0.057925	-0.057971
422.000000	-0.058062	-0.058116	-0.058501	-0.058391	-0.058538	-0.058619	-0.058472
423.000000	-0.058996	-0.059049	-0.059338	-0.059352	-0.059439	-0.059427	-0.059233
424.000000	-0.060075	-0.060219	-0.060161	-0.060417	-0.060450	-0.060360	-0.060278
425.000000	-0.060891	-0.061164	-0.060903	-0.061309	-0.061286	-0.061177	-0.061217
426.000000	-0.061391	-0.061746	-0.061582	-0.061965	-0.061888	-0.061828	-0.061922
427.000000	-0.062001	-0.062274	-0.062329	-0.062621	-0.062511	-0.062532	-0.062637
428.000000	-0.062931	-0.062971	-0.063195	-0.063409	-0.063311	-0.063391	-0.063494
429.000000	-0.063899	-0.063838	-0.064057	-0.064217	-0.064197	-0.064254	-0.064353
430.000000	-0.064693	-0.064810	-0.064823	-0.064965	-0.065069	-0.065018	-0.065109
431.000000	-0.065465	-0.065716	-0.065561	-0.065746	-0.065874	-0.065808	-0.065843
432.000000	-0.066366	-0.066430	-0.066346	-0.066640	-0.066588	-0.066732	-0.066642
433.000000	-0.067246	-0.067101	-0.067173	-0.067513	-0.067283	-0.067632	-0.067475
434.000000	-0.067918	-0.067917	-0.068017	-0.068209	-0.068041	-0.068318	-0.068284
435.000000	-0.068521	-0.068797	-0.068838	-0.068804	-0.068821	-0.068909	-0.069053
436.000000	-0.069298	-0.069562	-0.069597	-0.069463	-0.069544	-0.069626	-0.069783
437.000000	-0.070167	-0.070194	-0.070270	-0.070200	-0.070238	-0.070439	-0.070469
438.000000	-0.070855	-0.070774	-0.070845	-0.070947	-0.070993	-0.071174	-0.071105
439.000000	-0.071370	-0.071352	-0.071381	-0.071674	-0.071772	-0.071779	-0.071711
440.000000	-0.071971	-0.071947	-0.071993	-0.072392	-0.072422	-0.072317	-0.072331
441.000000	-0.072715	-0.072571	-0.072696	-0.073082	-0.072929	-0.072866	-0.072973
442.000000	-0.073386	-0.073223	-0.073372	-0.073684	-0.073457	-0.073518	-0.073593
443.000000	-0.073896	-0.073901	-0.073970	-0.074197	-0.074088	-0.074279	-0.074190
444.000000	-0.074432	-0.074592	-0.074588	-0.074728	-0.074734	-0.074985	-0.074843
445.000000	-0.075119	-0.075279	-0.075287	-0.075357	-0.075330	-0.075534	-0.075590
446.000000	-0.075827	-0.075926	-0.075998	-0.076047	-0.075950	-0.076050	-0.076317
447.000000	-0.076424	-0.076506	-0.076641	-0.076737	-0.076648	-0.076655	-0.076915
448.000000	-0.076953	-0.077030	-0.077199	-0.077360	-0.077309	-0.077282	-0.077403
449.000000	-0.077488	-0.077518	-0.077672	-0.077860	-0.077802	-0.077825	-0.077830
450.000000	-0.077988	-0.077967	-0.078077	-0.078254	-0.078177	-0.078267	-0.078235
451.000000	-0.078372	-0.078367	-0.078440	-0.078587	-0.078551	-0.078625	-0.078649
452.000000	-0.078674	-0.078716	-0.078790	-0.078902	-0.078935	-0.078947	-0.079062
453.000000	-0.078990	-0.079021	-0.079164	-0.079240	-0.079281	-0.079296	-0.079449
454.000000	-0.079387	-0.079367	-0.079594	-0.079637	-0.079630	-0.079724	-0.079839
455.000000	-0.079899	-0.079896	-0.080111	-0.080122	-0.080102	-0.080270	-0.080307
456.000000	-0.080471	-0.080556	-0.080662	-0.080667	-0.080674	-0.080865	-0.080837
457.000000	-0.080940	-0.081052	-0.081094	-0.081172	-0.081155	-0.081301	-0.081296
458.000000	-0.081243	-0.081272	-0.081368	-0.081564	-0.081470	-0.081525	-0.081619
459.000000	-0.081516	-0.081463	-0.081665	-0.081833	-0.081782	-0.081779	-0.081887
460.000000	-0.081858	-0.081813	-0.082098	-0.082017	-0.082204	-0.082220	-0.082178
461.000000	-0.082204	-0.082250	-0.082530	-0.082274	-0.082647	-0.082694	-0.082530
462.000000	-0.082494	-0.082669	-0.082831	-0.082716	-0.083013	-0.083037	-0.082952
463.000000	-0.082790	-0.083028	-0.083062	-0.083198	-0.083313	-0.083258	-0.083350
464.000000	-0.083168	-0.083306	-0.083323	-0.083546	-0.083583	-0.083418	-0.083634
465.000000	-0.083590	-0.083559	-0.083634	-0.083813	-0.083872	-0.083638	-0.083881
466.000000	-0.083981	-0.083862	-0.083983	-0.084127	-0.084218	-0.084037	-0.084216
467.000000	-0.084307	-0.084229	-0.084333	-0.084486	-0.084574	-0.084523	-0.084603
468.000000	-0.084563	-0.084638	-0.084638	-0.084818	-0.084849	-0.084895	-0.084919
469.000000	-0.084792	-0.085015	-0.084895	-0.085099	-0.085053	-0.085145	-0.085166
470.000000	-0.085069	-0.085256	-0.085138	-0.085351	-0.085281	-0.085424	-0.085444
471.000000	-0.085391	-0.085395	-0.085388	-0.085598	-0.085568	-0.085763	-0.085766
472.000000	-0.085663	-0.085643	-0.085649	-0.085862	-0.085869	-0.086035	-0.086039
473.000000	-0.085862	-0.086065	-0.085935	-0.086149	-0.086159	-0.086205	-0.086240
474.000000	-0.086106	-0.086459	-0.086282	-0.086427	-0.086456	-0.086400	-0.086476
475.000000	-0.086452	-0.086688	-0.086675	-0.086673	-0.086761	-0.086693	-0.086796
476.000000	-0.086771	-0.086839	-0.086977	-0.086885	-0.087023	-0.086977	-0.087069
477.000000	-0.086955	-0.087014	-0.087095	-0.087079	-0.087213	-0.087167	-0.087200
478.000000	-0.087104	-0.087232	-0.087195	-0.087316	-0.087412	-0.087365	-0.087345
479.000000	-0.087337	-0.087488	-0.087462	-0.087649	-0.087702	-0.087688	-0.087673
480.000000	-0.087612	-0.087761	-0.087841	-0.088010	-0.088022	-0.088055	-0.088072
481.000000	-0.087835	-0.088023	-0.088196	-0.088296	-0.088267	-0.088330	-0.088349
482.000000	-0.088007	-0.088220	-0.088422	-0.088456	-0.088408	-0.088496	-0.088477
483.000000	-0.088178	-0.088293	-0.088447	-0.088474	-0.088455	-0.088600	-0.088519
484.000000	-0.088326	-0.088283	-0.088346	-0.088430	-0.088460	-0.088663	-0.088528
485.000000	-0.088378	-0.088313	-0.088312	-0.088467	-0.088501	-0.088683	-0.088548
486.000000	-0.088371	-0.088435	-0.088411	-0.088613	-0.088607	-0.088690	-0.088614
487.000000	-0.088470	-0.088626	-0.088572	-0.088763	-0.088748	-0.088751	-0.088756
488.000000	-0.088718	-0.088835	-0.088731	-0.088863	-0.088899	-0.088889	-0.088962
489.000000	-0.088953	-0.088977	-0.088858	-0.088959	-0.089046	-0.089048	-0.089151
490.000000	-0.089088	-0.089042	-0.088976	-0.089100	-0.089193	-0.089202	-0.089289
491.000000	-0.089263	-0.089204	-0.089227	-0.089325	-0.089383	-0.089404	-0.089464
492.000000	-0.089565	-0.089558	-0.089665	-0.089626	-0.089625	-0.089668	-0.089720
493.000000	-0.089780	-0.089819	-0.089976	-0.089821	-0.089782	-0.089825	-0.089883
494.000000	-0.089702	-0.089712	-0.089870	-0.089755	-0.089736	-0.089728	-0.089801
495.000000	-0.089535	-0.089498	-0.089637	-0.089624	-0.089653	-0.089596	-0.089689
496.000000	-0.089577	-0.089565	-0.089705	-0.089697	-0.089755	-0.089722	-0.089837
497.000000	-0.089775	-0.089840	-0.089973	-0.089909	-0.089969	-0.089994	-0.090136
498.000000	-0.089907	-0.090039	-0.090101	-0.090035	-0.090084	-0.090120	-0.090290
499.000000	-0.089920	-0.090077	-0.090051	-0.090050	-0.090081	-0.090095	-0.090276
500.000000	-0.089888	-0.090017	-0.090005	-0.090071	-0.090077	-0.090119	-0.090259
501.000000	-0.089854	-0.089935	-0.090033	-0.090124	-0.090108	-0.090225	-0.090292
502.000000	-0.089827	-0.089909	-0.090089	-0.090138	-0.090126	-0.090267	-0.090300
503.000000	-0.089831	-0.089968	-0.090138	-0.090109	-0.090131	-0.090200	-0.090263
504.000000	-0.089905	-0.090058	-0.090167	-0.090146	-0.090206	-0.090140	-0.090256
505.000000	-0.090047	-0.090136	-0.090183	-0.090287	-0.090371	-0.090165	-0.090321
506.000000	-0.090152	-0.090185	-0.090222	-0.090391	-0.090496	-0.090240	-0.090412
507.000000	-0.090145	-0.090202	-0.090296	-0.090356	-0.090480	-0.090318	-0.090478
508.000000	-0.090081	-0.090194	-0.090329	-0.090266	-0.090385	-0.090360	-0.090495
509.000000	-0.090038	-0.090179	-0.090259	-0.090230	-0.090299	-0.090349	-0.090461
510.000000	-0.090061	-0.090185	-0.090202	-0.090283	-0.090292	-0.090358	-0.090445
511.000000	-0.090169	-0.090236	-0.090298	-0.090420	-0.090404	-0.090464	-0.090522
512.000000	-0.090275	-0.090285	-0.090441	-0.090535	-0.090520	-0.090587	-0.090596
513.000000	-0.090256	-0.090256	-0.090433	-0.090492	-0.090468	-0.090587	-0.090515
514.000000	-0.090166	-0.090190	-0.090307	-0.090363	-0.090323	-0.090508	-0.090356
515.000000	-0.090169	-0.090197	-0.090239	-0.090357	-0.090308	-0.090510	-0.090341
516.000000	-0.090249	-0.090271	-0.090266	-0.090461	-0.090425	-0.090573	-0.090465
517.000000	-0.090217	-0.090295	-0.090282	-0.090454	-0.090456	-0.090509	-0.090505
518.000000	-0.090048	-0.090227	-0.090247	-0.090291	-0.090331	-0.090293	-0.090392
519.000000	-0.089948	-0.090147	-0.090221	-0.090184	-0.090199	-0.090146	-0.090280
520.000000	-0.090017	-0.090107	-0.090231	-0.090240	-0.090158	-0.090183	-0.090264
521.000000	-0.090100	-0.090096	-0.090224	-0.090319	-0.090171	-0.090279	-0.090287
522.000000	-0.090074	-0.090096	-0.090166	-0.090303	-0.090192	-0.090319	-0.090291
523.000000	-0.090007	-0.090091	-0.090106	-0.090235	-0.090191	-0.090305	-0.090276
524.000000	-0.089977	-0.090067	-0.090091	-0.090179	-0.090156	-0.090260	-0.090252
525.000000	-0.089973	-0.090033	-0.090097	-0.090163	-0.090156	-0.090214	-0.090236
526.000000	-0.089964	-0.090004	-0.090090	-0.090199	-0.090256	-0.090194	-0.090243
527.000000	-0.089974	-0.090005	-0.090097	-0.090250	-0.090376	-0.090216	-0.090281
528.000000	-0.090045	-0.090061	-0.090163	-0.090264	-0.090386	-0.090283	-0.090353
529.000000	-0.090134	-0.090129	-0.090232	-0.090239	-0.090302	-0.090346	-0.090414
530.000000	-0.090150	-0.090130	-0.090195	-0.090196	-0.090221	-0.090330	-0.090394
531.000000	-0.090080	-0.090081	-0.090080	-0.090160	-0.090183	-0.090251	-0.090318
532.000000	-0.089980	-0.090087	-0.090030	-0.090151	-0.090174	-0.090205	-0.090292
533.000000	-0.089908	-0.090126	-0.090092	-0.090173	-0.090183	-0.090230	-0.090305
534.000000	-0.089927	-0.090019	-0.090183	-0.090207	-0.090205	-0.090291	-0.090199
535.000000	-0.090030	-0.089875	-0.090230	-0.090225	-0.090228	-0.090339	-0.090071
536.000000	-0.090087	-0.090334	-0.090200	-0.090187	-0.090217	-0.090309	-0.090495
537.000000	-0.090021	-0.091211	-0.090098	-0.090092	-0.090166	-0.090185	-0.091303
538.000000	-0.089949	-0.089968	-0.090021	-0.090045	-0.090141	-0.090093	-0.090233
539.000000	-0.089954	-0.086063	-0.090027	-0.090105	-0.090175	-0.090116	-0.086776
540.000000	-0.089883	-0.088441	-0.089963	-0.090080	-0.090107	-0.090078	-0.088802
541.000000	-0.089628	-0.102645	-0.089725	-0.089827	-0.089836	-0.089847	-0.101208
542.000000	-0.089709	-0.099394	-0.089815	-0.089887	-0.089883	-0.089924	-0.098405
543.000000	-0.090642	-0.044552	-0.090726	-0.090806	-0.090765	-0.090814	-0.050523
544.000000	-0.090665	0.019649	-0.090728	-0.090820	-0.090754	-0.090799	0.005682
545.000000	-0.087026	0.014921	-0.087123	-0.087156	-0.087140	-0.087192	0.001988
546.000000	-0.080885	-0.048049	-0.081058	-0.081002	-0.081076	-0.081144	-0.052378
547.000000	-0.076432	-0.090035	-0.076649	-0.076605	-0.076707	-0.076769	-0.088532
548.000000	-0.075953	-0.086585	-0.076160	-0.076220	-0.076275	-0.076317	-0.085369
549.000000	-0.079464	-0.076817	-0.079648	-0.079743	-0.079760	-0.079815	-0.077222
550.000000	-0.085367	-0.082205	-0.085531	-0.085549	-0.085576	-0.085683	-0.082722
551.000000	-0.089642	-0.090218	-0.089774	-0.089757	-0.089802	-0.089943	-0.090326
552.000000	-0.090034	-0.091114	-0.090123	-0.090196	-0.090230	-0.090350	-0.091178
553.000000	-0.088951	-0.088999	-0.089026	-0.089186	-0.089184	-0.089256	-0.089205
554.000000	-0.088704	-0.088479	-0.088821	-0.088954	-0.088907	-0.088934	-0.088754
555.000000	-0.088931	-0.088952	-0.089087	-0.089136	-0.089081	-0.089073	-0.089207
556.000000	-0.088866	-0.088986	-0.088999	-0.088992	-0.089000	-0.088968	-0.089174
557.000000	-0.088707	-0.088771	-0.088802	-0.088780	-0.088856	-0.088821	-0.088900
558.000000	-0.088857	-0.088895	-0.088964	-0.088958	-0.089025	-0.089019	-0.089024
559.000000	-0.088822	-0.088868	-0.088962	-0.088978	-0.089007	-0.089028	-0.089041
560.000000	-0.087848	-0.087858	-0.087970	-0.087989	-0.088053	-0.088051	-0.088078
561.000000	-0.087464	-0.087415	-0.087536	-0.087549	-0.087686	-0.087629	-0.087661
562.000000	-0.090487	-0.090440	-0.090552	-0.090589	-0.090717	-0.090627	-0.090681
563.000000	-0.092697	-0.092715	-0.092802	-0.092884	-0.092913	-0.092838	-0.092921
564.000000	-0.083243	-0.083315	-0.083372	-0.083466	-0.083419	-0.083390	-0.083469
565.000000	-0.072324	-0.072402	-0.072435	-0.072498	-0.072447	-0.072476	-0.072512
566.000000	-0.100351	-0.100413	-0.100429	-0.100478	-0.100457	-0.100531	-0.100523
567.000000	-0.170814	-0.170865	-0.170873	-0.170947	-0.170956	-0.171044	-0.171023
568.000000	-0.206355	-0.206412	-0.206421	-0.206502	-0.206542	-0.206612	-0.206605
569.000000	-0.157571	-0.157655	-0.157673	-0.157704	-0.157777	-0.157805	-0.157828
570.000000	-0.090114	-0.090213	-0.090239	-0.090230	-0.090327	-0.090303	-0.090355
571.000000	-0.072291	-0.072364	-0.072393	-0.072413	-0.072518	-0.072449	-0.072513
572.000000	-0.085673	-0.085717	-0.085731	-0.085797	-0.085907	-0.085814	-0.085875
573.000000	-0.092252	-0.092310	-0.092285	-0.092344	-0.092471	-0.092381	-0.092435
574.000000	-0.088907	-0.088996	-0.088938	-0.088962	-0.089109	-0.089047	-0.089097
575.000000	-0.086427	-0.086515	-0.086470	-0.086491	-0.086645	-0.086623	-0.086680
576.000000	-0.087023	-0.087092	-0.087083	-0.087146	-0.087269	-0.087284	-0.087351
577.000000	-0.087739	-0.087815	-0.087812	-0.087943	-0.087978	-0.088008	-0.088068
578.000000	-0.087568	-0.087677	-0.087660	-0.087844	-0.087771	-0.087800	-0.087847
579.000000	-0.087263	-0.087390	-0.087403	-0.087562	-0.087453	-0.087495	-0.087554
580.000000	-0.087105	-0.087212	-0.087294	-0.087368	-0.087304	-0.087372	-0.087465
581.000000	-0.086713	-0.086772	-0.086862	-0.086908	-0.086878	-0.086949	-0.087043
582.000000	-0.086287	-0.086290	-0.086301	-0.086420	-0.086367	-0.086410	-0.086461
583.000000	-0.087131	-0.087115	-0.087071	-0.087252	-0.087186	-0.087211	-0.087237
584.000000	-0.088849	-0.088872	-0.088871	-0.089026	-0.088996	-0.089040	-0.089092
585.000000	-0.086321	-0.086391	-0.086470	-0.086556	-0.086574	-0.086643	-0.086704
586.000000	-0.079758	-0.079839	-0.079970	-0.079999	-0.080034	-0.080109	-0.080104
587.000000	-0.092981	-0.093053	-0.093198	-0.093206	-0.093235	-0.093306	-0.093230
588.000000	-0.144508	-0.144581	-0.144704	-0.144737	-0.144749	-0.144827	-0.144751
589.000000	-0.188667	-0.188754	-0.188833	-0.188902	-0.188879	-0.188969	-0.188934
590.000000	-0.166252	-0.166362	-0.166389	-0.166463	-0.166384	-0.166484	-0.166461
591.000000	-0.104633	-0.104750	-0.104748	-0.104802	-0.104776	-0.104876	-0.104846
592.000000	-0.072727	-0.072800	-0.072822	-0.072869	-0.073155	-0.073241	-0.073226
593.000000	-0.079003	-0.079016	-0.079098	-0.079145	-0.079507	-0.079585	-0.079607
594.000000	-0.086833	-0.086843	-0.086968	-0.086993	-0.086292	-0.086405	-0.086455
595.000000	-0.084274	-0.084346	-0.084475	-0.084465	-0.082957	-0.083131	-0.083180
596.000000	-0.086846	-0.086973	-0.087076	-0.087078	-0.088823	-0.088998	-0.089015
597.000000	-0.091133	-0.091269	-0.091337	-0.091405	-0.099832	-0.099936	-0.099913
598.000000	-0.062714	-0.062830	-0.062887	-0.063001	-0.073946	-0.073995	-0.073998
599.000000	0.002250	0.002163	0.002078	0.001982	-0.003808	-0.003866	-0.003974
600.000000	0.034049	0.033975	0.033856	0.033799	0.033993	0.033937	0.033759
601.000000	-0.013805	-0.013895	-0.014028	-0.014062	-0.012779	-0.012773	-0.012903
602.000000	-0.079930	-0.080046	-0.080164	-0.080189	-0.080265	-0.080207	-0.080257
603.000000	-0.098021	-0.098150	-0.098231	-0.098245	-0.098737	-0.098714	-0.098748
604.000000	-0.084758	-0.084882	-0.084924	-0.084943	-0.085030	-0.085088	-0.085136
605.000000	-0.077525	-0.077629	-0.077654	-0.077709	-0.077628	-0.077743	-0.077776
606.000000	-0.080152	-0.080246	-0.080285	-0.080365	-0.080412	-0.080541	-0.080559
607.000000	-0.082135	-0.082261	-0.082343	-0.082381	-0.082487	-0.082591	-0.082658
608.000000	-0.081145	-0.081300	-0.081436	-0.081401	-0.081444	-0.081502	-0.081654
609.000000	-0.080082	-0.080177	-0.080341	-0.080297	-0.080298	-0.080319	-0.080509
610.000000	-0.079960	-0.079936	-0.080089	-0.080101	-0.080121	-0.080133	-0.080297
611.000000	-0.079986	-0.079922	-0.080033	-0.080077	-0.080125	-0.080170	-0.080278
612.000000	-0.079755	-0.079764	-0.079818	-0.079847	-0.079894	-0.079999	-0.080057
613.000000	-0.079446	-0.079546	-0.079548	-0.079580	-0.079596	-0.079731	-0.079771
614.000000	-0.079210	-0.079351	-0.079335	-0.079402	-0.079376	-0.079491	-0.079540
615.000000	-0.079071	-0.079203	-0.079243	-0.079288	-0.079266	-0.079361	-0.079379
616.000000	-0.079016	-0.079111	-0.079272	-0.079206	-0.079255	-0.079362	-0.079283
617.000000	-0.078974	-0.079057	-0.079251	-0.079140	-0.079250	-0.079361	-0.079223
618.000000	-0.078887	-0.079017	-0.079051	-0.079079	-0.079175	-0.079242	-0.079168
619.000000	-0.078776	-0.078944	-0.078824	-0.079021	-0.079057	-0.079075	-0.079095
620.000000	-0.078680	-0.078806	-0.078749	-0.078964	-0.078948	-0.078963	-0.078997
621.000000	-0.078632	-0.078668	-0.078779	-0.078913	-0.078871	-0.078909	-0.078930
622.000000	-0.078651	-0.078622	-0.078785	-0.078868	-0.078834	-0.078882	-0.078963
623.000000	-0.078679	-0.078630	-0.078733	-0.078814	-0.078797	-0.078841	-0.078997
624.000000	-0.078618	-0.078594	-0.078634	-0.078725	-0.078704	-0.078749	-0.078861
625.000000	-0.078491	-0.078496	-0.078523	-0.078615	-0.078575	-0.078629	-0.078615
626.000000	-0.078404	-0.078383	-0.078451	-0.078530	-0.078492	-0.078551	-0.078491
627.000000	-0.078365	-0.078288	-0.078417	-0.078473	-0.078455	-0.078515	-0.078522
628.000000	-0.078269	-0.078223	-0.078362	-0.078401	-0.078382	-0.078439	-0.078511
629.000000	-0.078091	-0.078176	-0.078265	-0.078293	-0.078248	-0.078304	-0.078375
630.000000	-0.077935	-0.078101	-0.078159	-0.078168	-0.078132	-0.078191	-0.078228
631.000000	-0.077873	-0.077987	-0.078069	-0.078048	-0.078077	-0.078143	-0.078150
632.000000	-0.077882	-0.077907	-0.077993	-0.077948	-0.078039	-0.078096	-0.078114
633.000000	-0.077915	-0.077909	-0.077922	-0.077882	-0.077972	-0.078005	-0.078082
634.000000	-0.077899	-0.077924	-0.077854	-0.077850	-0.077885	-0.077926	-0.078032
635.000000	-0.077774	-0.077871	-0.077781	-0.077838	-0.077793	-0.077908	-0.077946
636.000000	-0.077602	-0.077739	-0.077673	-0.077776	-0.077685	-0.077852	-0.077812
637.000000	-0.077463	-0.077545	-0.077506	-0.077593	-0.077546	-0.077646	-0.077628
638.000000	-0.077336	-0.077342	-0.077331	-0.077363	-0.077394	-0.077366	-0.077425
639.000000	-0.077164	-0.077199	-0.077226	-0.077214	-0.077260	-0.077169	-0.077248
640.000000	-0.076998	-0.077113	-0.077192	-0.077142	-0.077173	-0.077096	-0.077141
641.000000	-0.076955	-0.077041	-0.077180	-0.077066	-0.077158	-0.077113	-0.077139
642.000000	-0.077011	-0.076982	-0.077153	-0.076997	-0.077184	-0.077160	-0.077198
643.000000	-0.077015	-0.076970	-0.077090	-0.077026	-0.077164	-0.077153	-0.077200
644.000000	-0.076924	-0.076991	-0.076996	-0.077120	-0.077069	-0.077075	-0.077106
645.000000	-0.076841	-0.076963	-0.076916	-0.077088	-0.076948	-0.076993	-0.076977
646.000000	-0.076825	-0.076864	-0.076882	-0.076886	-0.076858	-0.076958	-0.076878
647.000000	-0.076847	-0.076792	-0.076894	-0.076763	-0.076868	-0.076992	-0.076864
648.000000	-0.076881	-0.076816	-0.076941	-0.076875	-0.076997	-0.077084	-0.076956
649.000000	-0.076944	-0.076897	-0.076990	-0.077037	-0.077130	-0.077161	-0.077083
650.000000	-0.077035	-0.076975	-0.077007	-0.077067	-0.077159	-0.077161	-0.077171
651.000000	-0.077061	-0.076984	-0.076983	-0.077003	-0.077097	-0.077108	-0.077182
652.000000	-0.076926	-0.076872	-0.076912	-0.076916	-0.076976	-0.077033	-0.077093
653.000000	-0.076652	-0.076670	-0.076768	-0.076771	-0.076791	-0.076881	-0.076881
654.000000	-0.076304	-0.076435	-0.076525	-0.076507	-0.076524	-0.076583	-0.076537
655.000000	-0.075934	-0.076153	-0.076208	-0.076181	-0.076197	-0.076210	-0.076129
656.000000	-0.075591	-0.075782	-0.075870	-0.075903	-0.075853	-0.075900	-0.075768
657.000000	-0.075327	-0.075412	-0.075575	-0.075691	-0.075552	-0.075682	-0.075521
658.000000	-0.075194	-0.075223	-0.075394	-0.075495	-0.075362	-0.075510	-0.075421
659.000000	-0.075169	-0.075228	-0.075313	-0.075311	-0.075290	-0.075366	-0.075427
660.000000	-0.075151	-0.075252	-0.075233	-0.075191	-0.075282	-0.075270	-0.075419
661.000000	-0.075085	-0.075192	-0.075110	-0.075134	-0.075276	-0.075213	-0.075332
662.000000	-0.074995	-0.075064	-0.074994	-0.075058	-0.075200	-0.075142	-0.075193
663.000000	-0.074885	-0.074884	-0.074897	-0.074911	-0.075023	-0.075013	-0.075019
664.000000	-0.074700	-0.074647	-0.074736	-0.074721	-0.074784	-0.074821	-0.074802
665.000000	-0.074406	-0.074357	-0.074450	-0.074507	-0.074517	-0.074557	-0.074534
666.000000	-0.074045	-0.074042	-0.074097	-0.074236	-0.074186	-0.074205	-0.074219
667.000000	-0.073679	-0.073731	-0.073749	-0.073885	-0.073773	-0.073775	-0.073871
668.000000	-0.073381	-0.073442	-0.073455	-0.073550	-0.073380	-0.073404	-0.073524
669.000000	-0.073201	-0.073185	-0.073243	-0.073332	-0.073120	-0.073233	-0.073219
670.000000	-0.073052	-0.072929	-0.073046	-0.073142	-0.072960	-0.073144	-0.072965
671.000000	-0.072800	-0.072634	-0.072768	-0.072832	-0.072806	-0.072935	-0.072762
672.000000	-0.072486	-0.072367	-0.072450	-0.072489	-0.072622	-0.072642	-0.072580
673.000000	-0.072254	-0.072252	-0.072214	-0.072327	-0.072413	-0.072437	-0.072381
674.000000	-0.072137	-0.072257	-0.072100	-0.072343	-0.072217	-0.072352	-0.072204
675.000000	-0.072079	-0.072216	-0.072085	-0.072349	-0.072100	-0.072296	-0.072157
676.000000	-0.072043	-0.072082	-0.072126	-0.072267	-0.072058	-0.072219	-0.072218
677.000000	-0.072018	-0.071957	-0.072160	-0.072162	-0.072001	-0.072126	-0.072208
678.000000	-0.072015	-0.071918	-0.072163	-0.072103	-0.071921	-0.072046	-0.072084
679.000000	-0.072074	-0.071984	-0.072174	-0.072150	-0.071970	-0.072049	-0.072050
680.000000	-0.072187	-0.072121	-0.072206	-0.072290	-0.072193	-0.072148	-0.072199
681.000000	-0.072212	-0.072175	-0.072194	-0.072323	-0.072346	-0.072214	-0.072288
682.000000	-0.072065	-0.072051	-0.072096	-0.072125	-0.072249	-0.072157	-0.072141
683.000000	-0.071941	-0.071925	-0.072017	-0.071929	-0.072114	-0.072107	-0.072014
684.000000	-0.072040	-0.071986	-0.072063	-0.071983	-0.072176	-0.072205	-0.072173
685.000000	-0.072228	-0.072149	-0.072189	-0.072167	-0.072328	-0.072350	-0.072417
686.000000	-0.072290	-0.072252	-0.072305	-0.072257	-0.072374	-0.072386	-0.072431
687.000000	-0.072238	-0.072244	-0.072345	-0.072235	-0.072307	-0.072321	-0.072270
688.000000	-0.072184	-0.072133	-0.072260	-0.072174	-0.072210	-0.072243	-0.072154
689.000000	-0.072141	-0.071995	-0.072101	-0.072105	-0.072124	-0.072178	-0.072129
690.000000	-0.072058	-0.071941	-0.071978	-0.072029	-0.072057	-0.072112	-0.072120
691.000000	-0.071958	-0.071974	-0.071946	-0.071973	-0.072017	-0.072052	-0.072100
692.000000	-0.071941	-0.071989	-0.072004	-0.071989	-0.072016	-0.072028	-0.072088
693.000000	-0.072023	-0.071962	-0.072117	-0.072073	-0.072051	-0.072040	-0.072090
694.000000	-0.072107	-0.071986	-0.072209	-0.072144	-0.072106	-0.072052	-0.072090
695.000000	-0.072119	-0.072087	-0.072228	-0.072150	-0.072161	-0.072052	-0.072079
696.000000	-0.072047	-0.072143	-0.072175	-0.072118	-0.072185	-0.072089	-0.072057
697.000000	-0.071927	-0.072087	-0.072079	-0.072077	-0.072169	-0.072185	-0.072042
698.000000	-0.071909	-0.072060	-0.072038	-0.072060	-0.072167	-0.072274	-0.072081
699.000000	-0.072091	-0.072174	-0.072121	-0.072090	-0.072217	-0.072294	-0.072200
700.000000	-0.072272	-0.072297	-0.072228	-0.072159	-0.072259	-0.072265	-0.072316
701.000000	-0.072232	-0.072271	-0.072246	-0.072247	-0.072231	-0.072228	-0.072341
702.000000	-0.072103	-0.072174	-0.072210	-0.072312	-0.072213	-0.072220	-0.072321
703.000000	-0.072118	-0.072156	-0.072205	-0.072313	-0.072313	-0.072265	-0.072340
704.000000	-0.072200	-0.072194	-0.072209	-0.072254	-0.072398	-0.072304	-0.072360
705.000000	-0.072120	-0.072168	-0.072150	-0.072167	-0.072224	-0.072239	-0.072279
706.000000	-0.071886	-0.072025	-0.072014	-0.072054	-0.071878	-0.072064	-0.072103
707.000000	-0.071689	-0.071755	-0.071835	-0.071891	-0.071690	-0.071844	-0.071916
708.000000	-0.071554	-0.071422	-0.071613	-0.071675	-0.071691	-0.071604	-0.071728
709.000000	-0.071333	-0.071158	-0.071316	-0.071420	-0.071583	-0.071327	-0.071463
710.000000	-0.070954	-0.070965	-0.070947	-0.071104	-0.071242	-0.071014	-0.071101
711.000000	-0.070477	-0.070645	-0.070564	-0.070654	-0.070830	-0.070698	-0.070713
712.000000	-0.069982	-0.070126	-0.070206	-0.070094	-0.070454	-0.070388	-0.070347
713.000000	-0.069563	-0.069663	-0.069863	-0.069669	-0.070054	-0.070023	-0.069995
714.000000	-0.069263	-0.069421	-0.069513	-0.069505	-0.069577	-0.069564	-0.069635
715.000000	-0.068938	-0.069160	-0.069125	-0.069273	-0.069056	-0.069055	-0.069237
716.000000	-0.068454	-0.068636	-0.068666	-0.068669	-0.068532	-0.068552	-0.068781
717.000000	-0.067861	-0.067926	-0.068115	-0.067915	-0.068013	-0.068084	-0.068302
718.000000	-0.067256	-0.067192	-0.067467	-0.067333	-0.067496	-0.067665	-0.067840
719.000000	-0.066670	-0.066498	-0.066790	-0.066882	-0.066961	-0.067263	-0.067351
720.000000	-0.066107	-0.065873	-0.066181	-0.066393	-0.066391	-0.066833	-0.066773
721.000000	-0.065609	-0.065392	-0.065674	-0.065925	-0.065855	-0.066381	-0.066206
722.000000	-0.065228	-0.065138	-0.065266	-0.065659	-0.065460	-0.065943	-0.065830
723.000000	-0.064854	-0.064935	-0.064855	-0.065445	-0.065139	-0.065486	-0.065531
724.000000	-0.064250	-0.064401	-0.064266	-0.064873	-0.064674	-0.064929	-0.064955
725.000000	-0.063454	-0.063536	-0.063554	-0.063938	-0.064036	-0.064284	-0.064134
726.000000	-0.062838	-0.062802	-0.063043	-0.063123	-0.063414	-0.063675	-0.063553
727.000000	-0.062529	-0.062413	-0.062820	-0.062664	-0.062904	-0.063202	-0.063358
728.000000	-0.062230	-0.062136	-0.062554	-0.062348	-0.062425	-0.062906	-0.063081
729.000000	-0.061775	-0.061810	-0.062075	-0.062030	-0.061961	-0.062794	-0.062500
730.000000	-0.061417	-0.061557	-0.061692	-0.061837	-0.061698	-0.062805	-0.062110
731.000000	-0.061371	-0.061488	-0.061670	-0.061878	-0.061773	-0.062875	-0.062326
732.000000	-0.061523	-0.061532	-0.061879	-0.062062	-0.062054	-0.062971	-0.062926
