[HEADER]
Format	J&M ASCII Table
Comment	Remin PV CDOM Samples 
Date	2/12/1980 6:37:26 AM
Order	Y (evenX)
TechType	UV
NumPoints	483
FirstX	250.00
LastX	732.00
XType	NMetr
YType	Absrb
ZType	Secs
NumSubFile	7
Matrix	Z vs X
[DATA]
	0.000000	5.000128	10.000192	15.000256	20.000383	25.000448	30.000511
250.000000	1.562386	1.559390	1.547954	1.557092	1.552190	1.553882	1.561178
251.000000	1.551521	1.549626	1.536880	1.543919	1.539134	1.541354	1.551890
252.000000	1.532333	1.536583	1.528480	1.530221	1.529469	1.527940	1.534550
253.000000	1.512765	1.520573	1.518154	1.515422	1.518102	1.515628	1.515311
254.000000	1.500269	1.503738	1.503476	1.500134	1.502208	1.506143	1.500552
255.000000	1.496194	1.493926	1.491774	1.489213	1.489331	1.499404	1.493801
256.000000	1.499417	1.497327	1.490236	1.487064	1.487053	1.494924	1.496258
257.000000	1.502526	1.504283	1.493721	1.490582	1.490819	1.492178	1.499796
258.000000	1.497361	1.501648	1.494000	1.494411	1.492807	1.490659	1.494814
259.000000	1.487899	1.492817	1.492454	1.495772	1.492642	1.490152	1.486541
260.000000	1.483972	1.489172	1.495090	1.493587	1.493716	1.490692	1.487094
261.000000	1.488977	1.493323	1.502511	1.492239	1.498118	1.493739	1.496605
262.000000	1.501180	1.501060	1.511128	1.499968	1.506762	1.501687	1.506072
263.000000	1.515290	1.508495	1.517505	1.514598	1.516245	1.512082	1.511555
264.000000	1.522203	1.512338	1.518547	1.522069	1.518367	1.516978	1.515140
265.000000	1.519797	1.511961	1.514443	1.517127	1.512137	1.514057	1.517724
266.000000	1.518125	1.511185	1.510908	1.510540	1.509209	1.511037	1.517639
267.000000	1.522618	1.512392	1.511545	1.509958	1.515895	1.512925	1.514380
268.000000	1.523839	1.513178	1.513181	1.511075	1.521697	1.515294	1.511070
269.000000	1.513735	1.510824	1.512054	1.508793	1.516842	1.513307	1.509776
270.000000	1.499039	1.504360	1.506329	1.502335	1.504950	1.506414	1.506117
271.000000	1.488514	1.493688	1.495136	1.492184	1.492072	1.495333	1.495356
272.000000	1.480693	1.481469	1.480659	1.479956	1.478688	1.482074	1.480525
273.000000	1.470510	1.470865	1.466007	1.467518	1.463424	1.468821	1.467084
274.000000	1.456316	1.459357	1.451713	1.454832	1.447840	1.454498	1.454813
275.000000	1.438488	1.441456	1.436797	1.440709	1.434907	1.436311	1.440274
276.000000	1.417912	1.417708	1.419960	1.423209	1.422225	1.414664	1.421621
277.000000	1.395888	1.393788	1.399700	1.399858	1.402905	1.392680	1.398462
278.000000	1.373363	1.371733	1.376266	1.371867	1.375945	1.371365	1.372309
279.000000	1.350814	1.348750	1.352146	1.345138	1.348001	1.348931	1.347028
280.000000	1.328550	1.324171	1.328985	1.323057	1.323522	1.324595	1.324962
281.000000	1.306608	1.301943	1.306562	1.303680	1.301853	1.299827	1.305299
282.000000	1.284976	1.284238	1.284642	1.284791	1.281973	1.276321	1.286609
283.000000	1.263569	1.266648	1.263540	1.265109	1.263444	1.255698	1.266716
284.000000	1.242366	1.244944	1.243412	1.243880	1.245605	1.238619	1.243956
285.000000	1.221701	1.220922	1.223276	1.221987	1.226334	1.221517	1.219564
286.000000	1.201934	1.197837	1.202106	1.200668	1.203706	1.200543	1.195631
287.000000	1.182935	1.177380	1.180824	1.180458	1.180054	1.178182	1.174581
288.000000	1.164409	1.160380	1.161059	1.161569	1.159227	1.159207	1.158589
289.000000	1.146547	1.145522	1.142989	1.143964	1.141493	1.143392	1.145311
290.000000	1.129830	1.130180	1.125881	1.127445	1.124865	1.127390	1.129702
291.000000	1.114084	1.113315	1.109595	1.111745	1.108640	1.110047	1.111272
292.000000	1.098522	1.095418	1.094555	1.096529	1.093356	1.092339	1.093850
293.000000	1.082730	1.077518	1.080493	1.081412	1.078898	1.075211	1.078866
294.000000	1.066855	1.061307	1.066149	1.065932	1.064166	1.059447	1.064157
295.000000	1.051198	1.047514	1.051015	1.050198	1.048750	1.045358	1.048609
296.000000	1.036293	1.034767	1.036318	1.035514	1.033826	1.032297	1.033864
297.000000	1.022614	1.021866	1.022911	1.022682	1.020300	1.019681	1.021199
298.000000	1.010348	1.008999	1.009776	1.010427	1.007566	1.007512	1.009633
299.000000	0.999361	0.996539	0.995948	0.997464	0.994908	0.995784	0.997922
300.000000	0.988191	0.984409	0.982590	0.984489	0.982531	0.983867	0.985753
301.000000	0.975273	0.972403	0.971190	0.972581	0.970818	0.971091	0.973124
302.000000	0.961445	0.960404	0.960647	0.961009	0.959272	0.957963	0.960205
303.000000	0.948568	0.948352	0.948817	0.948344	0.947102	0.945484	0.947259
304.000000	0.937026	0.936415	0.935911	0.935225	0.935039	0.933828	0.934677
305.000000	0.926161	0.924912	0.923744	0.923664	0.924795	0.922595	0.922916
306.000000	0.915337	0.913845	0.912648	0.913577	0.915701	0.911447	0.911947
307.000000	0.903977	0.902888	0.901406	0.902705	0.904650	0.900142	0.901237
308.000000	0.892152	0.891870	0.889767	0.890457	0.891064	0.888827	0.890474
309.000000	0.880919	0.880873	0.879060	0.878924	0.878386	0.878239	0.879716
310.000000	0.870869	0.870073	0.869902	0.869300	0.868642	0.868696	0.869066
311.000000	0.861345	0.859810	0.860975	0.860213	0.859845	0.859455	0.858658
312.000000	0.851673	0.850213	0.851120	0.850360	0.850114	0.849789	0.848581
313.000000	0.841725	0.840604	0.840664	0.839930	0.839888	0.839561	0.838748
314.000000	0.831552	0.830357	0.830207	0.829429	0.829938	0.828863	0.829063
315.000000	0.821531	0.820096	0.820095	0.819331	0.820131	0.818342	0.819602
316.000000	0.812067	0.810708	0.810534	0.810021	0.810095	0.808703	0.810458
317.000000	0.802859	0.801731	0.801317	0.801184	0.800060	0.799546	0.801359
318.000000	0.793290	0.792094	0.792041	0.792180	0.790529	0.789971	0.791882
319.000000	0.783418	0.781964	0.782579	0.782722	0.781492	0.780047	0.782034
320.000000	0.773805	0.772419	0.773013	0.772807	0.772551	0.770556	0.772143
321.000000	0.764508	0.763653	0.763436	0.762652	0.763404	0.761595	0.762390
322.000000	0.755022	0.754854	0.753953	0.752709	0.753870	0.752486	0.752779
323.000000	0.745240	0.745580	0.744696	0.743260	0.743985	0.742947	0.743445
324.000000	0.735753	0.736087	0.735846	0.734286	0.734129	0.733421	0.734743
325.000000	0.726914	0.726666	0.727372	0.725676	0.724693	0.724288	0.726676
326.000000	0.718324	0.717542	0.718706	0.717162	0.716008	0.715617	0.718320
327.000000	0.709617	0.708866	0.709465	0.708526	0.708142	0.707337	0.709001
328.000000	0.700977	0.700550	0.700250	0.699836	0.700196	0.699041	0.699508
329.000000	0.692659	0.692457	0.691718	0.691216	0.691324	0.690356	0.690811
330.000000	0.684556	0.684505	0.683487	0.682718	0.682330	0.681599	0.682886
331.000000	0.676453	0.676625	0.674894	0.674363	0.674447	0.673273	0.675340
332.000000	0.668347	0.668712	0.666198	0.666131	0.667298	0.665293	0.667639
333.000000	0.660358	0.660657	0.658133	0.657992	0.659693	0.657288	0.659239
334.000000	0.652638	0.652569	0.650860	0.650107	0.651537	0.649516	0.650659
335.000000	0.645355	0.644729	0.644072	0.642782	0.643614	0.642712	0.643234
336.000000	0.638301	0.637221	0.637359	0.635999	0.636168	0.636639	0.636972
337.000000	0.630828	0.629886	0.630219	0.629355	0.628773	0.629903	0.630286
338.000000	0.622792	0.622679	0.622556	0.622593	0.621340	0.622040	0.622562
339.000000	0.614978	0.615768	0.615002	0.615750	0.614437	0.614329	0.615039
340.000000	0.608006	0.609224	0.608029	0.608856	0.608353	0.607620	0.608564
341.000000	0.601829	0.602803	0.601506	0.601831	0.602478	0.601183	0.602478
342.000000	0.596218	0.596296	0.595234	0.594698	0.596181	0.594341	0.596056
343.000000	0.590653	0.589818	0.589147	0.587959	0.589323	0.587651	0.589281
344.000000	0.584648	0.583541	0.583211	0.582098	0.582013	0.581796	0.582363
345.000000	0.578400	0.577470	0.577403	0.576729	0.575163	0.576266	0.575776
346.000000	0.572336	0.571551	0.571687	0.571196	0.569811	0.570205	0.570030
347.000000	0.566561	0.565770	0.565901	0.565482	0.565228	0.563812	0.564928
348.000000	0.560987	0.560137	0.559832	0.559916	0.559752	0.557870	0.559877
349.000000	0.555491	0.554643	0.553660	0.554386	0.553434	0.552590	0.554536
350.000000	0.549924	0.549262	0.547891	0.548417	0.547761	0.547693	0.548790
351.000000	0.544350	0.543991	0.542736	0.542190	0.543106	0.542885	0.542862
352.000000	0.539097	0.538852	0.538023	0.536714	0.538410	0.537875	0.537381
353.000000	0.534199	0.533802	0.533482	0.532288	0.533071	0.532538	0.532560
354.000000	0.529117	0.528677	0.528704	0.527816	0.527501	0.527052	0.527806
355.000000	0.523601	0.523427	0.523472	0.522576	0.522118	0.521618	0.522693
356.000000	0.518344	0.518345	0.518137	0.517274	0.517057	0.516417	0.517491
357.000000	0.513893	0.513656	0.513059	0.512607	0.512370	0.511590	0.512538
358.000000	0.509476	0.509047	0.508225	0.508193	0.507951	0.507125	0.507955
359.000000	0.504207	0.504155	0.503520	0.503476	0.503632	0.502928	0.503746
360.000000	0.498717	0.499220	0.498831	0.498625	0.499079	0.498608	0.499538
361.000000	0.494122	0.494659	0.494056	0.494049	0.493955	0.493722	0.494847
362.000000	0.490140	0.490208	0.489246	0.489590	0.488529	0.488476	0.489689
363.000000	0.485704	0.485237	0.484540	0.484780	0.483421	0.483454	0.484388
364.000000	0.480743	0.479982	0.480045	0.479757	0.478937	0.478900	0.479380
365.000000	0.476068	0.475431	0.475841	0.475192	0.475089	0.474754	0.475188
366.000000	0.471970	0.471705	0.471851	0.471220	0.471554	0.470853	0.471709
367.000000	0.468030	0.467784	0.467809	0.467269	0.467581	0.466917	0.468042
368.000000	0.463928	0.463134	0.463537	0.462984	0.462889	0.462711	0.463619
369.000000	0.459624	0.458301	0.459054	0.458510	0.458136	0.458109	0.458616
370.000000	0.455111	0.453762	0.454431	0.453974	0.453815	0.453155	0.453382
371.000000	0.450386	0.449449	0.449825	0.449283	0.449633	0.448357	0.448537
372.000000	0.445541	0.445229	0.445396	0.444432	0.445258	0.444151	0.444513
373.000000	0.441080	0.441097	0.441256	0.439972	0.440792	0.440314	0.440722
374.000000	0.437456	0.437082	0.437453	0.436444	0.436432	0.436479	0.436458
375.000000	0.434004	0.433215	0.433667	0.433293	0.432227	0.432552	0.432152
376.000000	0.429712	0.429512	0.429483	0.429590	0.428166	0.428556	0.428602
377.000000	0.424905	0.425767	0.425113	0.425352	0.424238	0.424519	0.425412
378.000000	0.420693	0.421666	0.421128	0.421165	0.420433	0.420474	0.421508
379.000000	0.417248	0.417355	0.417569	0.417286	0.416791	0.416554	0.417013
380.000000	0.413892	0.413393	0.413987	0.413657	0.413387	0.412971	0.413123
381.000000	0.410314	0.409935	0.410177	0.410091	0.410087	0.409605	0.410054
382.000000	0.406735	0.406583	0.406278	0.406248	0.406483	0.405899	0.406682
383.000000	0.403274	0.403060	0.402455	0.402117	0.402419	0.401677	0.402483
384.000000	0.399776	0.399398	0.398885	0.398341	0.398273	0.397572	0.398288
385.000000	0.396129	0.395686	0.395634	0.395282	0.394388	0.394048	0.394748
386.000000	0.392441	0.392076	0.392427	0.392249	0.390818	0.390811	0.391528
387.000000	0.388831	0.388669	0.388993	0.388602	0.387533	0.387514	0.388204
388.000000	0.385295	0.385288	0.385338	0.384783	0.384358	0.384194	0.384760
389.000000	0.381807	0.381742	0.381580	0.381434	0.381126	0.380982	0.381304
390.000000	0.378441	0.378266	0.378064	0.378493	0.377994	0.377874	0.378033
391.000000	0.375296	0.375223	0.375174	0.375604	0.375210	0.374810	0.375139
392.000000	0.372307	0.372366	0.372581	0.372500	0.372424	0.371721	0.372347
393.000000	0.369311	0.369099	0.369544	0.369000	0.368959	0.368540	0.369120
394.000000	0.366274	0.365563	0.366097	0.365454	0.365131	0.365396	0.365597
395.000000	0.363285	0.362572	0.362983	0.362684	0.362146	0.362588	0.362528
396.000000	0.360376	0.360229	0.360375	0.360684	0.360198	0.360029	0.360068
397.000000	0.357501	0.357665	0.357648	0.358317	0.358072	0.357107	0.357541
398.000000	0.354657	0.354470	0.354543	0.355028	0.355072	0.353641	0.354589
399.000000	0.351931	0.351285	0.351624	0.351558	0.351707	0.350367	0.351601
400.000000	0.349325	0.348577	0.349223	0.348533	0.348508	0.347780	0.348862
401.000000	0.346546	0.345941	0.346691	0.345788	0.345638	0.345338	0.346095
402.000000	0.343385	0.342980	0.343459	0.343068	0.343119	0.342493	0.343040
403.000000	0.340253	0.340066	0.340131	0.340363	0.340643	0.339525	0.339971
404.000000	0.337646	0.337694	0.337497	0.337730	0.337881	0.336871	0.337260
405.000000	0.335423	0.335662	0.335308	0.335219	0.335032	0.334416	0.334887
406.000000	0.333186	0.333496	0.332917	0.332853	0.332483	0.331835	0.332662
407.000000	0.330721	0.330948	0.330282	0.330437	0.330165	0.329120	0.330363
408.000000	0.327942	0.327935	0.327725	0.327654	0.327733	0.326459	0.327765
409.000000	0.325005	0.324724	0.325261	0.324594	0.325044	0.323919	0.324956
410.000000	0.322291	0.321893	0.322616	0.321721	0.322158	0.321451	0.322311
411.000000	0.319952	0.319633	0.319814	0.319295	0.319316	0.319096	0.319983
412.000000	0.317833	0.317602	0.317285	0.317273	0.316997	0.317017	0.317816
413.000000	0.315736	0.315526	0.315191	0.315470	0.315265	0.315150	0.315686
414.000000	0.313429	0.313336	0.313110	0.313452	0.313334	0.312966	0.313583
415.000000	0.310839	0.311014	0.310746	0.310968	0.310698	0.310185	0.311477
416.000000	0.308382	0.308608	0.308383	0.308392	0.307960	0.307418	0.309256
417.000000	0.306412	0.306193	0.306310	0.306103	0.305745	0.305245	0.306849
418.000000	0.304583	0.303903	0.304377	0.303996	0.303854	0.303359	0.304438
419.000000	0.302442	0.301863	0.302346	0.301867	0.301910	0.301290	0.302241
420.000000	0.300159	0.300030	0.300236	0.299799	0.299907	0.299156	0.300207
421.000000	0.298127	0.298284	0.298165	0.297969	0.297984	0.297287	0.298181
422.000000	0.296290	0.296484	0.296156	0.296254	0.296116	0.295564	0.296114
423.000000	0.294329	0.294490	0.294172	0.294359	0.294186	0.293606	0.294028
424.000000	0.292218	0.292370	0.292212	0.292283	0.292211	0.291447	0.292011
425.000000	0.290201	0.290385	0.290313	0.290296	0.290331	0.289505	0.290209
426.000000	0.288403	0.288593	0.288470	0.288491	0.288572	0.287868	0.288627
427.000000	0.286774	0.286780	0.286627	0.286721	0.286793	0.286172	0.287092
428.000000	0.285213	0.284858	0.284767	0.284886	0.284919	0.284236	0.285462
429.000000	0.283547	0.283039	0.282960	0.283022	0.283019	0.282286	0.283685
430.000000	0.281676	0.281438	0.281242	0.281185	0.281174	0.280528	0.281761
431.000000	0.279740	0.279805	0.279527	0.279454	0.279454	0.278964	0.279810
432.000000	0.277885	0.277923	0.277743	0.277873	0.277879	0.277526	0.277954
433.000000	0.276078	0.276008	0.275988	0.276310	0.276264	0.275993	0.276241
434.000000	0.274260	0.274343	0.274380	0.274613	0.274417	0.274159	0.274679
435.000000	0.272526	0.272827	0.272837	0.272833	0.272516	0.272219	0.273117
436.000000	0.271014	0.271222	0.271212	0.271091	0.270865	0.270503	0.271368
437.000000	0.269635	0.269547	0.269542	0.269425	0.269441	0.268972	0.269534
438.000000	0.268169	0.267967	0.267973	0.267820	0.268028	0.267370	0.267887
439.000000	0.266580	0.266478	0.266546	0.266319	0.266519	0.265697	0.266477
440.000000	0.264998	0.264928	0.265211	0.265009	0.264908	0.264175	0.265149
441.000000	0.263485	0.263320	0.263869	0.263829	0.263276	0.262836	0.263802
442.000000	0.262001	0.261869	0.262359	0.262520	0.261807	0.261453	0.262408
443.000000	0.260515	0.260625	0.260651	0.260954	0.260536	0.259930	0.260957
444.000000	0.259027	0.259302	0.258958	0.259274	0.259193	0.258443	0.259455
445.000000	0.257553	0.257727	0.257450	0.257638	0.257619	0.257118	0.257932
446.000000	0.256157	0.256160	0.256103	0.256158	0.256054	0.255840	0.256475
447.000000	0.254891	0.254859	0.254861	0.254896	0.254735	0.254504	0.255156
448.000000	0.253729	0.253766	0.253683	0.253737	0.253576	0.253221	0.253945
449.000000	0.252622	0.252744	0.252536	0.252546	0.252431	0.252125	0.252791
450.000000	0.251517	0.251677	0.251409	0.251392	0.251300	0.251126	0.251696
451.000000	0.250366	0.250479	0.250307	0.250404	0.250237	0.250058	0.250680
452.000000	0.249201	0.249274	0.249272	0.249517	0.249236	0.248932	0.249726
453.000000	0.248098	0.248291	0.248363	0.248553	0.248257	0.247863	0.248790
454.000000	0.247080	0.247425	0.247456	0.247453	0.247264	0.246856	0.247786
455.000000	0.246117	0.246291	0.246280	0.246264	0.246226	0.245823	0.246595
456.000000	0.245161	0.244876	0.244868	0.245074	0.245152	0.244748	0.245286
457.000000	0.244146	0.243640	0.243641	0.244013	0.244102	0.243708	0.244161
458.000000	0.243068	0.242789	0.242805	0.243119	0.243108	0.242743	0.243346
459.000000	0.242049	0.242015	0.242137	0.242255	0.242148	0.241804	0.242619
460.000000	0.241169	0.241100	0.241416	0.241322	0.241217	0.240857	0.241797
461.000000	0.240363	0.240215	0.240560	0.240364	0.240363	0.239922	0.240904
462.000000	0.239555	0.239512	0.239548	0.239443	0.239604	0.239020	0.239992
463.000000	0.238731	0.238784	0.238509	0.238582	0.238792	0.238148	0.239083
464.000000	0.237884	0.237800	0.237585	0.237779	0.237787	0.237296	0.238186
465.000000	0.236993	0.236747	0.236759	0.236941	0.236747	0.236469	0.237283
466.000000	0.236038	0.235936	0.235958	0.235962	0.235919	0.235676	0.236349
467.000000	0.235106	0.235292	0.235126	0.234969	0.235244	0.234895	0.235445
468.000000	0.234333	0.234536	0.234227	0.234205	0.234504	0.234089	0.234665
469.000000	0.233692	0.233655	0.233314	0.233646	0.233678	0.233258	0.233976
470.000000	0.233022	0.232852	0.232508	0.233047	0.232911	0.232435	0.233236
471.000000	0.232278	0.232181	0.231857	0.232327	0.232236	0.231662	0.232433
472.000000	0.231557	0.231504	0.231318	0.231604	0.231552	0.230993	0.231711
473.000000	0.230868	0.230741	0.230806	0.230920	0.230783	0.230394	0.231098
474.000000	0.230052	0.229919	0.230179	0.230162	0.229905	0.229682	0.230411
475.000000	0.229057	0.229091	0.229379	0.229290	0.228980	0.228787	0.229564
476.000000	0.228155	0.228346	0.228582	0.228488	0.228253	0.227966	0.228773
477.000000	0.227563	0.227742	0.227930	0.227896	0.227870	0.227414	0.228205
478.000000	0.227092	0.227192	0.227301	0.227340	0.227475	0.226879	0.227666
479.000000	0.226496	0.226591	0.226550	0.226613	0.226691	0.226087	0.226932
480.000000	0.225759	0.225948	0.225779	0.225773	0.225762	0.225238	0.226114
481.000000	0.224963	0.225308	0.225158	0.224967	0.225104	0.224665	0.225423
482.000000	0.224252	0.224701	0.224662	0.224315	0.224681	0.224285	0.224881
483.000000	0.223795	0.224143	0.224169	0.223908	0.224223	0.223814	0.224413
484.000000	0.223532	0.223639	0.223655	0.223676	0.223677	0.223242	0.223967
485.000000	0.223226	0.223180	0.223169	0.223423	0.223158	0.222770	0.223512
486.000000	0.222763	0.222737	0.222709	0.223017	0.222707	0.222397	0.223036
487.000000	0.222174	0.222252	0.222203	0.222401	0.222275	0.221896	0.222549
488.000000	0.221535	0.221715	0.221649	0.221655	0.221817	0.221234	0.222078
489.000000	0.220987	0.221189	0.221160	0.221078	0.221307	0.220715	0.221667
490.000000	0.220581	0.220706	0.220774	0.220786	0.220726	0.220447	0.221296
491.000000	0.220130	0.220213	0.220337	0.220418	0.220084	0.220001	0.220785
492.000000	0.219513	0.219677	0.219745	0.219718	0.219432	0.219099	0.220049
493.000000	0.218975	0.219183	0.219185	0.219062	0.218965	0.218296	0.219424
494.000000	0.218744	0.218814	0.218846	0.218841	0.218830	0.218146	0.219221
495.000000	0.218536	0.218487	0.218567	0.218743	0.218714	0.218204	0.219109
496.000000	0.217965	0.218081	0.218110	0.218292	0.218217	0.217783	0.218612
497.000000	0.217238	0.217621	0.217538	0.217608	0.217478	0.217040	0.217884
498.000000	0.216828	0.217198	0.217058	0.217088	0.216888	0.216522	0.217370
499.000000	0.216718	0.216818	0.216705	0.216789	0.216546	0.216297	0.217112
500.000000	0.216545	0.216425	0.216395	0.216520	0.216344	0.216097	0.216863
501.000000	0.216199	0.216030	0.216095	0.216204	0.216184	0.215827	0.216536
502.000000	0.215842	0.215714	0.215836	0.215885	0.215990	0.215593	0.216219
503.000000	0.215543	0.215483	0.215587	0.215569	0.215713	0.215391	0.215943
504.000000	0.215204	0.215219	0.215229	0.215199	0.215339	0.215050	0.215640
505.000000	0.214776	0.214863	0.214737	0.214768	0.214901	0.214513	0.215283
506.000000	0.214349	0.214490	0.214320	0.214389	0.214528	0.214001	0.214942
507.000000	0.213997	0.214171	0.214118	0.214143	0.214302	0.213691	0.214669
508.000000	0.213693	0.213893	0.213958	0.213956	0.214125	0.213485	0.214401
509.000000	0.213399	0.213628	0.213648	0.213730	0.213881	0.213250	0.214072
510.000000	0.213121	0.213356	0.213248	0.213435	0.213566	0.212944	0.213703
511.000000	0.212877	0.213064	0.212885	0.213068	0.213209	0.212566	0.213343
512.000000	0.212642	0.212757	0.212619	0.212697	0.212823	0.212204	0.213013
513.000000	0.212377	0.212453	0.212469	0.212415	0.212417	0.211973	0.212723
514.000000	0.212087	0.212155	0.212325	0.212178	0.212038	0.211821	0.212456
515.000000	0.211804	0.211857	0.211999	0.211865	0.211752	0.211593	0.212179
516.000000	0.211538	0.211579	0.211530	0.211497	0.211552	0.211268	0.211919
517.000000	0.211274	0.211363	0.211178	0.211236	0.211359	0.210962	0.211758
518.000000	0.211007	0.211188	0.211023	0.211128	0.211135	0.210727	0.211674
519.000000	0.210746	0.210948	0.210886	0.211055	0.210902	0.210519	0.211494
520.000000	0.210499	0.210622	0.210659	0.210917	0.210674	0.210305	0.211146
521.000000	0.210271	0.210362	0.210416	0.210670	0.210444	0.210098	0.210786
522.000000	0.210063	0.210259	0.210213	0.210320	0.210208	0.209902	0.210539
523.000000	0.209854	0.210138	0.209997	0.209997	0.209968	0.209685	0.210363
524.000000	0.209628	0.209835	0.209716	0.209803	0.209728	0.209419	0.210189
525.000000	0.209385	0.209458	0.209418	0.209611	0.209473	0.209119	0.209969
526.000000	0.209133	0.209158	0.209166	0.209266	0.209186	0.208813	0.209669
527.000000	0.208864	0.208910	0.208934	0.208874	0.208890	0.208515	0.209317
528.000000	0.208569	0.208626	0.208662	0.208622	0.208618	0.208233	0.208970
529.000000	0.208293	0.208332	0.208381	0.208466	0.208388	0.207980	0.208695
530.000000	0.208104	0.208116	0.208169	0.208231	0.208204	0.207772	0.208559
531.000000	0.207961	0.207968	0.208018	0.207920	0.208037	0.207594	0.208482
532.000000	0.207731	0.207783	0.207838	0.207693	0.207824	0.207405	0.208260
533.000000	0.207395	0.207522	0.207590	0.207557	0.207541	0.207179	0.207873
534.000000	0.207084	0.207227	0.207302	0.207324	0.207218	0.206905	0.207530
535.000000	0.206861	0.206941	0.207013	0.206946	0.206909	0.206608	0.207346
536.000000	0.206653	0.206704	0.206778	0.206659	0.206717	0.206365	0.207226
537.000000	0.206412	0.206534	0.206619	0.206602	0.206677	0.206222	0.207081
538.000000	0.206202	0.206392	0.206463	0.206582	0.206630	0.206108	0.206891
539.000000	0.206078	0.206237	0.206252	0.206418	0.206437	0.205949	0.206656
540.000000	0.205973	0.206053	0.206029	0.206173	0.206175	0.205734	0.206407
541.000000	0.205813	0.205834	0.205850	0.205959	0.205956	0.205474	0.206178
542.000000	0.205620	0.205606	0.205687	0.205778	0.205777	0.205235	0.206009
543.000000	0.205449	0.205404	0.205491	0.205596	0.205597	0.205087	0.205931
544.000000	0.205291	0.205248	0.205300	0.205419	0.205431	0.205007	0.205882
545.000000	0.205109	0.205143	0.205194	0.205275	0.205319	0.204922	0.205761
546.000000	0.204910	0.205053	0.205142	0.205166	0.205231	0.204794	0.205570
547.000000	0.204740	0.204912	0.205032	0.205079	0.205082	0.204613	0.205394
548.000000	0.204630	0.204726	0.204842	0.204980	0.204874	0.204411	0.205261
549.000000	0.204595	0.204585	0.204649	0.204816	0.204705	0.204258	0.205139
550.000000	0.204597	0.204526	0.204512	0.204602	0.204616	0.204180	0.205007
551.000000	0.204513	0.204490	0.204450	0.204463	0.204547	0.204129	0.204877
552.000000	0.204294	0.204420	0.204435	0.204445	0.204442	0.204048	0.204752
553.000000	0.204070	0.204278	0.204341	0.204384	0.204277	0.203881	0.204612
554.000000	0.203958	0.204064	0.204098	0.204169	0.204062	0.203622	0.204462
555.000000	0.203920	0.203904	0.203887	0.203986	0.203904	0.203451	0.204388
556.000000	0.203876	0.203892	0.203865	0.204005	0.203885	0.203513	0.204445
557.000000	0.203683	0.203806	0.203801	0.203963	0.203815	0.203541	0.204403
558.000000	0.203255	0.203418	0.203430	0.203564	0.203500	0.203234	0.204034
559.000000	0.203139	0.203273	0.203281	0.203369	0.203437	0.203096	0.203868
560.000000	0.204014	0.204112	0.204089	0.204173	0.204284	0.203847	0.204631
561.000000	0.204287	0.204367	0.204303	0.204413	0.204495	0.203971	0.204797
562.000000	0.201083	0.201162	0.201080	0.201189	0.201286	0.200692	0.201572
563.000000	0.198628	0.198723	0.198653	0.198733	0.198893	0.198281	0.199178
564.000000	0.207835	0.207962	0.207912	0.207997	0.208152	0.207632	0.208435
565.000000	0.218543	0.218704	0.218671	0.218802	0.218857	0.218500	0.219143
566.000000	0.190341	0.190503	0.190490	0.190633	0.190602	0.190301	0.190932
567.000000	0.119719	0.119833	0.119849	0.119942	0.119906	0.119485	0.120319
568.000000	0.083981	0.084028	0.084087	0.084139	0.084144	0.083600	0.084591
569.000000	0.132501	0.132499	0.132607	0.132681	0.132728	0.132193	0.133107
570.000000	0.199696	0.199710	0.199832	0.199936	0.199989	0.199535	0.200302
571.000000	0.217323	0.217446	0.217516	0.217602	0.217605	0.217218	0.217948
572.000000	0.203792	0.204019	0.204014	0.204067	0.204007	0.203652	0.204432
573.000000	0.197069	0.197287	0.197243	0.197296	0.197217	0.196855	0.197693
574.000000	0.200251	0.200371	0.200359	0.200415	0.200366	0.199969	0.200820
575.000000	0.202541	0.202547	0.202652	0.202667	0.202676	0.202232	0.203017
576.000000	0.201748	0.201694	0.201904	0.201877	0.201929	0.201449	0.202160
577.000000	0.200871	0.200863	0.201014	0.201047	0.201066	0.200587	0.201345
578.000000	0.200903	0.201010	0.201002	0.201146	0.201088	0.200638	0.201527
579.000000	0.201030	0.201208	0.201185	0.201315	0.201242	0.200814	0.201741
580.000000	0.200996	0.201160	0.201288	0.201284	0.201266	0.200846	0.201684
581.000000	0.201310	0.201425	0.201610	0.201577	0.201568	0.201178	0.201941
582.000000	0.201795	0.201867	0.201916	0.202030	0.201947	0.201614	0.202395
583.000000	0.200974	0.201021	0.200969	0.201163	0.201031	0.200739	0.201564
584.000000	0.199122	0.199174	0.199201	0.199263	0.199188	0.198883	0.199719
585.000000	0.201438	0.201540	0.201675	0.201590	0.201625	0.201254	0.202062
586.000000	0.207809	0.208007	0.208131	0.208064	0.208194	0.207722	0.208477
587.000000	0.194492	0.194767	0.194797	0.194837	0.194997	0.194459	0.195188
588.000000	0.143007	0.143269	0.143204	0.143321	0.143414	0.142902	0.143684
589.000000	0.098875	0.099060	0.098950	0.099117	0.099092	0.098647	0.099514
590.000000	0.121134	0.121233	0.121163	0.121390	0.121266	0.120844	0.121758
591.000000	0.182727	0.182771	0.182774	0.183039	0.182870	0.182430	0.183331
592.000000	0.215209	0.215258	0.215273	0.215499	0.215354	0.214897	0.215730
593.000000	0.209156	0.209251	0.209226	0.209353	0.209277	0.208816	0.209586
594.000000	0.199334	0.199460	0.199424	0.199470	0.199457	0.198991	0.199799
595.000000	0.200218	0.200350	0.200336	0.200366	0.200376	0.199914	0.200828
596.000000	0.203312	0.203461	0.203423	0.203512	0.203499	0.203078	0.204002
597.000000	0.203559	0.203741	0.203625	0.203813	0.203756	0.203390	0.204194
598.000000	0.202923	0.203106	0.202965	0.203193	0.203138	0.202745	0.203473
599.000000	0.203031	0.203168	0.203102	0.203269	0.203281	0.202758	0.203547
600.000000	0.203445	0.203553	0.203555	0.203662	0.203704	0.203119	0.203968
601.000000	0.203661	0.203806	0.203779	0.203903	0.203872	0.203406	0.204201
602.000000	0.203857	0.204058	0.203950	0.204088	0.203997	0.203675	0.204381
603.000000	0.204266	0.204493	0.204315	0.204387	0.204353	0.204041	0.204718
604.000000	0.204727	0.204960	0.204733	0.204769	0.204779	0.204427	0.205142
605.000000	0.205001	0.205243	0.204987	0.205146	0.205031	0.204720	0.205512
606.000000	0.205168	0.205400	0.205174	0.205478	0.205217	0.204958	0.205819
607.000000	0.205432	0.205599	0.205507	0.205754	0.205578	0.205240	0.206108
608.000000	0.205804	0.205871	0.205946	0.205982	0.206059	0.205563	0.206395
609.000000	0.206167	0.206158	0.206294	0.206190	0.206422	0.205859	0.206678
610.000000	0.206451	0.206424	0.206502	0.206386	0.206623	0.206098	0.206932
611.000000	0.206625	0.206659	0.206656	0.206561	0.206796	0.206282	0.207113
612.000000	0.206722	0.206857	0.206819	0.206724	0.206991	0.206433	0.207236
613.000000	0.206843	0.207026	0.207013	0.206906	0.207146	0.206589	0.207397
614.000000	0.207020	0.207156	0.207212	0.207103	0.207219	0.206757	0.207605
615.000000	0.207132	0.207204	0.207313	0.207243	0.207229	0.206873	0.207704
616.000000	0.207102	0.207156	0.207262	0.207286	0.207207	0.206895	0.207619
617.000000	0.207008	0.207088	0.207168	0.207301	0.207194	0.206874	0.207542
618.000000	0.206945	0.207077	0.207143	0.207350	0.207225	0.206865	0.207639
619.000000	0.206963	0.207147	0.207203	0.207403	0.207289	0.206887	0.207798
620.000000	0.207082	0.207293	0.207327	0.207417	0.207364	0.206944	0.207864
621.000000	0.207202	0.207420	0.207393	0.207409	0.207407	0.207009	0.207852
622.000000	0.207198	0.207418	0.207271	0.207412	0.207380	0.207047	0.207841
623.000000	0.207139	0.207334	0.207101	0.207433	0.207320	0.207043	0.207865
624.000000	0.207189	0.207291	0.207152	0.207460	0.207307	0.206999	0.207933
625.000000	0.207325	0.207309	0.207384	0.207471	0.207348	0.206967	0.208004
626.000000	0.207388	0.207324	0.207530	0.207438	0.207398	0.207034	0.208007
627.000000	0.207337	0.207334	0.207513	0.207391	0.207442	0.207172	0.207960
628.000000	0.207264	0.207402	0.207475	0.207421	0.207506	0.207231	0.207980
629.000000	0.207243	0.207534	0.207491	0.207547	0.207591	0.207172	0.208091
630.000000	0.207305	0.207638	0.207514	0.207672	0.207664	0.207150	0.208167
631.000000	0.207435	0.207649	0.207518	0.207730	0.207713	0.207246	0.208144
632.000000	0.207511	0.207590	0.207541	0.207737	0.207771	0.207343	0.208139
633.000000	0.207459	0.207512	0.207612	0.207729	0.207857	0.207350	0.208234
634.000000	0.207409	0.207518	0.207692	0.207750	0.207924	0.207350	0.208325
635.000000	0.207489	0.207680	0.207747	0.207835	0.207923	0.207433	0.208310
636.000000	0.207628	0.207861	0.207807	0.207948	0.207888	0.207547	0.208281
637.000000	0.207714	0.207895	0.207916	0.208043	0.207878	0.207610	0.208368
638.000000	0.207774	0.207874	0.208052	0.208156	0.207952	0.207675	0.208519
639.000000	0.207886	0.207984	0.208165	0.208347	0.208159	0.207834	0.208610
640.000000	0.208025	0.208181	0.208233	0.208508	0.208367	0.207996	0.208630
641.000000	0.208101	0.208281	0.208256	0.208442	0.208347	0.207963	0.208638
642.000000	0.208093	0.208240	0.208238	0.208212	0.208147	0.207759	0.208654
643.000000	0.208044	0.208146	0.208194	0.208124	0.208064	0.207613	0.208658
644.000000	0.208008	0.208080	0.208159	0.208261	0.208194	0.207611	0.208649
645.000000	0.208045	0.208102	0.208192	0.208412	0.208360	0.207642	0.208656
646.000000	0.208137	0.208185	0.208274	0.208419	0.208418	0.207645	0.208680
647.000000	0.208123	0.208148	0.208239	0.208254	0.208324	0.207665	0.208672
648.000000	0.207919	0.207902	0.208010	0.207963	0.208096	0.207712	0.208595
649.000000	0.207687	0.207657	0.207777	0.207747	0.207896	0.207657	0.208465
650.000000	0.207583	0.207605	0.207709	0.207759	0.207857	0.207425	0.208312
651.000000	0.207571	0.207655	0.207721	0.207860	0.207894	0.207226	0.208201
652.000000	0.207581	0.207678	0.207695	0.207878	0.207902	0.207286	0.208196
653.000000	0.207621	0.207707	0.207703	0.207863	0.207931	0.207502	0.208291
654.000000	0.207730	0.207827	0.207863	0.207935	0.208078	0.207673	0.208455
655.000000	0.207919	0.208032	0.208115	0.208099	0.208306	0.207796	0.208661
656.000000	0.208185	0.208270	0.208315	0.208306	0.208516	0.207964	0.208880
657.000000	0.208453	0.208499	0.208461	0.208511	0.208674	0.208165	0.209083
658.000000	0.208602	0.208691	0.208657	0.208681	0.208795	0.208318	0.209241
659.000000	0.208648	0.208842	0.208906	0.208826	0.208914	0.208421	0.209364
660.000000	0.208759	0.208981	0.209103	0.208998	0.209088	0.208561	0.209499
661.000000	0.208988	0.209130	0.209216	0.209214	0.209317	0.208780	0.209672
662.000000	0.209212	0.209304	0.209322	0.209434	0.209519	0.209041	0.209869
663.000000	0.209367	0.209507	0.209486	0.209641	0.209656	0.209294	0.210080
664.000000	0.209551	0.209713	0.209718	0.209883	0.209810	0.209478	0.210306
665.000000	0.209842	0.209921	0.210021	0.210184	0.210052	0.209589	0.210559
666.000000	0.210194	0.210226	0.210395	0.210471	0.210364	0.209820	0.210872
667.000000	0.210543	0.210682	0.210822	0.210684	0.210714	0.210313	0.211258
668.000000	0.210852	0.211070	0.211196	0.210916	0.211053	0.210807	0.211614
669.000000	0.211099	0.211153	0.211413	0.211273	0.211337	0.210992	0.211828
670.000000	0.211308	0.211131	0.211541	0.211661	0.211561	0.211023	0.211961
671.000000	0.211523	0.211346	0.211708	0.211916	0.211736	0.211220	0.212138
672.000000	0.211741	0.211745	0.211920	0.212040	0.211896	0.211557	0.212368
673.000000	0.211935	0.212040	0.212105	0.212133	0.212083	0.211807	0.212590
674.000000	0.212057	0.212154	0.212221	0.212245	0.212288	0.211920	0.212785
675.000000	0.212048	0.212189	0.212249	0.212379	0.212452	0.211999	0.212966
676.000000	0.211959	0.212202	0.212216	0.212494	0.212521	0.212072	0.213103
677.000000	0.211969	0.212188	0.212194	0.212504	0.212439	0.212080	0.213108
678.000000	0.212119	0.212144	0.212201	0.212388	0.212236	0.212001	0.212958
679.000000	0.212201	0.212084	0.212150	0.212256	0.212080	0.211901	0.212739
680.000000	0.212097	0.212029	0.212027	0.212193	0.212085	0.211838	0.212556
681.000000	0.211979	0.212018	0.212021	0.212198	0.212202	0.211838	0.212524
682.000000	0.211986	0.212065	0.212239	0.212244	0.212341	0.211894	0.212689
683.000000	0.211977	0.212081	0.212373	0.212261	0.212374	0.211902	0.212834
684.000000	0.211806	0.211985	0.212128	0.212184	0.212206	0.211768	0.212746
685.000000	0.211614	0.211864	0.211783	0.212059	0.211990	0.211564	0.212544
686.000000	0.211612	0.211845	0.211745	0.211957	0.211931	0.211409	0.212437
687.000000	0.211744	0.211909	0.211921	0.211924	0.212009	0.211385	0.212459
688.000000	0.211836	0.211973	0.212002	0.211988	0.212103	0.211541	0.212558
689.000000	0.211861	0.212008	0.211975	0.212111	0.212174	0.211781	0.212647
690.000000	0.211887	0.212028	0.212028	0.212217	0.212242	0.211916	0.212626
691.000000	0.211937	0.212040	0.212172	0.212281	0.212310	0.211900	0.212528
692.000000	0.211981	0.212044	0.212241	0.212326	0.212366	0.211822	0.212514
693.000000	0.211984	0.212034	0.212175	0.212358	0.212387	0.211745	0.212624
694.000000	0.211901	0.211997	0.212058	0.212354	0.212339	0.211686	0.212727
695.000000	0.211762	0.211944	0.211965	0.212299	0.212233	0.211661	0.212745
696.000000	0.211740	0.211933	0.211930	0.212195	0.212167	0.211700	0.212727
697.000000	0.211908	0.211987	0.211955	0.212057	0.212184	0.211796	0.212706
698.000000	0.212010	0.212010	0.211968	0.211928	0.212134	0.211845	0.212629
699.000000	0.211835	0.211924	0.211907	0.211848	0.211918	0.211758	0.212463
700.000000	0.211602	0.211809	0.211810	0.211835	0.211755	0.211604	0.212320
701.000000	0.211583	0.211769	0.211736	0.211892	0.211884	0.211481	0.212324
702.000000	0.211704	0.211833	0.211723	0.211953	0.212135	0.211424	0.212422
703.000000	0.211782	0.211995	0.211796	0.211940	0.212221	0.211441	0.212515
704.000000	0.211844	0.212199	0.211931	0.211921	0.212182	0.211545	0.212627
705.000000	0.212019	0.212364	0.212078	0.212027	0.212219	0.211743	0.212839
706.000000	0.212247	0.212453	0.212209	0.212227	0.212352	0.211973	0.213046
707.000000	0.212331	0.212468	0.212318	0.212374	0.212461	0.212126	0.213012
708.000000	0.212301	0.212481	0.212438	0.212463	0.212536	0.212194	0.212808
709.000000	0.212429	0.212648	0.212654	0.212648	0.212684	0.212284	0.212840
710.000000	0.212826	0.213008	0.213001	0.212985	0.212942	0.212472	0.213243
711.000000	0.213334	0.213429	0.213440	0.213361	0.213226	0.212782	0.213724
712.000000	0.213810	0.213818	0.213900	0.213718	0.213507	0.213210	0.214092
713.000000	0.214194	0.214199	0.214252	0.214143	0.213886	0.213698	0.214455
714.000000	0.214474	0.214595	0.214446	0.214683	0.214421	0.214192	0.214901
715.000000	0.214767	0.214980	0.214694	0.215191	0.214974	0.214688	0.215336
716.000000	0.215178	0.215329	0.215190	0.215539	0.215416	0.215170	0.215664
717.000000	0.215662	0.215682	0.215807	0.215847	0.215830	0.215541	0.215942
718.000000	0.216150	0.216094	0.216353	0.216280	0.216340	0.215726	0.216266
719.000000	0.216698	0.216614	0.216839	0.216819	0.216912	0.215984	0.216719
720.000000	0.217399	0.217265	0.217345	0.217368	0.217453	0.216654	0.217362
721.000000	0.218130	0.217876	0.217801	0.217866	0.217901	0.217473	0.218095
722.000000	0.218657	0.218184	0.218061	0.218277	0.218222	0.217858	0.218733
723.000000	0.219044	0.218374	0.218216	0.218658	0.218525	0.217879	0.219221
724.000000	0.219593	0.218990	0.218559	0.219141	0.219033	0.218143	0.219619
725.000000	0.220270	0.219961	0.219197	0.219719	0.219658	0.218795	0.219889
726.000000	0.220641	0.220485	0.220018	0.220224	0.219949	0.219422	0.219880
727.000000	0.220594	0.220309	0.220808	0.220567	0.219809	0.219828	0.219637
728.000000	0.220588	0.220162	0.221214	0.220810	0.219760	0.220235	0.219543
729.000000	0.220863	0.220473	0.221077	0.220937	0.220062	0.220733	0.219776
730.000000	0.220999	0.220743	0.220723	0.220716	0.220207	0.221006	0.219950
731.000000	0.220642	0.220515	0.220457	0.219991	0.219766	0.220802	0.219734
732.000000	0.219970	0.219961	0.220271	0.218964	0.218949	0.220301	0.219264
