[HEADER]
Format	J&M ASCII Table
Comment	Remin PV CDOM Samples 
Date	2/12/1980 6:34:43 AM
Order	Y (evenX)
TechType	UV
NumPoints	483
FirstX	250.00
LastX	732.00
XType	NMetr
YType	Absrb
ZType	Secs
NumSubFile	7
Matrix	Z vs X
[DATA]
	0.000000	5.000064	10.000192	15.000256	20.000320	25.000448	30.000511
250.000000	1.282059	1.280397	1.279181	1.278762	1.278616	1.282182	1.280015
251.000000	1.268250	1.267015	1.264192	1.266077	1.264343	1.268184	1.267069
252.000000	1.253383	1.253101	1.251628	1.255842	1.252544	1.252767	1.253223
253.000000	1.240002	1.239978	1.241513	1.245581	1.242909	1.238584	1.239971
254.000000	1.230254	1.229166	1.233549	1.233831	1.234952	1.227987	1.228883
255.000000	1.223771	1.222294	1.226707	1.223982	1.228079	1.221031	1.221080
256.000000	1.219606	1.220306	1.220188	1.219424	1.221861	1.217140	1.217129
257.000000	1.216642	1.220276	1.215308	1.217784	1.216890	1.215017	1.215109
258.000000	1.213979	1.218488	1.213796	1.215322	1.214032	1.213313	1.212662
259.000000	1.213102	1.215805	1.214693	1.213491	1.213476	1.212395	1.210979
260.000000	1.216473	1.215287	1.215837	1.216117	1.215041	1.213479	1.212892
261.000000	1.222622	1.217370	1.217852	1.222296	1.218203	1.217163	1.218197
262.000000	1.227148	1.220477	1.223384	1.227548	1.222183	1.223495	1.224342
263.000000	1.229002	1.223852	1.230913	1.230231	1.226305	1.230636	1.228979
264.000000	1.231020	1.227732	1.234158	1.232029	1.230023	1.234638	1.230089
265.000000	1.234321	1.231752	1.231479	1.233697	1.232579	1.234232	1.228060
266.000000	1.236746	1.234429	1.229530	1.234100	1.232845	1.232884	1.227324
267.000000	1.236535	1.234669	1.232125	1.232453	1.230466	1.232761	1.230040
268.000000	1.233750	1.232646	1.233757	1.229342	1.227155	1.231543	1.231547
269.000000	1.228588	1.228408	1.229146	1.225128	1.224008	1.226814	1.227556
270.000000	1.220631	1.220710	1.219755	1.218436	1.218385	1.218597	1.219513
271.000000	1.209533	1.208538	1.208415	1.207861	1.207448	1.207606	1.209782
272.000000	1.196326	1.194348	1.196063	1.194501	1.192894	1.195074	1.197583
273.000000	1.182423	1.181459	1.182823	1.180237	1.177895	1.182211	1.181248
274.000000	1.167679	1.168438	1.167993	1.165094	1.162913	1.167970	1.162398
275.000000	1.151077	1.151312	1.150449	1.148056	1.146831	1.150137	1.144373
276.000000	1.132152	1.130149	1.130138	1.128730	1.128556	1.129122	1.127199
277.000000	1.110943	1.108459	1.107947	1.107285	1.107078	1.107562	1.108063
278.000000	1.088121	1.087394	1.085024	1.084473	1.083212	1.086149	1.085939
279.000000	1.065132	1.064972	1.062803	1.061753	1.060070	1.063024	1.062193
280.000000	1.042763	1.040667	1.041760	1.040008	1.039212	1.037889	1.038435
281.000000	1.020450	1.017089	1.020533	1.018942	1.018984	1.013703	1.016443
282.000000	0.997908	0.996047	0.998254	0.997978	0.997914	0.992526	0.996729
283.000000	0.976065	0.976033	0.976083	0.976124	0.976101	0.972794	0.976115
284.000000	0.955671	0.955375	0.955024	0.952831	0.953961	0.952667	0.952054
285.000000	0.935692	0.934286	0.933754	0.929880	0.932090	0.931987	0.927754
286.000000	0.914920	0.913462	0.910827	0.909372	0.911111	0.911134	0.907304
287.000000	0.894462	0.893248	0.888489	0.891095	0.891473	0.890975	0.889696
288.000000	0.876186	0.873865	0.870215	0.873891	0.873480	0.872481	0.871963
289.000000	0.859338	0.855841	0.855376	0.857123	0.856572	0.855338	0.853815
290.000000	0.841593	0.839832	0.840781	0.840511	0.839668	0.838456	0.836648
291.000000	0.823258	0.825078	0.825114	0.824024	0.822428	0.821700	0.820925
292.000000	0.807120	0.809504	0.808883	0.807868	0.805226	0.805842	0.806194
293.000000	0.793720	0.792813	0.792805	0.792223	0.788859	0.791097	0.791855
294.000000	0.780328	0.777254	0.777783	0.777223	0.774659	0.776847	0.777162
295.000000	0.765482	0.763972	0.764135	0.762997	0.762804	0.762758	0.762055
296.000000	0.750883	0.751391	0.750924	0.749675	0.750981	0.749228	0.747944
297.000000	0.737938	0.738173	0.737467	0.737180	0.737458	0.736497	0.735713
298.000000	0.725850	0.724806	0.724391	0.724774	0.723364	0.724023	0.723990
299.000000	0.713601	0.711988	0.712321	0.711813	0.710133	0.711289	0.711332
300.000000	0.701255	0.699632	0.700568	0.698771	0.697908	0.698669	0.698183
301.000000	0.689168	0.687447	0.688201	0.686367	0.686397	0.686709	0.685476
302.000000	0.677356	0.675423	0.675579	0.674523	0.675050	0.675102	0.673402
303.000000	0.665679	0.663683	0.663606	0.662815	0.663257	0.663203	0.661804
304.000000	0.654076	0.652312	0.652331	0.651215	0.651296	0.651152	0.650555
305.000000	0.642543	0.641359	0.641218	0.639968	0.640031	0.639622	0.639553
306.000000	0.631167	0.630676	0.630044	0.629164	0.629403	0.628698	0.628697
307.000000	0.620118	0.619914	0.618932	0.618728	0.618400	0.617853	0.617887
308.000000	0.609447	0.609063	0.608092	0.608492	0.606841	0.606867	0.607109
309.000000	0.599016	0.598648	0.597846	0.598168	0.595873	0.596030	0.596476
310.000000	0.588749	0.588877	0.588187	0.587696	0.586124	0.585623	0.586085
311.000000	0.578752	0.579144	0.578338	0.577565	0.576790	0.575801	0.575977
312.000000	0.569076	0.568975	0.567799	0.568068	0.567138	0.566555	0.566164
313.000000	0.559500	0.558768	0.557410	0.558559	0.557387	0.557363	0.556601
314.000000	0.549798	0.549003	0.548044	0.548395	0.547863	0.547720	0.547220
315.000000	0.540068	0.539600	0.539159	0.538067	0.538360	0.537831	0.537900
316.000000	0.530497	0.530296	0.529846	0.528341	0.528561	0.528113	0.528517
317.000000	0.521130	0.520883	0.520148	0.519057	0.518743	0.518758	0.519088
318.000000	0.511940	0.511209	0.510569	0.509622	0.509442	0.509815	0.509700
319.000000	0.502918	0.501478	0.501208	0.500130	0.500503	0.500949	0.500388
320.000000	0.494064	0.492144	0.491861	0.491173	0.491263	0.491565	0.491151
321.000000	0.485164	0.483256	0.482574	0.482713	0.481674	0.481813	0.481950
322.000000	0.475771	0.474403	0.473676	0.474000	0.472370	0.472672	0.472709
323.000000	0.465910	0.465305	0.465112	0.464728	0.463586	0.464370	0.463418
324.000000	0.456403	0.455945	0.456178	0.455376	0.454833	0.455831	0.454178
325.000000	0.447707	0.446467	0.446575	0.446298	0.445830	0.446431	0.445141
326.000000	0.439202	0.437366	0.437158	0.437362	0.436961	0.436950	0.436562
327.000000	0.430321	0.428975	0.428622	0.428435	0.428543	0.428136	0.428530
328.000000	0.421316	0.420828	0.420429	0.419651	0.420238	0.419804	0.420441
329.000000	0.412589	0.412417	0.411907	0.411182	0.411658	0.411588	0.411696
330.000000	0.404282	0.404074	0.403343	0.403047	0.403000	0.403345	0.402683
331.000000	0.396411	0.396337	0.395296	0.395195	0.394636	0.395030	0.394094
332.000000	0.388659	0.388823	0.387594	0.387428	0.386526	0.386751	0.386120
333.000000	0.380568	0.380699	0.379702	0.379497	0.378430	0.378691	0.378665
334.000000	0.372323	0.372138	0.371676	0.371570	0.370446	0.370869	0.371364
335.000000	0.364618	0.364100	0.364038	0.364136	0.362934	0.363172	0.363661
336.000000	0.357586	0.356824	0.356857	0.357114	0.355864	0.355573	0.355551
337.000000	0.350688	0.349673	0.349652	0.349742	0.348737	0.348149	0.347693
338.000000	0.343581	0.342329	0.342225	0.341820	0.341345	0.340936	0.340441
339.000000	0.336347	0.335125	0.334934	0.334204	0.334035	0.333880	0.333551
340.000000	0.329143	0.328307	0.328035	0.327446	0.327098	0.326951	0.326801
341.000000	0.322225	0.321714	0.321374	0.321034	0.320525	0.320187	0.320186
342.000000	0.315782	0.315194	0.314797	0.314448	0.314239	0.313646	0.313732
343.000000	0.309670	0.308879	0.308410	0.307816	0.308081	0.307417	0.307444
344.000000	0.303672	0.302917	0.302336	0.301422	0.301906	0.301545	0.301318
345.000000	0.297638	0.297111	0.296394	0.295496	0.295789	0.295763	0.295318
346.000000	0.291473	0.291164	0.290323	0.290187	0.289868	0.289734	0.289401
347.000000	0.285387	0.285147	0.284263	0.285007	0.284092	0.283605	0.283545
348.000000	0.279747	0.279331	0.278568	0.279163	0.278311	0.277788	0.277750
349.000000	0.274530	0.273823	0.273248	0.272912	0.272646	0.272447	0.272124
350.000000	0.269389	0.268585	0.268019	0.267382	0.267437	0.267533	0.266864
351.000000	0.264149	0.263507	0.262781	0.262769	0.262588	0.262827	0.261947
352.000000	0.258868	0.258395	0.257674	0.258080	0.257457	0.257915	0.257074
353.000000	0.253625	0.253204	0.252739	0.252820	0.251878	0.252633	0.252083
354.000000	0.248512	0.248172	0.247802	0.247551	0.246628	0.247290	0.247093
355.000000	0.243601	0.243422	0.242796	0.242697	0.242161	0.242168	0.242215
356.000000	0.238908	0.238687	0.238004	0.238008	0.237780	0.237331	0.237444
357.000000	0.234397	0.233732	0.233624	0.233196	0.232841	0.232762	0.232749
358.000000	0.229882	0.228741	0.229238	0.228309	0.227768	0.228259	0.228066
359.000000	0.225178	0.223982	0.224385	0.223481	0.223162	0.223620	0.223341
360.000000	0.220406	0.219539	0.219391	0.218865	0.218913	0.218993	0.218632
361.000000	0.215789	0.215392	0.214839	0.214591	0.214651	0.214629	0.214038
362.000000	0.211328	0.211236	0.210639	0.210455	0.210297	0.210394	0.209589
363.000000	0.206896	0.206628	0.206322	0.206080	0.205943	0.205944	0.205276
364.000000	0.202484	0.201786	0.201837	0.201496	0.201612	0.201317	0.201082
365.000000	0.198191	0.197499	0.197506	0.197091	0.197260	0.196886	0.196984
366.000000	0.194047	0.193843	0.193429	0.193004	0.192916	0.192791	0.192921
367.000000	0.189989	0.189959	0.189403	0.189036	0.188702	0.188855	0.188788
368.000000	0.185930	0.185439	0.185283	0.184978	0.184647	0.184879	0.184526
369.000000	0.181735	0.180847	0.181060	0.180646	0.180594	0.180659	0.180177
370.000000	0.177353	0.176656	0.176777	0.176016	0.176425	0.176129	0.175807
371.000000	0.172974	0.172764	0.172579	0.171518	0.172195	0.171618	0.171516
372.000000	0.168789	0.168982	0.168575	0.167522	0.167995	0.167439	0.167392
373.000000	0.164805	0.165187	0.164630	0.163804	0.163937	0.163530	0.163440
374.000000	0.160967	0.161281	0.160575	0.160018	0.160101	0.159732	0.159629
375.000000	0.157180	0.157208	0.156476	0.156136	0.156324	0.155929	0.155836
376.000000	0.153342	0.152949	0.152486	0.152255	0.152374	0.152043	0.151919
377.000000	0.149521	0.148747	0.148655	0.148410	0.148392	0.148174	0.147996
378.000000	0.145878	0.144983	0.144969	0.144601	0.144732	0.144521	0.144326
379.000000	0.142362	0.141656	0.141381	0.140890	0.141368	0.141017	0.140866
380.000000	0.138734	0.138419	0.137815	0.137390	0.137935	0.137357	0.137304
381.000000	0.134924	0.135030	0.134237	0.134070	0.134224	0.133507	0.133537
382.000000	0.131095	0.131401	0.130671	0.130701	0.130258	0.129795	0.129757
383.000000	0.127395	0.127549	0.127131	0.127151	0.126200	0.126362	0.126099
384.000000	0.123911	0.123670	0.123606	0.123494	0.122458	0.122934	0.122551
385.000000	0.120635	0.119944	0.120084	0.119817	0.119252	0.119331	0.119074
386.000000	0.117306	0.116445	0.116548	0.116170	0.116155	0.115782	0.115595
387.000000	0.113712	0.113187	0.113004	0.112600	0.112761	0.112505	0.112082
388.000000	0.110061	0.110004	0.109555	0.109176	0.109280	0.109344	0.108694
389.000000	0.106642	0.106719	0.106316	0.105955	0.106045	0.106081	0.105601
390.000000	0.103498	0.103451	0.103288	0.102875	0.103030	0.102816	0.102667
391.000000	0.100552	0.100412	0.100411	0.099826	0.100060	0.099758	0.099641
392.000000	0.097597	0.097436	0.097456	0.096726	0.096961	0.096785	0.096478
393.000000	0.094366	0.094146	0.094112	0.093522	0.093580	0.093585	0.093262
394.000000	0.091001	0.090656	0.090540	0.090358	0.090136	0.090273	0.090096
395.000000	0.088012	0.087530	0.087323	0.087552	0.087178	0.087348	0.087102
396.000000	0.085465	0.084888	0.084621	0.085044	0.084762	0.084858	0.084279
397.000000	0.082814	0.082241	0.082012	0.082264	0.082262	0.082228	0.081469
398.000000	0.079787	0.079313	0.079236	0.078988	0.079314	0.079145	0.078582
399.000000	0.076746	0.076340	0.076437	0.075758	0.076151	0.075903	0.075694
400.000000	0.073969	0.073524	0.073713	0.072966	0.073032	0.072797	0.072858
401.000000	0.071262	0.070786	0.070875	0.070311	0.070078	0.069917	0.070002
402.000000	0.068423	0.068035	0.067794	0.067478	0.067354	0.067282	0.067076
403.000000	0.065594	0.065343	0.064823	0.064663	0.064790	0.064784	0.064218
404.000000	0.062972	0.062797	0.062355	0.062148	0.062283	0.062282	0.061595
405.000000	0.060471	0.060276	0.060079	0.059779	0.059751	0.059701	0.059164
406.000000	0.057895	0.057590	0.057438	0.057244	0.057129	0.056998	0.056792
407.000000	0.055237	0.054790	0.054495	0.054547	0.054455	0.054224	0.054318
408.000000	0.052603	0.052078	0.051696	0.051882	0.051829	0.051488	0.051576
409.000000	0.050039	0.049527	0.049148	0.049288	0.049261	0.048871	0.048688
410.000000	0.047539	0.047095	0.046644	0.046661	0.046687	0.046425	0.046034
411.000000	0.045071	0.044708	0.044138	0.044045	0.044111	0.044112	0.043737
412.000000	0.042577	0.042260	0.041814	0.041687	0.041637	0.041772	0.041565
413.000000	0.040038	0.039723	0.039697	0.039606	0.039288	0.039300	0.039304
414.000000	0.037518	0.037217	0.037469	0.037334	0.036915	0.036712	0.036838
415.000000	0.035083	0.034847	0.034941	0.034605	0.034436	0.034098	0.034170
416.000000	0.032771	0.032597	0.032431	0.031917	0.032026	0.031732	0.031626
417.000000	0.030592	0.030419	0.030239	0.029743	0.029847	0.029794	0.029481
418.000000	0.028444	0.028197	0.028168	0.027816	0.027780	0.027893	0.027503
419.000000	0.026226	0.025838	0.025934	0.025729	0.025659	0.025585	0.025378
420.000000	0.024057	0.023560	0.023651	0.023566	0.023550	0.023157	0.023210
421.000000	0.022122	0.021670	0.021575	0.021591	0.021598	0.021156	0.021253
422.000000	0.020313	0.019992	0.019667	0.019750	0.019705	0.019485	0.019427
423.000000	0.018351	0.018071	0.017716	0.017802	0.017639	0.017667	0.017455
424.000000	0.016242	0.015905	0.015717	0.015753	0.015485	0.015619	0.015363
425.000000	0.014244	0.013908	0.013855	0.013834	0.013616	0.013621	0.013451
426.000000	0.012431	0.012194	0.012156	0.012073	0.012047	0.011790	0.011773
427.000000	0.010611	0.010459	0.010424	0.010219	0.010313	0.010010	0.010046
428.000000	0.008688	0.008552	0.008549	0.008178	0.008216	0.008187	0.008129
429.000000	0.006782	0.006671	0.006619	0.006197	0.006153	0.006310	0.006196
430.000000	0.004986	0.004944	0.004714	0.004446	0.004402	0.004394	0.004380
431.000000	0.003239	0.003170	0.002840	0.002762	0.002691	0.002509	0.002582
432.000000	0.001470	0.001178	0.000993	0.000972	0.000762	0.000718	0.000709
433.000000	-0.000316	-0.000823	-0.000781	-0.000867	-0.001156	-0.000995	-0.001125
434.000000	-0.002091	-0.002566	-0.002449	-0.002647	-0.002771	-0.002669	-0.002785
435.000000	-0.003847	-0.004135	-0.004094	-0.004325	-0.004279	-0.004355	-0.004376
436.000000	-0.005578	-0.005741	-0.005835	-0.005891	-0.006040	-0.006094	-0.006081
437.000000	-0.007266	-0.007413	-0.007603	-0.007408	-0.007930	-0.007818	-0.007820
438.000000	-0.008889	-0.009071	-0.009221	-0.008977	-0.009547	-0.009391	-0.009368
439.000000	-0.010437	-0.010652	-0.010682	-0.010615	-0.010874	-0.010822	-0.010740
440.000000	-0.011913	-0.012114	-0.012133	-0.012264	-0.012237	-0.012244	-0.012167
441.000000	-0.013333	-0.013487	-0.013620	-0.013864	-0.013759	-0.013731	-0.013728
442.000000	-0.014730	-0.014888	-0.015053	-0.015361	-0.015284	-0.015271	-0.015298
443.000000	-0.016140	-0.016382	-0.016409	-0.016753	-0.016727	-0.016830	-0.016791
444.000000	-0.017606	-0.017925	-0.017798	-0.018136	-0.018173	-0.018343	-0.018222
445.000000	-0.019128	-0.019459	-0.019294	-0.019571	-0.019664	-0.019764	-0.019615
446.000000	-0.020596	-0.020930	-0.020817	-0.020987	-0.021072	-0.021100	-0.020987
447.000000	-0.021915	-0.022291	-0.022271	-0.022311	-0.022291	-0.022368	-0.022348
448.000000	-0.023149	-0.023539	-0.023610	-0.023581	-0.023453	-0.023591	-0.023684
449.000000	-0.024386	-0.024689	-0.024809	-0.024848	-0.024717	-0.024789	-0.024966
450.000000	-0.025593	-0.025778	-0.025896	-0.026075	-0.026006	-0.025952	-0.026151
451.000000	-0.026697	-0.026848	-0.026924	-0.027198	-0.027160	-0.027056	-0.027194
452.000000	-0.027706	-0.027887	-0.027931	-0.028207	-0.028184	-0.028098	-0.028134
453.000000	-0.028678	-0.028859	-0.028951	-0.029126	-0.029176	-0.029088	-0.029064
454.000000	-0.029688	-0.029852	-0.030009	-0.030059	-0.030204	-0.030092	-0.030071
455.000000	-0.030821	-0.031049	-0.031120	-0.031168	-0.031305	-0.031221	-0.031239
456.000000	-0.032044	-0.032401	-0.032269	-0.032425	-0.032460	-0.032453	-0.032514
457.000000	-0.033174	-0.033556	-0.033399	-0.033564	-0.033575	-0.033600	-0.033681
458.000000	-0.034120	-0.034383	-0.034461	-0.034468	-0.034594	-0.034567	-0.034635
459.000000	-0.034969	-0.035184	-0.035422	-0.035314	-0.035525	-0.035442	-0.035493
460.000000	-0.035815	-0.036165	-0.036287	-0.036241	-0.036390	-0.036314	-0.036362
461.000000	-0.036714	-0.037155	-0.037155	-0.037207	-0.037234	-0.037207	-0.037259
462.000000	-0.037690	-0.037989	-0.038102	-0.038146	-0.038094	-0.038134	-0.038183
463.000000	-0.038669	-0.038786	-0.039020	-0.039042	-0.038984	-0.039081	-0.039111
464.000000	-0.039572	-0.039698	-0.039794	-0.039892	-0.039904	-0.040024	-0.040019
465.000000	-0.040435	-0.040641	-0.040547	-0.040743	-0.040834	-0.040929	-0.040902
466.000000	-0.041328	-0.041461	-0.041468	-0.041646	-0.041745	-0.041761	-0.041759
467.000000	-0.042206	-0.042208	-0.042480	-0.042562	-0.042599	-0.042547	-0.042589
468.000000	-0.042966	-0.043047	-0.043365	-0.043404	-0.043357	-0.043345	-0.043391
469.000000	-0.043650	-0.043971	-0.044101	-0.044154	-0.044062	-0.044166	-0.044180
470.000000	-0.044414	-0.044837	-0.044822	-0.044856	-0.044816	-0.044985	-0.044983
471.000000	-0.045282	-0.045590	-0.045588	-0.045558	-0.045638	-0.045780	-0.045801
472.000000	-0.046109	-0.046287	-0.046362	-0.046316	-0.046442	-0.046531	-0.046597
473.000000	-0.046837	-0.046983	-0.047119	-0.047139	-0.047182	-0.047245	-0.047356
474.000000	-0.047569	-0.047722	-0.047873	-0.047955	-0.047891	-0.047973	-0.048100
475.000000	-0.048360	-0.048513	-0.048625	-0.048704	-0.048602	-0.048729	-0.048837
476.000000	-0.049100	-0.049276	-0.049351	-0.049375	-0.049326	-0.049425	-0.049525
477.000000	-0.049711	-0.049948	-0.050030	-0.049986	-0.050068	-0.050003	-0.050140
478.000000	-0.050333	-0.050566	-0.050683	-0.050628	-0.050818	-0.050585	-0.050737
479.000000	-0.051115	-0.051186	-0.051340	-0.051384	-0.051562	-0.051306	-0.051383
480.000000	-0.051940	-0.051838	-0.052008	-0.052178	-0.052271	-0.052100	-0.052072
481.000000	-0.052615	-0.052534	-0.052682	-0.052884	-0.052917	-0.052839	-0.052771
482.000000	-0.053133	-0.053200	-0.053318	-0.053464	-0.053495	-0.053457	-0.053416
483.000000	-0.053585	-0.053727	-0.053854	-0.053930	-0.054014	-0.053929	-0.053932
484.000000	-0.054021	-0.054133	-0.054290	-0.054321	-0.054475	-0.054319	-0.054373
485.000000	-0.054454	-0.054534	-0.054673	-0.054696	-0.054878	-0.054760	-0.054884
486.000000	-0.054890	-0.054986	-0.055066	-0.055107	-0.055256	-0.055283	-0.055471
487.000000	-0.055324	-0.055477	-0.055551	-0.055590	-0.055680	-0.055807	-0.055991
488.000000	-0.055773	-0.055998	-0.056138	-0.056149	-0.056178	-0.056287	-0.056397
489.000000	-0.056287	-0.056552	-0.056725	-0.056727	-0.056694	-0.056752	-0.056816
490.000000	-0.056896	-0.057143	-0.057254	-0.057293	-0.057206	-0.057251	-0.057345
491.000000	-0.057578	-0.057771	-0.057790	-0.057901	-0.057793	-0.057859	-0.057967
492.000000	-0.058274	-0.058405	-0.058367	-0.058557	-0.058481	-0.058585	-0.058617
493.000000	-0.058826	-0.058895	-0.058833	-0.059067	-0.059059	-0.059169	-0.059129
494.000000	-0.059106	-0.059130	-0.059063	-0.059271	-0.059339	-0.059387	-0.059374
495.000000	-0.059298	-0.059340	-0.059304	-0.059432	-0.059539	-0.059509	-0.059576
496.000000	-0.059657	-0.059826	-0.059871	-0.059902	-0.059969	-0.059918	-0.060032
497.000000	-0.060163	-0.060470	-0.060587	-0.060563	-0.060548	-0.060530	-0.060641
498.000000	-0.060664	-0.060965	-0.061058	-0.061079	-0.061014	-0.061043	-0.061124
499.000000	-0.061089	-0.061266	-0.061273	-0.061396	-0.061336	-0.061404	-0.061435
500.000000	-0.061427	-0.061516	-0.061498	-0.061663	-0.061650	-0.061734	-0.061703
501.000000	-0.061717	-0.061796	-0.061827	-0.061948	-0.061990	-0.062077	-0.061999
502.000000	-0.062047	-0.062115	-0.062175	-0.062233	-0.062287	-0.062393	-0.062331
503.000000	-0.062444	-0.062471	-0.062504	-0.062528	-0.062550	-0.062687	-0.062690
504.000000	-0.062849	-0.062847	-0.062868	-0.062888	-0.062914	-0.063036	-0.063045
505.000000	-0.063209	-0.063220	-0.063286	-0.063325	-0.063418	-0.063462	-0.063384
506.000000	-0.063516	-0.063554	-0.063686	-0.063741	-0.063867	-0.063847	-0.063741
507.000000	-0.063775	-0.063831	-0.064005	-0.064057	-0.064118	-0.064110	-0.064129
508.000000	-0.064033	-0.064103	-0.064250	-0.064303	-0.064303	-0.064352	-0.064475
509.000000	-0.064334	-0.064423	-0.064457	-0.064533	-0.064579	-0.064681	-0.064724
510.000000	-0.064698	-0.064801	-0.064725	-0.064827	-0.064931	-0.065066	-0.064988
511.000000	-0.065121	-0.065221	-0.065148	-0.065245	-0.065295	-0.065434	-0.065396
512.000000	-0.065513	-0.065591	-0.065607	-0.065672	-0.065622	-0.065737	-0.065827
513.000000	-0.065756	-0.065802	-0.065907	-0.065931	-0.065874	-0.065947	-0.066067
514.000000	-0.065928	-0.065947	-0.066096	-0.066095	-0.066098	-0.066143	-0.066200
515.000000	-0.066223	-0.066247	-0.066378	-0.066392	-0.066394	-0.066467	-0.066497
516.000000	-0.066627	-0.066680	-0.066760	-0.066807	-0.066744	-0.066883	-0.066946
517.000000	-0.066922	-0.066987	-0.067056	-0.067091	-0.067023	-0.067181	-0.067261
518.000000	-0.067046	-0.067106	-0.067212	-0.067196	-0.067208	-0.067313	-0.067366
519.000000	-0.067165	-0.067258	-0.067358	-0.067358	-0.067426	-0.067457	-0.067485
520.000000	-0.067391	-0.067560	-0.067576	-0.067693	-0.067738	-0.067716	-0.067752
521.000000	-0.067685	-0.067882	-0.067815	-0.068036	-0.068050	-0.068003	-0.068068
522.000000	-0.067994	-0.068118	-0.068032	-0.068257	-0.068288	-0.068245	-0.068338
523.000000	-0.068264	-0.068324	-0.068263	-0.068430	-0.068489	-0.068473	-0.068564
524.000000	-0.068463	-0.068568	-0.068542	-0.068648	-0.068702	-0.068727	-0.068764
525.000000	-0.068667	-0.068838	-0.068847	-0.068920	-0.068942	-0.068998	-0.068964
526.000000	-0.068960	-0.069103	-0.069142	-0.069232	-0.069213	-0.069267	-0.069190
527.000000	-0.069313	-0.069367	-0.069423	-0.069554	-0.069503	-0.069545	-0.069449
528.000000	-0.069651	-0.069646	-0.069696	-0.069850	-0.069791	-0.069846	-0.069740
529.000000	-0.069929	-0.069925	-0.069945	-0.070099	-0.070052	-0.070124	-0.070019
530.000000	-0.070124	-0.070172	-0.070142	-0.070292	-0.070256	-0.070305	-0.070227
531.000000	-0.070268	-0.070382	-0.070312	-0.070456	-0.070435	-0.070420	-0.070390
532.000000	-0.070436	-0.070571	-0.070523	-0.070646	-0.070670	-0.070594	-0.070612
533.000000	-0.070667	-0.070771	-0.070805	-0.070883	-0.070967	-0.070869	-0.070910
534.000000	-0.070955	-0.071028	-0.071135	-0.071137	-0.071239	-0.071178	-0.071189
535.000000	-0.071268	-0.071335	-0.071473	-0.071385	-0.071444	-0.071473	-0.071413
536.000000	-0.071541	-0.071587	-0.071744	-0.071615	-0.071640	-0.071750	-0.071663
537.000000	-0.071705	-0.071716	-0.071895	-0.071806	-0.071847	-0.071973	-0.071948
538.000000	-0.071710	-0.071785	-0.071935	-0.071898	-0.071960	-0.072010	-0.072060
539.000000	-0.071636	-0.071897	-0.071945	-0.071916	-0.071963	-0.071877	-0.071938
540.000000	-0.072094	-0.072237	-0.072241	-0.072262	-0.072287	-0.072259	-0.072250
541.000000	-0.073404	-0.072863	-0.072986	-0.073155	-0.073193	-0.073567	-0.073436
542.000000	-0.073321	-0.072953	-0.073039	-0.073194	-0.073246	-0.073571	-0.073445
543.000000	-0.069627	-0.071710	-0.071271	-0.070977	-0.070992	-0.070016	-0.070183
544.000000	-0.069317	-0.071704	-0.071202	-0.070812	-0.070784	-0.069663	-0.069873
545.000000	-0.082459	-0.076623	-0.077906	-0.078922	-0.078938	-0.082312	-0.081543
546.000000	-0.088644	-0.078973	-0.081098	-0.082789	-0.082914	-0.088297	-0.087122
547.000000	-0.045578	-0.063179	-0.059441	-0.056407	-0.056598	-0.046752	-0.049087
548.000000	0.026607	-0.035130	-0.022489	-0.011368	-0.011531	0.024148	0.014392
549.000000	0.037811	-0.024855	-0.014465	-0.001467	-0.001518	0.039947	0.022755
550.000000	-0.030459	-0.042763	-0.047125	-0.041152	-0.041068	-0.022228	-0.038815
551.000000	-0.075030	-0.065460	-0.076782	-0.077667	-0.077553	-0.080046	-0.073599
552.000000	-0.038961	-0.075055	-0.075183	-0.076756	-0.076758	-0.080514	-0.030097
553.000000	-0.000154	-0.073845	-0.062264	-0.062081	-0.062171	-0.062197	0.012912
554.000000	-0.024907	-0.067477	-0.058585	-0.058063	-0.058085	-0.063160	-0.011040
555.000000	-0.071193	-0.063175	-0.062672	-0.062678	-0.062613	-0.073709	-0.059893
556.000000	-0.085275	-0.066593	-0.068753	-0.068886	-0.068872	-0.077171	-0.079375
557.000000	-0.076431	-0.073278	-0.073760	-0.073679	-0.073769	-0.075088	-0.075799
558.000000	-0.071637	-0.076292	-0.075802	-0.075606	-0.075721	-0.074187	-0.072885
559.000000	-0.073794	-0.075431	-0.075308	-0.075160	-0.075241	-0.074798	-0.074344
560.000000	-0.074750	-0.073706	-0.073878	-0.073822	-0.073902	-0.074429	-0.074650
561.000000	-0.074152	-0.073636	-0.073692	-0.073710	-0.073824	-0.074156	-0.074146
562.000000	-0.076791	-0.077094	-0.077044	-0.077096	-0.077213	-0.077239	-0.076972
563.000000	-0.079211	-0.079474	-0.079468	-0.079510	-0.079595	-0.079622	-0.079413
564.000000	-0.070057	-0.070143	-0.070179	-0.070183	-0.070252	-0.070330	-0.070270
565.000000	-0.059263	-0.059400	-0.059418	-0.059385	-0.059467	-0.059516	-0.059536
566.000000	-0.087407	-0.087556	-0.087586	-0.087567	-0.087637	-0.087684	-0.087677
567.000000	-0.158083	-0.158068	-0.158174	-0.158228	-0.158242	-0.158359	-0.158250
568.000000	-0.193847	-0.193723	-0.193863	-0.193969	-0.193938	-0.194087	-0.193950
569.000000	-0.145224	-0.145207	-0.145274	-0.145354	-0.145329	-0.145406	-0.145393
570.000000	-0.077904	-0.078021	-0.078004	-0.078042	-0.078041	-0.078051	-0.078141
571.000000	-0.060240	-0.060325	-0.060313	-0.060353	-0.060359	-0.060408	-0.060427
572.000000	-0.073777	-0.073774	-0.073805	-0.073879	-0.073873	-0.073979	-0.073882
573.000000	-0.080471	-0.080491	-0.080524	-0.080626	-0.080604	-0.080662	-0.080583
574.000000	-0.077229	-0.077338	-0.077365	-0.077448	-0.077440	-0.077394	-0.077420
575.000000	-0.074888	-0.075035	-0.075112	-0.075097	-0.075164	-0.075075	-0.075152
576.000000	-0.075650	-0.075775	-0.075916	-0.075798	-0.075949	-0.075889	-0.075933
577.000000	-0.076512	-0.076611	-0.076728	-0.076634	-0.076775	-0.076774	-0.076731
578.000000	-0.076470	-0.076562	-0.076582	-0.076613	-0.076664	-0.076711	-0.076591
579.000000	-0.076320	-0.076417	-0.076378	-0.076473	-0.076470	-0.076527	-0.076422
580.000000	-0.076332	-0.076439	-0.076418	-0.076464	-0.076479	-0.076515	-0.076510
581.000000	-0.076054	-0.076165	-0.076182	-0.076157	-0.076194	-0.076235	-0.076293
582.000000	-0.075672	-0.075778	-0.075812	-0.075762	-0.075787	-0.075871	-0.075895
583.000000	-0.076593	-0.076697	-0.076720	-0.076702	-0.076709	-0.076800	-0.076768
584.000000	-0.078483	-0.078594	-0.078590	-0.078642	-0.078647	-0.078673	-0.078619
585.000000	-0.076143	-0.076267	-0.076268	-0.076329	-0.076347	-0.076320	-0.076267
586.000000	-0.069710	-0.069847	-0.069909	-0.069864	-0.069906	-0.069903	-0.069852
587.000000	-0.083033	-0.083157	-0.083267	-0.083145	-0.083215	-0.083243	-0.083190
588.000000	-0.134681	-0.134755	-0.134826	-0.134799	-0.134891	-0.134886	-0.134819
589.000000	-0.179010	-0.179071	-0.179090	-0.179139	-0.179213	-0.179232	-0.179143
590.000000	-0.156815	-0.156974	-0.157031	-0.156907	-0.156891	-0.157120	-0.157011
591.000000	-0.095286	-0.095444	-0.095529	-0.095439	-0.095315	-0.095558	-0.095473
592.000000	-0.063120	-0.062875	-0.062805	-0.063624	-0.063474	-0.062989	-0.063021
593.000000	-0.069338	-0.068929	-0.068789	-0.069952	-0.069858	-0.069068	-0.069147
594.000000	-0.078352	-0.079259	-0.079684	-0.077837	-0.077821	-0.079394	-0.079163
595.000000	-0.076814	-0.078769	-0.079627	-0.075409	-0.075450	-0.078882	-0.078399
596.000000	-0.076313	-0.074220	-0.073248	-0.078278	-0.078346	-0.074369	-0.074838
597.000000	-0.076617	-0.069452	-0.066253	-0.082799	-0.082862	-0.069700	-0.071360
598.000000	-0.057551	-0.062173	-0.064426	-0.053834	-0.053874	-0.062481	-0.061323
599.000000	-0.017379	-0.053217	-0.069710	0.012491	0.012474	-0.053483	-0.044900
600.000000	0.001057	-0.051488	-0.075532	0.044891	0.044875	-0.051663	-0.039147
601.000000	-0.030450	-0.062121	-0.076535	-0.004165	-0.004207	-0.062216	-0.054750
602.000000	-0.072888	-0.074425	-0.075048	-0.071915	-0.071954	-0.074484	-0.074252
603.000000	-0.084392	-0.077452	-0.074300	-0.090560	-0.090524	-0.077540	-0.079308
604.000000	-0.075838	-0.074701	-0.074298	-0.077145	-0.077037	-0.074841	-0.075164
605.000000	-0.071226	-0.073201	-0.074169	-0.069881	-0.069801	-0.073363	-0.072889
606.000000	-0.072956	-0.073588	-0.073821	-0.072668	-0.072678	-0.073737	-0.073553
607.000000	-0.074211	-0.073774	-0.073495	-0.074758	-0.074834	-0.073894	-0.073968
608.000000	-0.073487	-0.073334	-0.073250	-0.073785	-0.073873	-0.073434	-0.073470
609.000000	-0.072678	-0.072899	-0.073034	-0.072747	-0.072805	-0.073023	-0.073011
610.000000	-0.072486	-0.072695	-0.072830	-0.072682	-0.072712	-0.072877	-0.072904
611.000000	-0.072470	-0.072563	-0.072663	-0.072758	-0.072825	-0.072790	-0.072850
612.000000	-0.072371	-0.072417	-0.072537	-0.072562	-0.072719	-0.072651	-0.072695
613.000000	-0.072226	-0.072291	-0.072427	-0.072321	-0.072505	-0.072498	-0.072499
614.000000	-0.072097	-0.072213	-0.072318	-0.072199	-0.072303	-0.072373	-0.072331
615.000000	-0.072045	-0.072181	-0.072211	-0.072169	-0.072190	-0.072302	-0.072248
616.000000	-0.072091	-0.072185	-0.072120	-0.072185	-0.072199	-0.072296	-0.072271
617.000000	-0.072142	-0.072198	-0.072085	-0.072226	-0.072268	-0.072324	-0.072324
618.000000	-0.072118	-0.072195	-0.072131	-0.072268	-0.072325	-0.072350	-0.072331
619.000000	-0.072077	-0.072167	-0.072187	-0.072278	-0.072336	-0.072350	-0.072296
620.000000	-0.072094	-0.072116	-0.072177	-0.072232	-0.072288	-0.072310	-0.072244
621.000000	-0.072131	-0.072087	-0.072157	-0.072190	-0.072247	-0.072268	-0.072226
622.000000	-0.072120	-0.072131	-0.072213	-0.072230	-0.072292	-0.072274	-0.072293
623.000000	-0.072079	-0.072201	-0.072299	-0.072297	-0.072344	-0.072308	-0.072378
624.000000	-0.072070	-0.072206	-0.072308	-0.072272	-0.072257	-0.072317	-0.072364
625.000000	-0.072090	-0.072162	-0.072238	-0.072187	-0.072092	-0.072290	-0.072268
626.000000	-0.072087	-0.072165	-0.072170	-0.072183	-0.072067	-0.072253	-0.072211
627.000000	-0.072049	-0.072217	-0.072133	-0.072262	-0.072194	-0.072227	-0.072229
628.000000	-0.072006	-0.072210	-0.072091	-0.072270	-0.072255	-0.072231	-0.072265
629.000000	-0.071980	-0.072119	-0.072047	-0.072161	-0.072168	-0.072257	-0.072274
630.000000	-0.071974	-0.072059	-0.072057	-0.072067	-0.072083	-0.072248	-0.072247
631.000000	-0.071987	-0.072092	-0.072137	-0.072072	-0.072096	-0.072184	-0.072190
632.000000	-0.072018	-0.072137	-0.072196	-0.072107	-0.072137	-0.072117	-0.072149
633.000000	-0.072059	-0.072120	-0.072165	-0.072107	-0.072141	-0.072096	-0.072151
634.000000	-0.072090	-0.072052	-0.072095	-0.072078	-0.072122	-0.072105	-0.072153
635.000000	-0.072087	-0.071963	-0.072047	-0.072040	-0.072107	-0.072116	-0.072107
636.000000	-0.072017	-0.071894	-0.071993	-0.071990	-0.072089	-0.072105	-0.072026
637.000000	-0.071860	-0.071878	-0.071892	-0.071920	-0.072053	-0.072053	-0.071935
638.000000	-0.071686	-0.071872	-0.071762	-0.071840	-0.071976	-0.071959	-0.071843
639.000000	-0.071603	-0.071807	-0.071652	-0.071762	-0.071834	-0.071837	-0.071756
640.000000	-0.071615	-0.071718	-0.071600	-0.071708	-0.071695	-0.071742	-0.071707
641.000000	-0.071660	-0.071703	-0.071635	-0.071700	-0.071677	-0.071745	-0.071746
642.000000	-0.071703	-0.071758	-0.071730	-0.071732	-0.071768	-0.071825	-0.071834
643.000000	-0.071735	-0.071792	-0.071814	-0.071768	-0.071832	-0.071874	-0.071861
644.000000	-0.071754	-0.071775	-0.071835	-0.071781	-0.071811	-0.071854	-0.071799
645.000000	-0.071770	-0.071768	-0.071771	-0.071753	-0.071747	-0.071822	-0.071739
646.000000	-0.071796	-0.071813	-0.071671	-0.071705	-0.071699	-0.071829	-0.071751
647.000000	-0.071857	-0.071909	-0.071709	-0.071732	-0.071752	-0.071909	-0.071849
648.000000	-0.071962	-0.072042	-0.071961	-0.071885	-0.071934	-0.072058	-0.072018
649.000000	-0.072075	-0.072169	-0.072201	-0.072075	-0.072122	-0.072169	-0.072169
650.000000	-0.072156	-0.072245	-0.072230	-0.072210	-0.072206	-0.072164	-0.072227
651.000000	-0.072187	-0.072241	-0.072161	-0.072263	-0.072218	-0.072125	-0.072208
652.000000	-0.072154	-0.072137	-0.072142	-0.072230	-0.072207	-0.072145	-0.072141
653.000000	-0.072042	-0.071970	-0.072076	-0.072115	-0.072111	-0.072122	-0.072015
654.000000	-0.071838	-0.071788	-0.071808	-0.071929	-0.071841	-0.071910	-0.071805
655.000000	-0.071557	-0.071577	-0.071433	-0.071677	-0.071479	-0.071567	-0.071540
656.000000	-0.071233	-0.071297	-0.071161	-0.071368	-0.071183	-0.071253	-0.071275
657.000000	-0.070937	-0.071019	-0.071029	-0.071081	-0.071014	-0.071044	-0.071066
658.000000	-0.070767	-0.070892	-0.070941	-0.070941	-0.070950	-0.070956	-0.070965
659.000000	-0.070750	-0.070918	-0.070875	-0.070945	-0.070951	-0.070948	-0.070956
660.000000	-0.070827	-0.070943	-0.070883	-0.070954	-0.070958	-0.070932	-0.070953
661.000000	-0.070899	-0.070883	-0.070942	-0.070889	-0.070928	-0.070865	-0.070904
662.000000	-0.070811	-0.070778	-0.070912	-0.070776	-0.070845	-0.070787	-0.070812
663.000000	-0.070525	-0.070660	-0.070727	-0.070651	-0.070709	-0.070713	-0.070686
664.000000	-0.070271	-0.070532	-0.070510	-0.070554	-0.070546	-0.070599	-0.070529
665.000000	-0.070196	-0.070376	-0.070346	-0.070474	-0.070367	-0.070409	-0.070336
666.000000	-0.070075	-0.070132	-0.070131	-0.070242	-0.070114	-0.070148	-0.070078
667.000000	-0.069700	-0.069763	-0.069767	-0.069740	-0.069751	-0.069839	-0.069740
668.000000	-0.069283	-0.069393	-0.069379	-0.069237	-0.069391	-0.069534	-0.069408
669.000000	-0.069103	-0.069162	-0.069123	-0.069048	-0.069166	-0.069283	-0.069176
670.000000	-0.069041	-0.069025	-0.068960	-0.069038	-0.069027	-0.069057	-0.069024
671.000000	-0.068839	-0.068868	-0.068775	-0.068906	-0.068861	-0.068804	-0.068885
672.000000	-0.068543	-0.068683	-0.068564	-0.068663	-0.068667	-0.068577	-0.068734
673.000000	-0.068370	-0.068528	-0.068386	-0.068497	-0.068510	-0.068485	-0.068573
674.000000	-0.068354	-0.068418	-0.068271	-0.068442	-0.068416	-0.068505	-0.068426
675.000000	-0.068364	-0.068327	-0.068219	-0.068396	-0.068367	-0.068502	-0.068335
676.000000	-0.068338	-0.068263	-0.068219	-0.068333	-0.068350	-0.068423	-0.068320
677.000000	-0.068304	-0.068268	-0.068248	-0.068317	-0.068352	-0.068322	-0.068372
678.000000	-0.068301	-0.068361	-0.068299	-0.068385	-0.068375	-0.068265	-0.068471
679.000000	-0.068374	-0.068514	-0.068393	-0.068509	-0.068446	-0.068343	-0.068578
680.000000	-0.068518	-0.068670	-0.068518	-0.068635	-0.068557	-0.068557	-0.068646
681.000000	-0.068590	-0.068701	-0.068571	-0.068664	-0.068609	-0.068705	-0.068625
682.000000	-0.068505	-0.068551	-0.068495	-0.068551	-0.068540	-0.068643	-0.068506
683.000000	-0.068457	-0.068442	-0.068457	-0.068479	-0.068465	-0.068574	-0.068441
684.000000	-0.068637	-0.068594	-0.068623	-0.068624	-0.068513	-0.068714	-0.068572
685.000000	-0.068887	-0.068846	-0.068878	-0.068850	-0.068645	-0.068930	-0.068776
686.000000	-0.068967	-0.068947	-0.069028	-0.068944	-0.068774	-0.069001	-0.068868
687.000000	-0.068888	-0.068908	-0.069032	-0.068909	-0.068844	-0.068937	-0.068836
688.000000	-0.068780	-0.068857	-0.068917	-0.068847	-0.068820	-0.068857	-0.068755
689.000000	-0.068683	-0.068827	-0.068757	-0.068795	-0.068742	-0.068806	-0.068687
690.000000	-0.068582	-0.068790	-0.068651	-0.068749	-0.068701	-0.068782	-0.068681
691.000000	-0.068517	-0.068767	-0.068627	-0.068730	-0.068724	-0.068782	-0.068742
692.000000	-0.068579	-0.068834	-0.068643	-0.068788	-0.068775	-0.068807	-0.068827
693.000000	-0.068767	-0.068970	-0.068683	-0.068910	-0.068830	-0.068857	-0.068904
694.000000	-0.068940	-0.069027	-0.068771	-0.069003	-0.068875	-0.068924	-0.068957
695.000000	-0.069009	-0.068947	-0.068901	-0.069018	-0.068913	-0.068992	-0.068981
696.000000	-0.068992	-0.068868	-0.069006	-0.068994	-0.068963	-0.069017	-0.069000
697.000000	-0.068938	-0.068902	-0.069046	-0.068983	-0.069035	-0.068990	-0.069038
698.000000	-0.068940	-0.069026	-0.069070	-0.069026	-0.069092	-0.069005	-0.069113
699.000000	-0.069061	-0.069190	-0.069126	-0.069142	-0.069113	-0.069135	-0.069230
700.000000	-0.069208	-0.069341	-0.069193	-0.069240	-0.069164	-0.069295	-0.069345
701.000000	-0.069271	-0.069427	-0.069239	-0.069232	-0.069310	-0.069378	-0.069411
702.000000	-0.069266	-0.069436	-0.069288	-0.069205	-0.069468	-0.069399	-0.069441
703.000000	-0.069250	-0.069371	-0.069374	-0.069291	-0.069516	-0.069413	-0.069467
704.000000	-0.069232	-0.069277	-0.069431	-0.069433	-0.069457	-0.069422	-0.069453
705.000000	-0.069201	-0.069217	-0.069349	-0.069474	-0.069360	-0.069403	-0.069333
706.000000	-0.069147	-0.069166	-0.069157	-0.069358	-0.069231	-0.069332	-0.069166
707.000000	-0.069068	-0.069029	-0.068986	-0.069106	-0.069030	-0.069188	-0.069093
708.000000	-0.068940	-0.068799	-0.068859	-0.068792	-0.068790	-0.068982	-0.069065
709.000000	-0.068717	-0.068561	-0.068675	-0.068537	-0.068625	-0.068758	-0.068826
710.000000	-0.068379	-0.068341	-0.068401	-0.068356	-0.068529	-0.068520	-0.068341
711.000000	-0.067946	-0.068070	-0.068105	-0.068096	-0.068311	-0.068213	-0.067915
712.000000	-0.067482	-0.067720	-0.067824	-0.067691	-0.067885	-0.067830	-0.067710
713.000000	-0.067145	-0.067371	-0.067501	-0.067304	-0.067431	-0.067471	-0.067508
714.000000	-0.066999	-0.067071	-0.067085	-0.067039	-0.067088	-0.067196	-0.067133
715.000000	-0.066778	-0.066741	-0.066598	-0.066741	-0.066776	-0.066890	-0.066704
716.000000	-0.066244	-0.066301	-0.066076	-0.066260	-0.066390	-0.066449	-0.066347
717.000000	-0.065601	-0.065801	-0.065580	-0.065716	-0.065928	-0.065963	-0.065965
718.000000	-0.065122	-0.065315	-0.065164	-0.065279	-0.065416	-0.065553	-0.065433
719.000000	-0.064715	-0.064825	-0.064786	-0.064923	-0.064851	-0.065154	-0.064835
720.000000	-0.064166	-0.064292	-0.064375	-0.064550	-0.064232	-0.064649	-0.064338
721.000000	-0.063601	-0.063842	-0.063953	-0.064142	-0.063700	-0.064161	-0.064029
722.000000	-0.063325	-0.063673	-0.063593	-0.063731	-0.063457	-0.063933	-0.063932
723.000000	-0.063197	-0.063605	-0.063220	-0.063290	-0.063362	-0.063796	-0.063838
724.000000	-0.062720	-0.063151	-0.062639	-0.062744	-0.062993	-0.063248	-0.063357
725.000000	-0.061867	-0.062276	-0.061886	-0.062136	-0.062306	-0.062285	-0.062501
726.000000	-0.061178	-0.061483	-0.061271	-0.061648	-0.061713	-0.061501	-0.061762
727.000000	-0.060879	-0.061033	-0.060917	-0.061364	-0.061406	-0.061190	-0.061388
728.000000	-0.060614	-0.060731	-0.060616	-0.061189	-0.061169	-0.061094	-0.061182
729.000000	-0.060187	-0.060449	-0.060258	-0.061034	-0.060859	-0.060990	-0.060991
730.000000	-0.059906	-0.060326	-0.060046	-0.060868	-0.060591	-0.060871	-0.060874
731.000000	-0.060034	-0.060474	-0.060141	-0.060677	-0.060475	-0.060755	-0.060890
732.000000	-0.060420	-0.060788	-0.060428	-0.060470	-0.060454	-0.060643	-0.060987
