[HEADER]
Format	J&M ASCII Table
Comment	Remin PV CDOM Samples 
Date	2/12/1980 7:03:36 AM
Order	Y (evenX)
TechType	UV
NumPoints	483
FirstX	250.00
LastX	732.00
XType	NMetr
YType	Absrb
ZType	Secs
NumSubFile	7
Matrix	Z vs X
[DATA]
	0.000000	5.000128	10.000192	15.000256	20.000383	25.000448	30.000511
250.000000	0.848381	0.847922	0.845816	0.846365	0.845339	0.845625	0.845262
251.000000	0.821988	0.821464	0.820174	0.820646	0.819722	0.819567	0.819646
252.000000	0.796440	0.795716	0.795570	0.795843	0.795563	0.794273	0.794660
253.000000	0.772601	0.771652	0.772125	0.772110	0.772613	0.770229	0.770695
254.000000	0.750978	0.749914	0.749906	0.749588	0.750585	0.747833	0.748058
255.000000	0.730639	0.729721	0.728901	0.728456	0.729384	0.727095	0.726737
256.000000	0.710580	0.710141	0.709061	0.708806	0.708987	0.707850	0.706683
257.000000	0.691125	0.691098	0.690217	0.690199	0.689528	0.689414	0.688037
258.000000	0.672948	0.672786	0.672169	0.672081	0.671171	0.671049	0.670915
259.000000	0.655833	0.655230	0.654808	0.654490	0.653922	0.653095	0.654599
260.000000	0.639134	0.638369	0.638065	0.637739	0.637683	0.636384	0.638017
261.000000	0.622670	0.622140	0.621735	0.621624	0.622042	0.620713	0.621202
262.000000	0.606607	0.606460	0.605514	0.605564	0.606352	0.605101	0.605017
263.000000	0.590771	0.590864	0.589247	0.589375	0.590158	0.589041	0.589377
264.000000	0.574592	0.574457	0.572954	0.573345	0.573238	0.572599	0.573106
265.000000	0.557853	0.557060	0.556598	0.557427	0.555818	0.555939	0.555765
266.000000	0.540973	0.539754	0.540033	0.540964	0.538870	0.539346	0.538270
267.000000	0.524212	0.523227	0.523193	0.523622	0.522870	0.522885	0.521299
268.000000	0.507272	0.506858	0.506234	0.506025	0.506858	0.506026	0.504578
269.000000	0.489883	0.489963	0.489240	0.488737	0.489923	0.488391	0.487747
270.000000	0.472235	0.472445	0.471879	0.471470	0.472265	0.470572	0.470698
271.000000	0.454584	0.454395	0.453841	0.453805	0.454313	0.453223	0.453386
272.000000	0.436905	0.436170	0.435620	0.435821	0.436200	0.435896	0.435761
273.000000	0.419065	0.418182	0.417918	0.417764	0.417949	0.417813	0.417777
274.000000	0.400938	0.400306	0.400407	0.399624	0.399632	0.399151	0.399437
275.000000	0.382416	0.382127	0.382203	0.381249	0.381333	0.380612	0.380774
276.000000	0.363514	0.363519	0.363230	0.362591	0.362939	0.362312	0.361941
277.000000	0.344365	0.344610	0.344110	0.343696	0.344176	0.343860	0.343188
278.000000	0.325222	0.325592	0.325230	0.324733	0.325081	0.325151	0.324550
279.000000	0.306492	0.306729	0.306653	0.306023	0.306097	0.306458	0.305794
280.000000	0.288335	0.288189	0.288337	0.287725	0.287499	0.287994	0.286988
281.000000	0.270425	0.269952	0.270083	0.269663	0.269192	0.269809	0.268799
282.000000	0.252539	0.252031	0.251859	0.251759	0.251180	0.251944	0.251605
283.000000	0.234906	0.234602	0.234166	0.234308	0.233858	0.234461	0.234744
284.000000	0.217803	0.217807	0.217443	0.217596	0.217523	0.217444	0.217631
285.000000	0.201360	0.201514	0.201451	0.201578	0.201734	0.201063	0.200836
286.000000	0.185657	0.185573	0.185824	0.186115	0.185953	0.185470	0.185133
287.000000	0.170692	0.170236	0.170643	0.171070	0.170457	0.170574	0.170462
288.000000	0.156430	0.155894	0.156167	0.156346	0.155835	0.156197	0.156433
289.000000	0.142881	0.142538	0.142521	0.142265	0.142235	0.142447	0.142978
290.000000	0.130083	0.129907	0.129736	0.129395	0.129525	0.129602	0.130232
291.000000	0.118036	0.117908	0.117766	0.117678	0.117572	0.117698	0.118197
292.000000	0.106704	0.106610	0.106501	0.106467	0.106249	0.106540	0.106755
293.000000	0.096087	0.096030	0.095927	0.095632	0.095599	0.096035	0.095924
294.000000	0.086238	0.086106	0.086165	0.085791	0.085900	0.086249	0.085917
295.000000	0.077165	0.076864	0.077259	0.077200	0.077201	0.077198	0.076853
296.000000	0.068779	0.068531	0.069059	0.069241	0.069049	0.068773	0.068616
297.000000	0.060996	0.061164	0.061408	0.061406	0.061120	0.060874	0.061048
298.000000	0.053788	0.054193	0.054194	0.053890	0.053713	0.053485	0.053948
299.000000	0.047132	0.047126	0.047356	0.046982	0.047146	0.046630	0.047167
300.000000	0.040981	0.040455	0.041054	0.040755	0.041227	0.040446	0.040851
301.000000	0.035282	0.034855	0.035466	0.035188	0.035629	0.035050	0.035199
302.000000	0.029977	0.029999	0.030383	0.030071	0.030240	0.030147	0.030062
303.000000	0.025009	0.025146	0.025444	0.025125	0.025051	0.025283	0.025152
304.000000	0.020336	0.020274	0.020604	0.020355	0.020177	0.020434	0.020395
305.000000	0.015927	0.015852	0.016044	0.015957	0.015811	0.015873	0.015876
306.000000	0.011805	0.011955	0.011870	0.011953	0.011926	0.011734	0.011659
307.000000	0.008051	0.008240	0.008103	0.008182	0.008271	0.008001	0.007786
308.000000	0.004638	0.004573	0.004683	0.004563	0.004699	0.004589	0.004248
309.000000	0.001374	0.001164	0.001431	0.001151	0.001239	0.001321	0.000960
310.000000	-0.001866	-0.001908	-0.001779	-0.002033	-0.002059	-0.001898	-0.002170
311.000000	-0.005028	-0.004924	-0.004924	-0.005075	-0.005123	-0.004970	-0.005233
312.000000	-0.008042	-0.008070	-0.007962	-0.008033	-0.007935	-0.007824	-0.008261
313.000000	-0.010870	-0.011028	-0.010860	-0.010823	-0.010658	-0.010600	-0.011085
314.000000	-0.013504	-0.013489	-0.013602	-0.013385	-0.013461	-0.013445	-0.013575
315.000000	-0.016099	-0.015817	-0.016262	-0.015934	-0.016319	-0.016286	-0.016044
316.000000	-0.018824	-0.018519	-0.018923	-0.018732	-0.019141	-0.018991	-0.018875
317.000000	-0.021533	-0.021433	-0.021537	-0.021588	-0.021816	-0.021521	-0.021752
318.000000	-0.023941	-0.024078	-0.023995	-0.024116	-0.024243	-0.023893	-0.024056
319.000000	-0.026112	-0.026392	-0.026332	-0.026340	-0.026495	-0.026179	-0.025995
320.000000	-0.028372	-0.028630	-0.028689	-0.028598	-0.028773	-0.028496	-0.028384
321.000000	-0.030816	-0.030922	-0.031089	-0.031014	-0.031121	-0.030877	-0.031274
322.000000	-0.033281	-0.033249	-0.033417	-0.033466	-0.033401	-0.033261	-0.033863
323.000000	-0.035619	-0.035572	-0.035619	-0.035845	-0.035559	-0.035591	-0.035833
324.000000	-0.037732	-0.037834	-0.037753	-0.038082	-0.037693	-0.037829	-0.037739
325.000000	-0.039621	-0.039961	-0.039838	-0.040131	-0.039842	-0.039934	-0.039928
326.000000	-0.041519	-0.041852	-0.041786	-0.041987	-0.041854	-0.041853	-0.042058
327.000000	-0.043611	-0.043495	-0.043560	-0.043703	-0.043636	-0.043599	-0.043839
328.000000	-0.045775	-0.045236	-0.045378	-0.045514	-0.045391	-0.045439	-0.045591
329.000000	-0.047826	-0.047386	-0.047447	-0.047612	-0.047332	-0.047598	-0.047668
330.000000	-0.049635	-0.049559	-0.049545	-0.049661	-0.049289	-0.049718	-0.049776
331.000000	-0.051122	-0.051198	-0.051331	-0.051214	-0.050992	-0.051302	-0.051448
332.000000	-0.052500	-0.052521	-0.052864	-0.052550	-0.052536	-0.052560	-0.052824
333.000000	-0.054121	-0.054135	-0.054407	-0.054300	-0.054200	-0.054062	-0.054349
334.000000	-0.055957	-0.056058	-0.055981	-0.056334	-0.055931	-0.055841	-0.056047
335.000000	-0.057680	-0.057840	-0.057416	-0.057925	-0.057418	-0.057504	-0.057608
336.000000	-0.059145	-0.059276	-0.058706	-0.058963	-0.058652	-0.058913	-0.058965
337.000000	-0.060437	-0.060480	-0.060044	-0.060083	-0.059985	-0.060248	-0.060346
338.000000	-0.061666	-0.061599	-0.061511	-0.061556	-0.061545	-0.061614	-0.061821
339.000000	-0.062964	-0.062813	-0.062972	-0.062944	-0.063038	-0.062957	-0.063156
340.000000	-0.064376	-0.064199	-0.064331	-0.063996	-0.064280	-0.064237	-0.064237
341.000000	-0.065703	-0.065564	-0.065633	-0.065145	-0.065494	-0.065494	-0.065355
342.000000	-0.066770	-0.066717	-0.066903	-0.066709	-0.066849	-0.066741	-0.066734
343.000000	-0.067650	-0.067650	-0.067981	-0.068104	-0.068042	-0.067837	-0.068077
344.000000	-0.068471	-0.068425	-0.068720	-0.068703	-0.068753	-0.068654	-0.069036
345.000000	-0.069324	-0.069242	-0.069364	-0.069020	-0.069309	-0.069401	-0.069763
346.000000	-0.070274	-0.070312	-0.070259	-0.069913	-0.070222	-0.070378	-0.070574
347.000000	-0.071292	-0.071451	-0.071344	-0.071252	-0.071390	-0.071485	-0.071479
348.000000	-0.072295	-0.072266	-0.072327	-0.072370	-0.072371	-0.072410	-0.072323
349.000000	-0.073201	-0.072830	-0.073121	-0.073129	-0.073086	-0.073126	-0.073064
350.000000	-0.073936	-0.073601	-0.073816	-0.073844	-0.073763	-0.073845	-0.073760
351.000000	-0.074555	-0.074649	-0.074488	-0.074649	-0.074506	-0.074648	-0.074477
352.000000	-0.075268	-0.075552	-0.075192	-0.075432	-0.075252	-0.075434	-0.075285
353.000000	-0.076129	-0.076097	-0.075916	-0.076104	-0.075927	-0.076125	-0.076144
354.000000	-0.076879	-0.076518	-0.076528	-0.076633	-0.076463	-0.076696	-0.076808
355.000000	-0.077345	-0.077008	-0.076969	-0.077048	-0.076860	-0.077171	-0.077155
356.000000	-0.077684	-0.077517	-0.077408	-0.077516	-0.077298	-0.077679	-0.077464
357.000000	-0.078086	-0.077993	-0.078004	-0.078165	-0.077934	-0.078324	-0.077996
358.000000	-0.078645	-0.078543	-0.078695	-0.078864	-0.078686	-0.079019	-0.078651
359.000000	-0.079388	-0.079271	-0.079364	-0.079437	-0.079412	-0.079636	-0.079257
360.000000	-0.080064	-0.079983	-0.079884	-0.079876	-0.080007	-0.080099	-0.079788
361.000000	-0.080357	-0.080400	-0.080155	-0.080242	-0.080399	-0.080372	-0.080274
362.000000	-0.080458	-0.080614	-0.080381	-0.080601	-0.080707	-0.080610	-0.080709
363.000000	-0.080840	-0.080927	-0.080929	-0.081019	-0.081156	-0.081069	-0.081071
364.000000	-0.081532	-0.081396	-0.081713	-0.081497	-0.081715	-0.081688	-0.081405
365.000000	-0.082171	-0.081865	-0.082262	-0.081980	-0.082129	-0.082133	-0.081813
366.000000	-0.082576	-0.082280	-0.082451	-0.082410	-0.082345	-0.082325	-0.082292
367.000000	-0.082820	-0.082740	-0.082623	-0.082735	-0.082585	-0.082524	-0.082704
368.000000	-0.083035	-0.083278	-0.083014	-0.082988	-0.083005	-0.082916	-0.083030
369.000000	-0.083428	-0.083788	-0.083600	-0.083372	-0.083601	-0.083494	-0.083486
370.000000	-0.084094	-0.084190	-0.084290	-0.083991	-0.084302	-0.084194	-0.084183
371.000000	-0.084782	-0.084522	-0.084893	-0.084623	-0.084894	-0.084837	-0.084838
372.000000	-0.085247	-0.084848	-0.085258	-0.085057	-0.085206	-0.085274	-0.085203
373.000000	-0.085545	-0.085236	-0.085494	-0.085411	-0.085389	-0.085550	-0.085474
374.000000	-0.085803	-0.085736	-0.085762	-0.085858	-0.085659	-0.085771	-0.085918
375.000000	-0.086084	-0.086260	-0.086112	-0.086364	-0.086109	-0.086058	-0.086467
376.000000	-0.086420	-0.086675	-0.086539	-0.086818	-0.086756	-0.086524	-0.086928
377.000000	-0.086808	-0.087034	-0.087009	-0.087189	-0.087408	-0.087119	-0.087289
378.000000	-0.087227	-0.087488	-0.087467	-0.087501	-0.087757	-0.087692	-0.087652
379.000000	-0.087685	-0.088013	-0.087884	-0.087819	-0.087871	-0.088166	-0.088046
380.000000	-0.088218	-0.088420	-0.088252	-0.088238	-0.088152	-0.088529	-0.088435
381.000000	-0.088782	-0.088682	-0.088602	-0.088771	-0.088709	-0.088840	-0.088803
382.000000	-0.089221	-0.088991	-0.089010	-0.089323	-0.089247	-0.089251	-0.089163
383.000000	-0.089514	-0.089474	-0.089518	-0.089832	-0.089631	-0.089817	-0.089549
384.000000	-0.089911	-0.090104	-0.090095	-0.090318	-0.090092	-0.090379	-0.090030
385.000000	-0.090552	-0.090809	-0.090680	-0.090795	-0.090775	-0.090816	-0.090629
386.000000	-0.091163	-0.091454	-0.091166	-0.091225	-0.091454	-0.091168	-0.091219
387.000000	-0.091494	-0.091927	-0.091483	-0.091580	-0.091910	-0.091507	-0.091683
388.000000	-0.091753	-0.092287	-0.091801	-0.091926	-0.092274	-0.091909	-0.092051
389.000000	-0.092219	-0.092620	-0.092306	-0.092334	-0.092728	-0.092427	-0.092386
390.000000	-0.092763	-0.092899	-0.092838	-0.092739	-0.093127	-0.092945	-0.092697
391.000000	-0.093114	-0.093062	-0.093123	-0.093031	-0.093229	-0.093292	-0.092973
392.000000	-0.093329	-0.093240	-0.093275	-0.093291	-0.093236	-0.093516	-0.093276
393.000000	-0.093661	-0.093671	-0.093632	-0.093705	-0.093604	-0.093794	-0.093705
394.000000	-0.094102	-0.094227	-0.094169	-0.094187	-0.094254	-0.094137	-0.094175
395.000000	-0.094405	-0.094455	-0.094528	-0.094414	-0.094619	-0.094405	-0.094438
396.000000	-0.094543	-0.094322	-0.094610	-0.094389	-0.094568	-0.094585	-0.094491
397.000000	-0.094793	-0.094379	-0.094683	-0.094574	-0.094572	-0.094840	-0.094669
398.000000	-0.095262	-0.094911	-0.094918	-0.095169	-0.094903	-0.095246	-0.095128
399.000000	-0.095667	-0.095593	-0.095232	-0.095801	-0.095353	-0.095679	-0.095628
400.000000	-0.095829	-0.096118	-0.095550	-0.096169	-0.095729	-0.096026	-0.095968
401.000000	-0.095996	-0.096431	-0.095885	-0.096377	-0.096049	-0.096270	-0.096214
402.000000	-0.096406	-0.096552	-0.096257	-0.096579	-0.096357	-0.096428	-0.096456
403.000000	-0.096879	-0.096614	-0.096623	-0.096802	-0.096639	-0.096593	-0.096696
404.000000	-0.097161	-0.096765	-0.096933	-0.097033	-0.096873	-0.096853	-0.096909
405.000000	-0.097309	-0.097011	-0.097185	-0.097248	-0.097084	-0.097134	-0.097068
406.000000	-0.097502	-0.097304	-0.097397	-0.097421	-0.097310	-0.097306	-0.097156
407.000000	-0.097768	-0.097631	-0.097599	-0.097595	-0.097546	-0.097419	-0.097278
408.000000	-0.098040	-0.097998	-0.097820	-0.097843	-0.097755	-0.097631	-0.097603
409.000000	-0.098264	-0.098332	-0.098049	-0.098131	-0.097946	-0.097958	-0.098055
410.000000	-0.098405	-0.098493	-0.098232	-0.098319	-0.098161	-0.098292	-0.098339
411.000000	-0.098469	-0.098465	-0.098362	-0.098391	-0.098411	-0.098555	-0.098397
412.000000	-0.098520	-0.098403	-0.098494	-0.098496	-0.098655	-0.098722	-0.098505
413.000000	-0.098629	-0.098459	-0.098682	-0.098737	-0.098881	-0.098825	-0.098814
414.000000	-0.098874	-0.098751	-0.098964	-0.099106	-0.099137	-0.098999	-0.099188
415.000000	-0.099268	-0.099279	-0.099325	-0.099534	-0.099431	-0.099313	-0.099491
416.000000	-0.099633	-0.099719	-0.099596	-0.099809	-0.099640	-0.099594	-0.099682
417.000000	-0.099818	-0.099794	-0.099643	-0.099786	-0.099678	-0.099691	-0.099765
418.000000	-0.099946	-0.099734	-0.099643	-0.099724	-0.099742	-0.099752	-0.099866
419.000000	-0.100178	-0.099854	-0.099815	-0.099925	-0.100044	-0.099965	-0.100105
420.000000	-0.100400	-0.100076	-0.100110	-0.100202	-0.100358	-0.100203	-0.100330
421.000000	-0.100409	-0.100181	-0.100372	-0.100204	-0.100319	-0.100235	-0.100307
422.000000	-0.100310	-0.100219	-0.100545	-0.100074	-0.100076	-0.100157	-0.100169
423.000000	-0.100385	-0.100396	-0.100632	-0.100245	-0.100079	-0.100256	-0.100262
424.000000	-0.100603	-0.100659	-0.100638	-0.100656	-0.100343	-0.100507	-0.100542
425.000000	-0.100647	-0.100720	-0.100562	-0.100799	-0.100485	-0.100602	-0.100618
426.000000	-0.100459	-0.100552	-0.100459	-0.100574	-0.100405	-0.100479	-0.100426
427.000000	-0.100334	-0.100481	-0.100453	-0.100440	-0.100396	-0.100411	-0.100360
428.000000	-0.100433	-0.100658	-0.100592	-0.100634	-0.100600	-0.100549	-0.100594
429.000000	-0.100608	-0.100846	-0.100758	-0.100884	-0.100821	-0.100765	-0.100816
430.000000	-0.100737	-0.100876	-0.100861	-0.100971	-0.100909	-0.100931	-0.100809
431.000000	-0.100870	-0.100902	-0.100931	-0.100990	-0.100960	-0.101019	-0.100787
432.000000	-0.101062	-0.101077	-0.101013	-0.101065	-0.101074	-0.101033	-0.100962
433.000000	-0.101234	-0.101284	-0.101101	-0.101179	-0.101187	-0.101050	-0.101196
434.000000	-0.101297	-0.101361	-0.101179	-0.101284	-0.101210	-0.101146	-0.101294
435.000000	-0.101317	-0.101357	-0.101255	-0.101382	-0.101211	-0.101276	-0.101301
436.000000	-0.101413	-0.101402	-0.101348	-0.101494	-0.101312	-0.101355	-0.101355
437.000000	-0.101573	-0.101498	-0.101459	-0.101603	-0.101489	-0.101414	-0.101452
438.000000	-0.101706	-0.101576	-0.101579	-0.101674	-0.101634	-0.101547	-0.101510
439.000000	-0.101763	-0.101625	-0.101688	-0.101702	-0.101701	-0.101721	-0.101540
440.000000	-0.101738	-0.101687	-0.101751	-0.101710	-0.101702	-0.101789	-0.101634
441.000000	-0.101689	-0.101773	-0.101779	-0.101721	-0.101686	-0.101749	-0.101795
442.000000	-0.101750	-0.101856	-0.101832	-0.101751	-0.101743	-0.101796	-0.101900
443.000000	-0.101971	-0.101926	-0.101945	-0.101825	-0.101912	-0.102011	-0.101921
444.000000	-0.102217	-0.102017	-0.102093	-0.101981	-0.102122	-0.102236	-0.102027
445.000000	-0.102380	-0.102155	-0.102246	-0.102218	-0.102310	-0.102345	-0.102309
446.000000	-0.102466	-0.102324	-0.102394	-0.102418	-0.102464	-0.102374	-0.102578
447.000000	-0.102506	-0.102498	-0.102526	-0.102487	-0.102581	-0.102387	-0.102660
448.000000	-0.102555	-0.102624	-0.102624	-0.102513	-0.102670	-0.102438	-0.102639
449.000000	-0.102653	-0.102655	-0.102676	-0.102606	-0.102734	-0.102561	-0.102648
450.000000	-0.102712	-0.102623	-0.102670	-0.102696	-0.102741	-0.102656	-0.102664
451.000000	-0.102613	-0.102587	-0.102605	-0.102658	-0.102653	-0.102590	-0.102609
452.000000	-0.102423	-0.102546	-0.102520	-0.102525	-0.102529	-0.102441	-0.102529
453.000000	-0.102318	-0.102466	-0.102478	-0.102428	-0.102482	-0.102407	-0.102534
454.000000	-0.102374	-0.102398	-0.102504	-0.102445	-0.102542	-0.102520	-0.102634
455.000000	-0.102577	-0.102455	-0.102584	-0.102609	-0.102672	-0.102674	-0.102746
456.000000	-0.102836	-0.102641	-0.102690	-0.102836	-0.102809	-0.102781	-0.102813
457.000000	-0.102970	-0.102814	-0.102770	-0.102899	-0.102870	-0.102788	-0.102813
458.000000	-0.102898	-0.102878	-0.102791	-0.102730	-0.102821	-0.102697	-0.102746
459.000000	-0.102732	-0.102832	-0.102745	-0.102564	-0.102718	-0.102614	-0.102653
460.000000	-0.102591	-0.102714	-0.102658	-0.102570	-0.102624	-0.102616	-0.102576
461.000000	-0.102565	-0.102633	-0.102632	-0.102654	-0.102588	-0.102677	-0.102543
462.000000	-0.102687	-0.102672	-0.102731	-0.102705	-0.102637	-0.102748	-0.102569
463.000000	-0.102788	-0.102756	-0.102811	-0.102737	-0.102712	-0.102770	-0.102606
464.000000	-0.102698	-0.102783	-0.102719	-0.102785	-0.102749	-0.102698	-0.102609
465.000000	-0.102587	-0.102760	-0.102585	-0.102832	-0.102778	-0.102634	-0.102622
466.000000	-0.102717	-0.102729	-0.102619	-0.102844	-0.102856	-0.102712	-0.102713
467.000000	-0.102969	-0.102715	-0.102775	-0.102854	-0.102945	-0.102881	-0.102848
468.000000	-0.103029	-0.102730	-0.102863	-0.102925	-0.102960	-0.102987	-0.102940
469.000000	-0.102892	-0.102771	-0.102838	-0.103007	-0.102904	-0.102971	-0.102948
470.000000	-0.102810	-0.102827	-0.102774	-0.102964	-0.102853	-0.102855	-0.102873
471.000000	-0.102855	-0.102874	-0.102723	-0.102806	-0.102832	-0.102710	-0.102752
472.000000	-0.102882	-0.102881	-0.102703	-0.102721	-0.102807	-0.102663	-0.102665
473.000000	-0.102821	-0.102852	-0.102724	-0.102794	-0.102780	-0.102748	-0.102652
474.000000	-0.102758	-0.102860	-0.102773	-0.102914	-0.102823	-0.102840	-0.102680
475.000000	-0.102755	-0.102933	-0.102836	-0.102982	-0.102949	-0.102842	-0.102723
476.000000	-0.102769	-0.102967	-0.102902	-0.102967	-0.103012	-0.102790	-0.102792
477.000000	-0.102759	-0.102885	-0.102959	-0.102876	-0.102902	-0.102735	-0.102886
478.000000	-0.102766	-0.102797	-0.103005	-0.102797	-0.102777	-0.102724	-0.102944
479.000000	-0.102833	-0.102827	-0.103041	-0.102818	-0.102813	-0.102787	-0.102909
480.000000	-0.102920	-0.102933	-0.103050	-0.102911	-0.102934	-0.102877	-0.102842
481.000000	-0.102966	-0.103011	-0.103013	-0.103003	-0.102987	-0.102924	-0.102835
482.000000	-0.102942	-0.102985	-0.102921	-0.103002	-0.102914	-0.102900	-0.102855
483.000000	-0.102840	-0.102802	-0.102776	-0.102815	-0.102718	-0.102801	-0.102807
484.000000	-0.102679	-0.102553	-0.102606	-0.102526	-0.102486	-0.102658	-0.102682
485.000000	-0.102500	-0.102434	-0.102462	-0.102344	-0.102372	-0.102525	-0.102535
486.000000	-0.102341	-0.102459	-0.102362	-0.102325	-0.102389	-0.102422	-0.102413
487.000000	-0.102241	-0.102438	-0.102278	-0.102346	-0.102394	-0.102337	-0.102352
488.000000	-0.102212	-0.102295	-0.102211	-0.102322	-0.102317	-0.102267	-0.102352
489.000000	-0.102224	-0.102166	-0.102206	-0.102241	-0.102226	-0.102239	-0.102356
490.000000	-0.102255	-0.102156	-0.102280	-0.102148	-0.102183	-0.102261	-0.102332
491.000000	-0.102317	-0.102261	-0.102376	-0.102203	-0.102219	-0.102295	-0.102335
492.000000	-0.102397	-0.102413	-0.102420	-0.102464	-0.102321	-0.102294	-0.102382
493.000000	-0.102378	-0.102387	-0.102327	-0.102557	-0.102336	-0.102190	-0.102325
494.000000	-0.102164	-0.102014	-0.102049	-0.102147	-0.102134	-0.101949	-0.102043
495.000000	-0.101890	-0.101605	-0.101766	-0.101638	-0.101879	-0.101730	-0.101745
496.000000	-0.101747	-0.101574	-0.101700	-0.101598	-0.101802	-0.101726	-0.101708
497.000000	-0.101721	-0.101786	-0.101783	-0.101856	-0.101852	-0.101831	-0.101825
498.000000	-0.101697	-0.101859	-0.101814	-0.101907	-0.101849	-0.101807	-0.101811
499.000000	-0.101622	-0.101719	-0.101735	-0.101704	-0.101737	-0.101630	-0.101639
500.000000	-0.101484	-0.101516	-0.101595	-0.101529	-0.101556	-0.101432	-0.101466
501.000000	-0.101311	-0.101341	-0.101431	-0.101451	-0.101358	-0.101277	-0.101352
502.000000	-0.101174	-0.101209	-0.101261	-0.101304	-0.101204	-0.101158	-0.101244
503.000000	-0.101100	-0.101114	-0.101106	-0.101060	-0.101118	-0.101067	-0.101128
504.000000	-0.101048	-0.101021	-0.100988	-0.100908	-0.101067	-0.100994	-0.101048
505.000000	-0.100977	-0.100909	-0.100907	-0.100930	-0.101010	-0.100925	-0.101017
506.000000	-0.100856	-0.100792	-0.100808	-0.100928	-0.100908	-0.100825	-0.100961
507.000000	-0.100677	-0.100686	-0.100655	-0.100752	-0.100744	-0.100676	-0.100824
508.000000	-0.100500	-0.100579	-0.100499	-0.100520	-0.100581	-0.100530	-0.100634
509.000000	-0.100386	-0.100464	-0.100394	-0.100372	-0.100477	-0.100440	-0.100441
510.000000	-0.100317	-0.100378	-0.100342	-0.100300	-0.100413	-0.100392	-0.100304
511.000000	-0.100252	-0.100357	-0.100321	-0.100246	-0.100346	-0.100351	-0.100267
512.000000	-0.100169	-0.100318	-0.100269	-0.100162	-0.100245	-0.100273	-0.100235
513.000000	-0.100057	-0.100137	-0.100111	-0.100011	-0.100087	-0.100114	-0.100066
514.000000	-0.099918	-0.099880	-0.099898	-0.099834	-0.099919	-0.099927	-0.099823
515.000000	-0.099765	-0.099728	-0.099757	-0.099725	-0.099824	-0.099820	-0.099697
516.000000	-0.099603	-0.099682	-0.099683	-0.099672	-0.099765	-0.099766	-0.099689
517.000000	-0.099429	-0.099571	-0.099552	-0.099560	-0.099585	-0.099612	-0.099613
518.000000	-0.099262	-0.099338	-0.099334	-0.099355	-0.099274	-0.099333	-0.099405
519.000000	-0.099144	-0.099100	-0.099143	-0.099129	-0.099017	-0.099091	-0.099172
520.000000	-0.099075	-0.098935	-0.099032	-0.098938	-0.098919	-0.098973	-0.098990
521.000000	-0.098955	-0.098819	-0.098914	-0.098787	-0.098882	-0.098891	-0.098844
522.000000	-0.098727	-0.098715	-0.098727	-0.098667	-0.098812	-0.098766	-0.098708
523.000000	-0.098493	-0.098589	-0.098534	-0.098560	-0.098700	-0.098604	-0.098562
524.000000	-0.098354	-0.098423	-0.098404	-0.098448	-0.098556	-0.098434	-0.098396
525.000000	-0.098281	-0.098274	-0.098323	-0.098341	-0.098404	-0.098309	-0.098259
526.000000	-0.098210	-0.098206	-0.098254	-0.098251	-0.098268	-0.098273	-0.098200
527.000000	-0.098118	-0.098177	-0.098185	-0.098158	-0.098170	-0.098244	-0.098168
528.000000	-0.097998	-0.098109	-0.098111	-0.098035	-0.098122	-0.098107	-0.098081
529.000000	-0.097890	-0.097990	-0.098007	-0.097913	-0.098087	-0.097914	-0.097952
530.000000	-0.097852	-0.097846	-0.097840	-0.097850	-0.097995	-0.097809	-0.097853
531.000000	-0.097787	-0.097640	-0.097632	-0.097767	-0.097774	-0.097729	-0.097725
532.000000	-0.097476	-0.097290	-0.097448	-0.097478	-0.097362	-0.097435	-0.097408
533.000000	-0.097142	-0.097043	-0.097336	-0.097138	-0.097057	-0.097136	-0.097139
534.000000	-0.097553	-0.097549	-0.097320	-0.097325	-0.097596	-0.097590	-0.097638
535.000000	-0.098294	-0.098325	-0.097309	-0.097822	-0.098448	-0.098370	-0.098425
536.000000	-0.096753	-0.096790	-0.097013	-0.096931	-0.096740	-0.096835	-0.096788
537.000000	-0.093295	-0.093339	-0.096494	-0.094781	-0.092906	-0.093345	-0.093136
538.000000	-0.096830	-0.096877	-0.096805	-0.096788	-0.096831	-0.096853	-0.096795
539.000000	-0.109564	-0.109599	-0.098203	-0.104353	-0.110953	-0.109593	-0.110082
540.000000	-0.101409	-0.101423	-0.097111	-0.099421	-0.101846	-0.101400	-0.101564
541.000000	-0.046705	-0.046701	-0.090533	-0.066606	-0.040806	-0.046561	-0.044741
542.000000	0.004929	0.004944	-0.084724	-0.035860	0.018469	0.005071	0.006420
543.000000	-0.014093	-0.014082	-0.087949	-0.047846	0.002244	-0.014338	-0.020052
544.000000	-0.076387	-0.076368	-0.094956	-0.084953	-0.062702	-0.076732	-0.083241
545.000000	-0.106744	-0.106673	-0.093957	-0.100426	-0.098711	-0.105915	-0.087108
546.000000	-0.094531	-0.094395	-0.086597	-0.090208	-0.092336	-0.093093	-0.038983
547.000000	-0.079643	-0.079511	-0.084829	-0.083462	-0.080479	-0.082038	-0.025786
548.000000	-0.079822	-0.079762	-0.090989	-0.089969	-0.080491	-0.088847	-0.066703
549.000000	-0.086328	-0.086312	-0.096322	-0.096735	-0.086150	-0.096929	-0.102578
550.000000	-0.092144	-0.092111	-0.096413	-0.096756	-0.091908	-0.097034	-0.103520
551.000000	-0.095338	-0.095299	-0.094826	-0.094686	-0.095342	-0.094603	-0.093702
552.000000	-0.095469	-0.095478	-0.094406	-0.094278	-0.095559	-0.094109	-0.092230
553.000000	-0.094521	-0.094574	-0.094603	-0.094672	-0.094593	-0.094593	-0.094715
554.000000	-0.094238	-0.094282	-0.094603	-0.094694	-0.094288	-0.094701	-0.095241
555.000000	-0.094320	-0.094324	-0.094369	-0.094385	-0.094353	-0.094426	-0.094379
556.000000	-0.094168	-0.094137	-0.094053	-0.094039	-0.094180	-0.094056	-0.093834
557.000000	-0.093963	-0.093920	-0.093885	-0.093882	-0.093962	-0.093850	-0.093841
558.000000	-0.094039	-0.094018	-0.094029	-0.094031	-0.094052	-0.093974	-0.094106
559.000000	-0.093894	-0.093916	-0.093926	-0.093919	-0.093935	-0.093870	-0.093997
560.000000	-0.092794	-0.092862	-0.092838	-0.092824	-0.092854	-0.092807	-0.092885
561.000000	-0.092291	-0.092395	-0.092331	-0.092324	-0.092362	-0.092336	-0.092380
562.000000	-0.095226	-0.095352	-0.095267	-0.095303	-0.095314	-0.095296	-0.095341
563.000000	-0.097380	-0.097508	-0.097429	-0.097514	-0.097483	-0.097458	-0.097525
564.000000	-0.087890	-0.087992	-0.087932	-0.088001	-0.087972	-0.087943	-0.088000
565.000000	-0.076936	-0.076995	-0.076956	-0.076937	-0.076964	-0.076944	-0.076954
566.000000	-0.104909	-0.104945	-0.104918	-0.104822	-0.104893	-0.104901	-0.104894
567.000000	-0.175296	-0.175341	-0.175318	-0.175209	-0.175276	-0.175320	-0.175353
568.000000	-0.210782	-0.210814	-0.210808	-0.210719	-0.210773	-0.210816	-0.210891
569.000000	-0.161984	-0.161959	-0.161989	-0.161923	-0.161985	-0.161969	-0.162039
570.000000	-0.094498	-0.094436	-0.094472	-0.094444	-0.094506	-0.094437	-0.094465
571.000000	-0.076577	-0.076562	-0.076537	-0.076571	-0.076600	-0.076539	-0.076514
572.000000	-0.089831	-0.089903	-0.089795	-0.089890	-0.089871	-0.089849	-0.089796
573.000000	-0.096314	-0.096444	-0.096293	-0.096415	-0.096366	-0.096361	-0.096338
574.000000	-0.092929	-0.093064	-0.092915	-0.093025	-0.092977	-0.092959	-0.092994
575.000000	-0.090465	-0.090552	-0.090432	-0.090502	-0.090485	-0.090440	-0.090510
576.000000	-0.091085	-0.091106	-0.091031	-0.091055	-0.091078	-0.091003	-0.091072
577.000000	-0.091753	-0.091743	-0.091727	-0.091725	-0.091759	-0.091673	-0.091710
578.000000	-0.091486	-0.091486	-0.091513	-0.091519	-0.091541	-0.091458	-0.091453
579.000000	-0.091149	-0.091158	-0.091164	-0.091207	-0.091244	-0.091159	-0.091127
580.000000	-0.091025	-0.091022	-0.090960	-0.091050	-0.091132	-0.091040	-0.091007
581.000000	-0.090602	-0.090580	-0.090491	-0.090598	-0.090708	-0.090622	-0.090615
582.000000	-0.090039	-0.090007	-0.089967	-0.090044	-0.090136	-0.090079	-0.090108
583.000000	-0.090782	-0.090771	-0.090773	-0.090810	-0.090852	-0.090821	-0.090872
584.000000	-0.092524	-0.092570	-0.092555	-0.092568	-0.092552	-0.092526	-0.092571
585.000000	-0.090056	-0.090142	-0.090108	-0.090107	-0.090073	-0.090030	-0.090056
586.000000	-0.083499	-0.083570	-0.083559	-0.083553	-0.083564	-0.083488	-0.083502
587.000000	-0.096687	-0.096725	-0.096728	-0.096733	-0.096793	-0.096689	-0.096698
588.000000	-0.148181	-0.148215	-0.148170	-0.148210	-0.148256	-0.148147	-0.148155
589.000000	-0.192380	-0.192413	-0.192355	-0.192392	-0.192374	-0.192295	-0.192309
590.000000	-0.170121	-0.170116	-0.170194	-0.170129	-0.170042	-0.170030	-0.170064
591.000000	-0.108462	-0.108401	-0.108566	-0.108477	-0.108357	-0.108431	-0.108460
592.000000	-0.075910	-0.075826	-0.075716	-0.075935	-0.075853	-0.075993	-0.075952
593.000000	-0.081898	-0.081839	-0.081567	-0.081929	-0.081925	-0.082002	-0.081948
594.000000	-0.091628	-0.091632	-0.092288	-0.091654	-0.091699	-0.091427	-0.091650
595.000000	-0.090628	-0.090696	-0.092061	-0.090640	-0.090691	-0.090193	-0.090615
596.000000	-0.087434	-0.087508	-0.085647	-0.087428	-0.087502	-0.087871	-0.087440
597.000000	-0.087128	-0.087149	-0.078742	-0.087114	-0.087229	-0.088656	-0.087213
598.000000	-0.087743	-0.087748	-0.076891	-0.087752	-0.087844	-0.086708	-0.087889
599.000000	-0.087635	-0.087708	-0.081926	-0.087705	-0.087681	-0.079837	-0.087772
600.000000	-0.087199	-0.087335	-0.087481	-0.087337	-0.087210	-0.075813	-0.087284
601.000000	-0.086918	-0.087040	-0.088365	-0.087096	-0.086969	-0.080126	-0.086949
602.000000	-0.086665	-0.086748	-0.086810	-0.086830	-0.086767	-0.086469	-0.086707
603.000000	-0.086248	-0.086326	-0.085934	-0.086342	-0.086350	-0.087909	-0.086403
604.000000	-0.085768	-0.085870	-0.085801	-0.085805	-0.085851	-0.086162	-0.086009
605.000000	-0.085384	-0.085513	-0.085633	-0.085456	-0.085489	-0.085098	-0.085542
606.000000	-0.085070	-0.085189	-0.085254	-0.085196	-0.085206	-0.085067	-0.085068
607.000000	-0.084719	-0.084755	-0.084761	-0.084794	-0.084836	-0.084915	-0.084668
608.000000	-0.084310	-0.084256	-0.084245	-0.084281	-0.084382	-0.084412	-0.084324
609.000000	-0.083880	-0.083847	-0.083789	-0.083847	-0.083954	-0.083915	-0.083961
610.000000	-0.083473	-0.083553	-0.083426	-0.083540	-0.083599	-0.083557	-0.083578
611.000000	-0.083137	-0.083276	-0.083142	-0.083267	-0.083305	-0.083261	-0.083237
612.000000	-0.082873	-0.082977	-0.082902	-0.082976	-0.083045	-0.082973	-0.082955
613.000000	-0.082621	-0.082701	-0.082642	-0.082676	-0.082773	-0.082676	-0.082682
614.000000	-0.082363	-0.082474	-0.082354	-0.082388	-0.082483	-0.082388	-0.082403
615.000000	-0.082162	-0.082280	-0.082135	-0.082157	-0.082237	-0.082175	-0.082171
616.000000	-0.082052	-0.082104	-0.082032	-0.082010	-0.082078	-0.082068	-0.082015
617.000000	-0.081960	-0.081960	-0.081933	-0.081919	-0.081974	-0.081988	-0.081892
618.000000	-0.081813	-0.081848	-0.081739	-0.081845	-0.081876	-0.081857	-0.081752
619.000000	-0.081614	-0.081708	-0.081525	-0.081732	-0.081724	-0.081691	-0.081593
620.000000	-0.081393	-0.081486	-0.081391	-0.081538	-0.081480	-0.081526	-0.081427
621.000000	-0.081220	-0.081273	-0.081313	-0.081335	-0.081239	-0.081400	-0.081282
622.000000	-0.081170	-0.081194	-0.081226	-0.081217	-0.081128	-0.081337	-0.081184
623.000000	-0.081165	-0.081180	-0.081117	-0.081150	-0.081080	-0.081255	-0.081100
624.000000	-0.081060	-0.081072	-0.080999	-0.081031	-0.080938	-0.081022	-0.080968
625.000000	-0.080858	-0.080864	-0.080877	-0.080863	-0.080713	-0.080712	-0.080791
626.000000	-0.080678	-0.080670	-0.080749	-0.080725	-0.080545	-0.080548	-0.080619
627.000000	-0.080545	-0.080525	-0.080599	-0.080617	-0.080469	-0.080538	-0.080483
628.000000	-0.080382	-0.080378	-0.080401	-0.080449	-0.080404	-0.080451	-0.080388
629.000000	-0.080174	-0.080211	-0.080172	-0.080210	-0.080289	-0.080206	-0.080305
630.000000	-0.080008	-0.080067	-0.079990	-0.080020	-0.080108	-0.079986	-0.080155
631.000000	-0.079930	-0.079965	-0.079890	-0.079949	-0.079886	-0.079895	-0.079917
632.000000	-0.079860	-0.079874	-0.079783	-0.079922	-0.079728	-0.079814	-0.079709
633.000000	-0.079731	-0.079768	-0.079607	-0.079860	-0.079695	-0.079648	-0.079618
634.000000	-0.079566	-0.079664	-0.079444	-0.079729	-0.079664	-0.079475	-0.079560
635.000000	-0.079400	-0.079573	-0.079371	-0.079517	-0.079510	-0.079375	-0.079439
636.000000	-0.079244	-0.079434	-0.079310	-0.079275	-0.079288	-0.079264	-0.079256
637.000000	-0.079096	-0.079181	-0.079154	-0.079065	-0.079088	-0.079037	-0.079040
638.000000	-0.078916	-0.078873	-0.078929	-0.078883	-0.078896	-0.078788	-0.078827
639.000000	-0.078655	-0.078620	-0.078717	-0.078699	-0.078658	-0.078685	-0.078651
640.000000	-0.078406	-0.078475	-0.078553	-0.078528	-0.078435	-0.078675	-0.078530
641.000000	-0.078336	-0.078452	-0.078443	-0.078411	-0.078354	-0.078572	-0.078471
642.000000	-0.078413	-0.078484	-0.078365	-0.078343	-0.078389	-0.078378	-0.078446
643.000000	-0.078424	-0.078433	-0.078280	-0.078269	-0.078371	-0.078257	-0.078401
644.000000	-0.078289	-0.078273	-0.078177	-0.078178	-0.078254	-0.078252	-0.078304
645.000000	-0.078108	-0.078122	-0.078087	-0.078110	-0.078150	-0.078233	-0.078157
646.000000	-0.077975	-0.078064	-0.078036	-0.078090	-0.078126	-0.078141	-0.078003
647.000000	-0.077949	-0.078092	-0.078041	-0.078102	-0.078150	-0.078062	-0.077946
648.000000	-0.078039	-0.078171	-0.078096	-0.078124	-0.078181	-0.078062	-0.078039
649.000000	-0.078137	-0.078214	-0.078136	-0.078136	-0.078198	-0.078106	-0.078168
650.000000	-0.078142	-0.078153	-0.078111	-0.078118	-0.078186	-0.078141	-0.078215
651.000000	-0.078077	-0.078048	-0.078045	-0.078062	-0.078137	-0.078134	-0.078158
652.000000	-0.077983	-0.077967	-0.077969	-0.077958	-0.078044	-0.078050	-0.078001
653.000000	-0.077826	-0.077848	-0.077836	-0.077783	-0.077874	-0.077855	-0.077765
654.000000	-0.077556	-0.077595	-0.077580	-0.077517	-0.077593	-0.077527	-0.077477
655.000000	-0.077204	-0.077250	-0.077238	-0.077191	-0.077256	-0.077142	-0.077174
656.000000	-0.076845	-0.076927	-0.076903	-0.076866	-0.076957	-0.076824	-0.076894
657.000000	-0.076555	-0.076674	-0.076632	-0.076604	-0.076726	-0.076614	-0.076664
658.000000	-0.076409	-0.076490	-0.076458	-0.076465	-0.076541	-0.076492	-0.076500
659.000000	-0.076390	-0.076378	-0.076381	-0.076433	-0.076399	-0.076426	-0.076403
660.000000	-0.076393	-0.076353	-0.076366	-0.076416	-0.076316	-0.076380	-0.076353
661.000000	-0.076339	-0.076368	-0.076357	-0.076352	-0.076274	-0.076320	-0.076316
662.000000	-0.076208	-0.076295	-0.076259	-0.076228	-0.076208	-0.076217	-0.076237
663.000000	-0.076003	-0.076073	-0.076042	-0.076051	-0.076067	-0.076054	-0.076088
664.000000	-0.075773	-0.075805	-0.075809	-0.075862	-0.075857	-0.075841	-0.075894
665.000000	-0.075543	-0.075564	-0.075620	-0.075666	-0.075585	-0.075577	-0.075662
666.000000	-0.075241	-0.075259	-0.075346	-0.075349	-0.075241	-0.075225	-0.075315
667.000000	-0.074814	-0.074821	-0.074883	-0.074837	-0.074836	-0.074772	-0.074807
668.000000	-0.074391	-0.074417	-0.074400	-0.074340	-0.074458	-0.074352	-0.074323
669.000000	-0.074126	-0.074233	-0.074102	-0.074102	-0.074200	-0.074111	-0.074066
670.000000	-0.073969	-0.074127	-0.073914	-0.073991	-0.074005	-0.073960	-0.073935
671.000000	-0.073791	-0.073847	-0.073656	-0.073751	-0.073763	-0.073728	-0.073718
672.000000	-0.073563	-0.073452	-0.073339	-0.073413	-0.073479	-0.073428	-0.073424
673.000000	-0.073312	-0.073181	-0.073088	-0.073178	-0.073230	-0.073180	-0.073189
674.000000	-0.073071	-0.073063	-0.072943	-0.073073	-0.073047	-0.073019	-0.073055
675.000000	-0.072874	-0.072950	-0.072871	-0.072978	-0.072923	-0.072906	-0.072976
676.000000	-0.072747	-0.072803	-0.072845	-0.072854	-0.072849	-0.072822	-0.072916
677.000000	-0.072710	-0.072716	-0.072841	-0.072767	-0.072816	-0.072776	-0.072861
678.000000	-0.072753	-0.072738	-0.072846	-0.072755	-0.072815	-0.072764	-0.072818
679.000000	-0.072810	-0.072817	-0.072862	-0.072792	-0.072847	-0.072766	-0.072828
680.000000	-0.072821	-0.072884	-0.072870	-0.072837	-0.072889	-0.072761	-0.072887
681.000000	-0.072752	-0.072845	-0.072808	-0.072809	-0.072865	-0.072736	-0.072865
682.000000	-0.072605	-0.072662	-0.072649	-0.072671	-0.072740	-0.072692	-0.072681
683.000000	-0.072506	-0.072509	-0.072527	-0.072547	-0.072654	-0.072672	-0.072512
684.000000	-0.072571	-0.072567	-0.072576	-0.072567	-0.072741	-0.072717	-0.072540
685.000000	-0.072720	-0.072761	-0.072720	-0.072671	-0.072870	-0.072779	-0.072682
686.000000	-0.072816	-0.072937	-0.072820	-0.072744	-0.072851	-0.072792	-0.072779
687.000000	-0.072804	-0.072979	-0.072809	-0.072738	-0.072720	-0.072743	-0.072776
688.000000	-0.072675	-0.072803	-0.072656	-0.072638	-0.072616	-0.072646	-0.072676
689.000000	-0.072509	-0.072529	-0.072441	-0.072487	-0.072552	-0.072538	-0.072526
690.000000	-0.072441	-0.072406	-0.072313	-0.072363	-0.072464	-0.072467	-0.072401
691.000000	-0.072479	-0.072455	-0.072312	-0.072314	-0.072361	-0.072439	-0.072351
692.000000	-0.072510	-0.072482	-0.072375	-0.072354	-0.072330	-0.072417	-0.072397
693.000000	-0.072489	-0.072421	-0.072455	-0.072448	-0.072386	-0.072389	-0.072508
694.000000	-0.072476	-0.072400	-0.072535	-0.072499	-0.072445	-0.072373	-0.072589
695.000000	-0.072497	-0.072476	-0.072590	-0.072473	-0.072457	-0.072382	-0.072585
696.000000	-0.072492	-0.072540	-0.072571	-0.072456	-0.072455	-0.072419	-0.072530
697.000000	-0.072437	-0.072526	-0.072474	-0.072513	-0.072476	-0.072479	-0.072471
698.000000	-0.072424	-0.072531	-0.072424	-0.072595	-0.072530	-0.072552	-0.072467
699.000000	-0.072523	-0.072637	-0.072522	-0.072647	-0.072616	-0.072622	-0.072551
700.000000	-0.072630	-0.072742	-0.072667	-0.072678	-0.072679	-0.072659	-0.072668
701.000000	-0.072629	-0.072730	-0.072730	-0.072709	-0.072671	-0.072637	-0.072747
702.000000	-0.072609	-0.072673	-0.072751	-0.072734	-0.072659	-0.072587	-0.072796
703.000000	-0.072713	-0.072699	-0.072816	-0.072743	-0.072735	-0.072561	-0.072843
704.000000	-0.072834	-0.072771	-0.072881	-0.072738	-0.072840	-0.072573	-0.072854
705.000000	-0.072749	-0.072769	-0.072841	-0.072731	-0.072839	-0.072618	-0.072767
706.000000	-0.072502	-0.072681	-0.072703	-0.072706	-0.072735	-0.072645	-0.072605
707.000000	-0.072334	-0.072576	-0.072562	-0.072634	-0.072634	-0.072574	-0.072457
708.000000	-0.072304	-0.072469	-0.072449	-0.072506	-0.072539	-0.072406	-0.072343
709.000000	-0.072265	-0.072308	-0.072326	-0.072339	-0.072343	-0.072235	-0.072209
710.000000	-0.072132	-0.072086	-0.072156	-0.072136	-0.072037	-0.072089	-0.072024
711.000000	-0.071915	-0.071862	-0.071906	-0.071876	-0.071772	-0.071884	-0.071795
712.000000	-0.071656	-0.071680	-0.071599	-0.071574	-0.071621	-0.071595	-0.071541
713.000000	-0.071432	-0.071535	-0.071368	-0.071333	-0.071463	-0.071330	-0.071295
714.000000	-0.071273	-0.071390	-0.071283	-0.071203	-0.071201	-0.071158	-0.071077
715.000000	-0.071046	-0.071123	-0.071153	-0.071043	-0.070897	-0.070969	-0.070857
716.000000	-0.070636	-0.070654	-0.070802	-0.070717	-0.070619	-0.070658	-0.070604
717.000000	-0.070156	-0.070183	-0.070329	-0.070283	-0.070311	-0.070304	-0.070304
718.000000	-0.069764	-0.069933	-0.069896	-0.069851	-0.069910	-0.070014	-0.069956
719.000000	-0.069443	-0.069767	-0.069540	-0.069486	-0.069528	-0.069739	-0.069568
720.000000	-0.069118	-0.069429	-0.069250	-0.069233	-0.069331	-0.069380	-0.069168
721.000000	-0.068833	-0.069004	-0.069041	-0.069084	-0.069258	-0.069025	-0.068894
722.000000	-0.068693	-0.068766	-0.068936	-0.068993	-0.069119	-0.068866	-0.068932
723.000000	-0.068609	-0.068642	-0.068833	-0.068855	-0.068839	-0.068835	-0.069093
724.000000	-0.068328	-0.068285	-0.068532	-0.068521	-0.068444	-0.068656	-0.068884
725.000000	-0.067846	-0.067720	-0.068065	-0.068050	-0.068024	-0.068266	-0.068298
726.000000	-0.067451	-0.067427	-0.067733	-0.067744	-0.067739	-0.067860	-0.067909
727.000000	-0.067309	-0.067553	-0.067685	-0.067719	-0.067653	-0.067599	-0.067937
728.000000	-0.067357	-0.067652	-0.067786	-0.067768	-0.067661	-0.067565	-0.067960
729.000000	-0.067517	-0.067487	-0.067907	-0.067765	-0.067704	-0.067778	-0.067759
730.000000	-0.067727	-0.067454	-0.067991	-0.067862	-0.067865	-0.068144	-0.067726
731.000000	-0.067939	-0.067893	-0.068009	-0.068188	-0.068207	-0.068568	-0.068196
732.000000	-0.068147	-0.068633	-0.067987	-0.068657	-0.068659	-0.069015	-0.068984
