[HEADER]
Format	J&M ASCII Table
Comment	Remin PV CDOM Samples 
Date	2/12/1980 6:40:59 AM
Order	Y (evenX)
TechType	UV
NumPoints	483
FirstX	250.00
LastX	732.00
XType	NMetr
YType	Absrb
ZType	Secs
NumSubFile	7
Matrix	Z vs X
[DATA]
	0.000000	5.000128	10.000192	15.000320	20.000383	25.000448	30.000576
250.000000	1.551388	1.555209	1.552410	1.543552	1.548079	1.551779	1.562066
251.000000	1.538150	1.544079	1.541581	1.531394	1.536252	1.538783	1.548470
252.000000	1.519801	1.530060	1.528539	1.520740	1.522815	1.525838	1.528494
253.000000	1.505433	1.515494	1.515581	1.510487	1.510468	1.512953	1.510302
254.000000	1.501582	1.502926	1.504875	1.500108	1.501345	1.500717	1.500556
255.000000	1.501610	1.494274	1.496913	1.491751	1.494348	1.491733	1.496533
256.000000	1.497842	1.490645	1.491779	1.487383	1.488182	1.488126	1.493864
257.000000	1.492582	1.489476	1.489335	1.484805	1.484328	1.486995	1.490325
258.000000	1.490884	1.487435	1.489241	1.481074	1.484836	1.484408	1.484881
259.000000	1.492175	1.485363	1.490073	1.479148	1.488506	1.482301	1.480530
260.000000	1.493241	1.486145	1.490055	1.484525	1.492615	1.485311	1.482051
261.000000	1.494868	1.490840	1.490596	1.494957	1.496878	1.492910	1.489553
262.000000	1.500785	1.499010	1.495402	1.502388	1.502817	1.500621	1.499498
263.000000	1.509757	1.507913	1.503286	1.504350	1.509247	1.505598	1.507563
264.000000	1.514860	1.512275	1.507477	1.504907	1.511896	1.507009	1.508708
265.000000	1.513981	1.510749	1.506321	1.506703	1.510013	1.506061	1.503189
266.000000	1.513672	1.508878	1.507353	1.509377	1.509103	1.507230	1.500292
267.000000	1.517548	1.510471	1.514079	1.512035	1.512326	1.512614	1.505311
268.000000	1.519546	1.513184	1.517411	1.513178	1.515295	1.517422	1.511084
269.000000	1.514206	1.513674	1.509703	1.511208	1.513473	1.516653	1.510471
270.000000	1.504515	1.508470	1.496913	1.504510	1.506451	1.508802	1.504252
271.000000	1.494834	1.495221	1.486957	1.492215	1.495100	1.493983	1.494824
272.000000	1.485039	1.478760	1.478900	1.478100	1.481904	1.477008	1.482424
273.000000	1.473330	1.465852	1.468713	1.467021	1.469592	1.463766	1.466664
274.000000	1.458470	1.454827	1.455460	1.456673	1.457091	1.452733	1.449212
275.000000	1.439655	1.439398	1.439933	1.440896	1.441262	1.438288	1.432736
276.000000	1.418001	1.418502	1.421501	1.419058	1.421450	1.418563	1.416309
277.000000	1.396232	1.395598	1.398369	1.395306	1.399165	1.394993	1.395981
278.000000	1.375430	1.372941	1.371889	1.372450	1.375758	1.369722	1.371030
279.000000	1.354523	1.351062	1.347436	1.351389	1.352289	1.345648	1.344952
280.000000	1.332665	1.329852	1.327475	1.331854	1.329316	1.324441	1.320527
281.000000	1.309699	1.308201	1.308473	1.311593	1.306486	1.305354	1.298661
282.000000	1.286044	1.285597	1.287706	1.289260	1.283717	1.286973	1.279320
283.000000	1.263561	1.263560	1.266680	1.266732	1.261984	1.266746	1.260381
284.000000	1.243526	1.243335	1.246901	1.245624	1.241931	1.243023	1.239957
285.000000	1.223448	1.223318	1.226483	1.223811	1.221870	1.219108	1.218880
286.000000	1.200592	1.201658	1.203336	1.199011	1.199976	1.199022	1.198556
287.000000	1.177910	1.180380	1.180581	1.175207	1.178053	1.182109	1.179061
288.000000	1.160304	1.162806	1.162989	1.158357	1.159183	1.165791	1.159972
289.000000	1.146989	1.148009	1.148530	1.146100	1.143209	1.148502	1.141692
290.000000	1.133610	1.132435	1.131076	1.131015	1.127934	1.129416	1.125095
291.000000	1.117832	1.114856	1.110635	1.111905	1.112245	1.109522	1.109743
292.000000	1.099339	1.096307	1.093028	1.093522	1.096103	1.091491	1.093975
293.000000	1.079780	1.078210	1.080259	1.078199	1.080056	1.076330	1.077587
294.000000	1.063435	1.062398	1.068665	1.064551	1.065403	1.062628	1.062479
295.000000	1.052023	1.049450	1.055574	1.051309	1.052513	1.049317	1.049547
296.000000	1.041504	1.037261	1.041263	1.038026	1.039693	1.036426	1.037263
297.000000	1.028610	1.024190	1.026433	1.024529	1.025661	1.024021	1.024333
298.000000	1.014820	1.011143	1.011965	1.011184	1.011259	1.011840	1.011177
299.000000	1.002043	0.999170	0.998605	0.998347	0.997593	0.999581	0.998448
300.000000	0.989615	0.987536	0.986256	0.985782	0.985003	0.987067	0.986255
301.000000	0.976320	0.975134	0.974547	0.973156	0.973499	0.974201	0.974491
302.000000	0.962848	0.962270	0.963013	0.960839	0.962372	0.961235	0.962664
303.000000	0.950677	0.949882	0.951197	0.949449	0.950658	0.948581	0.950184
304.000000	0.939775	0.938390	0.939286	0.938590	0.938496	0.936643	0.937545
305.000000	0.929072	0.927831	0.927900	0.927188	0.926770	0.925785	0.925961
306.000000	0.918025	0.917645	0.916987	0.915208	0.915653	0.915507	0.915406
307.000000	0.906668	0.906679	0.905808	0.903693	0.904566	0.904437	0.904577
308.000000	0.895216	0.894768	0.894285	0.893130	0.893262	0.892364	0.893019
309.000000	0.884115	0.883288	0.883398	0.883072	0.882055	0.880906	0.881664
310.000000	0.873640	0.873041	0.873611	0.873133	0.871303	0.871075	0.871175
311.000000	0.863617	0.863233	0.864000	0.863234	0.861348	0.862139	0.861341
312.000000	0.853805	0.853154	0.853812	0.853316	0.852258	0.853240	0.851799
313.000000	0.843935	0.843164	0.843562	0.843220	0.843147	0.843906	0.842084
314.000000	0.833849	0.833706	0.833867	0.832862	0.833187	0.833842	0.831856
315.000000	0.824010	0.824408	0.824426	0.822659	0.823013	0.823252	0.821591
316.000000	0.814962	0.814714	0.814686	0.813110	0.813600	0.812526	0.811959
317.000000	0.806141	0.804822	0.804626	0.803928	0.804628	0.802223	0.802965
318.000000	0.796503	0.795282	0.794507	0.794472	0.795177	0.792927	0.794258
319.000000	0.786364	0.786102	0.784686	0.784785	0.785285	0.784340	0.785266
320.000000	0.777023	0.776891	0.775568	0.775414	0.775701	0.775513	0.775286
321.000000	0.768342	0.767521	0.766903	0.766342	0.766470	0.766128	0.764630
322.000000	0.758581	0.758173	0.757719	0.756917	0.756843	0.756579	0.754725
323.000000	0.747471	0.748911	0.747853	0.747069	0.746675	0.747106	0.746030
324.000000	0.737301	0.739579	0.738522	0.737734	0.736875	0.737628	0.737314
325.000000	0.729353	0.730102	0.730359	0.729312	0.728000	0.728174	0.727816
326.000000	0.721846	0.720647	0.722227	0.720649	0.719492	0.719099	0.718313
327.000000	0.713091	0.711408	0.713113	0.710875	0.710775	0.710655	0.709558
328.000000	0.703477	0.702549	0.703463	0.701070	0.701826	0.702498	0.701322
329.000000	0.693887	0.694199	0.694030	0.692526	0.692833	0.694218	0.693190
330.000000	0.685214	0.686350	0.685320	0.685066	0.684434	0.685809	0.684995
331.000000	0.678172	0.678901	0.677655	0.677981	0.677283	0.677415	0.676681
332.000000	0.671756	0.671369	0.670426	0.670598	0.670637	0.669144	0.668388
333.000000	0.664140	0.663124	0.662594	0.662340	0.663077	0.661091	0.660360
334.000000	0.655441	0.654523	0.654345	0.653853	0.654640	0.653369	0.652812
335.000000	0.647320	0.646699	0.646827	0.646716	0.646520	0.646101	0.645919
336.000000	0.640321	0.639893	0.640233	0.640740	0.639166	0.639145	0.639285
337.000000	0.633616	0.633271	0.633594	0.633633	0.632096	0.632050	0.631852
338.000000	0.626646	0.626381	0.626412	0.624718	0.624963	0.624673	0.623558
339.000000	0.619464	0.619539	0.619128	0.616349	0.617746	0.617430	0.616136
340.000000	0.612259	0.612962	0.612128	0.610060	0.610606	0.610625	0.610570
341.000000	0.605410	0.606392	0.605410	0.604430	0.604104	0.604105	0.605408
342.000000	0.599173	0.599617	0.598913	0.598036	0.598535	0.597686	0.599236
343.000000	0.593169	0.592918	0.592576	0.591365	0.592883	0.591344	0.592369
344.000000	0.586957	0.586631	0.586360	0.585226	0.586106	0.585094	0.585503
345.000000	0.580697	0.580647	0.580333	0.579451	0.579056	0.578948	0.578983
346.000000	0.574741	0.574711	0.574578	0.573543	0.573147	0.572912	0.572974
347.000000	0.569044	0.568817	0.568871	0.567517	0.568053	0.566962	0.567217
348.000000	0.563343	0.563099	0.562844	0.561668	0.562506	0.561068	0.561244
349.000000	0.557701	0.557632	0.556683	0.556126	0.556435	0.555373	0.555235
350.000000	0.552446	0.552439	0.551025	0.550872	0.550773	0.550162	0.549901
351.000000	0.547597	0.547389	0.545991	0.545818	0.545768	0.545389	0.545221
352.000000	0.542776	0.542166	0.541038	0.540793	0.540770	0.540591	0.540248
353.000000	0.537697	0.536659	0.535923	0.535686	0.535427	0.535502	0.534618
354.000000	0.532284	0.531160	0.531022	0.530498	0.530028	0.530266	0.529137
355.000000	0.526652	0.525915	0.526508	0.525295	0.524838	0.525063	0.524366
356.000000	0.521366	0.520933	0.521802	0.520284	0.519853	0.520068	0.519848
357.000000	0.516842	0.516164	0.516459	0.515611	0.515021	0.515368	0.515082
358.000000	0.512517	0.511501	0.511132	0.511076	0.510276	0.510700	0.510116
359.000000	0.507709	0.506822	0.506579	0.506419	0.505550	0.505768	0.505115
360.000000	0.502646	0.502038	0.502327	0.501626	0.500810	0.500693	0.500105
361.000000	0.497863	0.497094	0.497504	0.496774	0.496036	0.495744	0.495073
362.000000	0.493262	0.492136	0.492262	0.491848	0.491209	0.490955	0.490250
363.000000	0.488395	0.487423	0.487344	0.486798	0.486325	0.486231	0.485989
364.000000	0.483416	0.483018	0.482894	0.481862	0.481589	0.481684	0.482120
365.000000	0.479002	0.478804	0.478527	0.477528	0.477372	0.477601	0.478023
366.000000	0.475221	0.474634	0.474155	0.473759	0.473607	0.473856	0.473521
367.000000	0.471333	0.470327	0.470086	0.469839	0.469641	0.469788	0.469031
368.000000	0.466865	0.465818	0.466282	0.465379	0.465118	0.465076	0.464707
369.000000	0.461946	0.461269	0.461981	0.460698	0.460310	0.460114	0.460128
370.000000	0.456845	0.456807	0.456800	0.456105	0.455518	0.455315	0.455142
371.000000	0.452035	0.452402	0.451672	0.451661	0.450926	0.450916	0.450546
372.000000	0.447884	0.448032	0.447471	0.447368	0.446663	0.447003	0.446959
373.000000	0.444159	0.443849	0.443796	0.443149	0.442707	0.443129	0.443478
374.000000	0.440471	0.439983	0.439968	0.438920	0.438980	0.438824	0.439015
375.000000	0.436517	0.436108	0.435808	0.434667	0.435269	0.434431	0.434065
376.000000	0.432080	0.431775	0.431367	0.430414	0.431332	0.430566	0.429690
377.000000	0.427525	0.427298	0.426944	0.426289	0.427171	0.427068	0.425956
378.000000	0.423545	0.423424	0.422969	0.422472	0.422943	0.423321	0.422329
379.000000	0.420106	0.420091	0.419471	0.418891	0.418847	0.419218	0.418604
380.000000	0.416529	0.416506	0.416117	0.415252	0.415106	0.415116	0.414885
381.000000	0.412634	0.412452	0.412627	0.411483	0.411631	0.411201	0.411232
382.000000	0.408934	0.408500	0.408823	0.407821	0.407919	0.407405	0.407635
383.000000	0.405614	0.404941	0.404746	0.404357	0.403825	0.403699	0.404070
384.000000	0.402125	0.401405	0.400857	0.400866	0.399957	0.400151	0.400501
385.000000	0.398140	0.397603	0.397432	0.397194	0.396696	0.396769	0.396909
386.000000	0.394238	0.393708	0.394056	0.393518	0.393510	0.393336	0.393336
387.000000	0.390956	0.389969	0.390352	0.390006	0.389874	0.389679	0.389820
388.000000	0.387894	0.386619	0.386687	0.386536	0.386043	0.386007	0.386346
389.000000	0.384504	0.383812	0.383539	0.382952	0.382457	0.382596	0.382889
390.000000	0.381031	0.381217	0.380728	0.379473	0.379326	0.379428	0.379500
391.000000	0.377996	0.378323	0.377814	0.376421	0.376724	0.376360	0.376248
392.000000	0.375192	0.374973	0.374652	0.373546	0.374246	0.373256	0.373078
393.000000	0.371990	0.371247	0.371287	0.370273	0.371222	0.369998	0.369867
394.000000	0.368441	0.367540	0.367883	0.366784	0.367690	0.366796	0.366706
395.000000	0.365215	0.364519	0.364711	0.363946	0.364333	0.364150	0.363882
396.000000	0.362523	0.362209	0.361850	0.361834	0.361458	0.361932	0.361386
397.000000	0.359922	0.359757	0.359116	0.359428	0.358834	0.359159	0.358805
398.000000	0.357060	0.356721	0.356373	0.356236	0.356223	0.355476	0.355896
399.000000	0.353860	0.353588	0.353612	0.352965	0.353444	0.351870	0.352806
400.000000	0.350422	0.350734	0.350814	0.350173	0.350433	0.349087	0.349686
401.000000	0.347284	0.347891	0.347893	0.347578	0.347438	0.346673	0.346552
402.000000	0.344859	0.344804	0.344825	0.344831	0.344680	0.344099	0.343448
403.000000	0.342635	0.341815	0.341939	0.341984	0.341977	0.341487	0.340624
404.000000	0.339957	0.339335	0.339571	0.339181	0.339088	0.339091	0.338311
405.000000	0.337024	0.337052	0.337418	0.336437	0.336172	0.336764	0.336169
406.000000	0.334349	0.334407	0.334944	0.333718	0.333522	0.334212	0.333659
407.000000	0.331875	0.331530	0.332080	0.331061	0.331051	0.331386	0.330807
408.000000	0.329199	0.328963	0.329047	0.328544	0.328442	0.328393	0.327980
409.000000	0.326305	0.326690	0.326008	0.326108	0.325648	0.325450	0.325297
410.000000	0.323534	0.324183	0.323068	0.323563	0.322873	0.322860	0.322650
411.000000	0.321084	0.321383	0.320394	0.320899	0.320333	0.320664	0.320111
412.000000	0.318933	0.318883	0.318238	0.318346	0.318247	0.318538	0.318003
413.000000	0.316931	0.316902	0.316537	0.316002	0.316526	0.316244	0.316319
414.000000	0.314699	0.314829	0.314604	0.313667	0.314471	0.313765	0.314370
415.000000	0.312056	0.312230	0.312018	0.311212	0.311679	0.311154	0.311722
416.000000	0.309474	0.309486	0.309368	0.308819	0.308831	0.308608	0.308940
417.000000	0.307386	0.307023	0.307232	0.306670	0.306596	0.306302	0.306601
418.000000	0.305499	0.304813	0.305306	0.304681	0.304682	0.304188	0.304508
419.000000	0.303395	0.302715	0.303124	0.302709	0.302605	0.302173	0.302311
420.000000	0.301188	0.300679	0.300828	0.300695	0.300425	0.300249	0.300119
421.000000	0.299186	0.298696	0.298781	0.298627	0.298411	0.298435	0.298203
422.000000	0.297348	0.296750	0.296922	0.296542	0.296546	0.296599	0.296448
423.000000	0.295419	0.294825	0.294941	0.294512	0.294644	0.294533	0.294514
424.000000	0.293367	0.292927	0.292841	0.292582	0.292664	0.292318	0.292420
425.000000	0.291363	0.291084	0.290914	0.290768	0.290706	0.290302	0.290506
426.000000	0.289481	0.289272	0.289222	0.289012	0.288830	0.288578	0.288817
427.000000	0.287652	0.287392	0.287506	0.287157	0.287044	0.286893	0.286993
428.000000	0.285820	0.285429	0.285633	0.285151	0.285316	0.285104	0.284910
429.000000	0.283980	0.283543	0.283762	0.283162	0.283540	0.283331	0.282959
430.000000	0.282133	0.281831	0.282012	0.281325	0.281665	0.281644	0.281381
431.000000	0.280293	0.280151	0.280290	0.279595	0.279806	0.279878	0.279804
432.000000	0.278479	0.278368	0.278499	0.277908	0.278066	0.277905	0.277885
433.000000	0.276720	0.276587	0.276672	0.276247	0.276338	0.275947	0.275888
434.000000	0.275042	0.274944	0.274876	0.274607	0.274495	0.274262	0.274178
435.000000	0.273416	0.273359	0.273130	0.272978	0.272677	0.272717	0.272644
436.000000	0.271796	0.271680	0.271442	0.271347	0.271102	0.271044	0.271009
437.000000	0.270162	0.269969	0.269849	0.269723	0.269673	0.269305	0.269304
438.000000	0.268519	0.268410	0.268403	0.268122	0.268107	0.267759	0.267743
439.000000	0.266901	0.266975	0.267023	0.266551	0.266413	0.266417	0.266340
440.000000	0.265373	0.265456	0.265514	0.265006	0.264857	0.265070	0.264933
441.000000	0.263938	0.263822	0.263858	0.263472	0.263484	0.263617	0.263434
442.000000	0.262514	0.262287	0.262271	0.261926	0.262048	0.262100	0.261860
443.000000	0.261040	0.260923	0.260853	0.260371	0.260442	0.260560	0.260244
444.000000	0.259504	0.259511	0.259467	0.258869	0.258864	0.259022	0.258638
445.000000	0.257937	0.257914	0.257999	0.257450	0.257456	0.257501	0.257105
446.000000	0.256474	0.256319	0.256478	0.256054	0.256105	0.256003	0.255734
447.000000	0.255213	0.254925	0.254975	0.254637	0.254703	0.254545	0.254568
448.000000	0.254010	0.253727	0.253635	0.253324	0.253340	0.253223	0.253433
449.000000	0.252702	0.252661	0.252576	0.252243	0.252143	0.252122	0.252146
450.000000	0.251388	0.251612	0.251634	0.251244	0.251106	0.251126	0.250856
451.000000	0.250259	0.250464	0.250552	0.250094	0.250165	0.250058	0.249814
452.000000	0.249304	0.249287	0.249363	0.248857	0.249212	0.248955	0.248947
453.000000	0.248398	0.248246	0.248257	0.247763	0.248120	0.247967	0.247993
454.000000	0.247436	0.247269	0.247255	0.246817	0.246875	0.247032	0.246868
455.000000	0.246340	0.246078	0.246225	0.245839	0.245563	0.245910	0.245645
456.000000	0.245137	0.244692	0.245113	0.244767	0.244323	0.244595	0.244416
457.000000	0.243980	0.243501	0.243971	0.243698	0.243360	0.243380	0.243296
458.000000	0.242945	0.242682	0.242850	0.242699	0.242677	0.242419	0.242326
459.000000	0.241942	0.241980	0.241794	0.241757	0.241906	0.241570	0.241412
460.000000	0.240922	0.241182	0.240841	0.240839	0.240828	0.240707	0.240501
461.000000	0.239971	0.240314	0.240019	0.239873	0.239726	0.239823	0.239675
462.000000	0.239153	0.239428	0.239313	0.238829	0.238860	0.238929	0.238984
463.000000	0.238345	0.238505	0.238544	0.237854	0.238055	0.238013	0.238246
464.000000	0.237407	0.237523	0.237544	0.237094	0.237077	0.237065	0.237268
465.000000	0.236414	0.236550	0.236470	0.236378	0.236031	0.236115	0.236159
466.000000	0.235509	0.235671	0.235580	0.235452	0.235127	0.235204	0.235130
467.000000	0.234720	0.234834	0.234833	0.234418	0.234348	0.234334	0.234230
468.000000	0.234006	0.233920	0.234033	0.233566	0.233559	0.233487	0.233411
469.000000	0.233305	0.232975	0.233164	0.232891	0.232743	0.232659	0.232635
470.000000	0.232545	0.232178	0.232355	0.232153	0.231982	0.231861	0.231870
471.000000	0.231717	0.231569	0.231635	0.231275	0.231285	0.231116	0.231111
472.000000	0.230889	0.231008	0.230907	0.230389	0.230571	0.230459	0.230384
473.000000	0.230095	0.230372	0.230105	0.229589	0.229788	0.229857	0.229678
474.000000	0.229297	0.229575	0.229237	0.228888	0.228955	0.229157	0.228912
475.000000	0.228493	0.228620	0.228353	0.228264	0.228112	0.228292	0.228062
476.000000	0.227778	0.227728	0.227588	0.227635	0.227351	0.227444	0.227256
477.000000	0.227204	0.227065	0.227031	0.226930	0.226726	0.226767	0.226590
478.000000	0.226605	0.226461	0.226537	0.226154	0.226132	0.226137	0.225953
479.000000	0.225808	0.225725	0.225935	0.225341	0.225444	0.225401	0.225218
480.000000	0.224944	0.224988	0.225212	0.224591	0.224674	0.224617	0.224466
481.000000	0.224233	0.224467	0.224426	0.224009	0.223885	0.223909	0.223833
482.000000	0.223673	0.224034	0.223701	0.223531	0.223176	0.223298	0.223290
483.000000	0.223150	0.223398	0.223187	0.223011	0.222657	0.222749	0.222728
484.000000	0.222635	0.222616	0.222830	0.222447	0.222297	0.222247	0.222151
485.000000	0.222165	0.222007	0.222418	0.221946	0.221959	0.221789	0.221655
486.000000	0.221730	0.221629	0.221848	0.221503	0.221550	0.221353	0.221244
487.000000	0.221264	0.221237	0.221142	0.220995	0.221036	0.220898	0.220825
488.000000	0.220757	0.220699	0.220401	0.220391	0.220438	0.220397	0.220343
489.000000	0.220294	0.220097	0.219838	0.219824	0.219861	0.219859	0.219821
490.000000	0.219879	0.219500	0.219521	0.219352	0.219347	0.219289	0.219267
491.000000	0.219301	0.218895	0.219145	0.218812	0.218770	0.218690	0.218647
492.000000	0.218457	0.218298	0.218487	0.218100	0.218064	0.218088	0.217966
493.000000	0.217730	0.217870	0.217817	0.217450	0.217480	0.217599	0.217402
494.000000	0.217487	0.217723	0.217432	0.217094	0.217246	0.217306	0.217105
495.000000	0.217393	0.217520	0.217171	0.216852	0.217088	0.217002	0.216889
496.000000	0.216949	0.216854	0.216757	0.216443	0.216623	0.216435	0.216489
497.000000	0.216261	0.215999	0.216220	0.215888	0.215952	0.215765	0.215951
498.000000	0.215722	0.215526	0.215737	0.215356	0.215399	0.215332	0.215465
499.000000	0.215416	0.215411	0.215375	0.214939	0.215039	0.215105	0.215076
500.000000	0.215208	0.215209	0.215115	0.214669	0.214763	0.214787	0.214723
501.000000	0.214972	0.214789	0.214881	0.214490	0.214498	0.214320	0.214381
502.000000	0.214604	0.214362	0.214544	0.214255	0.214212	0.213893	0.214063
503.000000	0.214080	0.214033	0.214083	0.213884	0.213873	0.213598	0.213745
504.000000	0.213498	0.213729	0.213641	0.213405	0.213452	0.213354	0.213348
505.000000	0.212967	0.213398	0.213292	0.212879	0.212963	0.213082	0.212865
506.000000	0.212599	0.213078	0.212934	0.212418	0.212522	0.212726	0.212457
507.000000	0.212438	0.212799	0.212499	0.212098	0.212212	0.212273	0.212229
508.000000	0.212308	0.212517	0.212114	0.211843	0.211975	0.211820	0.212013
509.000000	0.212032	0.212182	0.211893	0.211560	0.211727	0.211465	0.211638
510.000000	0.211644	0.211759	0.211687	0.211215	0.211409	0.211164	0.211188
511.000000	0.211242	0.211238	0.211304	0.210803	0.210984	0.210842	0.210813
512.000000	0.210892	0.210737	0.210855	0.210417	0.210523	0.210497	0.210545
513.000000	0.210639	0.210419	0.210565	0.210175	0.210141	0.210157	0.210355
514.000000	0.210422	0.210246	0.210408	0.210016	0.209865	0.209840	0.210138
515.000000	0.210111	0.210052	0.210190	0.209763	0.209657	0.209549	0.209748
516.000000	0.209722	0.209772	0.209849	0.209399	0.209467	0.209279	0.209257
517.000000	0.209411	0.209445	0.209449	0.209057	0.209228	0.209014	0.208939
518.000000	0.209221	0.209126	0.209067	0.208799	0.208927	0.208768	0.208860
519.000000	0.209024	0.208882	0.208788	0.208581	0.208622	0.208604	0.208777
520.000000	0.208745	0.208726	0.208630	0.208355	0.208348	0.208513	0.208534
521.000000	0.208431	0.208558	0.208472	0.208084	0.208089	0.208351	0.208195
522.000000	0.208134	0.208300	0.208219	0.207764	0.207828	0.208023	0.207841
523.000000	0.207873	0.207989	0.207905	0.207478	0.207564	0.207625	0.207535
524.000000	0.207653	0.207672	0.207578	0.207295	0.207293	0.207269	0.207307
525.000000	0.207429	0.207337	0.207270	0.207142	0.207000	0.206966	0.207056
526.000000	0.207147	0.206966	0.206997	0.206915	0.206669	0.206696	0.206672
527.000000	0.206801	0.206598	0.206738	0.206588	0.206343	0.206424	0.206238
528.000000	0.206404	0.206289	0.206459	0.206172	0.206078	0.206116	0.205906
529.000000	0.206041	0.206056	0.206172	0.205770	0.205861	0.205806	0.205700
530.000000	0.205827	0.205888	0.205916	0.205527	0.205639	0.205568	0.205568
531.000000	0.205718	0.205738	0.205689	0.205411	0.205395	0.205388	0.205446
532.000000	0.205532	0.205533	0.205451	0.205231	0.205144	0.205177	0.205261
533.000000	0.205218	0.205243	0.205184	0.204923	0.204879	0.204900	0.204973
534.000000	0.204892	0.204905	0.204895	0.204592	0.204559	0.204595	0.204590
535.000000	0.204622	0.204568	0.204603	0.204307	0.204204	0.204304	0.204173
536.000000	0.204371	0.204305	0.204352	0.204060	0.203948	0.204064	0.203870
537.000000	0.204117	0.204145	0.204166	0.203841	0.203854	0.203884	0.203758
538.000000	0.203907	0.204002	0.204002	0.203648	0.203766	0.203695	0.203695
539.000000	0.203774	0.203791	0.203815	0.203478	0.203544	0.203443	0.203546
540.000000	0.203623	0.203519	0.203584	0.203299	0.203262	0.203187	0.203327
541.000000	0.203361	0.203220	0.203304	0.203081	0.203022	0.202994	0.203086
542.000000	0.203072	0.202967	0.203042	0.202859	0.202817	0.202845	0.202832
543.000000	0.202888	0.202836	0.202877	0.202680	0.202600	0.202688	0.202564
544.000000	0.202771	0.202771	0.202766	0.202520	0.202398	0.202505	0.202322
545.000000	0.202595	0.202648	0.202607	0.202320	0.202270	0.202299	0.202167
546.000000	0.202368	0.202447	0.202395	0.202091	0.202171	0.202086	0.202075
547.000000	0.202193	0.202225	0.202198	0.201897	0.201983	0.201894	0.201963
548.000000	0.202086	0.202021	0.202041	0.201753	0.201718	0.201721	0.201797
549.000000	0.201956	0.201846	0.201892	0.201620	0.201540	0.201538	0.201598
550.000000	0.201777	0.201706	0.201750	0.201476	0.201508	0.201355	0.201396
551.000000	0.201633	0.201590	0.201664	0.201333	0.201499	0.201241	0.201226
552.000000	0.201553	0.201481	0.201633	0.201195	0.201410	0.201210	0.201102
553.000000	0.201416	0.201334	0.201519	0.201046	0.201229	0.201129	0.200986
554.000000	0.201150	0.201138	0.201244	0.200886	0.200982	0.200912	0.200854
555.000000	0.200947	0.200988	0.200994	0.200782	0.200788	0.200725	0.200762
556.000000	0.200972	0.200958	0.200939	0.200771	0.200731	0.200715	0.200738
557.000000	0.200950	0.200856	0.200855	0.200661	0.200604	0.200639	0.200592
558.000000	0.200563	0.200493	0.200480	0.200270	0.200196	0.200230	0.200150
559.000000	0.200352	0.200367	0.200330	0.200118	0.200025	0.200040	0.199972
560.000000	0.201091	0.201145	0.201119	0.200889	0.200787	0.200837	0.200794
561.000000	0.201258	0.201292	0.201309	0.201043	0.200951	0.201059	0.201028
562.000000	0.198032	0.198041	0.198095	0.197783	0.197728	0.197824	0.197768
563.000000	0.195621	0.195622	0.195686	0.195343	0.195338	0.195356	0.195256
564.000000	0.204850	0.204849	0.204898	0.204573	0.204598	0.204576	0.204466
565.000000	0.215520	0.215517	0.215555	0.215279	0.215289	0.215303	0.215233
566.000000	0.187251	0.187253	0.187349	0.187061	0.187004	0.187068	0.187039
567.000000	0.116569	0.116587	0.116803	0.116412	0.116274	0.116348	0.116335
568.000000	0.080803	0.080840	0.081083	0.080619	0.080504	0.080533	0.080535
569.000000	0.129338	0.129394	0.129480	0.129053	0.129122	0.129063	0.129093
570.000000	0.196568	0.196636	0.196554	0.196176	0.196429	0.196309	0.196360
571.000000	0.214222	0.214293	0.214199	0.213791	0.214067	0.213974	0.214022
572.000000	0.200693	0.200749	0.200722	0.200308	0.200470	0.200456	0.200478
573.000000	0.193937	0.193951	0.193949	0.193671	0.193667	0.193721	0.193710
574.000000	0.197071	0.197025	0.197029	0.196902	0.196799	0.196864	0.196831
575.000000	0.199321	0.199216	0.199286	0.199116	0.199097	0.199079	0.199060
576.000000	0.198516	0.198366	0.198532	0.198190	0.198332	0.198201	0.198218
577.000000	0.197664	0.197500	0.197699	0.197273	0.197427	0.197266	0.197309
578.000000	0.197737	0.197595	0.197744	0.197371	0.197383	0.197287	0.197330
579.000000	0.197875	0.197793	0.197846	0.197563	0.197471	0.197452	0.197471
580.000000	0.197797	0.197797	0.197751	0.197536	0.197449	0.197464	0.197452
581.000000	0.198018	0.198079	0.197972	0.197810	0.197750	0.197735	0.197725
582.000000	0.198389	0.198470	0.198363	0.198226	0.198157	0.198079	0.198112
583.000000	0.197489	0.197570	0.197515	0.197321	0.197217	0.197167	0.197234
584.000000	0.195640	0.195707	0.195731	0.195396	0.195258	0.195372	0.195423
585.000000	0.198034	0.198050	0.198117	0.197699	0.197566	0.197817	0.197799
586.000000	0.204527	0.204446	0.204476	0.204144	0.204073	0.204295	0.204176
587.000000	0.191256	0.191131	0.191087	0.190901	0.190868	0.190983	0.190809
588.000000	0.139638	0.139611	0.139515	0.139393	0.139297	0.139353	0.139242
589.000000	0.095314	0.095421	0.095322	0.095165	0.094991	0.095031	0.095028
590.000000	0.117498	0.117617	0.117575	0.117316	0.117175	0.117193	0.117236
591.000000	0.179100	0.179134	0.179160	0.178814	0.178779	0.178760	0.178787
592.000000	0.211546	0.211512	0.211541	0.211219	0.211248	0.211183	0.211194
593.000000	0.205412	0.205364	0.205353	0.205114	0.205149	0.205046	0.205059
594.000000	0.195560	0.195537	0.195530	0.195269	0.195317	0.195200	0.195226
595.000000	0.196488	0.196492	0.196542	0.196164	0.196222	0.196126	0.196165
596.000000	0.199639	0.199625	0.199708	0.199303	0.199281	0.199247	0.199283
597.000000	0.199908	0.199836	0.199890	0.199589	0.199426	0.199457	0.199473
598.000000	0.199234	0.199161	0.199145	0.198892	0.198728	0.198730	0.198728
599.000000	0.199250	0.199269	0.199179	0.198828	0.198871	0.198735	0.198727
600.000000	0.199590	0.199677	0.199571	0.199140	0.199336	0.199121	0.199122
601.000000	0.199790	0.199844	0.199807	0.199439	0.199537	0.199424	0.199442
602.000000	0.199945	0.199986	0.199987	0.199715	0.199634	0.199672	0.199715
603.000000	0.200217	0.200374	0.200289	0.200021	0.199879	0.199966	0.200034
604.000000	0.200570	0.200811	0.200629	0.200329	0.200224	0.200280	0.200337
605.000000	0.200915	0.201008	0.200878	0.200596	0.200547	0.200558	0.200535
606.000000	0.201219	0.201075	0.201097	0.200842	0.200847	0.200815	0.200719
607.000000	0.201479	0.201282	0.201426	0.201110	0.201171	0.201091	0.201044
608.000000	0.201716	0.201657	0.201818	0.201411	0.201487	0.201380	0.201449
609.000000	0.201965	0.202073	0.202116	0.201729	0.201713	0.201647	0.201738
610.000000	0.202219	0.202411	0.202276	0.202013	0.201852	0.201878	0.201875
611.000000	0.202433	0.202565	0.202357	0.202174	0.201986	0.202082	0.201965
612.000000	0.202586	0.202565	0.202427	0.202228	0.202145	0.202258	0.202084
613.000000	0.202690	0.202622	0.202557	0.202319	0.202293	0.202389	0.202259
614.000000	0.202761	0.202814	0.202749	0.202503	0.202400	0.202461	0.202461
615.000000	0.202823	0.202953	0.202875	0.202644	0.202455	0.202476	0.202557
616.000000	0.202882	0.202904	0.202856	0.202643	0.202466	0.202449	0.202481
617.000000	0.202893	0.202761	0.202787	0.202550	0.202470	0.202444	0.202391
618.000000	0.202835	0.202644	0.202768	0.202438	0.202503	0.202501	0.202424
619.000000	0.202795	0.202627	0.202792	0.202371	0.202550	0.202554	0.202497
620.000000	0.202860	0.202747	0.202831	0.202390	0.202584	0.202524	0.202492
621.000000	0.202931	0.202868	0.202868	0.202437	0.202568	0.202439	0.202431
622.000000	0.202865	0.202822	0.202888	0.202427	0.202473	0.202359	0.202383
623.000000	0.202721	0.202698	0.202869	0.202399	0.202382	0.202322	0.202386
624.000000	0.202661	0.202715	0.202787	0.202448	0.202427	0.202344	0.202455
625.000000	0.202696	0.202833	0.202699	0.202559	0.202573	0.202397	0.202539
626.000000	0.202724	0.202824	0.202719	0.202631	0.202657	0.202416	0.202534
627.000000	0.202696	0.202679	0.202821	0.202627	0.202616	0.202409	0.202455
628.000000	0.202628	0.202638	0.202830	0.202580	0.202500	0.202459	0.202444
629.000000	0.202583	0.202782	0.202703	0.202529	0.202380	0.202578	0.202545
630.000000	0.202690	0.202919	0.202619	0.202512	0.202349	0.202658	0.202633
631.000000	0.202955	0.202923	0.202689	0.202539	0.202442	0.202639	0.202617
632.000000	0.203093	0.202865	0.202821	0.202560	0.202567	0.202585	0.202524
633.000000	0.202921	0.202825	0.202916	0.202536	0.202637	0.202564	0.202407
634.000000	0.202714	0.202820	0.202936	0.202510	0.202651	0.202591	0.202365
635.000000	0.202762	0.202852	0.202875	0.202522	0.202631	0.202657	0.202469
636.000000	0.202959	0.202922	0.202824	0.202540	0.202622	0.202709	0.202608
637.000000	0.203103	0.203023	0.202886	0.202523	0.202670	0.202693	0.202646
638.000000	0.203177	0.203134	0.203031	0.202518	0.202777	0.202686	0.202670
639.000000	0.203239	0.203225	0.203170	0.202603	0.202921	0.202802	0.202845
640.000000	0.203269	0.203274	0.203246	0.202738	0.203033	0.202986	0.203066
641.000000	0.203198	0.203271	0.203229	0.202813	0.203022	0.203075	0.203067
642.000000	0.203070	0.203219	0.203141	0.202807	0.202901	0.203040	0.202876
643.000000	0.203030	0.203141	0.203057	0.202788	0.202782	0.202973	0.202786
644.000000	0.203105	0.203075	0.203033	0.202791	0.202733	0.202932	0.202889
645.000000	0.203169	0.203085	0.203100	0.202814	0.202763	0.202926	0.203005
646.000000	0.203140	0.203154	0.203204	0.202836	0.202835	0.202923	0.202997
647.000000	0.203032	0.203122	0.203142	0.202804	0.202835	0.202819	0.202843
648.000000	0.202868	0.202905	0.202825	0.202694	0.202699	0.202580	0.202578
649.000000	0.202665	0.202665	0.202518	0.202547	0.202518	0.202370	0.202370
650.000000	0.202460	0.202559	0.202454	0.202415	0.202381	0.202330	0.202345
651.000000	0.202364	0.202542	0.202531	0.202316	0.202288	0.202364	0.202392
652.000000	0.202473	0.202537	0.202587	0.202270	0.202227	0.202350	0.202378
653.000000	0.202697	0.202566	0.202626	0.202305	0.202248	0.202345	0.202371
654.000000	0.202892	0.202678	0.202711	0.202450	0.202409	0.202455	0.202498
655.000000	0.203036	0.202881	0.202883	0.202700	0.202677	0.202670	0.202741
656.000000	0.203171	0.203153	0.203167	0.203023	0.202971	0.202917	0.203006
657.000000	0.203310	0.203429	0.203477	0.203306	0.203215	0.203125	0.203212
658.000000	0.203441	0.203609	0.203651	0.203384	0.203345	0.203225	0.203294
659.000000	0.203562	0.203686	0.203672	0.203295	0.203366	0.203244	0.203277
660.000000	0.203680	0.203750	0.203674	0.203297	0.203353	0.203304	0.203284
661.000000	0.203795	0.203850	0.203736	0.203485	0.203389	0.203464	0.203381
662.000000	0.203898	0.203963	0.203841	0.203703	0.203561	0.203680	0.203549
663.000000	0.204002	0.204076	0.203981	0.203852	0.203878	0.203904	0.203764
664.000000	0.204175	0.204200	0.204175	0.204010	0.204176	0.204107	0.204017
665.000000	0.204460	0.204364	0.204449	0.204247	0.204344	0.204288	0.204300
666.000000	0.204805	0.204637	0.204833	0.204540	0.204510	0.204539	0.204606
667.000000	0.205142	0.205055	0.205317	0.204845	0.204797	0.204919	0.204920
668.000000	0.205418	0.205468	0.205695	0.205110	0.205105	0.205251	0.205182
669.000000	0.205601	0.205703	0.205762	0.205290	0.205295	0.205341	0.205339
670.000000	0.205773	0.205794	0.205699	0.205421	0.205439	0.205355	0.205474
671.000000	0.206049	0.205853	0.205821	0.205573	0.205674	0.205580	0.205709
672.000000	0.206333	0.205951	0.206124	0.205774	0.205956	0.205950	0.205991
673.000000	0.206418	0.206127	0.206411	0.206022	0.206131	0.206201	0.206164
674.000000	0.206336	0.206344	0.206570	0.206243	0.206184	0.206283	0.206203
675.000000	0.206320	0.206499	0.206562	0.206306	0.206219	0.206329	0.206199
676.000000	0.206435	0.206543	0.206440	0.206219	0.206265	0.206381	0.206200
677.000000	0.206535	0.206492	0.206368	0.206159	0.206257	0.206354	0.206196
678.000000	0.206516	0.206382	0.206382	0.206184	0.206173	0.206211	0.206161
679.000000	0.206365	0.206280	0.206300	0.206130	0.206064	0.206012	0.206058
680.000000	0.206140	0.206226	0.206058	0.205935	0.205988	0.205838	0.205899
681.000000	0.206051	0.206190	0.205945	0.205838	0.205980	0.205804	0.205838
682.000000	0.206224	0.206137	0.206162	0.206005	0.206042	0.205960	0.205962
683.000000	0.206393	0.206049	0.206389	0.206148	0.206047	0.206106	0.206044
684.000000	0.206277	0.205926	0.206284	0.205968	0.205883	0.206034	0.205862
685.000000	0.206001	0.205815	0.205999	0.205643	0.205659	0.205816	0.205590
686.000000	0.205801	0.205775	0.205823	0.205474	0.205542	0.205608	0.205500
687.000000	0.205740	0.205802	0.205784	0.205495	0.205546	0.205518	0.205590
688.000000	0.205793	0.205862	0.205791	0.205609	0.205615	0.205615	0.205724
689.000000	0.205878	0.205933	0.205840	0.205722	0.205690	0.205816	0.205828
690.000000	0.205880	0.206003	0.205979	0.205742	0.205713	0.205936	0.205870
691.000000	0.205805	0.206043	0.206145	0.205684	0.205683	0.205911	0.205860
692.000000	0.205771	0.206012	0.206165	0.205661	0.205648	0.205796	0.205842
693.000000	0.205811	0.205904	0.205998	0.205691	0.205626	0.205652	0.205817
694.000000	0.205829	0.205755	0.205781	0.205659	0.205590	0.205543	0.205722
695.000000	0.205774	0.205624	0.205623	0.205535	0.205536	0.205513	0.205567
696.000000	0.205698	0.205593	0.205544	0.205471	0.205510	0.205558	0.205514
697.000000	0.205636	0.205680	0.205535	0.205548	0.205528	0.205645	0.205637
698.000000	0.205545	0.205707	0.205544	0.205585	0.205504	0.205667	0.205707
699.000000	0.205396	0.205539	0.205526	0.205429	0.205377	0.205544	0.205536
700.000000	0.205267	0.205354	0.205509	0.205199	0.205262	0.205363	0.205317
701.000000	0.205247	0.205361	0.205536	0.205066	0.205288	0.205240	0.205288
702.000000	0.205313	0.205484	0.205616	0.205057	0.205370	0.205201	0.205367
703.000000	0.205404	0.205554	0.205738	0.205141	0.205365	0.205235	0.205374
704.000000	0.205520	0.205570	0.205842	0.205260	0.205309	0.205290	0.205340
705.000000	0.205690	0.205614	0.205850	0.205348	0.205328	0.205303	0.205405
706.000000	0.205883	0.205691	0.205811	0.205400	0.205444	0.205340	0.205555
707.000000	0.206026	0.205741	0.205869	0.205459	0.205603	0.205563	0.205664
708.000000	0.206120	0.205808	0.206053	0.205563	0.205787	0.205902	0.205717
709.000000	0.206249	0.206038	0.206266	0.205740	0.206018	0.206049	0.205825
710.000000	0.206460	0.206438	0.206471	0.206018	0.206291	0.205978	0.206058
711.000000	0.206735	0.206789	0.206738	0.206431	0.206554	0.206114	0.206417
712.000000	0.207071	0.206989	0.207087	0.206941	0.206785	0.206658	0.206854
713.000000	0.207498	0.207235	0.207420	0.207359	0.207043	0.207247	0.207233
714.000000	0.208028	0.207674	0.207678	0.207581	0.207366	0.207587	0.207479
715.000000	0.208592	0.208174	0.207968	0.207827	0.207690	0.207831	0.207757
716.000000	0.209105	0.208589	0.208408	0.208298	0.207967	0.208180	0.208215
717.000000	0.209479	0.208971	0.209004	0.208810	0.208319	0.208635	0.208723
718.000000	0.209671	0.209414	0.209720	0.209141	0.208887	0.209149	0.209118
719.000000	0.209959	0.209947	0.210470	0.209547	0.209615	0.209740	0.209563
720.000000	0.210693	0.210559	0.211136	0.210408	0.210361	0.210424	0.210309
721.000000	0.211616	0.211099	0.211543	0.211303	0.210915	0.210954	0.211071
722.000000	0.212141	0.211360	0.211506	0.211396	0.211054	0.210958	0.211283
723.000000	0.212355	0.211531	0.211311	0.210979	0.211053	0.210742	0.211104
724.000000	0.212898	0.212121	0.211615	0.211263	0.211587	0.211158	0.211284
725.000000	0.213719	0.213055	0.212415	0.212373	0.212623	0.212230	0.211946
726.000000	0.213945	0.213566	0.212925	0.213136	0.213283	0.212988	0.212461
727.000000	0.213415	0.213435	0.212851	0.213029	0.213203	0.213033	0.212595
728.000000	0.213221	0.213426	0.212792	0.212743	0.212944	0.212994	0.212851
729.000000	0.213912	0.213922	0.213112	0.212776	0.212905	0.213260	0.213432
730.000000	0.214462	0.214191	0.213427	0.212904	0.212896	0.213416	0.213669
731.000000	0.213982	0.213611	0.213380	0.212878	0.212715	0.213086	0.213020
732.000000	0.212829	0.212486	0.213094	0.212741	0.212415	0.212444	0.211815
