[HEADER]
Format	J&M ASCII Table
Comment	Remin PV CDOM Samples 
Date	2/12/1980 6:46:07 AM
Order	Y (evenX)
TechType	UV
NumPoints	483
FirstX	250.00
LastX	732.00
XType	NMetr
YType	Absrb
ZType	Secs
NumSubFile	7
Matrix	Z vs X
[DATA]
	0.000000	5.000064	10.000192	15.000256	20.000320	25.000448	30.000511
250.000000	0.747120	0.746914	0.745867	0.745941	0.744976	0.744363	0.745971
251.000000	0.722438	0.721982	0.721277	0.721237	0.720019	0.719694	0.721601
252.000000	0.698656	0.697849	0.697628	0.697334	0.696072	0.696084	0.697003
253.000000	0.676418	0.675275	0.675272	0.674902	0.673787	0.673771	0.673751
254.000000	0.656109	0.654752	0.654487	0.654428	0.653574	0.653005	0.653098
255.000000	0.637117	0.635693	0.635310	0.635638	0.634931	0.634176	0.634545
256.000000	0.618773	0.617464	0.617668	0.618085	0.617231	0.617441	0.617248
257.000000	0.601298	0.600446	0.601144	0.601273	0.600271	0.601517	0.600594
258.000000	0.585144	0.585202	0.585245	0.584777	0.584017	0.584888	0.584140
259.000000	0.570166	0.570854	0.569828	0.568916	0.568695	0.568254	0.568292
260.000000	0.555916	0.555895	0.554933	0.554337	0.554611	0.553346	0.553823
261.000000	0.542069	0.540613	0.540691	0.540804	0.541332	0.540079	0.540467
262.000000	0.528401	0.526634	0.527282	0.527416	0.527875	0.526984	0.527171
263.000000	0.514803	0.514100	0.514361	0.513838	0.513940	0.513380	0.513451
264.000000	0.501294	0.501426	0.500990	0.500400	0.500017	0.499532	0.499497
265.000000	0.487826	0.487783	0.486902	0.487150	0.486413	0.485731	0.485577
266.000000	0.474223	0.473772	0.473018	0.473588	0.473056	0.472233	0.472029
267.000000	0.460384	0.459900	0.459887	0.459500	0.459778	0.459099	0.458937
268.000000	0.446438	0.446076	0.446801	0.445535	0.446257	0.445897	0.445716
269.000000	0.432506	0.432143	0.433058	0.432191	0.432253	0.432223	0.431879
270.000000	0.418535	0.418066	0.418764	0.418821	0.417937	0.418093	0.417735
271.000000	0.404426	0.403832	0.404199	0.404641	0.403540	0.403627	0.403677
272.000000	0.390072	0.389355	0.389513	0.389772	0.389037	0.388933	0.389375
273.000000	0.375371	0.374540	0.374781	0.374649	0.374306	0.374106	0.374302
274.000000	0.360335	0.359450	0.359875	0.359392	0.359239	0.359131	0.358724
275.000000	0.345035	0.344235	0.344566	0.343943	0.343749	0.343933	0.343341
276.000000	0.329496	0.328912	0.328912	0.328324	0.328016	0.328467	0.328213
277.000000	0.313706	0.313387	0.313216	0.312633	0.312437	0.312722	0.312859
278.000000	0.297753	0.297700	0.297584	0.296992	0.297128	0.296818	0.297124
279.000000	0.281855	0.282066	0.281868	0.281556	0.281840	0.281039	0.281289
280.000000	0.266177	0.266596	0.266035	0.266331	0.266384	0.265538	0.265576
281.000000	0.250775	0.251189	0.250307	0.251048	0.250720	0.250197	0.250039
282.000000	0.235665	0.235827	0.234921	0.235610	0.234990	0.234985	0.234774
283.000000	0.220796	0.220795	0.220076	0.220510	0.219799	0.220215	0.220069
284.000000	0.206176	0.206370	0.205900	0.206193	0.205648	0.206148	0.206127
285.000000	0.192126	0.192537	0.192246	0.192420	0.192212	0.192536	0.192651
286.000000	0.178983	0.179218	0.178931	0.178853	0.179016	0.179063	0.179290
287.000000	0.166592	0.166434	0.166060	0.165790	0.166176	0.165973	0.166316
288.000000	0.154607	0.154246	0.153848	0.153747	0.154030	0.153708	0.154216
289.000000	0.142950	0.142691	0.142323	0.142585	0.142521	0.142278	0.142851
290.000000	0.131716	0.131784	0.131395	0.131761	0.131352	0.131416	0.131706
291.000000	0.121055	0.121453	0.121005	0.121157	0.120576	0.120978	0.120832
292.000000	0.111161	0.111545	0.111123	0.111066	0.110573	0.110944	0.110812
293.000000	0.102087	0.102080	0.101787	0.101730	0.101503	0.101456	0.101853
294.000000	0.093676	0.093320	0.093132	0.093304	0.093202	0.092877	0.093604
295.000000	0.085797	0.085379	0.085222	0.085739	0.085475	0.085316	0.085773
296.000000	0.078390	0.078030	0.077950	0.078578	0.078113	0.078323	0.078289
297.000000	0.071407	0.071072	0.071172	0.071481	0.071008	0.071494	0.071146
298.000000	0.064789	0.064533	0.064703	0.064637	0.064370	0.064800	0.064459
299.000000	0.058511	0.058476	0.058419	0.058318	0.058404	0.058336	0.058346
300.000000	0.052729	0.052920	0.052584	0.052681	0.052982	0.052434	0.052828
301.000000	0.047615	0.047854	0.047516	0.047798	0.047888	0.047423	0.047868
302.000000	0.043015	0.043141	0.043038	0.043314	0.043045	0.042995	0.043257
303.000000	0.038638	0.038600	0.038759	0.038726	0.038444	0.038581	0.038723
304.000000	0.034385	0.034249	0.034505	0.034114	0.034116	0.034141	0.034295
305.000000	0.030297	0.030242	0.030263	0.029956	0.030117	0.029996	0.030206
306.000000	0.026433	0.026579	0.026172	0.026342	0.026423	0.026247	0.026490
307.000000	0.022866	0.023096	0.022525	0.022951	0.022924	0.022764	0.022971
308.000000	0.019580	0.019698	0.019374	0.019602	0.019562	0.019446	0.019585
309.000000	0.016419	0.016400	0.016394	0.016359	0.016371	0.016256	0.016446
310.000000	0.013303	0.013251	0.013369	0.013277	0.013367	0.013178	0.013571
311.000000	0.010348	0.010352	0.010399	0.010347	0.010510	0.010240	0.010719
312.000000	0.007643	0.007739	0.007598	0.007562	0.007760	0.007465	0.007726
313.000000	0.005077	0.005192	0.004969	0.004963	0.005087	0.004859	0.004826
314.000000	0.002517	0.002492	0.002471	0.002553	0.002461	0.002395	0.002260
315.000000	-0.000071	-0.000268	-0.000061	0.000099	-0.000169	-0.000080	-0.000158
316.000000	-0.002681	-0.002903	-0.002789	-0.002651	-0.002840	-0.002725	-0.002714
317.000000	-0.005235	-0.005349	-0.005508	-0.005439	-0.005426	-0.005388	-0.005329
318.000000	-0.007632	-0.007609	-0.007854	-0.007779	-0.007734	-0.007784	-0.007755
319.000000	-0.009913	-0.009825	-0.009950	-0.009801	-0.009879	-0.009983	-0.010001
320.000000	-0.012226	-0.012232	-0.012271	-0.012080	-0.012194	-0.012321	-0.012267
321.000000	-0.014591	-0.014784	-0.014841	-0.014695	-0.014724	-0.014832	-0.014621
322.000000	-0.016881	-0.017124	-0.017176	-0.017162	-0.017177	-0.017212	-0.016975
323.000000	-0.019046	-0.019144	-0.019120	-0.019268	-0.019417	-0.019343	-0.019258
324.000000	-0.021170	-0.021168	-0.021101	-0.021295	-0.021579	-0.021441	-0.021438
325.000000	-0.023299	-0.023377	-0.023364	-0.023429	-0.023729	-0.023613	-0.023505
326.000000	-0.025357	-0.025497	-0.025568	-0.025497	-0.025704	-0.025635	-0.025497
327.000000	-0.027300	-0.027310	-0.027432	-0.027362	-0.027401	-0.027354	-0.027452
328.000000	-0.029280	-0.029085	-0.029228	-0.029222	-0.029094	-0.029085	-0.029375
329.000000	-0.031422	-0.031118	-0.031261	-0.031279	-0.031058	-0.031145	-0.031255
330.000000	-0.033427	-0.033211	-0.033263	-0.033314	-0.033082	-0.033235	-0.033051
331.000000	-0.034912	-0.035022	-0.034826	-0.035001	-0.034820	-0.034898	-0.034719
332.000000	-0.036171	-0.036594	-0.036163	-0.036460	-0.036356	-0.036304	-0.036328
333.000000	-0.037821	-0.038165	-0.037796	-0.038036	-0.037988	-0.037936	-0.037999
334.000000	-0.039784	-0.039796	-0.039698	-0.039759	-0.039714	-0.039763	-0.039708
335.000000	-0.041431	-0.041406	-0.041406	-0.041409	-0.041292	-0.041349	-0.041318
336.000000	-0.042652	-0.042948	-0.042804	-0.042904	-0.042690	-0.042646	-0.042783
337.000000	-0.043971	-0.044418	-0.044193	-0.044339	-0.044135	-0.044075	-0.044173
338.000000	-0.045580	-0.045824	-0.045717	-0.045760	-0.045690	-0.045792	-0.045540
339.000000	-0.047033	-0.047197	-0.047205	-0.047115	-0.047113	-0.047440	-0.046900
340.000000	-0.048079	-0.048564	-0.048546	-0.048384	-0.048288	-0.048781	-0.048266
341.000000	-0.049155	-0.049950	-0.049878	-0.049661	-0.049516	-0.050022	-0.049661
342.000000	-0.050619	-0.051336	-0.051290	-0.051002	-0.051011	-0.051344	-0.051066
343.000000	-0.052073	-0.052528	-0.052526	-0.052233	-0.052375	-0.052529	-0.052306
344.000000	-0.053039	-0.053351	-0.053330	-0.053177	-0.053188	-0.053333	-0.053225
345.000000	-0.053733	-0.054053	-0.053989	-0.053979	-0.053833	-0.053998	-0.054030
346.000000	-0.054603	-0.054994	-0.054946	-0.054887	-0.054923	-0.054903	-0.055034
347.000000	-0.055677	-0.056068	-0.056094	-0.055906	-0.056226	-0.056009	-0.056191
348.000000	-0.056751	-0.056921	-0.057035	-0.056908	-0.057067	-0.057044	-0.057253
349.000000	-0.057721	-0.057568	-0.057767	-0.057817	-0.057532	-0.057933	-0.058121
350.000000	-0.058575	-0.058336	-0.058627	-0.058615	-0.058337	-0.058772	-0.058823
351.000000	-0.059328	-0.059326	-0.059656	-0.059342	-0.059602	-0.059624	-0.059450
352.000000	-0.060022	-0.060347	-0.060519	-0.060119	-0.060676	-0.060500	-0.060171
353.000000	-0.060703	-0.061225	-0.061072	-0.060974	-0.061228	-0.061352	-0.061027
354.000000	-0.061416	-0.061851	-0.061567	-0.061763	-0.061609	-0.062036	-0.061820
355.000000	-0.062161	-0.062211	-0.062205	-0.062389	-0.062125	-0.062483	-0.062426
356.000000	-0.062819	-0.062540	-0.062929	-0.062932	-0.062761	-0.062878	-0.062988
357.000000	-0.063316	-0.063064	-0.063644	-0.063481	-0.063446	-0.063402	-0.063645
358.000000	-0.063845	-0.063811	-0.064295	-0.064030	-0.064122	-0.064056	-0.064338
359.000000	-0.064609	-0.064718	-0.064844	-0.064556	-0.064739	-0.064788	-0.064961
360.000000	-0.065401	-0.065494	-0.065304	-0.065094	-0.065313	-0.065503	-0.065466
361.000000	-0.065894	-0.065813	-0.065712	-0.065693	-0.065878	-0.066098	-0.065839
362.000000	-0.066204	-0.065950	-0.066151	-0.066325	-0.066448	-0.066595	-0.066189
363.000000	-0.066700	-0.066505	-0.066719	-0.066915	-0.067020	-0.067086	-0.066688
364.000000	-0.067382	-0.067431	-0.067357	-0.067444	-0.067581	-0.067579	-0.067340
365.000000	-0.067928	-0.068110	-0.067872	-0.067941	-0.068111	-0.068014	-0.068001
366.000000	-0.068243	-0.068346	-0.068233	-0.068395	-0.068586	-0.068388	-0.068577
367.000000	-0.068546	-0.068516	-0.068624	-0.068749	-0.068974	-0.068775	-0.069048
368.000000	-0.068995	-0.068905	-0.069164	-0.069059	-0.069321	-0.069251	-0.069460
369.000000	-0.069601	-0.069558	-0.069821	-0.069609	-0.069811	-0.069877	-0.069974
370.000000	-0.070325	-0.070425	-0.070533	-0.070519	-0.070536	-0.070657	-0.070663
371.000000	-0.071037	-0.071257	-0.071204	-0.071370	-0.071259	-0.071423	-0.071317
372.000000	-0.071629	-0.071842	-0.071761	-0.071797	-0.071767	-0.072023	-0.071757
373.000000	-0.072155	-0.072284	-0.072269	-0.072111	-0.072172	-0.072506	-0.072160
374.000000	-0.072703	-0.072754	-0.072819	-0.072725	-0.072658	-0.072969	-0.072758
375.000000	-0.073274	-0.073313	-0.073425	-0.073512	-0.073249	-0.073460	-0.073468
376.000000	-0.073832	-0.073965	-0.074065	-0.074143	-0.073908	-0.074004	-0.074096
377.000000	-0.074367	-0.074627	-0.074691	-0.074592	-0.074590	-0.074605	-0.074640
378.000000	-0.074886	-0.075170	-0.075239	-0.075015	-0.075244	-0.075250	-0.075220
379.000000	-0.075444	-0.075615	-0.075724	-0.075503	-0.075831	-0.075916	-0.075841
380.000000	-0.076138	-0.076116	-0.076225	-0.076087	-0.076317	-0.076569	-0.076411
381.000000	-0.076946	-0.076747	-0.076782	-0.076774	-0.076758	-0.077192	-0.076925
382.000000	-0.077696	-0.077472	-0.077375	-0.077543	-0.077329	-0.077791	-0.077501
383.000000	-0.078308	-0.078225	-0.078010	-0.078347	-0.078101	-0.078399	-0.078192
384.000000	-0.078911	-0.078909	-0.078747	-0.079098	-0.078928	-0.079106	-0.078919
385.000000	-0.079597	-0.079485	-0.079598	-0.079742	-0.079690	-0.079929	-0.079621
386.000000	-0.080283	-0.080099	-0.080401	-0.080345	-0.080402	-0.080649	-0.080339
387.000000	-0.080886	-0.080872	-0.081017	-0.080972	-0.081090	-0.081098	-0.081107
388.000000	-0.081464	-0.081636	-0.081538	-0.081589	-0.081714	-0.081529	-0.081822
389.000000	-0.082090	-0.082188	-0.082102	-0.082138	-0.082230	-0.082242	-0.082371
390.000000	-0.082671	-0.082616	-0.082696	-0.082618	-0.082712	-0.083035	-0.082806
391.000000	-0.083067	-0.083118	-0.083250	-0.083061	-0.083276	-0.083535	-0.083244
392.000000	-0.083405	-0.083731	-0.083780	-0.083565	-0.083914	-0.083845	-0.083759
393.000000	-0.083965	-0.084392	-0.084349	-0.084261	-0.084545	-0.084350	-0.084387
394.000000	-0.084673	-0.085001	-0.084889	-0.084998	-0.085072	-0.085046	-0.085016
395.000000	-0.085133	-0.085436	-0.085210	-0.085378	-0.085386	-0.085574	-0.085404
396.000000	-0.085300	-0.085701	-0.085352	-0.085409	-0.085557	-0.085847	-0.085570
397.000000	-0.085606	-0.085966	-0.085661	-0.085666	-0.085892	-0.086158	-0.085891
398.000000	-0.086261	-0.086351	-0.086298	-0.086393	-0.086519	-0.086658	-0.086540
399.000000	-0.086958	-0.086837	-0.087020	-0.087121	-0.087179	-0.087164	-0.087239
400.000000	-0.087454	-0.087377	-0.087606	-0.087498	-0.087664	-0.087546	-0.087758
401.000000	-0.087882	-0.087883	-0.088050	-0.087777	-0.088050	-0.087937	-0.088160
402.000000	-0.088383	-0.088277	-0.088391	-0.088231	-0.088437	-0.088459	-0.088539
403.000000	-0.088840	-0.088584	-0.088688	-0.088722	-0.088793	-0.088946	-0.088896
404.000000	-0.089099	-0.088855	-0.088996	-0.089039	-0.089066	-0.089198	-0.089212
405.000000	-0.089248	-0.089144	-0.089311	-0.089267	-0.089286	-0.089372	-0.089486
406.000000	-0.089470	-0.089505	-0.089606	-0.089603	-0.089520	-0.089743	-0.089733
407.000000	-0.089821	-0.089902	-0.089887	-0.090034	-0.089810	-0.090238	-0.090034
408.000000	-0.090275	-0.090247	-0.090186	-0.090417	-0.090180	-0.090578	-0.090496
409.000000	-0.090736	-0.090533	-0.090524	-0.090722	-0.090603	-0.090727	-0.091005
410.000000	-0.091046	-0.090824	-0.090913	-0.091025	-0.091001	-0.090874	-0.091239
411.000000	-0.091199	-0.091143	-0.091317	-0.091348	-0.091353	-0.091140	-0.091197
412.000000	-0.091398	-0.091456	-0.091635	-0.091634	-0.091708	-0.091539	-0.091303
413.000000	-0.091751	-0.091774	-0.091857	-0.091878	-0.092099	-0.092035	-0.091781
414.000000	-0.092147	-0.092207	-0.092147	-0.092193	-0.092513	-0.092515	-0.092395
415.000000	-0.092483	-0.092781	-0.092608	-0.092640	-0.092916	-0.092890	-0.092912
416.000000	-0.092751	-0.093264	-0.093088	-0.093089	-0.093225	-0.093181	-0.093267
417.000000	-0.092983	-0.093457	-0.093436	-0.093417	-0.093394	-0.093432	-0.093459
418.000000	-0.093310	-0.093562	-0.093708	-0.093701	-0.093583	-0.093702	-0.093633
419.000000	-0.093843	-0.093840	-0.093999	-0.094045	-0.093965	-0.094039	-0.093938
420.000000	-0.094376	-0.094204	-0.094270	-0.094353	-0.094392	-0.094369	-0.094286
421.000000	-0.094604	-0.094435	-0.094444	-0.094469	-0.094607	-0.094583	-0.094509
422.000000	-0.094631	-0.094563	-0.094630	-0.094518	-0.094699	-0.094748	-0.094671
423.000000	-0.094802	-0.094765	-0.095038	-0.094788	-0.094955	-0.095027	-0.094970
424.000000	-0.095135	-0.095047	-0.095541	-0.095230	-0.095353	-0.095381	-0.095364
425.000000	-0.095352	-0.095261	-0.095709	-0.095497	-0.095594	-0.095585	-0.095589
426.000000	-0.095399	-0.095376	-0.095506	-0.095513	-0.095604	-0.095616	-0.095605
427.000000	-0.095536	-0.095528	-0.095438	-0.095584	-0.095631	-0.095720	-0.095680
428.000000	-0.095879	-0.095788	-0.095760	-0.095863	-0.095826	-0.096002	-0.095956
429.000000	-0.096229	-0.096073	-0.096175	-0.096163	-0.096106	-0.096245	-0.096293
430.000000	-0.096441	-0.096320	-0.096437	-0.096348	-0.096389	-0.096321	-0.096574
431.000000	-0.096632	-0.096573	-0.096633	-0.096544	-0.096661	-0.096456	-0.096835
432.000000	-0.096921	-0.096869	-0.096879	-0.096870	-0.096923	-0.096848	-0.097120
433.000000	-0.097212	-0.097133	-0.097151	-0.097206	-0.097200	-0.097281	-0.097381
434.000000	-0.097382	-0.097286	-0.097397	-0.097398	-0.097508	-0.097481	-0.097563
435.000000	-0.097500	-0.097427	-0.097633	-0.097524	-0.097783	-0.097576	-0.097712
436.000000	-0.097702	-0.097709	-0.097895	-0.097741	-0.097938	-0.097832	-0.097909
437.000000	-0.097961	-0.098063	-0.098140	-0.098026	-0.098029	-0.098205	-0.098144
438.000000	-0.098155	-0.098295	-0.098278	-0.098248	-0.098196	-0.098467	-0.098354
439.000000	-0.098269	-0.098388	-0.098336	-0.098387	-0.098436	-0.098555	-0.098530
440.000000	-0.098390	-0.098483	-0.098440	-0.098517	-0.098621	-0.098559	-0.098712
441.000000	-0.098569	-0.098648	-0.098646	-0.098687	-0.098732	-0.098586	-0.098907
442.000000	-0.098814	-0.098844	-0.098915	-0.098901	-0.098896	-0.098763	-0.099074
443.000000	-0.099110	-0.099053	-0.099202	-0.099149	-0.099173	-0.099115	-0.099211
444.000000	-0.099399	-0.099306	-0.099467	-0.099395	-0.099471	-0.099475	-0.099394
445.000000	-0.099642	-0.099611	-0.099685	-0.099612	-0.099714	-0.099712	-0.099664
446.000000	-0.099847	-0.099892	-0.099893	-0.099801	-0.099917	-0.099871	-0.099939
447.000000	-0.100026	-0.100081	-0.100120	-0.099973	-0.100099	-0.100021	-0.100136
448.000000	-0.100167	-0.100211	-0.100320	-0.100170	-0.100255	-0.100215	-0.100279
449.000000	-0.100256	-0.100337	-0.100436	-0.100422	-0.100374	-0.100478	-0.100406
450.000000	-0.100327	-0.100458	-0.100470	-0.100623	-0.100465	-0.100691	-0.100512
451.000000	-0.100426	-0.100552	-0.100448	-0.100636	-0.100545	-0.100698	-0.100574
452.000000	-0.100520	-0.100613	-0.100420	-0.100528	-0.100609	-0.100577	-0.100611
453.000000	-0.100531	-0.100641	-0.100451	-0.100487	-0.100644	-0.100534	-0.100660
454.000000	-0.100521	-0.100679	-0.100565	-0.100583	-0.100691	-0.100642	-0.100749
455.000000	-0.100664	-0.100798	-0.100753	-0.100782	-0.100832	-0.100855	-0.100893
456.000000	-0.100964	-0.100990	-0.100962	-0.101013	-0.101053	-0.101095	-0.101063
457.000000	-0.101206	-0.101146	-0.101089	-0.101162	-0.101208	-0.101255	-0.101180
458.000000	-0.101275	-0.101215	-0.101102	-0.101189	-0.101232	-0.101282	-0.101210
459.000000	-0.101251	-0.101264	-0.101103	-0.101192	-0.101209	-0.101223	-0.101212
460.000000	-0.101226	-0.101333	-0.101170	-0.101247	-0.101221	-0.101148	-0.101242
461.000000	-0.101248	-0.101360	-0.101270	-0.101337	-0.101292	-0.101158	-0.101315
462.000000	-0.101338	-0.101304	-0.101361	-0.101427	-0.101419	-0.101315	-0.101427
463.000000	-0.101438	-0.101265	-0.101438	-0.101488	-0.101528	-0.101497	-0.101527
464.000000	-0.101483	-0.101355	-0.101505	-0.101503	-0.101551	-0.101565	-0.101568
465.000000	-0.101508	-0.101507	-0.101583	-0.101525	-0.101539	-0.101577	-0.101580
466.000000	-0.101577	-0.101602	-0.101691	-0.101622	-0.101585	-0.101650	-0.101627
467.000000	-0.101684	-0.101664	-0.101783	-0.101765	-0.101695	-0.101783	-0.101722
468.000000	-0.101780	-0.101791	-0.101782	-0.101870	-0.101828	-0.101909	-0.101850
469.000000	-0.101839	-0.101947	-0.101734	-0.101897	-0.101945	-0.101990	-0.101970
470.000000	-0.101856	-0.101983	-0.101780	-0.101845	-0.102008	-0.102016	-0.102024
471.000000	-0.101840	-0.101900	-0.101926	-0.101771	-0.102007	-0.102005	-0.102005
472.000000	-0.101819	-0.101880	-0.102017	-0.101808	-0.101969	-0.102012	-0.101977
473.000000	-0.101827	-0.101994	-0.102003	-0.101976	-0.101934	-0.102066	-0.101994
474.000000	-0.101909	-0.102102	-0.102040	-0.102100	-0.101970	-0.102151	-0.102090
475.000000	-0.102060	-0.102106	-0.102200	-0.102074	-0.102094	-0.102231	-0.102248
476.000000	-0.102149	-0.102059	-0.102304	-0.102015	-0.102193	-0.102237	-0.102326
477.000000	-0.102081	-0.102033	-0.102214	-0.102040	-0.102181	-0.102138	-0.102227
478.000000	-0.101991	-0.102064	-0.102117	-0.102109	-0.102140	-0.102089	-0.102103
479.000000	-0.102033	-0.102171	-0.102220	-0.102162	-0.102174	-0.102236	-0.102127
480.000000	-0.102174	-0.102283	-0.102385	-0.102203	-0.102245	-0.102439	-0.102261
481.000000	-0.102313	-0.102310	-0.102382	-0.102255	-0.102269	-0.102475	-0.102392
482.000000	-0.102380	-0.102269	-0.102253	-0.102302	-0.102244	-0.102355	-0.102427
483.000000	-0.102324	-0.102231	-0.102179	-0.102309	-0.102208	-0.102206	-0.102292
484.000000	-0.102165	-0.102197	-0.102175	-0.102257	-0.102169	-0.102089	-0.102053
485.000000	-0.101980	-0.102118	-0.102132	-0.102143	-0.102115	-0.102012	-0.101884
486.000000	-0.101836	-0.101994	-0.102018	-0.102003	-0.102055	-0.101969	-0.101849
487.000000	-0.101794	-0.101880	-0.101894	-0.101911	-0.102025	-0.101943	-0.101888
488.000000	-0.101856	-0.101811	-0.101809	-0.101894	-0.102029	-0.101922	-0.101946
489.000000	-0.101937	-0.101786	-0.101791	-0.101908	-0.102018	-0.101902	-0.101990
490.000000	-0.101984	-0.101808	-0.101851	-0.101931	-0.101978	-0.101899	-0.102005
491.000000	-0.102043	-0.101908	-0.101966	-0.102026	-0.101983	-0.101966	-0.102021
492.000000	-0.102129	-0.102071	-0.102085	-0.102197	-0.102062	-0.102105	-0.102043
493.000000	-0.102092	-0.102106	-0.102070	-0.102209	-0.102018	-0.102111	-0.101959
494.000000	-0.101807	-0.101854	-0.101823	-0.101868	-0.101684	-0.101811	-0.101685
495.000000	-0.101487	-0.101542	-0.101551	-0.101485	-0.101330	-0.101479	-0.101440
496.000000	-0.101415	-0.101480	-0.101522	-0.101476	-0.101319	-0.101475	-0.101495
497.000000	-0.101517	-0.101573	-0.101638	-0.101688	-0.101527	-0.101659	-0.101696
498.000000	-0.101555	-0.101540	-0.101633	-0.101710	-0.101608	-0.101668	-0.101703
499.000000	-0.101474	-0.101376	-0.101489	-0.101509	-0.101520	-0.101478	-0.101519
500.000000	-0.101358	-0.101274	-0.101365	-0.101318	-0.101439	-0.101314	-0.101389
501.000000	-0.101231	-0.101257	-0.101295	-0.101218	-0.101387	-0.101232	-0.101350
502.000000	-0.101059	-0.101163	-0.101181	-0.101123	-0.101225	-0.101104	-0.101215
503.000000	-0.100863	-0.100952	-0.101004	-0.100992	-0.100945	-0.100909	-0.100950
504.000000	-0.100760	-0.100777	-0.100869	-0.100864	-0.100743	-0.100792	-0.100764
505.000000	-0.100788	-0.100732	-0.100824	-0.100765	-0.100720	-0.100812	-0.100768
506.000000	-0.100796	-0.100732	-0.100759	-0.100676	-0.100731	-0.100793	-0.100799
507.000000	-0.100669	-0.100690	-0.100597	-0.100578	-0.100650	-0.100610	-0.100719
508.000000	-0.100500	-0.100567	-0.100432	-0.100465	-0.100530	-0.100388	-0.100581
509.000000	-0.100395	-0.100360	-0.100364	-0.100347	-0.100444	-0.100273	-0.100462
510.000000	-0.100345	-0.100181	-0.100355	-0.100286	-0.100382	-0.100265	-0.100370
511.000000	-0.100300	-0.100150	-0.100325	-0.100339	-0.100308	-0.100310	-0.100287
512.000000	-0.100205	-0.100168	-0.100224	-0.100379	-0.100199	-0.100300	-0.100174
513.000000	-0.100012	-0.100053	-0.100023	-0.100220	-0.100039	-0.100118	-0.099990
514.000000	-0.099800	-0.099845	-0.099810	-0.099931	-0.099859	-0.099849	-0.099796
515.000000	-0.099721	-0.099730	-0.099746	-0.099741	-0.099721	-0.099705	-0.099717
516.000000	-0.099739	-0.099713	-0.099784	-0.099675	-0.099627	-0.099690	-0.099728
517.000000	-0.099644	-0.099623	-0.099681	-0.099552	-0.099531	-0.099613	-0.099661
518.000000	-0.099377	-0.099401	-0.099385	-0.099320	-0.099402	-0.099411	-0.099460
519.000000	-0.099112	-0.099154	-0.099116	-0.099110	-0.099242	-0.099214	-0.099231
520.000000	-0.098951	-0.098966	-0.099002	-0.098999	-0.099066	-0.099097	-0.099055
521.000000	-0.098831	-0.098849	-0.098935	-0.098920	-0.098917	-0.099005	-0.098934
522.000000	-0.098692	-0.098786	-0.098821	-0.098813	-0.098818	-0.098884	-0.098849
523.000000	-0.098547	-0.098700	-0.098686	-0.098686	-0.098727	-0.098729	-0.098742
524.000000	-0.098418	-0.098530	-0.098569	-0.098559	-0.098604	-0.098554	-0.098570
525.000000	-0.098313	-0.098349	-0.098455	-0.098439	-0.098459	-0.098410	-0.098401
526.000000	-0.098230	-0.098247	-0.098320	-0.098329	-0.098318	-0.098341	-0.098313
527.000000	-0.098167	-0.098202	-0.098193	-0.098223	-0.098211	-0.098287	-0.098264
528.000000	-0.098115	-0.098150	-0.098117	-0.098113	-0.098164	-0.098153	-0.098172
529.000000	-0.098067	-0.098061	-0.098065	-0.098002	-0.098149	-0.097983	-0.098050
530.000000	-0.098011	-0.097924	-0.097971	-0.097894	-0.098099	-0.097893	-0.097967
531.000000	-0.097870	-0.097742	-0.097789	-0.097746	-0.097935	-0.097847	-0.097867
532.000000	-0.097520	-0.097527	-0.097499	-0.097478	-0.097567	-0.097675	-0.097589
533.000000	-0.097209	-0.097381	-0.097315	-0.097267	-0.097284	-0.097438	-0.097297
534.000000	-0.097642	-0.097511	-0.097737	-0.097613	-0.097831	-0.097485	-0.097555
535.000000	-0.098373	-0.097727	-0.098329	-0.098170	-0.098669	-0.097706	-0.098068
536.000000	-0.096826	-0.097103	-0.096928	-0.097027	-0.096879	-0.097136	-0.096935
537.000000	-0.093382	-0.095769	-0.093922	-0.094455	-0.092932	-0.095865	-0.094419
538.000000	-0.096900	-0.096856	-0.096957	-0.096967	-0.096973	-0.097033	-0.096979
539.000000	-0.109558	-0.101179	-0.107901	-0.106188	-0.111498	-0.101425	-0.106199
540.000000	-0.101377	-0.098343	-0.100831	-0.100193	-0.102180	-0.098458	-0.100183
541.000000	-0.046807	-0.079452	-0.053673	-0.060310	-0.039756	-0.079147	-0.060299
542.000000	0.004663	-0.061481	-0.009319	-0.022874	0.019184	-0.061238	-0.022890
543.000000	-0.014363	-0.067647	-0.026098	-0.037252	-0.002468	-0.068700	-0.037315
544.000000	-0.076524	-0.089092	-0.079639	-0.082480	-0.073664	-0.090280	-0.082574
545.000000	-0.106755	-0.100758	-0.104088	-0.102362	-0.108872	-0.097230	-0.102422
546.000000	-0.094491	-0.098546	-0.092277	-0.091307	-0.095782	-0.088458	-0.091310
547.000000	-0.079632	-0.094772	-0.082775	-0.083144	-0.079374	-0.084314	-0.083168
548.000000	-0.079893	-0.094799	-0.089458	-0.089700	-0.079620	-0.090729	-0.089816
549.000000	-0.086466	-0.095668	-0.097066	-0.096894	-0.086578	-0.096804	-0.097039
550.000000	-0.092307	-0.095535	-0.097171	-0.097017	-0.092460	-0.096830	-0.097081
551.000000	-0.095525	-0.095078	-0.094902	-0.094901	-0.095555	-0.094948	-0.094880
552.000000	-0.095698	-0.094895	-0.094449	-0.094477	-0.095640	-0.094488	-0.094444
553.000000	-0.094771	-0.094866	-0.094894	-0.094882	-0.094699	-0.094774	-0.094884
554.000000	-0.094458	-0.094799	-0.094958	-0.094918	-0.094447	-0.094826	-0.094961
555.000000	-0.094489	-0.094622	-0.094681	-0.094630	-0.094556	-0.094614	-0.094683
556.000000	-0.094307	-0.094329	-0.094368	-0.094317	-0.094406	-0.094327	-0.094323
557.000000	-0.094108	-0.094143	-0.094228	-0.094184	-0.094202	-0.094185	-0.094132
558.000000	-0.094231	-0.094267	-0.094355	-0.094328	-0.094311	-0.094336	-0.094263
559.000000	-0.094162	-0.094149	-0.094211	-0.094199	-0.094221	-0.094226	-0.094170
560.000000	-0.093145	-0.093051	-0.093126	-0.093113	-0.093176	-0.093139	-0.093137
561.000000	-0.092690	-0.092546	-0.092662	-0.092633	-0.092698	-0.092644	-0.092692
562.000000	-0.095583	-0.095511	-0.095635	-0.095586	-0.095606	-0.095602	-0.095627
563.000000	-0.097632	-0.097712	-0.097802	-0.097734	-0.097702	-0.097786	-0.097726
564.000000	-0.088080	-0.088211	-0.088269	-0.088189	-0.088184	-0.088298	-0.088179
565.000000	-0.077154	-0.077192	-0.077235	-0.077156	-0.077253	-0.077316	-0.077202
566.000000	-0.105197	-0.105163	-0.105170	-0.105111	-0.105248	-0.105273	-0.105186
567.000000	-0.175649	-0.175647	-0.175590	-0.175570	-0.175625	-0.175675	-0.175606
568.000000	-0.211142	-0.211179	-0.211088	-0.211110	-0.211078	-0.211161	-0.211108
569.000000	-0.162278	-0.162284	-0.162227	-0.162277	-0.162245	-0.162326	-0.162290
570.000000	-0.094720	-0.094701	-0.094691	-0.094745	-0.094744	-0.094806	-0.094780
571.000000	-0.076792	-0.076826	-0.076826	-0.076854	-0.076851	-0.076901	-0.076871
572.000000	-0.090087	-0.090186	-0.090183	-0.090185	-0.090162	-0.090194	-0.090165
573.000000	-0.096619	-0.096704	-0.096731	-0.096734	-0.096707	-0.096696	-0.096694
574.000000	-0.093262	-0.093286	-0.093368	-0.093375	-0.093361	-0.093308	-0.093342
575.000000	-0.090790	-0.090782	-0.090918	-0.090886	-0.090889	-0.090835	-0.090885
576.000000	-0.091393	-0.091393	-0.091547	-0.091465	-0.091478	-0.091456	-0.091491
577.000000	-0.092090	-0.092110	-0.092209	-0.092130	-0.092148	-0.092151	-0.092137
578.000000	-0.091881	-0.091917	-0.091924	-0.091892	-0.091914	-0.091927	-0.091852
579.000000	-0.091551	-0.091592	-0.091567	-0.091547	-0.091593	-0.091612	-0.091508
580.000000	-0.091375	-0.091414	-0.091430	-0.091378	-0.091453	-0.091479	-0.091395
581.000000	-0.090921	-0.090965	-0.091006	-0.090957	-0.091008	-0.091044	-0.091011
582.000000	-0.090392	-0.090446	-0.090455	-0.090468	-0.090435	-0.090481	-0.090504
583.000000	-0.091203	-0.091238	-0.091221	-0.091261	-0.091175	-0.091236	-0.091276
584.000000	-0.093013	-0.092986	-0.092996	-0.092976	-0.092926	-0.092995	-0.093002
585.000000	-0.090589	-0.090494	-0.090555	-0.090477	-0.090495	-0.090529	-0.090529
586.000000	-0.084041	-0.083914	-0.084010	-0.083952	-0.084009	-0.083953	-0.084023
587.000000	-0.097222	-0.097110	-0.097203	-0.097183	-0.097246	-0.097138	-0.097263
588.000000	-0.148713	-0.148661	-0.148704	-0.148670	-0.148718	-0.148681	-0.148748
589.000000	-0.192891	-0.192906	-0.192912	-0.192831	-0.192861	-0.192930	-0.192893
590.000000	-0.170566	-0.170612	-0.170664	-0.170553	-0.170581	-0.170656	-0.170584
591.000000	-0.108870	-0.108923	-0.109038	-0.108937	-0.108968	-0.108988	-0.108940
592.000000	-0.076423	-0.076494	-0.076565	-0.076514	-0.076531	-0.076555	-0.076520
593.000000	-0.082505	-0.082593	-0.082557	-0.082560	-0.082566	-0.082635	-0.082595
594.000000	-0.091994	-0.092050	-0.092009	-0.092007	-0.092055	-0.092095	-0.092064
595.000000	-0.090790	-0.090783	-0.090834	-0.090788	-0.090902	-0.090834	-0.090841
596.000000	-0.088518	-0.088509	-0.088559	-0.088541	-0.088629	-0.088495	-0.088554
597.000000	-0.089388	-0.089436	-0.089355	-0.089450	-0.089409	-0.089304	-0.089402
598.000000	-0.087507	-0.087531	-0.087399	-0.087547	-0.087425	-0.087385	-0.087473
599.000000	-0.080648	-0.080520	-0.080517	-0.080587	-0.080511	-0.080523	-0.080538
600.000000	-0.076598	-0.076382	-0.076500	-0.076472	-0.076463	-0.076511	-0.076437
601.000000	-0.080876	-0.080768	-0.080846	-0.080798	-0.080791	-0.080854	-0.080726
602.000000	-0.087209	-0.087239	-0.087221	-0.087196	-0.087183	-0.087232	-0.087112
603.000000	-0.088689	-0.088715	-0.088664	-0.088659	-0.088695	-0.088691	-0.088655
604.000000	-0.086978	-0.086954	-0.086899	-0.086916	-0.086999	-0.086945	-0.087003
605.000000	-0.085885	-0.085916	-0.085815	-0.085873	-0.085924	-0.085863	-0.085958
606.000000	-0.085810	-0.085927	-0.085779	-0.085867	-0.085840	-0.085805	-0.085894
607.000000	-0.085694	-0.085775	-0.085658	-0.085721	-0.085646	-0.085638	-0.085727
608.000000	-0.085271	-0.085232	-0.085206	-0.085207	-0.085132	-0.085145	-0.085228
609.000000	-0.084784	-0.084703	-0.084744	-0.084700	-0.084654	-0.084696	-0.084719
610.000000	-0.084360	-0.084333	-0.084399	-0.084336	-0.084333	-0.084408	-0.084338
611.000000	-0.084017	-0.084019	-0.084108	-0.084015	-0.084061	-0.084157	-0.084051
612.000000	-0.083741	-0.083701	-0.083818	-0.083688	-0.083776	-0.083864	-0.083804
613.000000	-0.083480	-0.083390	-0.083503	-0.083380	-0.083488	-0.083521	-0.083521
614.000000	-0.083215	-0.083107	-0.083180	-0.083116	-0.083215	-0.083162	-0.083192
615.000000	-0.082976	-0.082886	-0.082942	-0.082915	-0.082993	-0.082899	-0.082923
616.000000	-0.082791	-0.082741	-0.082836	-0.082780	-0.082837	-0.082789	-0.082782
617.000000	-0.082645	-0.082632	-0.082755	-0.082673	-0.082700	-0.082714	-0.082686
618.000000	-0.082517	-0.082512	-0.082596	-0.082554	-0.082539	-0.082563	-0.082552
619.000000	-0.082373	-0.082360	-0.082381	-0.082402	-0.082361	-0.082364	-0.082376
620.000000	-0.082191	-0.082171	-0.082161	-0.082210	-0.082187	-0.082173	-0.082184
621.000000	-0.082028	-0.082001	-0.081987	-0.082033	-0.082033	-0.082026	-0.082026
622.000000	-0.081953	-0.081920	-0.081903	-0.081934	-0.081914	-0.081942	-0.081952
623.000000	-0.081907	-0.081867	-0.081849	-0.081853	-0.081818	-0.081863	-0.081890
624.000000	-0.081767	-0.081722	-0.081718	-0.081669	-0.081724	-0.081697	-0.081717
625.000000	-0.081537	-0.081502	-0.081517	-0.081419	-0.081596	-0.081472	-0.081472
626.000000	-0.081317	-0.081330	-0.081335	-0.081253	-0.081392	-0.081305	-0.081317
627.000000	-0.081149	-0.081227	-0.081203	-0.081180	-0.081144	-0.081216	-0.081269
628.000000	-0.081004	-0.081103	-0.081082	-0.081051	-0.080961	-0.081110	-0.081183
629.000000	-0.080865	-0.080920	-0.080945	-0.080824	-0.080873	-0.080939	-0.080999
630.000000	-0.080737	-0.080724	-0.080786	-0.080631	-0.080781	-0.080734	-0.080797
631.000000	-0.080618	-0.080561	-0.080612	-0.080549	-0.080624	-0.080535	-0.080640
632.000000	-0.080487	-0.080447	-0.080459	-0.080491	-0.080458	-0.080387	-0.080519
633.000000	-0.080334	-0.080376	-0.080348	-0.080380	-0.080331	-0.080311	-0.080412
634.000000	-0.080198	-0.080274	-0.080256	-0.080230	-0.080227	-0.080241	-0.080302
635.000000	-0.080107	-0.080078	-0.080147	-0.080070	-0.080114	-0.080108	-0.080169
636.000000	-0.079994	-0.079840	-0.079997	-0.079894	-0.079976	-0.079925	-0.079989
637.000000	-0.079778	-0.079642	-0.079789	-0.079691	-0.079804	-0.079725	-0.079742
638.000000	-0.079508	-0.079478	-0.079558	-0.079495	-0.079593	-0.079523	-0.079475
639.000000	-0.079285	-0.079315	-0.079354	-0.079352	-0.079351	-0.079321	-0.079259
640.000000	-0.079137	-0.079174	-0.079194	-0.079260	-0.079129	-0.079147	-0.079123
641.000000	-0.079042	-0.079111	-0.079070	-0.079183	-0.079009	-0.079041	-0.079067
642.000000	-0.078985	-0.079097	-0.078970	-0.079103	-0.078983	-0.078996	-0.079054
643.000000	-0.078947	-0.079027	-0.078878	-0.079018	-0.078964	-0.078960	-0.079014
644.000000	-0.078905	-0.078874	-0.078779	-0.078912	-0.078893	-0.078895	-0.078919
645.000000	-0.078819	-0.078719	-0.078660	-0.078753	-0.078760	-0.078782	-0.078802
646.000000	-0.078698	-0.078627	-0.078550	-0.078573	-0.078606	-0.078646	-0.078706
647.000000	-0.078640	-0.078612	-0.078560	-0.078524	-0.078570	-0.078596	-0.078692
648.000000	-0.078698	-0.078669	-0.078724	-0.078679	-0.078713	-0.078686	-0.078776
649.000000	-0.078771	-0.078755	-0.078848	-0.078864	-0.078864	-0.078802	-0.078863
650.000000	-0.078763	-0.078820	-0.078777	-0.078911	-0.078865	-0.078836	-0.078864
651.000000	-0.078703	-0.078811	-0.078644	-0.078845	-0.078770	-0.078808	-0.078785
652.000000	-0.078632	-0.078685	-0.078607	-0.078725	-0.078661	-0.078748	-0.078653
653.000000	-0.078502	-0.078459	-0.078542	-0.078522	-0.078497	-0.078592	-0.078464
654.000000	-0.078244	-0.078171	-0.078255	-0.078188	-0.078201	-0.078253	-0.078211
655.000000	-0.077899	-0.077842	-0.077824	-0.077800	-0.077838	-0.077820	-0.077919
656.000000	-0.077565	-0.077491	-0.077459	-0.077491	-0.077533	-0.077463	-0.077632
657.000000	-0.077316	-0.077194	-0.077237	-0.077308	-0.077328	-0.077246	-0.077397
658.000000	-0.077207	-0.077065	-0.077132	-0.077224	-0.077200	-0.077153	-0.077257
659.000000	-0.077204	-0.077087	-0.077092	-0.077198	-0.077125	-0.077130	-0.077203
660.000000	-0.077179	-0.077105	-0.077041	-0.077168	-0.077080	-0.077085	-0.077169
661.000000	-0.077083	-0.077038	-0.076949	-0.077094	-0.077038	-0.076989	-0.077103
662.000000	-0.076984	-0.076929	-0.076854	-0.076971	-0.076966	-0.076909	-0.076988
663.000000	-0.076908	-0.076806	-0.076767	-0.076802	-0.076836	-0.076862	-0.076816
664.000000	-0.076759	-0.076642	-0.076625	-0.076608	-0.076639	-0.076744	-0.076606
665.000000	-0.076466	-0.076408	-0.076379	-0.076391	-0.076371	-0.076470	-0.076365
666.000000	-0.076068	-0.076083	-0.076048	-0.076084	-0.076031	-0.076069	-0.076064
667.000000	-0.075632	-0.075670	-0.075670	-0.075644	-0.075634	-0.075605	-0.075685
668.000000	-0.075234	-0.075270	-0.075305	-0.075203	-0.075265	-0.075182	-0.075305
669.000000	-0.074946	-0.074989	-0.075005	-0.074914	-0.075008	-0.074896	-0.075014
670.000000	-0.074732	-0.074765	-0.074737	-0.074705	-0.074798	-0.074685	-0.074779
671.000000	-0.074517	-0.074478	-0.074440	-0.074432	-0.074521	-0.074429	-0.074523
672.000000	-0.074263	-0.074152	-0.074138	-0.074137	-0.074195	-0.074139	-0.074239
673.000000	-0.073953	-0.073890	-0.073904	-0.073969	-0.073912	-0.073900	-0.073966
674.000000	-0.073648	-0.073728	-0.073752	-0.073900	-0.073713	-0.073738	-0.073749
675.000000	-0.073468	-0.073639	-0.073648	-0.073756	-0.073589	-0.073629	-0.073638
676.000000	-0.073438	-0.073591	-0.073569	-0.073519	-0.073526	-0.073551	-0.073610
677.000000	-0.073456	-0.073549	-0.073511	-0.073373	-0.073504	-0.073490	-0.073557
678.000000	-0.073467	-0.073513	-0.073485	-0.073407	-0.073517	-0.073452	-0.073449
679.000000	-0.073498	-0.073538	-0.073520	-0.073530	-0.073578	-0.073483	-0.073398
680.000000	-0.073546	-0.073628	-0.073603	-0.073635	-0.073663	-0.073577	-0.073456
681.000000	-0.073518	-0.073650	-0.073612	-0.073610	-0.073648	-0.073593	-0.073502
682.000000	-0.073363	-0.073509	-0.073466	-0.073412	-0.073462	-0.073443	-0.073438
683.000000	-0.073255	-0.073341	-0.073303	-0.073242	-0.073283	-0.073282	-0.073354
684.000000	-0.073358	-0.073300	-0.073277	-0.073299	-0.073296	-0.073285	-0.073358
685.000000	-0.073525	-0.073357	-0.073353	-0.073461	-0.073423	-0.073389	-0.073431
686.000000	-0.073534	-0.073430	-0.073440	-0.073521	-0.073508	-0.073467	-0.073511
687.000000	-0.073411	-0.073464	-0.073471	-0.073459	-0.073492	-0.073453	-0.073534
688.000000	-0.073295	-0.073421	-0.073400	-0.073342	-0.073367	-0.073324	-0.073445
689.000000	-0.073223	-0.073314	-0.073269	-0.073221	-0.073199	-0.073145	-0.073293
690.000000	-0.073165	-0.073189	-0.073176	-0.073141	-0.073099	-0.073040	-0.073197
691.000000	-0.073122	-0.073089	-0.073147	-0.073107	-0.073096	-0.073038	-0.073172
692.000000	-0.073127	-0.073057	-0.073130	-0.073095	-0.073134	-0.073072	-0.073140
693.000000	-0.073175	-0.073101	-0.073112	-0.073114	-0.073182	-0.073113	-0.073091
694.000000	-0.073204	-0.073183	-0.073132	-0.073219	-0.073236	-0.073183	-0.073121
695.000000	-0.073198	-0.073259	-0.073192	-0.073385	-0.073282	-0.073276	-0.073250
696.000000	-0.073230	-0.073282	-0.073221	-0.073418	-0.073279	-0.073326	-0.073351
697.000000	-0.073337	-0.073247	-0.073190	-0.073232	-0.073230	-0.073300	-0.073339
698.000000	-0.073429	-0.073258	-0.073215	-0.073088	-0.073257	-0.073280	-0.073301
699.000000	-0.073432	-0.073391	-0.073380	-0.073215	-0.073449	-0.073339	-0.073330
700.000000	-0.073431	-0.073536	-0.073556	-0.073454	-0.073644	-0.073427	-0.073404
701.000000	-0.073523	-0.073565	-0.073589	-0.073580	-0.073662	-0.073478	-0.073481
702.000000	-0.073660	-0.073532	-0.073553	-0.073599	-0.073587	-0.073529	-0.073569
703.000000	-0.073743	-0.073547	-0.073587	-0.073596	-0.073585	-0.073639	-0.073687
704.000000	-0.073750	-0.073588	-0.073680	-0.073594	-0.073645	-0.073747	-0.073790
705.000000	-0.073705	-0.073569	-0.073741	-0.073582	-0.073670	-0.073735	-0.073808
706.000000	-0.073628	-0.073502	-0.073716	-0.073553	-0.073637	-0.073609	-0.073729
707.000000	-0.073541	-0.073476	-0.073582	-0.073506	-0.073580	-0.073469	-0.073589
708.000000	-0.073437	-0.073483	-0.073370	-0.073434	-0.073503	-0.073365	-0.073432
709.000000	-0.073280	-0.073414	-0.073168	-0.073328	-0.073372	-0.073291	-0.073304
710.000000	-0.073076	-0.073228	-0.073028	-0.073176	-0.073189	-0.073213	-0.073206
711.000000	-0.072894	-0.072998	-0.072942	-0.072967	-0.073013	-0.073067	-0.073071
712.000000	-0.072765	-0.072775	-0.072871	-0.072726	-0.072868	-0.072830	-0.072873
713.000000	-0.072620	-0.072550	-0.072715	-0.072561	-0.072682	-0.072583	-0.072688
714.000000	-0.072411	-0.072322	-0.072418	-0.072510	-0.072414	-0.072389	-0.072558
715.000000	-0.072185	-0.072145	-0.072080	-0.072373	-0.072149	-0.072220	-0.072372
716.000000	-0.071992	-0.072051	-0.071811	-0.071987	-0.071970	-0.072047	-0.072038
717.000000	-0.071799	-0.071925	-0.071651	-0.071594	-0.071830	-0.071905	-0.071685
718.000000	-0.071561	-0.071639	-0.071594	-0.071486	-0.071655	-0.071822	-0.071470
719.000000	-0.071289	-0.071293	-0.071480	-0.071513	-0.071429	-0.071650	-0.071315
720.000000	-0.071022	-0.071065	-0.071123	-0.071376	-0.071168	-0.071210	-0.071069
721.000000	-0.070850	-0.070998	-0.070731	-0.071136	-0.070976	-0.070773	-0.070823
722.000000	-0.070881	-0.071046	-0.070718	-0.071043	-0.070984	-0.070837	-0.070803
723.000000	-0.070977	-0.071022	-0.070936	-0.071004	-0.071009	-0.071162	-0.070925
724.000000	-0.070802	-0.070628	-0.070783	-0.070642	-0.070613	-0.070914	-0.070857
725.000000	-0.070383	-0.070001	-0.070198	-0.070001	-0.069895	-0.070108	-0.070528
726.000000	-0.070176	-0.069776	-0.069772	-0.069625	-0.069586	-0.069773	-0.070183
727.000000	-0.070299	-0.070132	-0.069804	-0.069772	-0.069917	-0.070253	-0.069953
728.000000	-0.070275	-0.070440	-0.070039	-0.070180	-0.070230	-0.070653	-0.069742
729.000000	-0.069924	-0.070339	-0.070277	-0.070606	-0.070148	-0.070452	-0.069570
730.000000	-0.069901	-0.070296	-0.070575	-0.070978	-0.070166	-0.070293	-0.069773
731.000000	-0.070738	-0.070725	-0.070993	-0.071268	-0.070721	-0.070755	-0.070590
732.000000	-0.072115	-0.071463	-0.071486	-0.071508	-0.071626	-0.071628	-0.071780
