[HEADER]
Format	J&M ASCII Table
Comment	Remin PV CDOM Samples 
Date	2/12/1980 6:27:01 AM
Order	Y (evenX)
TechType	UV
NumPoints	483
FirstX	250.00
LastX	732.00
XType	NMetr
YType	Absrb
ZType	Secs
NumSubFile	7
Matrix	Z vs X
[DATA]
	0.000000	5.000064	10.000192	15.000256	20.000320	25.000448	30.000511
250.000000	1.071602	1.073085	1.068856	1.068651	1.069966	1.068920	1.071374
251.000000	1.046752	1.048249	1.044363	1.044376	1.046049	1.044134	1.045680
252.000000	1.023808	1.023537	1.022102	1.022053	1.023509	1.019993	1.021198
253.000000	1.002283	1.000673	1.000665	1.000677	1.002303	0.997504	0.998260
254.000000	0.981636	0.980785	0.979056	0.979498	0.982273	0.977399	0.977202
255.000000	0.961659	0.962297	0.958606	0.959355	0.963083	0.959185	0.958427
256.000000	0.942362	0.943522	0.940776	0.941178	0.944422	0.942151	0.942050
257.000000	0.924557	0.925384	0.924954	0.924508	0.926295	0.925855	0.926540
258.000000	0.909122	0.909450	0.909918	0.908516	0.908870	0.909971	0.910084
259.000000	0.895092	0.895117	0.895231	0.893295	0.892783	0.894360	0.893304
260.000000	0.880679	0.880753	0.880866	0.879351	0.878820	0.879007	0.877992
261.000000	0.865981	0.866150	0.866910	0.866220	0.866336	0.864269	0.864577
262.000000	0.852511	0.852183	0.853515	0.852717	0.853620	0.850752	0.852407
263.000000	0.840211	0.838982	0.840347	0.838599	0.840021	0.838195	0.840407
264.000000	0.827199	0.825798	0.826526	0.824713	0.826132	0.825339	0.827057
265.000000	0.812736	0.812262	0.812037	0.811450	0.812362	0.811636	0.812079
266.000000	0.798182	0.798732	0.798379	0.798331	0.798700	0.797835	0.797325
267.000000	0.784522	0.785423	0.786194	0.784943	0.785056	0.784476	0.783964
268.000000	0.771252	0.772016	0.773549	0.771250	0.771250	0.771252	0.770870
269.000000	0.757743	0.758178	0.758825	0.757254	0.757143	0.757735	0.756890
270.000000	0.743811	0.743866	0.743274	0.742852	0.742812	0.743545	0.742198
271.000000	0.729376	0.729125	0.728539	0.727974	0.728362	0.728438	0.727251
272.000000	0.714295	0.714136	0.714288	0.712873	0.713743	0.712951	0.712231
273.000000	0.698470	0.699095	0.699512	0.697882	0.698846	0.697823	0.697219
274.000000	0.682442	0.683895	0.684036	0.682878	0.683605	0.682876	0.682334
275.000000	0.667070	0.668265	0.668165	0.667484	0.667983	0.667427	0.667694
276.000000	0.652137	0.652151	0.652064	0.651642	0.652015	0.651514	0.652869
277.000000	0.636529	0.635700	0.635777	0.635570	0.635805	0.635778	0.636991
278.000000	0.620109	0.619273	0.619450	0.619515	0.619502	0.620320	0.620139
279.000000	0.604016	0.603499	0.603358	0.603746	0.603320	0.604537	0.603611
280.000000	0.588765	0.588526	0.587675	0.588388	0.587454	0.588273	0.588034
281.000000	0.573528	0.573560	0.572361	0.573276	0.572064	0.572315	0.572612
282.000000	0.557788	0.558124	0.557360	0.558250	0.557203	0.557186	0.556833
283.000000	0.542353	0.542943	0.542639	0.543252	0.542637	0.542354	0.541457
284.000000	0.528016	0.528691	0.528205	0.528333	0.528167	0.527351	0.527204
285.000000	0.514463	0.514862	0.514223	0.513964	0.513983	0.512819	0.513625
286.000000	0.501163	0.500787	0.500862	0.500619	0.500357	0.499553	0.500062
287.000000	0.488212	0.487006	0.487989	0.487953	0.487386	0.487240	0.486701
288.000000	0.475931	0.474481	0.475377	0.475341	0.475073	0.475141	0.474056
289.000000	0.464114	0.463044	0.463217	0.463012	0.463255	0.463108	0.462279
290.000000	0.452247	0.451832	0.451944	0.451702	0.451675	0.451371	0.451278
291.000000	0.440520	0.440729	0.441384	0.441366	0.440468	0.440201	0.440803
292.000000	0.429784	0.430328	0.430802	0.431215	0.430129	0.429894	0.430460
293.000000	0.420342	0.420876	0.420229	0.421056	0.420747	0.420432	0.420245
294.000000	0.411700	0.412090	0.410799	0.411563	0.411818	0.411363	0.410703
295.000000	0.403436	0.403709	0.402936	0.403061	0.403042	0.402465	0.402142
296.000000	0.395403	0.395586	0.395416	0.395021	0.394633	0.394077	0.394297
297.000000	0.387546	0.387646	0.387313	0.387017	0.386789	0.386441	0.386860
298.000000	0.379978	0.379985	0.379319	0.379308	0.379454	0.379282	0.379629
299.000000	0.372825	0.372725	0.372242	0.372218	0.372540	0.372303	0.372488
300.000000	0.366106	0.365951	0.365887	0.365739	0.366052	0.365633	0.365660
301.000000	0.359802	0.359721	0.359790	0.359742	0.359995	0.359491	0.359424
302.000000	0.353859	0.353937	0.353867	0.353995	0.354168	0.353786	0.353669
303.000000	0.348211	0.348429	0.348205	0.348239	0.348296	0.348294	0.348119
304.000000	0.342808	0.343079	0.342806	0.342597	0.342476	0.342935	0.342701
305.000000	0.337617	0.337807	0.337615	0.337440	0.337053	0.337730	0.337486
306.000000	0.332622	0.332664	0.332616	0.332773	0.332168	0.332683	0.332534
307.000000	0.327824	0.327838	0.327832	0.328222	0.327743	0.327782	0.327890
308.000000	0.323260	0.323402	0.323313	0.323655	0.323626	0.323066	0.323532
309.000000	0.319019	0.319240	0.319144	0.319337	0.319566	0.318659	0.319333
310.000000	0.315137	0.315267	0.315335	0.315437	0.315450	0.314658	0.315222
311.000000	0.311506	0.311501	0.311719	0.311829	0.311495	0.311086	0.311279
312.000000	0.308014	0.307969	0.308157	0.308372	0.307888	0.307891	0.307598
313.000000	0.304584	0.304666	0.304688	0.305004	0.304563	0.304776	0.304236
314.000000	0.301173	0.301549	0.301376	0.301678	0.301386	0.301465	0.301197
315.000000	0.297895	0.298386	0.298215	0.298306	0.298169	0.298062	0.298220
316.000000	0.294891	0.294947	0.295172	0.294828	0.294756	0.294787	0.295011
317.000000	0.292111	0.291554	0.292204	0.291520	0.291427	0.291729	0.291773
318.000000	0.289412	0.288760	0.289272	0.288788	0.288643	0.288906	0.288930
319.000000	0.286690	0.286405	0.286418	0.286426	0.286315	0.286245	0.286426
320.000000	0.283878	0.283799	0.283742	0.283778	0.283936	0.283612	0.283849
321.000000	0.280953	0.280803	0.281154	0.280763	0.281259	0.280957	0.281070
322.000000	0.277950	0.277900	0.278359	0.277939	0.278337	0.278331	0.278288
323.000000	0.274995	0.275329	0.275322	0.275499	0.275310	0.275711	0.275615
324.000000	0.272361	0.272885	0.272450	0.272979	0.272443	0.272950	0.272989
325.000000	0.270152	0.270396	0.270022	0.270144	0.269928	0.270062	0.270380
326.000000	0.268029	0.267885	0.267894	0.267475	0.267757	0.267477	0.267887
327.000000	0.265692	0.265400	0.265838	0.265351	0.265812	0.265488	0.265581
328.000000	0.263251	0.262964	0.263551	0.263360	0.263679	0.263630	0.263367
329.000000	0.260896	0.260620	0.260835	0.261026	0.261021	0.261380	0.261137
330.000000	0.258725	0.258527	0.258197	0.258623	0.258356	0.258950	0.258914
331.000000	0.256776	0.256835	0.256299	0.256623	0.256403	0.256755	0.256757
332.000000	0.254846	0.255138	0.254815	0.254809	0.254850	0.254641	0.254601
333.000000	0.252623	0.252790	0.252927	0.252632	0.252875	0.252185	0.252333
334.000000	0.250227	0.250096	0.250581	0.250261	0.250507	0.249665	0.250094
335.000000	0.248116	0.248103	0.248340	0.248431	0.248455	0.247901	0.248223
336.000000	0.246358	0.246910	0.246452	0.247156	0.246897	0.246859	0.246689
337.000000	0.244548	0.245479	0.244773	0.245595	0.245362	0.245486	0.245012
338.000000	0.242521	0.243338	0.243149	0.243418	0.243583	0.243335	0.243000
339.000000	0.240577	0.241117	0.241446	0.241280	0.241724	0.241122	0.240997
340.000000	0.238926	0.239322	0.239618	0.239631	0.239920	0.239400	0.239264
341.000000	0.237423	0.237843	0.237844	0.238124	0.238124	0.237983	0.237703
342.000000	0.235918	0.236490	0.236271	0.236412	0.236307	0.236610	0.236179
343.000000	0.234476	0.235156	0.234774	0.234657	0.234633	0.235176	0.234641
344.000000	0.233186	0.233762	0.233203	0.233111	0.233276	0.233642	0.233086
345.000000	0.231949	0.232283	0.231700	0.231793	0.232147	0.232120	0.231668
346.000000	0.230609	0.230720	0.230483	0.230619	0.231062	0.230758	0.230561
347.000000	0.229230	0.229172	0.229419	0.229400	0.229875	0.229489	0.229558
348.000000	0.227991	0.227783	0.228189	0.227909	0.228476	0.228137	0.228250
349.000000	0.226882	0.226598	0.226827	0.226302	0.226951	0.226738	0.226655
350.000000	0.225735	0.225575	0.225663	0.225051	0.225554	0.225502	0.225151
351.000000	0.224528	0.224636	0.224745	0.224244	0.224374	0.224459	0.223944
352.000000	0.223424	0.223663	0.223763	0.223477	0.223300	0.223406	0.223011
353.000000	0.222455	0.222624	0.222576	0.222522	0.222264	0.222259	0.222268
354.000000	0.221386	0.221644	0.221395	0.221526	0.221309	0.221187	0.221552
355.000000	0.220129	0.220776	0.220387	0.220580	0.220437	0.220302	0.220738
356.000000	0.219070	0.219831	0.219503	0.219509	0.219506	0.219502	0.219829
357.000000	0.218501	0.218672	0.218668	0.218206	0.218418	0.218668	0.218857
358.000000	0.217964	0.217565	0.217860	0.217034	0.217357	0.217776	0.217884
359.000000	0.216934	0.216816	0.217062	0.216393	0.216537	0.216836	0.216962
360.000000	0.215743	0.216316	0.216233	0.216070	0.215864	0.215918	0.216049
361.000000	0.214996	0.215794	0.215326	0.215624	0.215141	0.215105	0.215075
362.000000	0.214542	0.215086	0.214381	0.214849	0.214336	0.214383	0.214084
363.000000	0.213800	0.214100	0.213487	0.213694	0.213523	0.213676	0.213186
364.000000	0.212744	0.212969	0.212688	0.212467	0.212766	0.212898	0.212434
365.000000	0.211840	0.212018	0.211992	0.211774	0.212112	0.211960	0.211832
366.000000	0.211264	0.211377	0.211426	0.211631	0.211548	0.210969	0.211321
367.000000	0.210803	0.210916	0.211052	0.211280	0.210972	0.210289	0.210771
368.000000	0.210264	0.210453	0.210726	0.210356	0.210311	0.209991	0.210101
369.000000	0.209542	0.209742	0.209915	0.209325	0.209544	0.209563	0.209340
370.000000	0.208627	0.208670	0.208406	0.208570	0.208675	0.208666	0.208535
371.000000	0.207748	0.207545	0.207018	0.207954	0.207753	0.207647	0.207748
372.000000	0.207095	0.206674	0.206491	0.207286	0.206846	0.206876	0.207023
373.000000	0.206508	0.206054	0.206414	0.206533	0.206075	0.206280	0.206308
374.000000	0.205769	0.205575	0.206132	0.205714	0.205537	0.205678	0.205543
375.000000	0.204920	0.205007	0.205477	0.204897	0.205057	0.204998	0.204773
376.000000	0.204104	0.204107	0.204507	0.204168	0.204375	0.204225	0.204083
377.000000	0.203358	0.203131	0.203502	0.203578	0.203577	0.203501	0.203444
378.000000	0.202659	0.202610	0.202854	0.203149	0.202945	0.203053	0.202768
379.000000	0.202011	0.202476	0.202496	0.202722	0.202457	0.202786	0.202061
380.000000	0.201442	0.202128	0.201950	0.201980	0.201814	0.202322	0.201413
381.000000	0.200904	0.201343	0.201112	0.200958	0.200981	0.201537	0.200846
382.000000	0.200238	0.200429	0.200392	0.200161	0.200280	0.200665	0.200278
383.000000	0.199412	0.199610	0.199958	0.199760	0.199836	0.199863	0.199654
384.000000	0.198648	0.198871	0.199449	0.199205	0.199338	0.199094	0.198989
385.000000	0.198077	0.198192	0.198615	0.198175	0.198566	0.198310	0.198302
386.000000	0.197488	0.197596	0.197721	0.197255	0.197720	0.197493	0.197603
387.000000	0.196701	0.197092	0.197047	0.196960	0.197023	0.196661	0.196904
388.000000	0.195975	0.196562	0.196538	0.196767	0.196439	0.195973	0.196227
389.000000	0.195616	0.195892	0.196056	0.196004	0.195877	0.195589	0.195602
390.000000	0.195417	0.195247	0.195579	0.195001	0.195354	0.195385	0.195100
391.000000	0.194994	0.194874	0.195122	0.194452	0.194921	0.195120	0.194781
392.000000	0.194398	0.194596	0.194587	0.194271	0.194500	0.194618	0.194433
393.000000	0.193939	0.193997	0.193823	0.193907	0.193943	0.193761	0.193696
394.000000	0.193652	0.193212	0.193010	0.193315	0.193321	0.192822	0.192754
395.000000	0.193314	0.192874	0.192627	0.192922	0.192904	0.192421	0.192279
396.000000	0.192831	0.193019	0.192686	0.192804	0.192716	0.192566	0.192380
397.000000	0.192304	0.192859	0.192566	0.192548	0.192449	0.192437	0.192387
398.000000	0.191805	0.192026	0.191970	0.191937	0.191951	0.191665	0.191949
399.000000	0.191330	0.191084	0.191325	0.191199	0.191438	0.190898	0.191443
400.000000	0.190876	0.190503	0.190962	0.190557	0.191062	0.190615	0.191160
401.000000	0.190462	0.190147	0.190670	0.190048	0.190674	0.190457	0.190880
402.000000	0.190110	0.189819	0.190220	0.189672	0.190140	0.190041	0.190371
403.000000	0.189840	0.189535	0.189763	0.189424	0.189657	0.189561	0.189792
404.000000	0.189655	0.189362	0.189510	0.189284	0.189455	0.189324	0.189376
405.000000	0.189442	0.189266	0.189329	0.189124	0.189329	0.189260	0.189112
406.000000	0.189049	0.189165	0.188967	0.188791	0.188923	0.189146	0.188880
407.000000	0.188502	0.188924	0.188502	0.188337	0.188306	0.188846	0.188552
408.000000	0.187935	0.188388	0.188199	0.187938	0.187798	0.188288	0.188006
409.000000	0.187422	0.187681	0.187976	0.187622	0.187453	0.187596	0.187324
410.000000	0.186982	0.187182	0.187432	0.187281	0.187073	0.187069	0.186775
411.000000	0.186627	0.186989	0.186597	0.186909	0.186617	0.186811	0.186468
412.000000	0.186363	0.186807	0.186090	0.186638	0.186261	0.186645	0.186291
413.000000	0.186156	0.186445	0.186132	0.186472	0.186044	0.186403	0.186114
414.000000	0.185899	0.185965	0.186070	0.186138	0.185712	0.185959	0.185804
415.000000	0.185520	0.185458	0.185468	0.185489	0.185137	0.185292	0.185310
416.000000	0.185085	0.185002	0.184839	0.184843	0.184670	0.184678	0.184838
417.000000	0.184678	0.184652	0.184681	0.184511	0.184602	0.184352	0.184558
418.000000	0.184345	0.184352	0.184644	0.184390	0.184572	0.184121	0.184289
419.000000	0.184111	0.184030	0.184241	0.184274	0.184131	0.183735	0.183809
420.000000	0.183909	0.183708	0.183676	0.184070	0.183533	0.183375	0.183335
421.000000	0.183640	0.183438	0.183402	0.183739	0.183271	0.183355	0.183224
422.000000	0.183290	0.183152	0.183331	0.183285	0.183214	0.183454	0.183266
423.000000	0.182898	0.182722	0.183056	0.182751	0.182863	0.183144	0.182925
424.000000	0.182508	0.182258	0.182558	0.182270	0.182249	0.182504	0.182265
425.000000	0.182167	0.182079	0.182176	0.182058	0.181886	0.182168	0.181890
426.000000	0.181887	0.182184	0.182023	0.182089	0.181908	0.182255	0.181935
427.000000	0.181634	0.182137	0.181904	0.182019	0.181922	0.182183	0.181895
428.000000	0.181363	0.181739	0.181679	0.181683	0.181683	0.181662	0.181508
429.000000	0.181013	0.181310	0.181368	0.181313	0.181303	0.181058	0.181076
430.000000	0.180570	0.181077	0.181012	0.181085	0.180917	0.180673	0.180839
431.000000	0.180164	0.180827	0.180660	0.180879	0.180603	0.180384	0.180657
432.000000	0.179914	0.180359	0.180347	0.180565	0.180396	0.180047	0.180373
433.000000	0.179789	0.179886	0.180042	0.180204	0.180191	0.179755	0.180040
434.000000	0.179708	0.179676	0.179705	0.179889	0.179870	0.179635	0.179750
435.000000	0.179550	0.179604	0.179361	0.179577	0.179509	0.179562	0.179465
436.000000	0.179200	0.179406	0.179059	0.179183	0.179249	0.179336	0.179106
437.000000	0.178768	0.179069	0.178854	0.178812	0.179058	0.178998	0.178761
438.000000	0.178493	0.178731	0.178796	0.178669	0.178805	0.178729	0.178611
439.000000	0.178350	0.178438	0.178766	0.178671	0.178471	0.178525	0.178600
440.000000	0.178083	0.178150	0.178494	0.178480	0.178140	0.178215	0.178469
441.000000	0.177655	0.177872	0.177970	0.178032	0.177854	0.177790	0.178122
442.000000	0.177325	0.177663	0.177527	0.177622	0.177596	0.177459	0.177684
443.000000	0.177194	0.177515	0.177326	0.177402	0.177350	0.177301	0.177268
444.000000	0.177027	0.177289	0.177167	0.177207	0.177120	0.177116	0.176935
445.000000	0.176668	0.176902	0.176883	0.176900	0.176893	0.176769	0.176703
446.000000	0.176302	0.176480	0.176524	0.176524	0.176611	0.176391	0.176477
447.000000	0.176108	0.176158	0.176177	0.176157	0.176238	0.176128	0.176185
448.000000	0.175997	0.175955	0.175950	0.175877	0.175890	0.175988	0.175920
449.000000	0.175832	0.175850	0.175921	0.175745	0.175698	0.175938	0.175793
450.000000	0.175621	0.175767	0.175932	0.175701	0.175670	0.175891	0.175723
451.000000	0.175432	0.175620	0.175759	0.175646	0.175760	0.175753	0.175567
452.000000	0.175317	0.175446	0.175499	0.175579	0.175855	0.175575	0.175387
453.000000	0.175315	0.175347	0.175424	0.175552	0.175817	0.175480	0.175348
454.000000	0.175320	0.175297	0.175483	0.175521	0.175615	0.175435	0.175395
455.000000	0.175109	0.175160	0.175354	0.175359	0.175320	0.175271	0.175284
456.000000	0.174707	0.174915	0.174975	0.175056	0.175000	0.174975	0.174996
457.000000	0.174453	0.174692	0.174624	0.174754	0.174715	0.174738	0.174799
458.000000	0.174479	0.174567	0.174465	0.174561	0.174512	0.174647	0.174804
459.000000	0.174501	0.174503	0.174423	0.174513	0.174420	0.174582	0.174795
460.000000	0.174326	0.174455	0.174415	0.174581	0.174426	0.174450	0.174619
461.000000	0.174120	0.174373	0.174414	0.174584	0.174415	0.174289	0.174374
462.000000	0.174052	0.174230	0.174391	0.174376	0.174295	0.174153	0.174175
463.000000	0.174062	0.174081	0.174265	0.174065	0.174128	0.174070	0.174037
464.000000	0.174042	0.173988	0.173974	0.173805	0.173998	0.174049	0.173941
465.000000	0.173932	0.173909	0.173652	0.173623	0.173878	0.174025	0.173835
466.000000	0.173704	0.173774	0.173484	0.173501	0.173711	0.173915	0.173664
467.000000	0.173435	0.173611	0.173443	0.173435	0.173550	0.173727	0.173481
468.000000	0.173256	0.173499	0.173384	0.173431	0.173502	0.173524	0.173390
469.000000	0.173193	0.173422	0.173297	0.173449	0.173549	0.173364	0.173376
470.000000	0.173186	0.173286	0.173275	0.173419	0.173566	0.173301	0.173322
471.000000	0.173195	0.173131	0.173308	0.173324	0.173511	0.173308	0.173201
472.000000	0.173203	0.173151	0.173253	0.173212	0.173436	0.173260	0.173089
473.000000	0.173165	0.173343	0.173064	0.173102	0.173348	0.173094	0.173017
474.000000	0.172984	0.173333	0.172875	0.172957	0.173154	0.172861	0.172922
475.000000	0.172652	0.172935	0.172783	0.172774	0.172846	0.172635	0.172776
476.000000	0.172405	0.172528	0.172740	0.172656	0.172656	0.172532	0.172656
477.000000	0.172411	0.172448	0.172688	0.172671	0.172748	0.172613	0.172621
478.000000	0.172438	0.172506	0.172603	0.172680	0.172876	0.172711	0.172597
479.000000	0.172223	0.172443	0.172479	0.172537	0.172756	0.172642	0.172496
480.000000	0.171922	0.172299	0.172341	0.172318	0.172466	0.172471	0.172346
481.000000	0.171808	0.172212	0.172230	0.172165	0.172208	0.172338	0.172214
482.000000	0.171877	0.172193	0.172184	0.172094	0.172099	0.172297	0.172131
483.000000	0.171977	0.172191	0.172235	0.172055	0.172203	0.172353	0.172111
484.000000	0.172034	0.172204	0.172325	0.172081	0.172402	0.172438	0.172151
485.000000	0.172039	0.172268	0.172329	0.172262	0.172442	0.172442	0.172238
486.000000	0.172010	0.172353	0.172249	0.172516	0.172312	0.172353	0.172334
487.000000	0.172000	0.172352	0.172226	0.172567	0.172266	0.172277	0.172367
488.000000	0.172029	0.172255	0.172296	0.172340	0.172399	0.172269	0.172305
489.000000	0.172065	0.172210	0.172309	0.172104	0.172512	0.172283	0.172183
490.000000	0.172059	0.172271	0.172176	0.172043	0.172444	0.172267	0.172039
491.000000	0.171940	0.172236	0.171977	0.172058	0.172193	0.172162	0.171906
492.000000	0.171712	0.171985	0.171827	0.172052	0.171838	0.171963	0.171827
493.000000	0.171653	0.171813	0.171868	0.172065	0.171695	0.171850	0.171873
494.000000	0.171998	0.172010	0.172182	0.172148	0.172011	0.171981	0.172083
495.000000	0.172394	0.172298	0.172506	0.172220	0.172398	0.172167	0.172254
496.000000	0.172365	0.172273	0.172508	0.172174	0.172339	0.172143	0.172146
497.000000	0.172055	0.172069	0.172283	0.172061	0.172009	0.172012	0.171908
498.000000	0.171894	0.172061	0.172125	0.172005	0.171906	0.172039	0.171857
499.000000	0.171982	0.172256	0.172116	0.172051	0.172076	0.172223	0.172028
500.000000	0.172176	0.172397	0.172185	0.172189	0.172248	0.172374	0.172248
501.000000	0.172348	0.172396	0.172286	0.172367	0.172334	0.172434	0.172409
502.000000	0.172390	0.172346	0.172405	0.172495	0.172442	0.172482	0.172470
503.000000	0.172314	0.172317	0.172511	0.172531	0.172589	0.172550	0.172445
504.000000	0.172304	0.172331	0.172547	0.172509	0.172641	0.172581	0.172419
505.000000	0.172444	0.172398	0.172496	0.172472	0.172548	0.172552	0.172451
506.000000	0.172565	0.172507	0.172433	0.172469	0.172466	0.172530	0.172537
507.000000	0.172542	0.172638	0.172437	0.172528	0.172523	0.172571	0.172657
508.000000	0.172521	0.172762	0.172543	0.172611	0.172666	0.172642	0.172764
509.000000	0.172642	0.172842	0.172753	0.172679	0.172808	0.172700	0.172818
510.000000	0.172768	0.172826	0.172936	0.172754	0.172869	0.172739	0.172833
511.000000	0.172716	0.172680	0.172947	0.172871	0.172799	0.172766	0.172842
512.000000	0.172611	0.172567	0.172864	0.173008	0.172737	0.172832	0.172879
513.000000	0.172697	0.172713	0.172854	0.173116	0.172884	0.172991	0.172973
514.000000	0.172912	0.173005	0.172924	0.173162	0.173165	0.173169	0.173088
515.000000	0.173003	0.173119	0.172975	0.173130	0.173325	0.173211	0.173147
516.000000	0.172954	0.173045	0.173018	0.173086	0.173332	0.173147	0.173146
517.000000	0.172983	0.173075	0.173163	0.173176	0.173373	0.173184	0.173155
518.000000	0.173163	0.173302	0.173416	0.173414	0.173513	0.173378	0.173220
519.000000	0.173353	0.173519	0.173627	0.173629	0.173639	0.173572	0.173354
520.000000	0.173461	0.173605	0.173705	0.173720	0.173691	0.173671	0.173538
521.000000	0.173520	0.173656	0.173700	0.173760	0.173736	0.173737	0.173686
522.000000	0.173573	0.173750	0.173683	0.173815	0.173819	0.173821	0.173751
523.000000	0.173628	0.173837	0.173731	0.173864	0.173890	0.173890	0.173810
524.000000	0.173689	0.173863	0.173884	0.173884	0.173895	0.173909	0.173928
525.000000	0.173750	0.173861	0.174009	0.173905	0.173866	0.173929	0.174013
526.000000	0.173803	0.173880	0.173962	0.173965	0.173855	0.174007	0.173960
527.000000	0.173833	0.173920	0.173849	0.174025	0.173888	0.174093	0.173867
528.000000	0.173825	0.173960	0.173865	0.174026	0.173974	0.174105	0.173901
529.000000	0.173826	0.174010	0.174012	0.174029	0.174102	0.174061	0.174058
530.000000	0.173910	0.174097	0.174183	0.174162	0.174241	0.174037	0.174233
531.000000	0.174059	0.174202	0.174317	0.174378	0.174347	0.174076	0.174340
532.000000	0.174168	0.174275	0.174395	0.174485	0.174363	0.174190	0.174320
533.000000	0.174196	0.174299	0.174413	0.174439	0.174306	0.174341	0.174209
534.000000	0.174184	0.174307	0.174384	0.174392	0.174285	0.174434	0.174172
535.000000	0.174179	0.174324	0.174342	0.174430	0.174357	0.174434	0.174277
536.000000	0.174229	0.174357	0.174361	0.174495	0.174483	0.174420	0.174413
537.000000	0.174349	0.174413	0.174477	0.174546	0.174622	0.174456	0.174503
538.000000	0.174464	0.174508	0.174618	0.174618	0.174751	0.174530	0.174618
539.000000	0.174505	0.174641	0.174715	0.174737	0.174848	0.174619	0.174808
540.000000	0.174494	0.174726	0.174767	0.174831	0.174882	0.174698	0.174941
541.000000	0.174474	0.174688	0.174795	0.174831	0.174836	0.174751	0.174882
542.000000	0.174495	0.174635	0.174822	0.174820	0.174802	0.174809	0.174762
543.000000	0.174603	0.174726	0.174872	0.174914	0.174893	0.174915	0.174783
544.000000	0.174754	0.174910	0.174943	0.175049	0.175061	0.175039	0.174920
545.000000	0.174866	0.175034	0.175022	0.175074	0.175174	0.175116	0.175030
546.000000	0.174937	0.175096	0.175109	0.175036	0.175212	0.175155	0.175089
547.000000	0.175028	0.175206	0.175215	0.175135	0.175243	0.175222	0.175163
548.000000	0.175161	0.175378	0.175331	0.175379	0.175303	0.175335	0.175275
549.000000	0.175305	0.175514	0.175428	0.175560	0.175392	0.175460	0.175400
550.000000	0.175435	0.175566	0.175513	0.175596	0.175506	0.175587	0.175524
551.000000	0.175531	0.175578	0.175647	0.175629	0.175642	0.175748	0.175663
552.000000	0.175584	0.175600	0.175838	0.175742	0.175783	0.175937	0.175813
553.000000	0.175612	0.175674	0.175963	0.175826	0.175887	0.176040	0.175926
554.000000	0.175650	0.175824	0.175947	0.175812	0.175938	0.175999	0.175975
555.000000	0.175789	0.176021	0.175954	0.175854	0.176026	0.175992	0.176048
556.000000	0.176071	0.176209	0.176134	0.176085	0.176217	0.176180	0.176204
557.000000	0.176235	0.176234	0.176267	0.176261	0.176326	0.176323	0.176251
558.000000	0.176016	0.175995	0.176104	0.176114	0.176171	0.176153	0.176002
559.000000	0.175981	0.176050	0.176151	0.176183	0.176251	0.176187	0.176022
560.000000	0.176917	0.177100	0.177101	0.177222	0.177224	0.177151	0.177060
561.000000	0.177295	0.177562	0.177430	0.177659	0.177557	0.177533	0.177536
562.000000	0.174269	0.174569	0.174362	0.174611	0.174490	0.174560	0.174555
563.000000	0.172046	0.172336	0.172147	0.172316	0.172269	0.172424	0.172316
564.000000	0.181464	0.181752	0.181644	0.181722	0.181737	0.181874	0.181704
565.000000	0.192343	0.192636	0.192626	0.192662	0.192674	0.192702	0.192557
566.000000	0.164324	0.164564	0.164602	0.164668	0.164640	0.164628	0.164506
567.000000	0.093929	0.094045	0.094054	0.094198	0.094130	0.094211	0.094061
568.000000	0.058436	0.058467	0.058430	0.058595	0.058531	0.058664	0.058496
569.000000	0.107185	0.107246	0.107196	0.107270	0.107268	0.107297	0.107171
570.000000	0.174566	0.174710	0.174661	0.174646	0.174695	0.174599	0.174547
571.000000	0.192322	0.192525	0.192470	0.192477	0.192503	0.192402	0.192417
572.000000	0.178897	0.179121	0.179069	0.179130	0.179116	0.179075	0.179111
573.000000	0.172302	0.172511	0.172496	0.172530	0.172531	0.172521	0.172508
574.000000	0.175618	0.175824	0.175849	0.175816	0.175847	0.175834	0.175772
575.000000	0.178008	0.178274	0.178302	0.178254	0.178256	0.178238	0.178216
576.000000	0.177326	0.177647	0.177659	0.177638	0.177584	0.177561	0.177636
577.000000	0.176652	0.176892	0.176926	0.176903	0.176861	0.176816	0.176936
578.000000	0.176940	0.177018	0.177099	0.177039	0.177079	0.177014	0.177099
579.000000	0.177236	0.177279	0.177363	0.177284	0.177403	0.177356	0.177373
580.000000	0.177256	0.177415	0.177452	0.177405	0.177538	0.177544	0.177511
581.000000	0.177627	0.177836	0.177853	0.177901	0.177938	0.177969	0.177952
582.000000	0.178236	0.178346	0.178393	0.178569	0.178433	0.178440	0.178496
583.000000	0.177556	0.177583	0.177643	0.177876	0.177659	0.177642	0.177714
584.000000	0.175828	0.175906	0.175917	0.176086	0.175967	0.175961	0.175937
585.000000	0.178289	0.178466	0.178418	0.178497	0.178497	0.178514	0.178401
586.000000	0.184853	0.185082	0.185018	0.185064	0.185068	0.185088	0.185003
587.000000	0.171696	0.171929	0.171904	0.171927	0.171895	0.171885	0.171890
588.000000	0.120257	0.120466	0.120525	0.120476	0.120472	0.120398	0.120474
589.000000	0.076130	0.076297	0.076428	0.076323	0.076370	0.076261	0.076353
590.000000	0.098467	0.098586	0.098704	0.098657	0.098690	0.098646	0.098690
591.000000	0.160187	0.160285	0.160323	0.160394	0.160383	0.160427	0.160414
592.000000	0.192761	0.192904	0.192851	0.192980	0.192977	0.192995	0.193001
593.000000	0.186771	0.186990	0.186896	0.186992	0.187037	0.186945	0.187018
594.000000	0.177061	0.177293	0.177268	0.177280	0.177325	0.177197	0.177283
595.000000	0.178115	0.178289	0.178396	0.178325	0.178327	0.178259	0.178300
596.000000	0.181378	0.181499	0.181644	0.181552	0.181570	0.181531	0.181587
597.000000	0.181752	0.181870	0.181919	0.181863	0.181983	0.181896	0.182042
598.000000	0.181197	0.181343	0.181318	0.181246	0.181456	0.181337	0.181508
599.000000	0.181361	0.181537	0.181551	0.181378	0.181593	0.181510	0.181575
600.000000	0.181870	0.182033	0.182119	0.181916	0.182053	0.182014	0.181968
601.000000	0.182253	0.182340	0.182453	0.182392	0.182400	0.182362	0.182299
602.000000	0.182594	0.182617	0.182725	0.182807	0.182724	0.182699	0.182636
603.000000	0.183046	0.183079	0.183180	0.183241	0.183171	0.183219	0.183096
604.000000	0.183542	0.183592	0.183684	0.183667	0.183642	0.183752	0.183574
605.000000	0.183962	0.183951	0.184026	0.184038	0.183992	0.184065	0.183933
606.000000	0.184312	0.184238	0.184292	0.184377	0.184286	0.184279	0.184263
607.000000	0.184650	0.184646	0.184677	0.184733	0.184672	0.184650	0.184736
608.000000	0.185005	0.185160	0.185180	0.185115	0.185125	0.185150	0.185278
609.000000	0.185387	0.185630	0.185666	0.185508	0.185518	0.185579	0.185663
610.000000	0.185766	0.185983	0.186040	0.185893	0.185832	0.185882	0.185884
611.000000	0.186081	0.186214	0.186242	0.186249	0.186143	0.186144	0.186124
612.000000	0.186321	0.186377	0.186327	0.186552	0.186475	0.186403	0.186447
613.000000	0.186535	0.186597	0.186490	0.186773	0.186771	0.186632	0.186744
614.000000	0.186745	0.186893	0.186798	0.186904	0.186981	0.186815	0.186937
615.000000	0.186906	0.187075	0.187065	0.186971	0.187069	0.186957	0.187020
616.000000	0.186996	0.187038	0.187163	0.187010	0.187048	0.187070	0.187027
617.000000	0.187067	0.186966	0.187195	0.187067	0.187067	0.187169	0.187067
618.000000	0.187167	0.187040	0.187273	0.187177	0.187242	0.187272	0.187221
619.000000	0.187269	0.187246	0.187372	0.187314	0.187463	0.187392	0.187393
620.000000	0.187334	0.187510	0.187443	0.187439	0.187586	0.187532	0.187468
621.000000	0.187370	0.187700	0.187494	0.187523	0.187598	0.187631	0.187479
622.000000	0.187399	0.187687	0.187556	0.187547	0.187542	0.187617	0.187509
623.000000	0.187445	0.187600	0.187642	0.187585	0.187521	0.187557	0.187600
624.000000	0.187527	0.187688	0.187756	0.187746	0.187656	0.187586	0.187766
625.000000	0.187649	0.187911	0.187881	0.187980	0.187893	0.187721	0.187952
626.000000	0.187802	0.188015	0.187986	0.188117	0.188044	0.187882	0.188051
627.000000	0.187953	0.187972	0.188071	0.188129	0.188077	0.188033	0.188062
628.000000	0.188051	0.188008	0.188173	0.188151	0.188141	0.188186	0.188107
629.000000	0.188095	0.188208	0.188305	0.188253	0.188287	0.188339	0.188231
630.000000	0.188164	0.188424	0.188441	0.188388	0.188402	0.188463	0.188353
631.000000	0.188292	0.188544	0.188551	0.188509	0.188431	0.188541	0.188422
632.000000	0.188397	0.188584	0.188613	0.188587	0.188481	0.188586	0.188479
633.000000	0.188421	0.188585	0.188622	0.188613	0.188631	0.188610	0.188567
634.000000	0.188429	0.188618	0.188647	0.188646	0.188805	0.188623	0.188696
635.000000	0.188496	0.188739	0.188748	0.188744	0.188920	0.188640	0.188858
636.000000	0.188610	0.188887	0.188886	0.188883	0.189003	0.188717	0.189021
637.000000	0.188736	0.188983	0.189000	0.189023	0.189114	0.188908	0.189146
638.000000	0.188882	0.189082	0.189115	0.189182	0.189254	0.189164	0.189243
639.000000	0.189068	0.189281	0.189279	0.189394	0.189397	0.189391	0.189341
640.000000	0.189244	0.189497	0.189445	0.189599	0.189513	0.189540	0.189432
641.000000	0.189317	0.189543	0.189507	0.189689	0.189569	0.189590	0.189488
642.000000	0.189315	0.189437	0.189480	0.189676	0.189589	0.189581	0.189523
643.000000	0.189367	0.189387	0.189489	0.189687	0.189648	0.189607	0.189595
644.000000	0.189504	0.189474	0.189579	0.189759	0.189749	0.189675	0.189706
645.000000	0.189626	0.189607	0.189683	0.189806	0.189807	0.189673	0.189787
646.000000	0.189642	0.189700	0.189738	0.189783	0.189777	0.189572	0.189793
647.000000	0.189510	0.189704	0.189698	0.189732	0.189699	0.189509	0.189726
648.000000	0.189251	0.189606	0.189570	0.189682	0.189624	0.189566	0.189605
649.000000	0.189056	0.189485	0.189486	0.189600	0.189601	0.189629	0.189485
650.000000	0.189079	0.189419	0.189544	0.189475	0.189653	0.189597	0.189422
651.000000	0.189239	0.189426	0.189627	0.189402	0.189712	0.189547	0.189449
652.000000	0.189405	0.189501	0.189602	0.189481	0.189712	0.189582	0.189579
653.000000	0.189538	0.189616	0.189576	0.189655	0.189732	0.189694	0.189747
654.000000	0.189632	0.189738	0.189719	0.189825	0.189889	0.189839	0.189870
655.000000	0.189738	0.189909	0.189997	0.190000	0.190142	0.190022	0.190003
656.000000	0.189929	0.190200	0.190272	0.190243	0.190378	0.190271	0.190260
657.000000	0.190195	0.190528	0.190485	0.190522	0.190584	0.190538	0.190587
658.000000	0.190462	0.190705	0.190637	0.190742	0.190822	0.190722	0.190813
659.000000	0.190682	0.190731	0.190765	0.190889	0.191084	0.190833	0.190906
660.000000	0.190833	0.190806	0.190943	0.191037	0.191288	0.190997	0.190990
661.000000	0.190941	0.191029	0.191182	0.191209	0.191405	0.191243	0.191146
662.000000	0.191097	0.191331	0.191391	0.191347	0.191492	0.191447	0.191380
663.000000	0.191343	0.191642	0.191532	0.191447	0.191606	0.191567	0.191665
664.000000	0.191602	0.191917	0.191693	0.191636	0.191789	0.191763	0.191914
665.000000	0.191824	0.192144	0.191949	0.191997	0.192068	0.192140	0.192088
666.000000	0.192105	0.192400	0.192268	0.192427	0.192428	0.192559	0.192333
667.000000	0.192518	0.192747	0.192610	0.192808	0.192836	0.192868	0.192766
668.000000	0.192916	0.193087	0.192969	0.193120	0.193213	0.193073	0.193209
669.000000	0.193129	0.193299	0.193349	0.193376	0.193477	0.193235	0.193445
670.000000	0.193273	0.193431	0.193712	0.193626	0.193660	0.193449	0.193563
671.000000	0.193557	0.193599	0.194009	0.193919	0.193833	0.193804	0.193765
672.000000	0.193918	0.193843	0.194218	0.194181	0.194037	0.194192	0.194054
673.000000	0.194136	0.194153	0.194335	0.194269	0.194292	0.194397	0.194313
674.000000	0.194206	0.194435	0.194403	0.194261	0.194537	0.194443	0.194503
675.000000	0.194304	0.194533	0.194506	0.194418	0.194650	0.194558	0.194650
676.000000	0.194448	0.194435	0.194628	0.194731	0.194611	0.194761	0.194756
677.000000	0.194463	0.194319	0.194637	0.194858	0.194529	0.194810	0.194793
678.000000	0.194283	0.194280	0.194489	0.194671	0.194466	0.194614	0.194743
679.000000	0.194060	0.194259	0.194306	0.194443	0.194386	0.194367	0.194617
680.000000	0.193941	0.194226	0.194207	0.194393	0.194294	0.194247	0.194458
681.000000	0.194017	0.194255	0.194257	0.194500	0.194326	0.194328	0.194391
682.000000	0.194295	0.194383	0.194456	0.194682	0.194549	0.194595	0.194488
683.000000	0.194515	0.194455	0.194591	0.194769	0.194727	0.194766	0.194589
684.000000	0.194429	0.194328	0.194463	0.194616	0.194622	0.194591	0.194527
685.000000	0.194175	0.194146	0.194207	0.194350	0.194379	0.194302	0.194390
686.000000	0.193997	0.194115	0.194049	0.194171	0.194238	0.194243	0.194333
687.000000	0.193965	0.194183	0.194035	0.194139	0.194243	0.194367	0.194359
688.000000	0.194058	0.194188	0.194121	0.194243	0.194335	0.194452	0.194401
689.000000	0.194202	0.194160	0.194275	0.194407	0.194472	0.194480	0.194430
690.000000	0.194290	0.194261	0.194463	0.194515	0.194618	0.194563	0.194440
691.000000	0.194313	0.194478	0.194598	0.194532	0.194710	0.194667	0.194427
692.000000	0.194359	0.194628	0.194536	0.194504	0.194658	0.194615	0.194390
693.000000	0.194424	0.194624	0.194316	0.194456	0.194481	0.194405	0.194345
694.000000	0.194377	0.194526	0.194225	0.194387	0.194351	0.194288	0.194335
695.000000	0.194196	0.194403	0.194379	0.194303	0.194357	0.194383	0.194378
696.000000	0.194094	0.194318	0.194523	0.194243	0.194405	0.194530	0.194448
697.000000	0.194185	0.194297	0.194469	0.194235	0.194414	0.194575	0.194503
698.000000	0.194240	0.194240	0.194320	0.194278	0.194398	0.194478	0.194478
699.000000	0.194062	0.194075	0.194209	0.194355	0.194379	0.194258	0.194338
700.000000	0.193836	0.193912	0.194182	0.194394	0.194355	0.194075	0.194197
701.000000	0.193802	0.193889	0.194247	0.194338	0.194322	0.194087	0.194179
702.000000	0.193931	0.194010	0.194317	0.194276	0.194313	0.194207	0.194226
703.000000	0.194098	0.194227	0.194287	0.194337	0.194368	0.194274	0.194234
704.000000	0.194228	0.194434	0.194240	0.194480	0.194479	0.194313	0.194258
705.000000	0.194275	0.194510	0.194345	0.194577	0.194606	0.194439	0.194425
706.000000	0.194283	0.194512	0.194557	0.194618	0.194727	0.194639	0.194663
707.000000	0.194355	0.194622	0.194677	0.194678	0.194835	0.194809	0.194749
708.000000	0.194537	0.194862	0.194698	0.194799	0.194937	0.194928	0.194710
709.000000	0.194805	0.195073	0.194825	0.194979	0.195059	0.195069	0.194836
710.000000	0.195103	0.195209	0.195160	0.195222	0.195241	0.195286	0.195225
711.000000	0.195338	0.195409	0.195625	0.195539	0.195541	0.195594	0.195661
712.000000	0.195512	0.195752	0.196108	0.195912	0.195965	0.195971	0.195992
713.000000	0.195851	0.196149	0.196440	0.196265	0.196394	0.196326	0.196260
714.000000	0.196482	0.196527	0.196558	0.196572	0.196742	0.196620	0.196523
715.000000	0.197134	0.196933	0.196733	0.196997	0.197075	0.197000	0.196803
716.000000	0.197545	0.197411	0.197215	0.197655	0.197463	0.197576	0.197135
717.000000	0.197829	0.197886	0.197853	0.198276	0.197886	0.198125	0.197617
718.000000	0.198198	0.198275	0.198409	0.198557	0.198313	0.198398	0.198335
719.000000	0.198765	0.198664	0.198861	0.198768	0.198807	0.198604	0.199132
720.000000	0.199574	0.199194	0.199265	0.199354	0.199455	0.199102	0.199763
721.000000	0.200393	0.199834	0.199588	0.200053	0.200110	0.199767	0.200087
722.000000	0.200845	0.200451	0.199758	0.200228	0.200510	0.200208	0.200044
723.000000	0.200949	0.200984	0.199997	0.200037	0.200661	0.200434	0.199937
724.000000	0.201053	0.201431	0.200753	0.200283	0.200802	0.200783	0.200356
725.000000	0.201274	0.201714	0.201862	0.201078	0.201092	0.201292	0.201298
726.000000	0.201448	0.201671	0.202430	0.201696	0.201583	0.201638	0.202058
727.000000	0.201547	0.201436	0.202182	0.201793	0.202137	0.201705	0.202207
728.000000	0.201805	0.201634	0.201928	0.201733	0.202314	0.201757	0.201836
729.000000	0.202297	0.202452	0.202167	0.201797	0.201914	0.201917	0.201171
730.000000	0.202673	0.202913	0.202413	0.201910	0.201378	0.201894	0.200627
731.000000	0.202646	0.202225	0.202214	0.201975	0.201104	0.201449	0.200510
732.000000	0.202362	0.200805	0.201717	0.202003	0.201017	0.200742	0.200666
