[HEADER]
Format	J&M ASCII Table
Comment	Remin PV CDOM Samples 
Date	2/12/1980 6:58:42 AM
Order	Y (evenX)
TechType	UV
NumPoints	483
FirstX	250.00
LastX	732.00
XType	NMetr
YType	Absrb
ZType	Secs
NumSubFile	7
Matrix	Z vs X
[DATA]
	0.000000	5.000128	10.000192	15.000256	20.000383	25.000448	30.000511
250.000000	1.256944	1.255673	1.251641	1.252498	1.251657	1.251856	1.252198
251.000000	1.242704	1.242671	1.237416	1.240657	1.237550	1.239149	1.238823
252.000000	1.228701	1.227160	1.222818	1.229680	1.223992	1.227126	1.224398
253.000000	1.215859	1.213273	1.210774	1.218489	1.212015	1.215914	1.212043
254.000000	1.205116	1.204265	1.203332	1.206596	1.202535	1.205744	1.204035
255.000000	1.197155	1.198362	1.198318	1.196116	1.195765	1.197266	1.198381
256.000000	1.192268	1.193174	1.193142	1.189197	1.191570	1.191117	1.192720
257.000000	1.188936	1.188896	1.187975	1.185063	1.188761	1.187380	1.187746
258.000000	1.185378	1.186459	1.183901	1.182189	1.185981	1.185852	1.184987
259.000000	1.182930	1.185560	1.181797	1.181178	1.183541	1.185530	1.184196
260.000000	1.184342	1.185342	1.182374	1.183554	1.182589	1.185125	1.184307
261.000000	1.189357	1.186297	1.185444	1.188089	1.183792	1.185396	1.185822
262.000000	1.195389	1.189868	1.190091	1.191503	1.187399	1.188575	1.190361
263.000000	1.200018	1.194767	1.194364	1.192751	1.192412	1.193892	1.196446
264.000000	1.201108	1.196598	1.195180	1.193393	1.196428	1.197130	1.199080
265.000000	1.198535	1.194060	1.192095	1.194286	1.198090	1.196485	1.196613
266.000000	1.195554	1.191371	1.189232	1.194852	1.197943	1.194560	1.193400
267.000000	1.194050	1.190999	1.189040	1.194132	1.196167	1.192943	1.192098
268.000000	1.191552	1.189548	1.188552	1.190544	1.191546	1.189543	1.189545
269.000000	1.185615	1.183774	1.184598	1.183024	1.183259	1.182462	1.182735
270.000000	1.176607	1.174711	1.176600	1.172952	1.172931	1.172878	1.172930
271.000000	1.165478	1.164167	1.164880	1.161980	1.162403	1.162395	1.162126
272.000000	1.152452	1.152158	1.151341	1.149687	1.151082	1.150483	1.150300
273.000000	1.137504	1.138072	1.138155	1.135003	1.137533	1.135922	1.136657
274.000000	1.120925	1.121833	1.123989	1.118357	1.121255	1.118837	1.120491
275.000000	1.103147	1.103686	1.105663	1.100966	1.102333	1.100107	1.101221
276.000000	1.083851	1.083824	1.083420	1.082546	1.081542	1.080274	1.079617
277.000000	1.062107	1.062403	1.060431	1.061562	1.060225	1.059569	1.057584
278.000000	1.038378	1.039725	1.038154	1.038215	1.038799	1.038083	1.036012
279.000000	1.014913	1.016278	1.015751	1.014966	1.016490	1.015747	1.014452
280.000000	0.992854	0.992628	0.992707	0.993028	0.993050	0.992535	0.992392
281.000000	0.971032	0.969454	0.969394	0.970981	0.969372	0.968529	0.969363
282.000000	0.948612	0.947219	0.946348	0.947888	0.946320	0.944347	0.945428
283.000000	0.926462	0.925727	0.924291	0.925041	0.924295	0.922110	0.922178
284.000000	0.905354	0.904641	0.903592	0.903654	0.903341	0.903160	0.900881
285.000000	0.884275	0.883528	0.882886	0.882821	0.882267	0.884152	0.880158
286.000000	0.862060	0.862077	0.860746	0.861286	0.859934	0.861338	0.858353
287.000000	0.839985	0.841020	0.838686	0.839532	0.837970	0.837334	0.837068
288.000000	0.820173	0.821432	0.819243	0.818735	0.818920	0.817054	0.818983
289.000000	0.802432	0.803218	0.802144	0.799477	0.802164	0.800302	0.803100
290.000000	0.785127	0.785545	0.785357	0.781926	0.785136	0.783701	0.786172
291.000000	0.767786	0.768042	0.768086	0.765669	0.767255	0.766172	0.767674
292.000000	0.751056	0.750785	0.750735	0.749762	0.749848	0.748868	0.749674
293.000000	0.735272	0.734074	0.733939	0.733859	0.733665	0.732535	0.733172
294.000000	0.720269	0.718491	0.718583	0.718485	0.718549	0.717231	0.717531
295.000000	0.705888	0.704219	0.704829	0.703917	0.704196	0.702851	0.702273
296.000000	0.692055	0.690559	0.691282	0.689778	0.690153	0.689069	0.687519
297.000000	0.678654	0.676925	0.676962	0.675817	0.676137	0.675608	0.673488
298.000000	0.665386	0.663441	0.662813	0.662440	0.662472	0.662449	0.660472
299.000000	0.652020	0.650352	0.649902	0.650017	0.649520	0.649634	0.648607
300.000000	0.638837	0.637828	0.637993	0.638078	0.637233	0.637256	0.637162
301.000000	0.626253	0.625972	0.626473	0.625986	0.625429	0.625389	0.625283
302.000000	0.614489	0.614557	0.614942	0.613819	0.613885	0.613864	0.613234
303.000000	0.603632	0.603224	0.603138	0.601983	0.602373	0.602414	0.601758
304.000000	0.593231	0.591955	0.591296	0.590708	0.590939	0.590992	0.590888
305.000000	0.582484	0.580965	0.579988	0.580095	0.579812	0.579712	0.580168
306.000000	0.571327	0.570335	0.569398	0.569955	0.569117	0.568781	0.569337
307.000000	0.560459	0.560002	0.559305	0.559811	0.558865	0.558499	0.558353
308.000000	0.550195	0.549918	0.549477	0.549485	0.548957	0.548773	0.547424
309.000000	0.540215	0.540070	0.539692	0.539277	0.539140	0.538909	0.537126
310.000000	0.530323	0.530394	0.529833	0.529414	0.529272	0.528617	0.527717
311.000000	0.520731	0.520714	0.520020	0.519862	0.519505	0.518645	0.518667
312.000000	0.511568	0.510936	0.510383	0.510515	0.509954	0.509538	0.509477
313.000000	0.502479	0.501317	0.500967	0.501154	0.500484	0.500620	0.500137
314.000000	0.493102	0.492095	0.491763	0.491602	0.490944	0.491146	0.490741
315.000000	0.483581	0.483013	0.482551	0.482058	0.481409	0.481431	0.481373
316.000000	0.474217	0.473695	0.473092	0.472811	0.472043	0.472090	0.472109
317.000000	0.465135	0.464194	0.463603	0.463814	0.463113	0.463203	0.462994
318.000000	0.456347	0.454779	0.454502	0.454858	0.454885	0.454575	0.454047
319.000000	0.447549	0.445647	0.445758	0.445820	0.446803	0.445898	0.445182
320.000000	0.438217	0.436930	0.437008	0.436648	0.437731	0.436800	0.436239
321.000000	0.428440	0.428421	0.428027	0.427423	0.427713	0.427312	0.427196
322.000000	0.418994	0.419544	0.418764	0.418367	0.418119	0.417921	0.418187
323.000000	0.410268	0.410209	0.409399	0.409633	0.409545	0.408893	0.409244
324.000000	0.401959	0.401166	0.400475	0.401244	0.401207	0.400095	0.400212
325.000000	0.393754	0.392880	0.392254	0.393091	0.392543	0.391427	0.391139
326.000000	0.385475	0.384942	0.384218	0.384750	0.383850	0.382956	0.382603
327.000000	0.377034	0.376898	0.375908	0.375974	0.375457	0.374749	0.374965
328.000000	0.368616	0.368630	0.367529	0.367344	0.367319	0.366759	0.367471
329.000000	0.360449	0.360168	0.359410	0.359465	0.359321	0.358935	0.359318
330.000000	0.352628	0.351959	0.351689	0.351935	0.351434	0.351328	0.350960
331.000000	0.345175	0.344514	0.344405	0.344087	0.343671	0.343996	0.343208
332.000000	0.337883	0.337557	0.337293	0.336176	0.336108	0.336699	0.335922
333.000000	0.330444	0.330422	0.329961	0.328917	0.328847	0.329072	0.328481
334.000000	0.323007	0.323135	0.322526	0.322248	0.321852	0.321371	0.320965
335.000000	0.316072	0.316269	0.315508	0.315497	0.314981	0.314332	0.314002
336.000000	0.309687	0.309848	0.308977	0.308566	0.308213	0.308009	0.307708
337.000000	0.303349	0.303239	0.302454	0.302063	0.301668	0.301639	0.301577
338.000000	0.296863	0.296300	0.295797	0.296176	0.295436	0.294933	0.295334
339.000000	0.290624	0.289811	0.289499	0.290296	0.289533	0.288520	0.289167
340.000000	0.284874	0.284216	0.283841	0.284053	0.283865	0.282817	0.283229
341.000000	0.279300	0.278838	0.278376	0.277915	0.278069	0.277453	0.277454
342.000000	0.273613	0.273073	0.272686	0.272321	0.271936	0.272023	0.271781
343.000000	0.267957	0.267353	0.266947	0.267039	0.266042	0.266497	0.266313
344.000000	0.262549	0.262228	0.261441	0.261733	0.261003	0.260949	0.261148
345.000000	0.257384	0.257371	0.256173	0.256451	0.256434	0.255516	0.256136
346.000000	0.252369	0.252187	0.251053	0.251365	0.251629	0.250355	0.251051
347.000000	0.247456	0.246815	0.246110	0.246436	0.246530	0.245520	0.245949
348.000000	0.242625	0.241794	0.241433	0.241515	0.241451	0.241001	0.241038
349.000000	0.237918	0.237222	0.236973	0.236644	0.236596	0.236631	0.236347
350.000000	0.233423	0.232816	0.232560	0.232031	0.232068	0.232121	0.231756
351.000000	0.229094	0.228417	0.228145	0.227708	0.227783	0.227462	0.227208
352.000000	0.224712	0.224030	0.223829	0.223491	0.223430	0.222997	0.222732
353.000000	0.220199	0.219687	0.219615	0.219274	0.218891	0.218844	0.218382
354.000000	0.215758	0.215448	0.215308	0.215127	0.214434	0.214659	0.214256
355.000000	0.211546	0.211342	0.210830	0.211080	0.210272	0.210230	0.210350
356.000000	0.207519	0.207310	0.206473	0.206997	0.206362	0.205846	0.206368
357.000000	0.203581	0.203277	0.202484	0.202769	0.202581	0.201785	0.202074
358.000000	0.199577	0.199182	0.198639	0.198492	0.198672	0.197925	0.197696
359.000000	0.195389	0.194998	0.194649	0.194319	0.194409	0.194068	0.193547
360.000000	0.191221	0.190904	0.190620	0.190371	0.190036	0.190205	0.189682
361.000000	0.187364	0.187124	0.186780	0.186725	0.185950	0.186387	0.186037
362.000000	0.183651	0.183456	0.183011	0.183100	0.182162	0.182507	0.182400
363.000000	0.179661	0.179469	0.179000	0.179032	0.178457	0.178376	0.178486
364.000000	0.175451	0.175251	0.174811	0.174636	0.174726	0.174141	0.174385
365.000000	0.171503	0.171344	0.170834	0.170526	0.170958	0.170231	0.170508
366.000000	0.167945	0.167858	0.167183	0.166888	0.167188	0.166730	0.166935
367.000000	0.164442	0.164327	0.163606	0.163328	0.163510	0.163255	0.163297
368.000000	0.160721	0.160454	0.159895	0.159567	0.159877	0.159527	0.159383
369.000000	0.156692	0.156323	0.155979	0.155613	0.155966	0.155508	0.155336
370.000000	0.152401	0.152087	0.151881	0.151536	0.151630	0.151271	0.151298
371.000000	0.148226	0.147952	0.147857	0.147493	0.147314	0.147127	0.147309
372.000000	0.144468	0.144087	0.144113	0.143612	0.143426	0.143323	0.143389
373.000000	0.140838	0.140439	0.140465	0.139831	0.139735	0.139644	0.139556
374.000000	0.136962	0.136885	0.136667	0.136052	0.135901	0.135799	0.135823
375.000000	0.132968	0.133227	0.132774	0.132277	0.132013	0.131861	0.132155
376.000000	0.129170	0.129269	0.128949	0.128550	0.128312	0.128037	0.128492
377.000000	0.125564	0.125180	0.125192	0.124909	0.124747	0.124372	0.124761
378.000000	0.121959	0.121343	0.121404	0.121381	0.121098	0.120804	0.120887
379.000000	0.118285	0.117798	0.117624	0.117843	0.117359	0.117275	0.116966
380.000000	0.114592	0.114279	0.114007	0.114050	0.113717	0.113725	0.113242
381.000000	0.110906	0.110645	0.110509	0.110063	0.110192	0.110104	0.109725
382.000000	0.107218	0.106934	0.106816	0.106348	0.106576	0.106372	0.106115
383.000000	0.103523	0.103211	0.102829	0.103055	0.102785	0.102541	0.102297
384.000000	0.099823	0.099561	0.098905	0.099648	0.099002	0.098724	0.098560
385.000000	0.096130	0.096022	0.095317	0.095765	0.095375	0.095026	0.095110
386.000000	0.092488	0.092487	0.091938	0.091778	0.091854	0.091492	0.091760
387.000000	0.088937	0.088873	0.088592	0.088104	0.088372	0.088124	0.088307
388.000000	0.085481	0.085312	0.085217	0.084743	0.084946	0.084777	0.084793
389.000000	0.082116	0.081967	0.081798	0.081576	0.081614	0.081311	0.081328
390.000000	0.078859	0.078773	0.078445	0.078489	0.078407	0.077914	0.078002
391.000000	0.075730	0.075582	0.075303	0.075370	0.075341	0.074870	0.074880
392.000000	0.072668	0.072340	0.072303	0.072169	0.072290	0.071987	0.071807
393.000000	0.069568	0.069058	0.069251	0.068879	0.069054	0.068802	0.068511
394.000000	0.066434	0.065838	0.066119	0.065615	0.065701	0.065379	0.065131
395.000000	0.063366	0.062852	0.063032	0.062603	0.062547	0.062263	0.062171
396.000000	0.060381	0.060104	0.060019	0.059860	0.059659	0.059581	0.059652
397.000000	0.057379	0.057357	0.056971	0.057120	0.056766	0.056880	0.056925
398.000000	0.054327	0.054449	0.053852	0.054221	0.053728	0.053903	0.053713
399.000000	0.051334	0.051392	0.050789	0.051253	0.050718	0.050867	0.050564
400.000000	0.048484	0.048254	0.047886	0.048302	0.047872	0.047962	0.047871
401.000000	0.045729	0.045214	0.045130	0.045364	0.045132	0.045136	0.045280
402.000000	0.043012	0.042430	0.042490	0.042442	0.042419	0.042325	0.042434
403.000000	0.040338	0.039871	0.039949	0.039627	0.039755	0.039609	0.039559
404.000000	0.037725	0.037451	0.037484	0.037016	0.037177	0.037082	0.036984
405.000000	0.035148	0.035044	0.035003	0.034547	0.034647	0.034634	0.034604
406.000000	0.032568	0.032526	0.032398	0.032098	0.032104	0.032092	0.032148
407.000000	0.029948	0.029918	0.029756	0.029612	0.029550	0.029489	0.029577
408.000000	0.027264	0.027333	0.027273	0.027078	0.027031	0.026986	0.026996
409.000000	0.024634	0.024833	0.024933	0.024586	0.024592	0.024625	0.024493
410.000000	0.022304	0.022432	0.022526	0.022313	0.022279	0.022342	0.022139
411.000000	0.020266	0.020133	0.020043	0.020243	0.020070	0.020076	0.019927
412.000000	0.018172	0.017937	0.017756	0.018103	0.017856	0.017775	0.017746
413.000000	0.015826	0.015784	0.015725	0.015761	0.015565	0.015419	0.015516
414.000000	0.013382	0.013502	0.013565	0.013394	0.013216	0.013042	0.013220
415.000000	0.011021	0.011036	0.011059	0.011159	0.010873	0.010699	0.010894
416.000000	0.008866	0.008707	0.008654	0.009033	0.008703	0.008489	0.008704
417.000000	0.006984	0.006793	0.006752	0.006962	0.006816	0.006484	0.006771
418.000000	0.005205	0.005050	0.005012	0.004896	0.004975	0.004601	0.004880
419.000000	0.003331	0.003152	0.002978	0.002811	0.002907	0.002732	0.002791
420.000000	0.001415	0.001210	0.000861	0.000855	0.000784	0.000904	0.000705
421.000000	-0.000401	-0.000511	-0.000894	-0.000782	-0.001067	-0.000811	-0.001026
422.000000	-0.002157	-0.002111	-0.002394	-0.002299	-0.002689	-0.002471	-0.002547
423.000000	-0.003998	-0.003907	-0.004071	-0.004109	-0.004349	-0.004212	-0.004288
424.000000	-0.005858	-0.005876	-0.005956	-0.006128	-0.006097	-0.006024	-0.006239
425.000000	-0.007487	-0.007686	-0.007708	-0.007818	-0.007788	-0.007765	-0.007989
426.000000	-0.008892	-0.009238	-0.009220	-0.009102	-0.009378	-0.009394	-0.009438
427.000000	-0.010429	-0.010758	-0.010713	-0.010535	-0.010968	-0.011014	-0.010917
428.000000	-0.012247	-0.012382	-0.012335	-0.012376	-0.012613	-0.012671	-0.012600
429.000000	-0.014041	-0.014036	-0.014046	-0.014231	-0.014256	-0.014288	-0.014295
430.000000	-0.015588	-0.015658	-0.015777	-0.015798	-0.015849	-0.015821	-0.015857
431.000000	-0.017053	-0.017292	-0.017435	-0.017263	-0.017401	-0.017365	-0.017400
432.000000	-0.018614	-0.018968	-0.018958	-0.018835	-0.018932	-0.019000	-0.019038
433.000000	-0.020221	-0.020570	-0.020435	-0.020453	-0.020438	-0.020625	-0.020686
434.000000	-0.021772	-0.021978	-0.021972	-0.021998	-0.021915	-0.022115	-0.022220
435.000000	-0.023269	-0.023322	-0.023520	-0.023471	-0.023392	-0.023499	-0.023649
436.000000	-0.024751	-0.024806	-0.024972	-0.024919	-0.024901	-0.024869	-0.025032
437.000000	-0.026210	-0.026367	-0.026336	-0.026358	-0.026393	-0.026281	-0.026382
438.000000	-0.027609	-0.027784	-0.027686	-0.027784	-0.027775	-0.027766	-0.027679
439.000000	-0.028942	-0.029037	-0.029039	-0.029166	-0.029052	-0.029249	-0.028948
440.000000	-0.030230	-0.030285	-0.030356	-0.030456	-0.030317	-0.030572	-0.030243
441.000000	-0.031492	-0.031592	-0.031621	-0.031657	-0.031615	-0.031728	-0.031577
442.000000	-0.032743	-0.032894	-0.032848	-0.032842	-0.032930	-0.032908	-0.032900
443.000000	-0.033996	-0.034149	-0.034066	-0.034062	-0.034226	-0.034214	-0.034175
444.000000	-0.035268	-0.035368	-0.035323	-0.035322	-0.035446	-0.035544	-0.035394
445.000000	-0.036556	-0.036569	-0.036629	-0.036608	-0.036575	-0.036806	-0.036563
446.000000	-0.037809	-0.037757	-0.037890	-0.037863	-0.037729	-0.037998	-0.037730
447.000000	-0.038978	-0.038930	-0.039024	-0.039035	-0.038993	-0.039130	-0.038928
448.000000	-0.040047	-0.040060	-0.040071	-0.040121	-0.040216	-0.040201	-0.040106
449.000000	-0.041017	-0.041116	-0.041092	-0.041133	-0.041220	-0.041215	-0.041196
450.000000	-0.041919	-0.042090	-0.042066	-0.042073	-0.042083	-0.042201	-0.042175
451.000000	-0.042798	-0.042987	-0.042945	-0.042943	-0.042967	-0.043191	-0.043039
452.000000	-0.043668	-0.043824	-0.043775	-0.043780	-0.043875	-0.044138	-0.043845
453.000000	-0.044532	-0.044625	-0.044658	-0.044642	-0.044716	-0.044952	-0.044682
454.000000	-0.045416	-0.045453	-0.045607	-0.045575	-0.045534	-0.045693	-0.045605
455.000000	-0.046367	-0.046401	-0.046560	-0.046611	-0.046483	-0.046546	-0.046634
456.000000	-0.047357	-0.047442	-0.047481	-0.047686	-0.047561	-0.047534	-0.047704
457.000000	-0.048264	-0.048402	-0.048374	-0.048617	-0.048566	-0.048477	-0.048649
458.000000	-0.049036	-0.049194	-0.049235	-0.049334	-0.049363	-0.049277	-0.049400
459.000000	-0.049764	-0.049913	-0.050048	-0.049981	-0.049963	-0.050017	-0.050087
460.000000	-0.050527	-0.050652	-0.050810	-0.050681	-0.050455	-0.050767	-0.050819
461.000000	-0.051335	-0.051435	-0.051561	-0.051435	-0.051109	-0.051511	-0.051586
462.000000	-0.052170	-0.052265	-0.052329	-0.052224	-0.052101	-0.052228	-0.052357
463.000000	-0.052951	-0.053088	-0.053075	-0.053015	-0.053127	-0.052947	-0.053100
464.000000	-0.053605	-0.053847	-0.053760	-0.053782	-0.053840	-0.053701	-0.053792
465.000000	-0.054240	-0.054547	-0.054452	-0.054529	-0.054406	-0.054488	-0.054469
466.000000	-0.055011	-0.055223	-0.055246	-0.055271	-0.055152	-0.055287	-0.055180
467.000000	-0.055849	-0.055892	-0.056052	-0.055988	-0.056017	-0.056051	-0.055917
468.000000	-0.056565	-0.056565	-0.056692	-0.056647	-0.056734	-0.056726	-0.056635
469.000000	-0.057136	-0.057238	-0.057210	-0.057244	-0.057291	-0.057308	-0.057316
470.000000	-0.057672	-0.057893	-0.057832	-0.057800	-0.057886	-0.057839	-0.057964
471.000000	-0.058248	-0.058526	-0.058590	-0.058352	-0.058564	-0.058374	-0.058579
472.000000	-0.058891	-0.059152	-0.059274	-0.058953	-0.059188	-0.058985	-0.059161
473.000000	-0.059598	-0.059789	-0.059805	-0.059614	-0.059707	-0.059691	-0.059727
474.000000	-0.060312	-0.060459	-0.060345	-0.060280	-0.060244	-0.060412	-0.060326
475.000000	-0.060983	-0.061145	-0.060992	-0.060908	-0.060875	-0.061069	-0.060972
476.000000	-0.061586	-0.061732	-0.061611	-0.061514	-0.061514	-0.061610	-0.061586
477.000000	-0.062120	-0.062149	-0.062095	-0.062119	-0.062081	-0.062026	-0.062112
478.000000	-0.062648	-0.062580	-0.062596	-0.062735	-0.062605	-0.062481	-0.062644
479.000000	-0.063235	-0.063206	-0.063275	-0.063366	-0.063138	-0.063133	-0.063286
480.000000	-0.063831	-0.063875	-0.063997	-0.063984	-0.063704	-0.063867	-0.063955
481.000000	-0.064351	-0.064343	-0.064540	-0.064552	-0.064310	-0.064484	-0.064512
482.000000	-0.064794	-0.064654	-0.064916	-0.065029	-0.064880	-0.064933	-0.064933
483.000000	-0.065200	-0.065000	-0.065254	-0.065376	-0.065305	-0.065247	-0.065258
484.000000	-0.065576	-0.065429	-0.065600	-0.065629	-0.065607	-0.065509	-0.065565
485.000000	-0.065906	-0.065877	-0.065931	-0.065883	-0.065903	-0.065841	-0.065955
486.000000	-0.066219	-0.066307	-0.066253	-0.066199	-0.066262	-0.066273	-0.066422
487.000000	-0.066593	-0.066720	-0.066599	-0.066600	-0.066693	-0.066737	-0.066837
488.000000	-0.067046	-0.067119	-0.066998	-0.067067	-0.067170	-0.067177	-0.067161
489.000000	-0.067493	-0.067508	-0.067464	-0.067513	-0.067621	-0.067568	-0.067509
490.000000	-0.067896	-0.067911	-0.067994	-0.067910	-0.068026	-0.067935	-0.067962
491.000000	-0.068355	-0.068399	-0.068547	-0.068377	-0.068505	-0.068422	-0.068483
492.000000	-0.068918	-0.068982	-0.069060	-0.068975	-0.069109	-0.069085	-0.069000
493.000000	-0.069375	-0.069422	-0.069406	-0.069476	-0.069568	-0.069623	-0.069380
494.000000	-0.069539	-0.069516	-0.069507	-0.069669	-0.069644	-0.069755	-0.069532
495.000000	-0.069632	-0.069565	-0.069616	-0.069788	-0.069641	-0.069768	-0.069676
496.000000	-0.069968	-0.069973	-0.070043	-0.070160	-0.069987	-0.070078	-0.070087
497.000000	-0.070462	-0.070590	-0.070630	-0.070682	-0.070558	-0.070583	-0.070635
498.000000	-0.070846	-0.071017	-0.071004	-0.071046	-0.070980	-0.070944	-0.071012
499.000000	-0.071085	-0.071211	-0.071182	-0.071214	-0.071193	-0.071128	-0.071210
500.000000	-0.071314	-0.071392	-0.071448	-0.071339	-0.071358	-0.071322	-0.071439
501.000000	-0.071569	-0.071641	-0.071828	-0.071513	-0.071568	-0.071597	-0.071744
502.000000	-0.071782	-0.071895	-0.072073	-0.071750	-0.071834	-0.071893	-0.071998
503.000000	-0.071955	-0.072130	-0.072132	-0.072047	-0.072147	-0.072174	-0.072167
504.000000	-0.072197	-0.072398	-0.072279	-0.072367	-0.072479	-0.072449	-0.072370
505.000000	-0.072552	-0.072709	-0.072648	-0.072678	-0.072800	-0.072722	-0.072677
506.000000	-0.072893	-0.072977	-0.073017	-0.072962	-0.073087	-0.072979	-0.073021
507.000000	-0.073121	-0.073143	-0.073210	-0.073207	-0.073323	-0.073208	-0.073326
508.000000	-0.073300	-0.073299	-0.073352	-0.073420	-0.073495	-0.073405	-0.073561
509.000000	-0.073511	-0.073540	-0.073597	-0.073619	-0.073615	-0.073579	-0.073718
510.000000	-0.073775	-0.073841	-0.073920	-0.073849	-0.073796	-0.073796	-0.073902
511.000000	-0.074087	-0.074139	-0.074244	-0.074149	-0.074148	-0.074117	-0.074220
512.000000	-0.074390	-0.074382	-0.074509	-0.074465	-0.074542	-0.074462	-0.074569
513.000000	-0.074611	-0.074530	-0.074672	-0.074708	-0.074757	-0.074698	-0.074766
514.000000	-0.074779	-0.074648	-0.074797	-0.074883	-0.074853	-0.074857	-0.074855
515.000000	-0.074979	-0.074872	-0.075011	-0.075059	-0.075070	-0.075074	-0.075020
516.000000	-0.075207	-0.075174	-0.075288	-0.075253	-0.075396	-0.075345	-0.075283
517.000000	-0.075370	-0.075375	-0.075458	-0.075432	-0.075583	-0.075533	-0.075501
518.000000	-0.075461	-0.075449	-0.075495	-0.075587	-0.075580	-0.075606	-0.075628
519.000000	-0.075592	-0.075583	-0.075588	-0.075745	-0.075625	-0.075685	-0.075757
520.000000	-0.075814	-0.075855	-0.075829	-0.075917	-0.075842	-0.075843	-0.075940
521.000000	-0.076037	-0.076095	-0.076085	-0.076077	-0.076083	-0.076037	-0.076125
522.000000	-0.076189	-0.076182	-0.076246	-0.076207	-0.076231	-0.076225	-0.076269
523.000000	-0.076300	-0.076242	-0.076359	-0.076329	-0.076357	-0.076414	-0.076402
524.000000	-0.076418	-0.076404	-0.076487	-0.076472	-0.076544	-0.076613	-0.076560
525.000000	-0.076573	-0.076636	-0.076667	-0.076654	-0.076767	-0.076804	-0.076764
526.000000	-0.076784	-0.076864	-0.076913	-0.076886	-0.076979	-0.076969	-0.077021
527.000000	-0.077017	-0.077076	-0.077162	-0.077136	-0.077177	-0.077144	-0.077272
528.000000	-0.077220	-0.077283	-0.077325	-0.077358	-0.077374	-0.077379	-0.077440
529.000000	-0.077395	-0.077471	-0.077432	-0.077533	-0.077555	-0.077617	-0.077547
530.000000	-0.077575	-0.077614	-0.077578	-0.077664	-0.077693	-0.077742	-0.077670
531.000000	-0.077749	-0.077724	-0.077768	-0.077777	-0.077801	-0.077792	-0.077823
532.000000	-0.077871	-0.077842	-0.077926	-0.077922	-0.077925	-0.077935	-0.077962
533.000000	-0.077968	-0.078003	-0.078038	-0.078110	-0.078087	-0.078201	-0.078088
534.000000	-0.078156	-0.078219	-0.078169	-0.078311	-0.078269	-0.078440	-0.078260
535.000000	-0.078443	-0.078482	-0.078364	-0.078482	-0.078465	-0.078582	-0.078464
536.000000	-0.078629	-0.078739	-0.078618	-0.078573	-0.078688	-0.078714	-0.078555
537.000000	-0.078628	-0.078909	-0.078867	-0.078613	-0.078904	-0.078860	-0.078532
538.000000	-0.078721	-0.078844	-0.078893	-0.078857	-0.078930	-0.078832	-0.078820
539.000000	-0.079060	-0.078571	-0.078657	-0.079364	-0.078745	-0.078602	-0.079534
540.000000	-0.079046	-0.078853	-0.078910	-0.079273	-0.079042	-0.078921	-0.079268
541.000000	-0.078270	-0.080160	-0.080137	-0.078041	-0.080240	-0.080257	-0.077154
542.000000	-0.078584	-0.080083	-0.079993	-0.078438	-0.080032	-0.080191	-0.077852
543.000000	-0.081868	-0.076180	-0.076110	-0.083253	-0.076110	-0.076269	-0.086031
544.000000	-0.082358	-0.075750	-0.075757	-0.083887	-0.075748	-0.075801	-0.087070
545.000000	-0.070411	-0.089375	-0.089434	-0.066322	-0.089416	-0.089390	-0.057695
546.000000	-0.041093	-0.095805	-0.095891	-0.029189	-0.095860	-0.095820	-0.004074
547.000000	0.006016	-0.050845	-0.050995	0.018406	-0.050962	-0.050935	0.044534
548.000000	0.049292	0.027006	0.026774	0.054153	0.026788	0.026812	0.064376
549.000000	0.042987	0.048811	0.048586	0.041702	0.048553	0.048618	0.038981
550.000000	-0.018790	-0.012237	-0.012354	-0.020266	-0.012438	-0.012300	-0.023343
551.000000	-0.075481	-0.076486	-0.076541	-0.075291	-0.076609	-0.076458	-0.074910
552.000000	-0.087644	-0.089598	-0.089711	-0.087162	-0.089678	-0.089612	-0.086354
553.000000	-0.079740	-0.079591	-0.079753	-0.079694	-0.079644	-0.079668	-0.079834
554.000000	-0.077643	-0.077037	-0.077132	-0.077818	-0.077055	-0.077092	-0.078114
555.000000	-0.080042	-0.080046	-0.080033	-0.080207	-0.080019	-0.080040	-0.080178
556.000000	-0.080871	-0.081101	-0.081034	-0.080968	-0.081022	-0.081062	-0.080842
557.000000	-0.080312	-0.080384	-0.080324	-0.080366	-0.080278	-0.080355	-0.080321
558.000000	-0.080316	-0.080276	-0.080261	-0.080392	-0.080202	-0.080296	-0.080348
559.000000	-0.080550	-0.080524	-0.080550	-0.080670	-0.080497	-0.080590	-0.080570
560.000000	-0.079786	-0.079802	-0.079822	-0.079887	-0.079768	-0.079861	-0.079826
561.000000	-0.079459	-0.079500	-0.079478	-0.079494	-0.079433	-0.079518	-0.079542
562.000000	-0.082561	-0.082591	-0.082541	-0.082563	-0.082563	-0.082611	-0.082642
563.000000	-0.084915	-0.084916	-0.084865	-0.084940	-0.084980	-0.084982	-0.084951
564.000000	-0.075577	-0.075589	-0.075537	-0.075658	-0.075665	-0.075680	-0.075599
565.000000	-0.064715	-0.064789	-0.064722	-0.064851	-0.064780	-0.064854	-0.064782
566.000000	-0.092802	-0.092939	-0.092846	-0.092955	-0.092895	-0.092957	-0.092931
567.000000	-0.163371	-0.163529	-0.163419	-0.163495	-0.163570	-0.163513	-0.163544
568.000000	-0.199056	-0.199181	-0.199114	-0.199147	-0.199306	-0.199175	-0.199242
569.000000	-0.150437	-0.150484	-0.150531	-0.150518	-0.150595	-0.150536	-0.150598
570.000000	-0.083125	-0.083125	-0.083234	-0.083189	-0.083164	-0.083198	-0.083236
571.000000	-0.065397	-0.065442	-0.065462	-0.065411	-0.065414	-0.065431	-0.065446
572.000000	-0.078848	-0.078976	-0.078867	-0.078829	-0.078922	-0.078857	-0.078852
573.000000	-0.085506	-0.085679	-0.085551	-0.085529	-0.085657	-0.085535	-0.085506
574.000000	-0.082252	-0.082432	-0.082373	-0.082358	-0.082460	-0.082351	-0.082292
575.000000	-0.079867	-0.080049	-0.080058	-0.080029	-0.080076	-0.080071	-0.079980
576.000000	-0.080569	-0.080738	-0.080783	-0.080731	-0.080728	-0.080845	-0.080746
577.000000	-0.081413	-0.081531	-0.081580	-0.081519	-0.081498	-0.081633	-0.081586
578.000000	-0.081388	-0.081439	-0.081468	-0.081428	-0.081410	-0.081470	-0.081502
579.000000	-0.081224	-0.081262	-0.081255	-0.081277	-0.081238	-0.081257	-0.081298
580.000000	-0.081179	-0.081265	-0.081221	-0.081311	-0.081239	-0.081286	-0.081262
581.000000	-0.080855	-0.080978	-0.080918	-0.080993	-0.080955	-0.081022	-0.080976
582.000000	-0.080470	-0.080576	-0.080533	-0.080497	-0.080564	-0.080607	-0.080622
583.000000	-0.081416	-0.081454	-0.081464	-0.081360	-0.081456	-0.081482	-0.081533
584.000000	-0.083332	-0.083285	-0.083367	-0.083316	-0.083298	-0.083343	-0.083346
585.000000	-0.080977	-0.080916	-0.081021	-0.081048	-0.080933	-0.080986	-0.080960
586.000000	-0.074471	-0.074519	-0.074556	-0.074585	-0.074532	-0.074546	-0.074591
587.000000	-0.087753	-0.087904	-0.087863	-0.087829	-0.087913	-0.087887	-0.088004
588.000000	-0.139466	-0.139580	-0.139545	-0.139427	-0.139592	-0.139578	-0.139653
589.000000	-0.183807	-0.183835	-0.183858	-0.183749	-0.183835	-0.183857	-0.183831
590.000000	-0.161393	-0.161433	-0.161497	-0.161577	-0.161386	-0.161416	-0.161337
591.000000	-0.099788	-0.099881	-0.099938	-0.100051	-0.099816	-0.099841	-0.099765
592.000000	-0.068243	-0.068281	-0.068277	-0.067806	-0.068321	-0.068371	-0.068314
593.000000	-0.074756	-0.074773	-0.074705	-0.073989	-0.074866	-0.074962	-0.074906
594.000000	-0.081705	-0.082062	-0.082019	-0.083255	-0.081806	-0.081918	-0.081823
595.000000	-0.078519	-0.079114	-0.079169	-0.081923	-0.078588	-0.078675	-0.078533
596.000000	-0.084571	-0.084022	-0.084114	-0.080702	-0.084641	-0.084692	-0.084580
597.000000	-0.095728	-0.093820	-0.093854	-0.082826	-0.095831	-0.095867	-0.095864
598.000000	-0.069679	-0.071150	-0.071153	-0.078235	-0.069749	-0.069814	-0.069869
599.000000	0.000943	-0.009318	-0.009375	-0.064123	0.000997	0.000868	0.000871
600.000000	0.038945	0.024003	0.023919	-0.056243	0.039046	0.038916	0.038977
601.000000	-0.008324	-0.017372	-0.017377	-0.065521	-0.008357	-0.008374	-0.008344
602.000000	-0.076510	-0.077040	-0.076971	-0.079027	-0.076693	-0.076623	-0.076634
603.000000	-0.095341	-0.093414	-0.093387	-0.082586	-0.095518	-0.095514	-0.095494
604.000000	-0.081724	-0.081359	-0.081420	-0.079619	-0.081795	-0.081913	-0.081843
605.000000	-0.074377	-0.074867	-0.074954	-0.077944	-0.074360	-0.074508	-0.074455
606.000000	-0.077229	-0.077371	-0.077438	-0.078320	-0.077192	-0.077275	-0.077289
607.000000	-0.079356	-0.079257	-0.079326	-0.078498	-0.079380	-0.079363	-0.079439
608.000000	-0.078349	-0.078386	-0.078464	-0.078015	-0.078452	-0.078371	-0.078469
609.000000	-0.077243	-0.077401	-0.077429	-0.077551	-0.077341	-0.077303	-0.077369
610.000000	-0.077122	-0.077249	-0.077187	-0.077342	-0.077137	-0.077212	-0.077218
611.000000	-0.077196	-0.077246	-0.077155	-0.077198	-0.077159	-0.077280	-0.077269
612.000000	-0.077037	-0.077039	-0.076995	-0.077013	-0.077015	-0.077083	-0.077105
613.000000	-0.076774	-0.076782	-0.076770	-0.076801	-0.076778	-0.076800	-0.076840
614.000000	-0.076544	-0.076598	-0.076565	-0.076594	-0.076545	-0.076579	-0.076594
615.000000	-0.076419	-0.076483	-0.076463	-0.076438	-0.076403	-0.076441	-0.076442
616.000000	-0.076414	-0.076420	-0.076492	-0.076360	-0.076388	-0.076385	-0.076408
617.000000	-0.076412	-0.076385	-0.076524	-0.076329	-0.076399	-0.076385	-0.076399
618.000000	-0.076309	-0.076354	-0.076447	-0.076306	-0.076340	-0.076402	-0.076328
619.000000	-0.076151	-0.076297	-0.076327	-0.076254	-0.076242	-0.076368	-0.076227
620.000000	-0.076017	-0.076192	-0.076259	-0.076154	-0.076157	-0.076230	-0.076152
621.000000	-0.075953	-0.076094	-0.076239	-0.076072	-0.076094	-0.076068	-0.076123
622.000000	-0.075983	-0.076078	-0.076231	-0.076092	-0.076049	-0.076001	-0.076141
623.000000	-0.076044	-0.076100	-0.076182	-0.076137	-0.076011	-0.076015	-0.076154
624.000000	-0.076033	-0.076061	-0.076045	-0.076055	-0.075969	-0.076026	-0.076086
625.000000	-0.075937	-0.075963	-0.075867	-0.075893	-0.075929	-0.076001	-0.075965
626.000000	-0.075815	-0.075887	-0.075771	-0.075844	-0.075910	-0.075942	-0.075893
627.000000	-0.075709	-0.075850	-0.075772	-0.075919	-0.075892	-0.075858	-0.075882
628.000000	-0.075645	-0.075799	-0.075770	-0.075917	-0.075815	-0.075757	-0.075844
629.000000	-0.075618	-0.075712	-0.075716	-0.075766	-0.075672	-0.075656	-0.075741
630.000000	-0.075586	-0.075624	-0.075660	-0.075597	-0.075547	-0.075585	-0.075615
631.000000	-0.075523	-0.075555	-0.075627	-0.075505	-0.075491	-0.075549	-0.075510
632.000000	-0.075450	-0.075478	-0.075567	-0.075468	-0.075468	-0.075494	-0.075453
633.000000	-0.075392	-0.075383	-0.075449	-0.075446	-0.075438	-0.075391	-0.075451
634.000000	-0.075348	-0.075318	-0.075323	-0.075409	-0.075394	-0.075317	-0.075452
635.000000	-0.075311	-0.075322	-0.075243	-0.075336	-0.075334	-0.075337	-0.075397
636.000000	-0.075247	-0.075305	-0.075181	-0.075234	-0.075248	-0.075346	-0.075264
637.000000	-0.075121	-0.075158	-0.075095	-0.075120	-0.075128	-0.075213	-0.075053
638.000000	-0.074951	-0.074933	-0.074988	-0.074988	-0.074978	-0.074983	-0.074839
639.000000	-0.074779	-0.074745	-0.074888	-0.074829	-0.074809	-0.074778	-0.074721
640.000000	-0.074664	-0.074653	-0.074819	-0.074694	-0.074677	-0.074670	-0.074696
641.000000	-0.074673	-0.074677	-0.074800	-0.074669	-0.074656	-0.074697	-0.074694
642.000000	-0.074757	-0.074762	-0.074806	-0.074731	-0.074736	-0.074796	-0.074687
643.000000	-0.074763	-0.074794	-0.074772	-0.074768	-0.074825	-0.074813	-0.074688
644.000000	-0.074661	-0.074742	-0.074693	-0.074736	-0.074851	-0.074705	-0.074702
645.000000	-0.074578	-0.074691	-0.074649	-0.074689	-0.074777	-0.074576	-0.074720
646.000000	-0.074594	-0.074695	-0.074684	-0.074673	-0.074639	-0.074519	-0.074745
647.000000	-0.074678	-0.074732	-0.074771	-0.074702	-0.074611	-0.074589	-0.074799
648.000000	-0.074785	-0.074788	-0.074872	-0.074782	-0.074778	-0.074786	-0.074889
649.000000	-0.074875	-0.074875	-0.074937	-0.074891	-0.074953	-0.074969	-0.074968
650.000000	-0.074918	-0.074990	-0.074933	-0.074997	-0.074966	-0.075014	-0.074997
651.000000	-0.074928	-0.075053	-0.074901	-0.075039	-0.074903	-0.074967	-0.074992
652.000000	-0.074917	-0.074980	-0.074877	-0.074958	-0.074881	-0.074897	-0.074968
653.000000	-0.074818	-0.074814	-0.074795	-0.074778	-0.074821	-0.074781	-0.074872
654.000000	-0.074553	-0.074630	-0.074565	-0.074548	-0.074594	-0.074572	-0.074637
655.000000	-0.074207	-0.074423	-0.074253	-0.074305	-0.074271	-0.074304	-0.074327
656.000000	-0.073939	-0.074154	-0.074006	-0.074079	-0.074018	-0.074050	-0.074066
657.000000	-0.073782	-0.073885	-0.073864	-0.073889	-0.073867	-0.073852	-0.073902
658.000000	-0.073672	-0.073753	-0.073793	-0.073742	-0.073753	-0.073729	-0.073816
659.000000	-0.073599	-0.073756	-0.073765	-0.073644	-0.073668	-0.073668	-0.073779
660.000000	-0.073614	-0.073748	-0.073760	-0.073604	-0.073669	-0.073627	-0.073748
661.000000	-0.073686	-0.073668	-0.073748	-0.073609	-0.073730	-0.073583	-0.073703
662.000000	-0.073666	-0.073593	-0.073681	-0.073622	-0.073695	-0.073550	-0.073662
663.000000	-0.073486	-0.073555	-0.073540	-0.073591	-0.073495	-0.073516	-0.073617
664.000000	-0.073271	-0.073462	-0.073376	-0.073438	-0.073271	-0.073410	-0.073493
665.000000	-0.073103	-0.073240	-0.073216	-0.073123	-0.073115	-0.073182	-0.073234
666.000000	-0.072845	-0.072915	-0.072983	-0.072723	-0.072896	-0.072862	-0.072865
667.000000	-0.072390	-0.072541	-0.072619	-0.072338	-0.072496	-0.072503	-0.072437
668.000000	-0.071950	-0.072186	-0.072241	-0.072042	-0.072080	-0.072192	-0.072058
669.000000	-0.071775	-0.071915	-0.071989	-0.071886	-0.071853	-0.072002	-0.071826
670.000000	-0.071736	-0.071699	-0.071807	-0.071775	-0.071745	-0.071835	-0.071692
671.000000	-0.071568	-0.071478	-0.071570	-0.071567	-0.071583	-0.071542	-0.071544
672.000000	-0.071292	-0.071255	-0.071293	-0.071302	-0.071349	-0.071184	-0.071353
673.000000	-0.071092	-0.071071	-0.071076	-0.071117	-0.071113	-0.070947	-0.071136
674.000000	-0.070998	-0.070950	-0.070945	-0.071023	-0.070935	-0.070860	-0.070930
675.000000	-0.070907	-0.070904	-0.070867	-0.070918	-0.070860	-0.070826	-0.070793
676.000000	-0.070794	-0.070915	-0.070818	-0.070791	-0.070873	-0.070793	-0.070741
677.000000	-0.070733	-0.070928	-0.070790	-0.070740	-0.070891	-0.070776	-0.070747
678.000000	-0.070762	-0.070928	-0.070788	-0.070806	-0.070879	-0.070801	-0.070798
679.000000	-0.070842	-0.070970	-0.070841	-0.070921	-0.070889	-0.070908	-0.070905
680.000000	-0.070927	-0.071059	-0.070943	-0.071005	-0.070937	-0.071072	-0.071042
681.000000	-0.070959	-0.071050	-0.070997	-0.070975	-0.070919	-0.071106	-0.071070
682.000000	-0.070912	-0.070860	-0.070940	-0.070805	-0.070778	-0.070902	-0.070918
683.000000	-0.070867	-0.070700	-0.070901	-0.070679	-0.070677	-0.070703	-0.070808
684.000000	-0.070906	-0.070786	-0.071004	-0.070771	-0.070780	-0.070768	-0.070951
685.000000	-0.071001	-0.070987	-0.071140	-0.070954	-0.070983	-0.070967	-0.071155
686.000000	-0.071085	-0.071083	-0.071148	-0.071026	-0.071110	-0.071069	-0.071135
687.000000	-0.071102	-0.071063	-0.071067	-0.070988	-0.071121	-0.071048	-0.070983
688.000000	-0.071008	-0.071009	-0.071028	-0.070935	-0.071044	-0.070974	-0.070947
689.000000	-0.070859	-0.070961	-0.071038	-0.070897	-0.070930	-0.070894	-0.071011
690.000000	-0.070775	-0.070922	-0.071022	-0.070865	-0.070845	-0.070838	-0.070982
691.000000	-0.070782	-0.070900	-0.070970	-0.070843	-0.070822	-0.070832	-0.070861
692.000000	-0.070814	-0.070910	-0.070932	-0.070850	-0.070868	-0.070896	-0.070835
693.000000	-0.070853	-0.070952	-0.070941	-0.070901	-0.070958	-0.071019	-0.070955
694.000000	-0.070950	-0.071016	-0.070996	-0.071012	-0.071033	-0.071151	-0.071084
695.000000	-0.071108	-0.071083	-0.071078	-0.071155	-0.071067	-0.071240	-0.071134
696.000000	-0.071214	-0.071128	-0.071127	-0.071231	-0.071112	-0.071244	-0.071147
697.000000	-0.071203	-0.071146	-0.071119	-0.071190	-0.071204	-0.071169	-0.071174
698.000000	-0.071159	-0.071201	-0.071137	-0.071159	-0.071308	-0.071158	-0.071244
699.000000	-0.071174	-0.071336	-0.071253	-0.071249	-0.071387	-0.071320	-0.071365
700.000000	-0.071244	-0.071468	-0.071414	-0.071395	-0.071432	-0.071525	-0.071471
701.000000	-0.071345	-0.071504	-0.071541	-0.071499	-0.071445	-0.071613	-0.071499
702.000000	-0.071454	-0.071484	-0.071598	-0.071561	-0.071453	-0.071590	-0.071513
703.000000	-0.071549	-0.071493	-0.071570	-0.071610	-0.071487	-0.071529	-0.071606
704.000000	-0.071592	-0.071526	-0.071505	-0.071636	-0.071539	-0.071486	-0.071703
705.000000	-0.071540	-0.071536	-0.071475	-0.071609	-0.071582	-0.071507	-0.071651
706.000000	-0.071429	-0.071518	-0.071472	-0.071522	-0.071574	-0.071555	-0.071481
707.000000	-0.071348	-0.071500	-0.071422	-0.071386	-0.071471	-0.071537	-0.071363
708.000000	-0.071298	-0.071448	-0.071312	-0.071232	-0.071302	-0.071415	-0.071318
709.000000	-0.071179	-0.071258	-0.071195	-0.071117	-0.071170	-0.071211	-0.071207
710.000000	-0.070973	-0.070952	-0.071079	-0.071039	-0.071088	-0.070961	-0.070982
711.000000	-0.070794	-0.070736	-0.070897	-0.070907	-0.070927	-0.070714	-0.070749
712.000000	-0.070681	-0.070695	-0.070640	-0.070667	-0.070639	-0.070514	-0.070579
713.000000	-0.070499	-0.070604	-0.070444	-0.070362	-0.070371	-0.070380	-0.070444
714.000000	-0.070163	-0.070301	-0.070380	-0.070046	-0.070231	-0.070288	-0.070292
715.000000	-0.069823	-0.069936	-0.070265	-0.069783	-0.070114	-0.070085	-0.070047
716.000000	-0.069620	-0.069673	-0.069932	-0.069612	-0.069904	-0.069665	-0.069666
717.000000	-0.069445	-0.069448	-0.069512	-0.069473	-0.069624	-0.069274	-0.069286
718.000000	-0.069144	-0.069151	-0.069184	-0.069279	-0.069330	-0.069179	-0.069060
719.000000	-0.068768	-0.068809	-0.068876	-0.068976	-0.069041	-0.069130	-0.068883
720.000000	-0.068450	-0.068503	-0.068438	-0.068549	-0.068760	-0.068717	-0.068575
721.000000	-0.068261	-0.068285	-0.068052	-0.068233	-0.068501	-0.068146	-0.068273
722.000000	-0.068225	-0.068185	-0.068061	-0.068375	-0.068286	-0.067959	-0.068281
723.000000	-0.068168	-0.068107	-0.068262	-0.068687	-0.068076	-0.068083	-0.068425
724.000000	-0.067763	-0.067858	-0.068005	-0.068368	-0.067790	-0.067942	-0.068142
725.000000	-0.067118	-0.067449	-0.067269	-0.067384	-0.067458	-0.067435	-0.067403
726.000000	-0.066857	-0.067131	-0.066780	-0.066614	-0.067247	-0.067035	-0.066820
727.000000	-0.067144	-0.067026	-0.066874	-0.066513	-0.067214	-0.066949	-0.066684
728.000000	-0.067333	-0.067017	-0.067174	-0.066746	-0.067232	-0.066887	-0.066695
729.000000	-0.067054	-0.067012	-0.067364	-0.066998	-0.067231	-0.066716	-0.066686
730.000000	-0.066759	-0.067040	-0.067447	-0.067180	-0.067318	-0.066781	-0.066925
731.000000	-0.066865	-0.067132	-0.067466	-0.067258	-0.067581	-0.067363	-0.067627
732.000000	-0.067240	-0.067263	-0.067453	-0.067273	-0.067954	-0.068265	-0.068614
