[HEADER]
Format	J&M ASCII Table
Comment	Remin PV CDOM Samples 
Date	2/12/1980 7:17:24 AM
Order	Y (evenX)
TechType	UV
NumPoints	483
FirstX	250.00
LastX	732.00
XType	NMetr
YType	Absrb
ZType	Secs
NumSubFile	7
Matrix	Z vs X
[DATA]
	0.000000	5.000128	10.000192	15.000256	20.000383	25.000448	30.000511
250.000000	0.836191	0.834419	0.834590	0.836246	0.834098	0.835629	0.834875
251.000000	0.810345	0.809516	0.809424	0.810725	0.808419	0.809783	0.809270
252.000000	0.785873	0.785516	0.784749	0.784922	0.783938	0.784569	0.783550
253.000000	0.762348	0.762370	0.760972	0.760517	0.760526	0.760509	0.759140
254.000000	0.739509	0.740020	0.738489	0.738723	0.738077	0.737936	0.737060
255.000000	0.718049	0.718540	0.717578	0.718447	0.716785	0.716421	0.716351
256.000000	0.698591	0.698045	0.698353	0.698385	0.696856	0.695553	0.695929
257.000000	0.680236	0.678708	0.680151	0.678804	0.678181	0.675932	0.676353
258.000000	0.661752	0.660668	0.662125	0.660420	0.660518	0.658342	0.658589
259.000000	0.643523	0.643606	0.644100	0.643215	0.643400	0.642203	0.642249
260.000000	0.626677	0.626983	0.626273	0.626788	0.626294	0.626288	0.626282
261.000000	0.610985	0.610616	0.609111	0.610673	0.609414	0.610230	0.610261
262.000000	0.595185	0.594588	0.593254	0.594372	0.593514	0.594315	0.594237
263.000000	0.578698	0.578630	0.578269	0.577746	0.578268	0.578309	0.578108
264.000000	0.561755	0.562072	0.562506	0.561061	0.562106	0.561374	0.561582
265.000000	0.544708	0.544765	0.545277	0.544445	0.544534	0.543498	0.544592
266.000000	0.528039	0.527469	0.527637	0.527746	0.527000	0.526123	0.527466
267.000000	0.511839	0.510676	0.510433	0.510875	0.510431	0.510032	0.510431
268.000000	0.495170	0.493959	0.493556	0.493959	0.493959	0.493960	0.493354
269.000000	0.477332	0.476878	0.476739	0.477069	0.476725	0.476742	0.476105
270.000000	0.459220	0.459529	0.459691	0.459898	0.459037	0.458880	0.458796
271.000000	0.441875	0.442087	0.442169	0.442133	0.441409	0.441162	0.441537
272.000000	0.424772	0.424415	0.424273	0.423993	0.423835	0.423540	0.424055
273.000000	0.406893	0.406287	0.406210	0.405861	0.406114	0.405680	0.405980
274.000000	0.388359	0.387852	0.387916	0.387750	0.388096	0.387577	0.387456
275.000000	0.369912	0.369450	0.369195	0.369466	0.369674	0.369401	0.368905
276.000000	0.351569	0.351013	0.350255	0.350953	0.350923	0.351084	0.350433
277.000000	0.332738	0.332138	0.331642	0.332280	0.332077	0.332360	0.331869
278.000000	0.313557	0.312993	0.313478	0.313600	0.313338	0.313355	0.313214
279.000000	0.295114	0.294489	0.295334	0.295173	0.294860	0.294702	0.294694
280.000000	0.277734	0.276948	0.276990	0.277070	0.276698	0.276687	0.276479
281.000000	0.260179	0.259481	0.258697	0.258993	0.258726	0.258880	0.258603
282.000000	0.241723	0.241531	0.240751	0.240876	0.240915	0.241025	0.241076
283.000000	0.223602	0.223879	0.223440	0.223437	0.223586	0.223588	0.223875
284.000000	0.207009	0.207280	0.206963	0.207256	0.207017	0.207009	0.207024
285.000000	0.191387	0.191323	0.191127	0.191687	0.191026	0.191032	0.190755
286.000000	0.175843	0.175401	0.175678	0.175908	0.175362	0.175295	0.175310
287.000000	0.160573	0.159853	0.160663	0.160289	0.160172	0.160035	0.160582
288.000000	0.146185	0.145362	0.146257	0.145649	0.145758	0.145707	0.146335
289.000000	0.132724	0.131952	0.132563	0.132160	0.132218	0.132317	0.132657
290.000000	0.119881	0.119235	0.119635	0.119571	0.119518	0.119591	0.119824
291.000000	0.107616	0.107108	0.107507	0.107688	0.107578	0.107493	0.107841
292.000000	0.096146	0.095747	0.096193	0.096374	0.096280	0.096220	0.096448
293.000000	0.085596	0.085263	0.085702	0.085663	0.085630	0.085814	0.085627
294.000000	0.075944	0.075665	0.076033	0.075816	0.075817	0.076099	0.075710
295.000000	0.067098	0.066891	0.067131	0.066952	0.066919	0.066980	0.066815
296.000000	0.058833	0.058759	0.058833	0.058852	0.058761	0.058575	0.058572
297.000000	0.050981	0.051107	0.050995	0.051274	0.051155	0.050935	0.050693
298.000000	0.043585	0.043888	0.043590	0.044050	0.043966	0.043808	0.043342
299.000000	0.036738	0.037099	0.036643	0.037091	0.037120	0.036964	0.036717
300.000000	0.030534	0.030837	0.030335	0.030647	0.030778	0.030578	0.030725
301.000000	0.025037	0.025204	0.024843	0.025017	0.025135	0.024907	0.025195
302.000000	0.020063	0.020094	0.019961	0.020043	0.020073	0.019864	0.020046
303.000000	0.015327	0.015311	0.015323	0.015373	0.015339	0.015206	0.015244
304.000000	0.010765	0.010791	0.010818	0.010897	0.010820	0.010832	0.010738
305.000000	0.006473	0.006558	0.006518	0.006679	0.006509	0.006737	0.006477
306.000000	0.002534	0.002650	0.002522	0.002789	0.002481	0.002899	0.002504
307.000000	-0.000980	-0.000887	-0.001051	-0.000707	-0.001105	-0.000720	-0.001038
308.000000	-0.004126	-0.004096	-0.004215	-0.003869	-0.004258	-0.004146	-0.004164
309.000000	-0.007150	-0.007149	-0.007184	-0.006961	-0.007243	-0.007379	-0.007139
310.000000	-0.010191	-0.010166	-0.010109	-0.010120	-0.010236	-0.010407	-0.010124
311.000000	-0.013106	-0.013110	-0.012953	-0.013162	-0.013159	-0.013202	-0.013004
312.000000	-0.015763	-0.015913	-0.015661	-0.015915	-0.015916	-0.015756	-0.015671
313.000000	-0.018212	-0.018467	-0.018204	-0.018414	-0.018462	-0.018161	-0.018199
314.000000	-0.020555	-0.020716	-0.020593	-0.020752	-0.020796	-0.020530	-0.020683
315.000000	-0.022949	-0.022930	-0.022998	-0.023080	-0.023088	-0.022986	-0.023130
316.000000	-0.025530	-0.025433	-0.025602	-0.025536	-0.025527	-0.025616	-0.025518
317.000000	-0.028097	-0.028024	-0.028199	-0.027970	-0.027995	-0.028149	-0.027846
318.000000	-0.030300	-0.030270	-0.030410	-0.030112	-0.030228	-0.030175	-0.030121
319.000000	-0.032192	-0.032209	-0.032276	-0.032055	-0.032244	-0.031868	-0.032334
320.000000	-0.034122	-0.034225	-0.034151	-0.034159	-0.034270	-0.033837	-0.034466
321.000000	-0.036224	-0.036413	-0.036190	-0.036469	-0.036381	-0.036182	-0.036516
322.000000	-0.038384	-0.038534	-0.038320	-0.038672	-0.038481	-0.038438	-0.038512
323.000000	-0.040491	-0.040472	-0.040449	-0.040589	-0.040508	-0.040375	-0.040472
324.000000	-0.042469	-0.042334	-0.042479	-0.042299	-0.042476	-0.042204	-0.042409
325.000000	-0.044287	-0.044188	-0.044336	-0.043918	-0.044369	-0.044083	-0.044306
326.000000	-0.046013	-0.045946	-0.046011	-0.045614	-0.046078	-0.045949	-0.046080
327.000000	-0.047720	-0.047561	-0.047547	-0.047494	-0.047571	-0.047727	-0.047693
328.000000	-0.049439	-0.049224	-0.049159	-0.049421	-0.049155	-0.049443	-0.049305
329.000000	-0.051175	-0.051114	-0.051026	-0.051217	-0.051110	-0.051134	-0.051072
330.000000	-0.052848	-0.053018	-0.052895	-0.052813	-0.053093	-0.052775	-0.052835
331.000000	-0.054365	-0.054617	-0.054400	-0.054191	-0.054599	-0.054329	-0.054356
332.000000	-0.055786	-0.055973	-0.055644	-0.055507	-0.055754	-0.055830	-0.055725
333.000000	-0.057253	-0.057342	-0.056968	-0.056998	-0.057004	-0.057348	-0.057195
334.000000	-0.058758	-0.058778	-0.058470	-0.058652	-0.058451	-0.058850	-0.058777
335.000000	-0.060178	-0.060172	-0.060049	-0.060257	-0.059918	-0.060228	-0.060287
336.000000	-0.061505	-0.061482	-0.061571	-0.061693	-0.061347	-0.061487	-0.061661
337.000000	-0.062860	-0.062753	-0.062877	-0.062946	-0.062823	-0.062767	-0.062985
338.000000	-0.064255	-0.064021	-0.063943	-0.064069	-0.064313	-0.064108	-0.064304
339.000000	-0.065489	-0.065302	-0.064992	-0.065219	-0.065553	-0.065355	-0.065580
340.000000	-0.066468	-0.066584	-0.066202	-0.066480	-0.066444	-0.066441	-0.066783
341.000000	-0.067442	-0.067789	-0.067580	-0.067720	-0.067373	-0.067581	-0.067928
342.000000	-0.068614	-0.068844	-0.069037	-0.068811	-0.068637	-0.068918	-0.069028
343.000000	-0.069781	-0.069747	-0.070215	-0.069794	-0.069859	-0.070130	-0.070060
344.000000	-0.070701	-0.070525	-0.070804	-0.070740	-0.070609	-0.070880	-0.070997
345.000000	-0.071495	-0.071298	-0.071224	-0.071668	-0.071192	-0.071461	-0.071837
346.000000	-0.072398	-0.072204	-0.072104	-0.072576	-0.072135	-0.072354	-0.072593
347.000000	-0.073362	-0.073198	-0.073347	-0.073447	-0.073359	-0.073477	-0.073307
348.000000	-0.074184	-0.074138	-0.074455	-0.074261	-0.074452	-0.074440	-0.074043
349.000000	-0.074872	-0.074967	-0.075264	-0.075027	-0.075290	-0.075177	-0.074842
350.000000	-0.075612	-0.075706	-0.075904	-0.075784	-0.075994	-0.075901	-0.075726
351.000000	-0.076464	-0.076416	-0.076518	-0.076545	-0.076675	-0.076710	-0.076647
352.000000	-0.077319	-0.077204	-0.077254	-0.077295	-0.077423	-0.077555	-0.077476
353.000000	-0.078098	-0.078053	-0.078104	-0.078014	-0.078226	-0.078358	-0.078136
354.000000	-0.078794	-0.078719	-0.078774	-0.078678	-0.078892	-0.079003	-0.078658
355.000000	-0.079410	-0.079090	-0.079125	-0.079279	-0.079316	-0.079455	-0.079111
356.000000	-0.079964	-0.079475	-0.079529	-0.079854	-0.079694	-0.079909	-0.079637
357.000000	-0.080473	-0.080155	-0.080308	-0.080441	-0.080219	-0.080538	-0.080330
358.000000	-0.080957	-0.080963	-0.081218	-0.081041	-0.080869	-0.081241	-0.081038
359.000000	-0.081435	-0.081645	-0.081904	-0.081641	-0.081562	-0.081860	-0.081575
360.000000	-0.081950	-0.082153	-0.082307	-0.082185	-0.082208	-0.082327	-0.081965
361.000000	-0.082544	-0.082530	-0.082497	-0.082618	-0.082728	-0.082625	-0.082319
362.000000	-0.083152	-0.082936	-0.082678	-0.083024	-0.083202	-0.082904	-0.082767
363.000000	-0.083652	-0.083586	-0.083120	-0.083561	-0.083791	-0.083396	-0.083437
364.000000	-0.084053	-0.084377	-0.083797	-0.084202	-0.084442	-0.084071	-0.084219
365.000000	-0.084481	-0.084932	-0.084429	-0.084755	-0.084913	-0.084666	-0.084794
366.000000	-0.084949	-0.085162	-0.084895	-0.085152	-0.085152	-0.085055	-0.085081
367.000000	-0.085326	-0.085362	-0.085297	-0.085484	-0.085357	-0.085298	-0.085312
368.000000	-0.085608	-0.085736	-0.085743	-0.085857	-0.085702	-0.085531	-0.085683
369.000000	-0.086058	-0.086265	-0.086327	-0.086372	-0.086278	-0.086013	-0.086280
370.000000	-0.086819	-0.086891	-0.087053	-0.087042	-0.087064	-0.086848	-0.087088
371.000000	-0.087615	-0.087512	-0.087675	-0.087623	-0.087729	-0.087669	-0.087831
372.000000	-0.088174	-0.088045	-0.088011	-0.087924	-0.088013	-0.088146	-0.088271
373.000000	-0.088577	-0.088512	-0.088340	-0.088193	-0.088206	-0.088470	-0.088542
374.000000	-0.088979	-0.088960	-0.088988	-0.088732	-0.088684	-0.088929	-0.088861
375.000000	-0.089391	-0.089420	-0.089726	-0.089392	-0.089360	-0.089501	-0.089297
376.000000	-0.089774	-0.089909	-0.090133	-0.089862	-0.089975	-0.090042	-0.089850
377.000000	-0.090167	-0.090396	-0.090287	-0.090169	-0.090463	-0.090489	-0.090428
378.000000	-0.090658	-0.090823	-0.090556	-0.090545	-0.090875	-0.090831	-0.090882
379.000000	-0.091200	-0.091216	-0.090998	-0.091046	-0.091235	-0.091119	-0.091218
380.000000	-0.091628	-0.091678	-0.091391	-0.091572	-0.091539	-0.091457	-0.091578
381.000000	-0.091918	-0.092217	-0.091720	-0.092054	-0.091857	-0.091921	-0.092021
382.000000	-0.092235	-0.092722	-0.092253	-0.092473	-0.092349	-0.092548	-0.092491
383.000000	-0.092701	-0.093145	-0.093059	-0.092854	-0.093048	-0.093280	-0.092964
384.000000	-0.093324	-0.093595	-0.093777	-0.093306	-0.093721	-0.093884	-0.093485
385.000000	-0.094052	-0.094124	-0.094147	-0.093881	-0.094191	-0.094216	-0.094062
386.000000	-0.094687	-0.094576	-0.094347	-0.094452	-0.094519	-0.094461	-0.094573
387.000000	-0.095067	-0.094830	-0.094601	-0.094897	-0.094810	-0.094810	-0.094918
388.000000	-0.095297	-0.095090	-0.094965	-0.095268	-0.095147	-0.095210	-0.095215
389.000000	-0.095538	-0.095589	-0.095433	-0.095649	-0.095582	-0.095548	-0.095609
390.000000	-0.095826	-0.096111	-0.095876	-0.095972	-0.095967	-0.095802	-0.096005
391.000000	-0.096142	-0.096289	-0.096136	-0.096129	-0.096101	-0.095994	-0.096226
392.000000	-0.096464	-0.096270	-0.096312	-0.096253	-0.096130	-0.096221	-0.096348
393.000000	-0.096768	-0.096498	-0.096650	-0.096616	-0.096399	-0.096621	-0.096598
394.000000	-0.097022	-0.096967	-0.097124	-0.097155	-0.096867	-0.097100	-0.096959
395.000000	-0.097186	-0.097259	-0.097454	-0.097510	-0.097138	-0.097363	-0.097201
396.000000	-0.097295	-0.097273	-0.097539	-0.097590	-0.097142	-0.097376	-0.097309
397.000000	-0.097481	-0.097357	-0.097530	-0.097682	-0.097261	-0.097470	-0.097570
398.000000	-0.097808	-0.097694	-0.097589	-0.097956	-0.097691	-0.097821	-0.098067
399.000000	-0.098189	-0.098075	-0.097866	-0.098292	-0.098198	-0.098245	-0.098444
400.000000	-0.098526	-0.098339	-0.098392	-0.098574	-0.098575	-0.098573	-0.098467
401.000000	-0.098743	-0.098576	-0.098844	-0.098794	-0.098846	-0.098795	-0.098425
402.000000	-0.098814	-0.098882	-0.098944	-0.098969	-0.099065	-0.098944	-0.098618
403.000000	-0.098912	-0.099135	-0.098896	-0.099130	-0.099239	-0.099117	-0.098983
404.000000	-0.099218	-0.099194	-0.098997	-0.099309	-0.099366	-0.099407	-0.099361
405.000000	-0.099586	-0.099215	-0.099232	-0.099504	-0.099477	-0.099735	-0.099656
406.000000	-0.099757	-0.099452	-0.099463	-0.099701	-0.099616	-0.099960	-0.099809
407.000000	-0.099796	-0.099816	-0.099680	-0.099877	-0.099797	-0.100067	-0.099869
408.000000	-0.099963	-0.100020	-0.099946	-0.100010	-0.100015	-0.100122	-0.099942
409.000000	-0.100270	-0.100072	-0.100223	-0.100118	-0.100233	-0.100183	-0.100064
410.000000	-0.100506	-0.100245	-0.100378	-0.100256	-0.100390	-0.100296	-0.100199
411.000000	-0.100595	-0.100595	-0.100407	-0.100441	-0.100480	-0.100465	-0.100335
412.000000	-0.100658	-0.100869	-0.100487	-0.100640	-0.100572	-0.100628	-0.100496
413.000000	-0.100790	-0.100940	-0.100714	-0.100832	-0.100725	-0.100776	-0.100710
414.000000	-0.100997	-0.100982	-0.101002	-0.101040	-0.100956	-0.101003	-0.101008
415.000000	-0.101253	-0.101131	-0.101261	-0.101272	-0.101239	-0.101334	-0.101364
416.000000	-0.101459	-0.101330	-0.101458	-0.101498	-0.101419	-0.101546	-0.101588
417.000000	-0.101545	-0.101502	-0.101586	-0.101691	-0.101389	-0.101478	-0.101541
418.000000	-0.101630	-0.101667	-0.101710	-0.101867	-0.101332	-0.101432	-0.101454
419.000000	-0.101851	-0.101855	-0.101898	-0.102044	-0.101473	-0.101753	-0.101602
420.000000	-0.102088	-0.101999	-0.102066	-0.102160	-0.101723	-0.102152	-0.101853
421.000000	-0.102138	-0.102004	-0.102088	-0.102132	-0.101881	-0.102131	-0.101926
422.000000	-0.102081	-0.101961	-0.102041	-0.102052	-0.101963	-0.101872	-0.101888
423.000000	-0.102161	-0.102066	-0.102122	-0.102111	-0.102114	-0.101955	-0.102008
424.000000	-0.102346	-0.102268	-0.102290	-0.102262	-0.102292	-0.102362	-0.102250
425.000000	-0.102355	-0.102298	-0.102284	-0.102248	-0.102286	-0.102526	-0.102301
426.000000	-0.102150	-0.102133	-0.102081	-0.102045	-0.102104	-0.102283	-0.102105
427.000000	-0.102033	-0.102086	-0.101972	-0.101942	-0.102054	-0.102027	-0.101959
428.000000	-0.102151	-0.102283	-0.102094	-0.102076	-0.102258	-0.102002	-0.102023
429.000000	-0.102297	-0.102445	-0.102236	-0.102239	-0.102449	-0.102085	-0.102147
430.000000	-0.102318	-0.102383	-0.102250	-0.102273	-0.102430	-0.102166	-0.102210
431.000000	-0.102316	-0.102316	-0.102285	-0.102286	-0.102347	-0.102283	-0.102284
432.000000	-0.102403	-0.102452	-0.102478	-0.102391	-0.102363	-0.102471	-0.102445
433.000000	-0.102532	-0.102642	-0.102693	-0.102511	-0.102432	-0.102623	-0.102613
434.000000	-0.102623	-0.102681	-0.102752	-0.102545	-0.102473	-0.102625	-0.102693
435.000000	-0.102679	-0.102641	-0.102708	-0.102579	-0.102543	-0.102597	-0.102745
436.000000	-0.102738	-0.102696	-0.102700	-0.102755	-0.102737	-0.102729	-0.102879
437.000000	-0.102814	-0.102830	-0.102762	-0.102981	-0.102958	-0.102947	-0.103043
438.000000	-0.102907	-0.102913	-0.102856	-0.103028	-0.103003	-0.103021	-0.103091
439.000000	-0.102985	-0.102906	-0.102934	-0.102909	-0.102886	-0.102934	-0.103012
440.000000	-0.102990	-0.102851	-0.102943	-0.102846	-0.102816	-0.102856	-0.102917
441.000000	-0.102936	-0.102799	-0.102911	-0.102925	-0.102872	-0.102872	-0.102877
442.000000	-0.102926	-0.102811	-0.102976	-0.103043	-0.102964	-0.102938	-0.102911
443.000000	-0.103024	-0.102918	-0.103176	-0.103130	-0.103040	-0.103031	-0.103027
444.000000	-0.103199	-0.103109	-0.103354	-0.103209	-0.103145	-0.103173	-0.103227
445.000000	-0.103404	-0.103348	-0.103405	-0.103303	-0.103312	-0.103361	-0.103480
446.000000	-0.103571	-0.103569	-0.103434	-0.103410	-0.103500	-0.103502	-0.103663
447.000000	-0.103651	-0.103709	-0.103540	-0.103524	-0.103654	-0.103527	-0.103687
448.000000	-0.103682	-0.103756	-0.103653	-0.103626	-0.103713	-0.103521	-0.103661
449.000000	-0.103712	-0.103717	-0.103668	-0.103693	-0.103636	-0.103590	-0.103715
450.000000	-0.103714	-0.103636	-0.103596	-0.103682	-0.103518	-0.103657	-0.103761
451.000000	-0.103641	-0.103562	-0.103493	-0.103555	-0.103493	-0.103595	-0.103646
452.000000	-0.103518	-0.103509	-0.103435	-0.103375	-0.103531	-0.103440	-0.103442
453.000000	-0.103420	-0.103469	-0.103497	-0.103260	-0.103515	-0.103326	-0.103347
454.000000	-0.103395	-0.103462	-0.103621	-0.103285	-0.103470	-0.103324	-0.103404
455.000000	-0.103468	-0.103533	-0.103630	-0.103483	-0.103546	-0.103443	-0.103518
456.000000	-0.103602	-0.103657	-0.103511	-0.103756	-0.103730	-0.103626	-0.103615
457.000000	-0.103683	-0.103723	-0.103448	-0.103842	-0.103804	-0.103730	-0.103652
458.000000	-0.103658	-0.103684	-0.103524	-0.103662	-0.103678	-0.103690	-0.103620
459.000000	-0.103594	-0.103617	-0.103609	-0.103477	-0.103519	-0.103589	-0.103576
460.000000	-0.103553	-0.103585	-0.103601	-0.103479	-0.103468	-0.103503	-0.103562
461.000000	-0.103546	-0.103568	-0.103546	-0.103567	-0.103523	-0.103457	-0.103568
462.000000	-0.103572	-0.103547	-0.103496	-0.103616	-0.103642	-0.103456	-0.103577
463.000000	-0.103607	-0.103542	-0.103442	-0.103597	-0.103721	-0.103475	-0.103587
464.000000	-0.103626	-0.103575	-0.103377	-0.103519	-0.103669	-0.103486	-0.103600
465.000000	-0.103637	-0.103628	-0.103385	-0.103448	-0.103569	-0.103500	-0.103615
466.000000	-0.103657	-0.103666	-0.103568	-0.103461	-0.103557	-0.103538	-0.103630
467.000000	-0.103668	-0.103671	-0.103804	-0.103526	-0.103616	-0.103582	-0.103639
468.000000	-0.103632	-0.103632	-0.103862	-0.103556	-0.103646	-0.103592	-0.103629
469.000000	-0.103577	-0.103588	-0.103738	-0.103545	-0.103620	-0.103575	-0.103614
470.000000	-0.103581	-0.103614	-0.103618	-0.103557	-0.103567	-0.103571	-0.103620
471.000000	-0.103637	-0.103682	-0.103590	-0.103590	-0.103516	-0.103591	-0.103631
472.000000	-0.103640	-0.103641	-0.103617	-0.103566	-0.103488	-0.103609	-0.103581
473.000000	-0.103557	-0.103466	-0.103649	-0.103476	-0.103500	-0.103611	-0.103480
474.000000	-0.103500	-0.103366	-0.103627	-0.103437	-0.103559	-0.103615	-0.103467
475.000000	-0.103528	-0.103458	-0.103527	-0.103507	-0.103649	-0.103626	-0.103601
476.000000	-0.103542	-0.103565	-0.103431	-0.103564	-0.103697	-0.103608	-0.103697
477.000000	-0.103461	-0.103535	-0.103413	-0.103511	-0.103650	-0.103538	-0.103608
478.000000	-0.103383	-0.103487	-0.103459	-0.103447	-0.103581	-0.103472	-0.103494
479.000000	-0.103420	-0.103562	-0.103528	-0.103488	-0.103567	-0.103469	-0.103535
480.000000	-0.103515	-0.103644	-0.103561	-0.103580	-0.103552	-0.103518	-0.103631
481.000000	-0.103554	-0.103552	-0.103503	-0.103611	-0.103444	-0.103574	-0.103599
482.000000	-0.103507	-0.103359	-0.103408	-0.103543	-0.103299	-0.103568	-0.103450
483.000000	-0.103386	-0.103264	-0.103374	-0.103377	-0.103239	-0.103420	-0.103298
484.000000	-0.103225	-0.103269	-0.103350	-0.103172	-0.103233	-0.103186	-0.103187
485.000000	-0.103075	-0.103224	-0.103169	-0.103026	-0.103136	-0.103023	-0.103105
486.000000	-0.102970	-0.103090	-0.102875	-0.102961	-0.102936	-0.102970	-0.103048
487.000000	-0.102925	-0.102952	-0.102750	-0.102916	-0.102777	-0.102938	-0.103028
488.000000	-0.102928	-0.102864	-0.102871	-0.102860	-0.102738	-0.102877	-0.103024
489.000000	-0.102922	-0.102825	-0.102968	-0.102825	-0.102781	-0.102821	-0.102969
490.000000	-0.102888	-0.102826	-0.102889	-0.102842	-0.102859	-0.102800	-0.102849
491.000000	-0.102904	-0.102864	-0.102844	-0.102925	-0.102922	-0.102825	-0.102805
492.000000	-0.103000	-0.102907	-0.102983	-0.103041	-0.102920	-0.102874	-0.102908
493.000000	-0.102982	-0.102830	-0.103035	-0.102988	-0.102809	-0.102841	-0.102921
494.000000	-0.102682	-0.102542	-0.102737	-0.102610	-0.102575	-0.102641	-0.102626
495.000000	-0.102353	-0.102254	-0.102352	-0.102210	-0.102372	-0.102408	-0.102269
496.000000	-0.102331	-0.102231	-0.102262	-0.102184	-0.102376	-0.102326	-0.102201
497.000000	-0.102476	-0.102360	-0.102376	-0.102388	-0.102481	-0.102357	-0.102311
498.000000	-0.102432	-0.102352	-0.102378	-0.102432	-0.102454	-0.102354	-0.102280
499.000000	-0.102181	-0.102182	-0.102211	-0.102263	-0.102277	-0.102273	-0.102080
500.000000	-0.101950	-0.102006	-0.102003	-0.102069	-0.102088	-0.102139	-0.101900
501.000000	-0.101826	-0.101880	-0.101812	-0.101913	-0.101934	-0.101971	-0.101799
502.000000	-0.101752	-0.101741	-0.101622	-0.101718	-0.101768	-0.101778	-0.101705
503.000000	-0.101680	-0.101584	-0.101452	-0.101492	-0.101593	-0.101587	-0.101592
504.000000	-0.101585	-0.101496	-0.101383	-0.101378	-0.101495	-0.101449	-0.101510
505.000000	-0.101457	-0.101500	-0.101427	-0.101421	-0.101489	-0.101383	-0.101475
506.000000	-0.101308	-0.101461	-0.101430	-0.101430	-0.101425	-0.101330	-0.101411
507.000000	-0.101156	-0.101281	-0.101282	-0.101261	-0.101203	-0.101236	-0.101259
508.000000	-0.101034	-0.101044	-0.101074	-0.101041	-0.100945	-0.101089	-0.101059
509.000000	-0.100964	-0.100860	-0.100919	-0.100913	-0.100792	-0.100902	-0.100870
510.000000	-0.100898	-0.100783	-0.100817	-0.100845	-0.100728	-0.100752	-0.100748
511.000000	-0.100781	-0.100825	-0.100734	-0.100761	-0.100690	-0.100719	-0.100727
512.000000	-0.100626	-0.100844	-0.100642	-0.100638	-0.100634	-0.100692	-0.100721
513.000000	-0.100474	-0.100646	-0.100516	-0.100482	-0.100524	-0.100499	-0.100599
514.000000	-0.100337	-0.100319	-0.100364	-0.100317	-0.100382	-0.100204	-0.100386
515.000000	-0.100205	-0.100129	-0.100212	-0.100172	-0.100264	-0.100020	-0.100208
516.000000	-0.100068	-0.100093	-0.100067	-0.100041	-0.100148	-0.099974	-0.100088
517.000000	-0.099915	-0.099990	-0.099916	-0.099877	-0.099940	-0.099908	-0.099942
518.000000	-0.099750	-0.099748	-0.099751	-0.099679	-0.099650	-0.099749	-0.099740
519.000000	-0.099600	-0.099513	-0.099577	-0.099512	-0.099438	-0.099560	-0.099525
520.000000	-0.099471	-0.099372	-0.099408	-0.099403	-0.099370	-0.099388	-0.099330
521.000000	-0.099327	-0.099260	-0.099276	-0.099304	-0.099303	-0.099245	-0.099155
522.000000	-0.099147	-0.099117	-0.099185	-0.099170	-0.099132	-0.099128	-0.098999
523.000000	-0.098966	-0.098952	-0.099064	-0.098995	-0.098938	-0.099007	-0.098867
524.000000	-0.098820	-0.098788	-0.098853	-0.098792	-0.098812	-0.098860	-0.098765
525.000000	-0.098698	-0.098655	-0.098618	-0.098628	-0.098722	-0.098714	-0.098679
526.000000	-0.098584	-0.098575	-0.098451	-0.098566	-0.098607	-0.098603	-0.098593
527.000000	-0.098489	-0.098509	-0.098363	-0.098525	-0.098456	-0.098519	-0.098507
528.000000	-0.098435	-0.098399	-0.098332	-0.098383	-0.098279	-0.098438	-0.098426
529.000000	-0.098377	-0.098258	-0.098294	-0.098198	-0.098143	-0.098335	-0.098343
530.000000	-0.098239	-0.098138	-0.098167	-0.098131	-0.098137	-0.098192	-0.098248
531.000000	-0.098017	-0.098003	-0.097967	-0.098088	-0.098140	-0.097988	-0.098098
532.000000	-0.097772	-0.097746	-0.097798	-0.097767	-0.097858	-0.097711	-0.097835
533.000000	-0.097639	-0.097531	-0.097707	-0.097394	-0.097509	-0.097547	-0.097607
534.000000	-0.097827	-0.097850	-0.097663	-0.097852	-0.097955	-0.097925	-0.097819
535.000000	-0.098084	-0.098359	-0.097624	-0.098703	-0.098746	-0.098459	-0.098205
536.000000	-0.097305	-0.097165	-0.097535	-0.097035	-0.097000	-0.097259	-0.097260
537.000000	-0.095694	-0.094555	-0.097341	-0.093243	-0.093141	-0.094625	-0.095189
538.000000	-0.097176	-0.097062	-0.097004	-0.097197	-0.097079	-0.097097	-0.097095
539.000000	-0.102700	-0.106316	-0.096616	-0.111319	-0.111259	-0.106323	-0.104264
540.000000	-0.098948	-0.100344	-0.096786	-0.102159	-0.102183	-0.100361	-0.099574
541.000000	-0.074411	-0.060427	-0.097818	-0.041017	-0.041096	-0.060514	-0.068242
542.000000	-0.049925	-0.022937	-0.097395	0.018223	0.018139	-0.023093	-0.037258
543.000000	-0.054254	-0.037305	-0.092785	0.001653	0.001618	-0.037444	-0.043817
544.000000	-0.077264	-0.082560	-0.086519	-0.063323	-0.063299	-0.082616	-0.074600
545.000000	-0.089206	-0.102457	-0.083679	-0.098162	-0.098135	-0.102441	-0.090806
546.000000	-0.086376	-0.091407	-0.084248	-0.091238	-0.091258	-0.091357	-0.087254
547.000000	-0.085366	-0.083275	-0.084292	-0.083229	-0.083286	-0.083220	-0.084993
548.000000	-0.091449	-0.089883	-0.083471	-0.089821	-0.089876	-0.089846	-0.091204
549.000000	-0.096579	-0.097100	-0.085569	-0.097030	-0.097047	-0.097104	-0.096701
550.000000	-0.096652	-0.097190	-0.091238	-0.097095	-0.097067	-0.097241	-0.096721
551.000000	-0.095091	-0.095003	-0.095710	-0.094882	-0.094872	-0.095063	-0.095058
552.000000	-0.094635	-0.094500	-0.096048	-0.094372	-0.094455	-0.094519	-0.094716
553.000000	-0.094802	-0.094871	-0.094780	-0.094758	-0.094882	-0.094850	-0.095002
554.000000	-0.094841	-0.094945	-0.094401	-0.094866	-0.094893	-0.094928	-0.094972
555.000000	-0.094682	-0.094692	-0.094542	-0.094657	-0.094561	-0.094691	-0.094671
556.000000	-0.094422	-0.094338	-0.094399	-0.094343	-0.094225	-0.094327	-0.094348
557.000000	-0.094258	-0.094128	-0.094168	-0.094170	-0.094098	-0.094112	-0.094206
558.000000	-0.094339	-0.094228	-0.094258	-0.094305	-0.094269	-0.094257	-0.094349
559.000000	-0.094159	-0.094112	-0.094158	-0.094194	-0.094162	-0.094180	-0.094228
560.000000	-0.093064	-0.093087	-0.093088	-0.093115	-0.093053	-0.093095	-0.093143
561.000000	-0.092602	-0.092667	-0.092588	-0.092626	-0.092536	-0.092570	-0.092653
562.000000	-0.095547	-0.095603	-0.095515	-0.095576	-0.095507	-0.095507	-0.095581
563.000000	-0.097664	-0.097672	-0.097654	-0.097730	-0.097719	-0.097688	-0.097702
564.000000	-0.088120	-0.088091	-0.088137	-0.088189	-0.088197	-0.088183	-0.088153
565.000000	-0.077129	-0.077091	-0.077146	-0.077144	-0.077114	-0.077168	-0.077136
566.000000	-0.105114	-0.105061	-0.105077	-0.105063	-0.105005	-0.105117	-0.105088
567.000000	-0.175559	-0.175475	-0.175428	-0.175467	-0.175431	-0.175549	-0.175511
568.000000	-0.211071	-0.210982	-0.210889	-0.210972	-0.210965	-0.211062	-0.211028
569.000000	-0.162222	-0.162179	-0.162085	-0.162151	-0.162140	-0.162214	-0.162211
570.000000	-0.094667	-0.094683	-0.094603	-0.094647	-0.094613	-0.094658	-0.094676
571.000000	-0.076731	-0.076771	-0.076695	-0.076767	-0.076708	-0.076717	-0.076714
572.000000	-0.090025	-0.090043	-0.089984	-0.090080	-0.090024	-0.090002	-0.089969
573.000000	-0.096580	-0.096531	-0.096534	-0.096582	-0.096575	-0.096544	-0.096519
574.000000	-0.093236	-0.093135	-0.093197	-0.093160	-0.093224	-0.093202	-0.093210
575.000000	-0.090716	-0.090652	-0.090699	-0.090615	-0.090728	-0.090721	-0.090753
576.000000	-0.091235	-0.091258	-0.091244	-0.091161	-0.091285	-0.091286	-0.091335
577.000000	-0.091878	-0.091936	-0.091898	-0.091835	-0.091932	-0.091925	-0.091997
578.000000	-0.091665	-0.091696	-0.091674	-0.091639	-0.091686	-0.091672	-0.091760
579.000000	-0.091357	-0.091372	-0.091332	-0.091348	-0.091345	-0.091368	-0.091417
580.000000	-0.091208	-0.091240	-0.091146	-0.091211	-0.091185	-0.091269	-0.091237
581.000000	-0.090765	-0.090819	-0.090706	-0.090759	-0.090768	-0.090844	-0.090764
582.000000	-0.090222	-0.090277	-0.090211	-0.090183	-0.090271	-0.090254	-0.090192
583.000000	-0.090995	-0.091033	-0.091012	-0.090925	-0.091049	-0.090984	-0.090953
584.000000	-0.092758	-0.092765	-0.092746	-0.092674	-0.092750	-0.092751	-0.092728
585.000000	-0.090305	-0.090279	-0.090262	-0.090211	-0.090254	-0.090305	-0.090297
586.000000	-0.083764	-0.083715	-0.083738	-0.083651	-0.083750	-0.083736	-0.083773
587.000000	-0.096941	-0.096894	-0.096969	-0.096838	-0.096968	-0.096902	-0.096973
588.000000	-0.148378	-0.148367	-0.148463	-0.148340	-0.148362	-0.148398	-0.148445
589.000000	-0.192505	-0.192535	-0.192595	-0.192529	-0.192438	-0.192597	-0.192591
590.000000	-0.170211	-0.170250	-0.170199	-0.170212	-0.170198	-0.170303	-0.170265
591.000000	-0.108592	-0.108606	-0.108458	-0.108523	-0.108649	-0.108625	-0.108599
592.000000	-0.076171	-0.076148	-0.076043	-0.076084	-0.076147	-0.076154	-0.076183
593.000000	-0.082229	-0.082167	-0.082207	-0.082172	-0.082114	-0.082192	-0.082272
594.000000	-0.091709	-0.091618	-0.091737	-0.091652	-0.091842	-0.091671	-0.091723
595.000000	-0.090516	-0.090411	-0.090499	-0.090423	-0.090882	-0.090483	-0.090448
596.000000	-0.088212	-0.088114	-0.088152	-0.088116	-0.087715	-0.088180	-0.088129
597.000000	-0.088988	-0.088914	-0.088931	-0.088943	-0.087396	-0.088952	-0.088983
598.000000	-0.087010	-0.086961	-0.086955	-0.087003	-0.087984	-0.086982	-0.087055
599.000000	-0.080097	-0.080067	-0.080019	-0.080078	-0.087861	-0.080096	-0.080098
600.000000	-0.076040	-0.076043	-0.075962	-0.075993	-0.087434	-0.076077	-0.075993
601.000000	-0.080343	-0.080398	-0.080314	-0.080284	-0.087193	-0.080413	-0.080317
602.000000	-0.086699	-0.086760	-0.086700	-0.086631	-0.086997	-0.086771	-0.086710
603.000000	-0.088169	-0.088140	-0.088120	-0.088082	-0.086639	-0.088196	-0.088172
604.000000	-0.086447	-0.086323	-0.086342	-0.086359	-0.086197	-0.086428	-0.086417
605.000000	-0.085386	-0.085271	-0.085309	-0.085338	-0.085813	-0.085367	-0.085336
606.000000	-0.085336	-0.085285	-0.085317	-0.085332	-0.085461	-0.085342	-0.085298
607.000000	-0.085157	-0.085118	-0.085120	-0.085140	-0.085048	-0.085168	-0.085171
608.000000	-0.084633	-0.084557	-0.084525	-0.084563	-0.084586	-0.084616	-0.084702
609.000000	-0.084133	-0.084043	-0.084009	-0.084036	-0.084155	-0.084068	-0.084196
610.000000	-0.083792	-0.083734	-0.083714	-0.083692	-0.083784	-0.083684	-0.083801
611.000000	-0.083516	-0.083512	-0.083470	-0.083374	-0.083461	-0.083404	-0.083502
612.000000	-0.083234	-0.083274	-0.083179	-0.083031	-0.083166	-0.083171	-0.083251
613.000000	-0.082920	-0.082950	-0.082854	-0.082765	-0.082878	-0.082947	-0.082963
614.000000	-0.082589	-0.082557	-0.082537	-0.082612	-0.082595	-0.082710	-0.082618
615.000000	-0.082332	-0.082265	-0.082309	-0.082471	-0.082358	-0.082477	-0.082327
616.000000	-0.082201	-0.082167	-0.082205	-0.082274	-0.082195	-0.082265	-0.082163
617.000000	-0.082125	-0.082111	-0.082125	-0.082084	-0.082070	-0.082084	-0.082056
618.000000	-0.082020	-0.081950	-0.081977	-0.081954	-0.081946	-0.081935	-0.081930
619.000000	-0.081851	-0.081737	-0.081791	-0.081818	-0.081802	-0.081788	-0.081764
620.000000	-0.081608	-0.081564	-0.081619	-0.081601	-0.081628	-0.081614	-0.081563
621.000000	-0.081387	-0.081453	-0.081462	-0.081370	-0.081467	-0.081461	-0.081384
622.000000	-0.081304	-0.081395	-0.081302	-0.081230	-0.081370	-0.081393	-0.081290
623.000000	-0.081284	-0.081323	-0.081137	-0.081151	-0.081283	-0.081336	-0.081234
624.000000	-0.081164	-0.081150	-0.080970	-0.081032	-0.081105	-0.081156	-0.081113
625.000000	-0.080941	-0.080898	-0.080819	-0.080861	-0.080858	-0.080889	-0.080919
626.000000	-0.080740	-0.080669	-0.080705	-0.080690	-0.080656	-0.080694	-0.080721
627.000000	-0.080596	-0.080505	-0.080616	-0.080540	-0.080530	-0.080600	-0.080554
628.000000	-0.080450	-0.080373	-0.080501	-0.080396	-0.080420	-0.080482	-0.080416
629.000000	-0.080275	-0.080250	-0.080339	-0.080253	-0.080286	-0.080294	-0.080291
630.000000	-0.080103	-0.080124	-0.080158	-0.080127	-0.080133	-0.080121	-0.080147
631.000000	-0.079960	-0.079990	-0.079986	-0.080021	-0.079976	-0.080012	-0.079977
632.000000	-0.079844	-0.079857	-0.079843	-0.079901	-0.079844	-0.079918	-0.079845
633.000000	-0.079744	-0.079731	-0.079732	-0.079740	-0.079749	-0.079789	-0.079784
634.000000	-0.079624	-0.079607	-0.079622	-0.079566	-0.079638	-0.079626	-0.079697
635.000000	-0.079451	-0.079478	-0.079478	-0.079404	-0.079462	-0.079439	-0.079497
636.000000	-0.079253	-0.079335	-0.079288	-0.079236	-0.079255	-0.079240	-0.079256
637.000000	-0.079066	-0.079166	-0.079053	-0.079038	-0.079065	-0.079037	-0.079080
638.000000	-0.078877	-0.078953	-0.078816	-0.078828	-0.078895	-0.078841	-0.078930
639.000000	-0.078660	-0.078683	-0.078638	-0.078647	-0.078724	-0.078660	-0.078718
640.000000	-0.078463	-0.078445	-0.078548	-0.078517	-0.078575	-0.078521	-0.078492
641.000000	-0.078375	-0.078384	-0.078558	-0.078455	-0.078490	-0.078455	-0.078379
642.000000	-0.078380	-0.078455	-0.078598	-0.078421	-0.078454	-0.078429	-0.078378
643.000000	-0.078363	-0.078445	-0.078531	-0.078332	-0.078393	-0.078352	-0.078365
644.000000	-0.078279	-0.078292	-0.078344	-0.078175	-0.078281	-0.078204	-0.078288
645.000000	-0.078174	-0.078136	-0.078185	-0.078028	-0.078151	-0.078059	-0.078191
646.000000	-0.078094	-0.078067	-0.078129	-0.077952	-0.078045	-0.077980	-0.078117
647.000000	-0.078069	-0.078052	-0.078091	-0.077968	-0.078006	-0.078000	-0.078101
648.000000	-0.078100	-0.078056	-0.078020	-0.078061	-0.078046	-0.078108	-0.078149
649.000000	-0.078121	-0.078075	-0.077997	-0.078137	-0.078090	-0.078198	-0.078183
650.000000	-0.078074	-0.078098	-0.078079	-0.078116	-0.078070	-0.078179	-0.078139
651.000000	-0.077999	-0.078088	-0.078132	-0.078033	-0.078013	-0.078081	-0.078048
652.000000	-0.077936	-0.078002	-0.078009	-0.077930	-0.077953	-0.077957	-0.077949
653.000000	-0.077810	-0.077818	-0.077753	-0.077750	-0.077843	-0.077783	-0.077796
654.000000	-0.077522	-0.077531	-0.077469	-0.077417	-0.077617	-0.077517	-0.077526
655.000000	-0.077135	-0.077190	-0.077172	-0.077023	-0.077288	-0.077190	-0.077188
656.000000	-0.076796	-0.076875	-0.076837	-0.076739	-0.076917	-0.076867	-0.076882
657.000000	-0.076571	-0.076638	-0.076531	-0.076586	-0.076595	-0.076602	-0.076650
658.000000	-0.076460	-0.076508	-0.076388	-0.076474	-0.076435	-0.076432	-0.076484
659.000000	-0.076422	-0.076458	-0.076398	-0.076371	-0.076433	-0.076357	-0.076377
660.000000	-0.076373	-0.076400	-0.076402	-0.076305	-0.076461	-0.076330	-0.076324
661.000000	-0.076277	-0.076290	-0.076320	-0.076268	-0.076427	-0.076301	-0.076298
662.000000	-0.076176	-0.076147	-0.076203	-0.076187	-0.076307	-0.076220	-0.076243
663.000000	-0.076078	-0.075989	-0.076077	-0.076017	-0.076098	-0.076063	-0.076111
664.000000	-0.075909	-0.075810	-0.075892	-0.075789	-0.075838	-0.075859	-0.075889
665.000000	-0.075615	-0.075595	-0.075606	-0.075524	-0.075551	-0.075626	-0.075577
666.000000	-0.075242	-0.075293	-0.075242	-0.075205	-0.075207	-0.075311	-0.075223
667.000000	-0.074854	-0.074877	-0.074840	-0.074819	-0.074789	-0.074886	-0.074878
668.000000	-0.074495	-0.074450	-0.074462	-0.074430	-0.074403	-0.074465	-0.074588
669.000000	-0.074199	-0.074134	-0.074164	-0.074109	-0.074163	-0.074178	-0.074376
670.000000	-0.073933	-0.073900	-0.073932	-0.073860	-0.073998	-0.073972	-0.074146
671.000000	-0.073647	-0.073662	-0.073722	-0.073653	-0.073771	-0.073720	-0.073773
672.000000	-0.073361	-0.073411	-0.073520	-0.073446	-0.073475	-0.073427	-0.073362
673.000000	-0.073134	-0.073183	-0.073330	-0.073197	-0.073186	-0.073172	-0.073146
674.000000	-0.072979	-0.072998	-0.073162	-0.072944	-0.072960	-0.072989	-0.073116
675.000000	-0.072873	-0.072862	-0.073027	-0.072794	-0.072840	-0.072871	-0.073057
676.000000	-0.072801	-0.072772	-0.072919	-0.072765	-0.072817	-0.072802	-0.072897
677.000000	-0.072756	-0.072715	-0.072805	-0.072764	-0.072822	-0.072752	-0.072750
678.000000	-0.072734	-0.072691	-0.072696	-0.072741	-0.072813	-0.072726	-0.072695
679.000000	-0.072728	-0.072719	-0.072680	-0.072728	-0.072801	-0.072783	-0.072743
680.000000	-0.072719	-0.072782	-0.072771	-0.072729	-0.072780	-0.072915	-0.072848
681.000000	-0.072659	-0.072772	-0.072791	-0.072658	-0.072696	-0.072920	-0.072846
682.000000	-0.072531	-0.072622	-0.072621	-0.072475	-0.072529	-0.072678	-0.072644
683.000000	-0.072448	-0.072474	-0.072470	-0.072354	-0.072413	-0.072456	-0.072471
684.000000	-0.072520	-0.072481	-0.072553	-0.072466	-0.072476	-0.072527	-0.072556
685.000000	-0.072665	-0.072591	-0.072739	-0.072688	-0.072626	-0.072735	-0.072742
686.000000	-0.072748	-0.072687	-0.072802	-0.072816	-0.072710	-0.072804	-0.072777
687.000000	-0.072716	-0.072700	-0.072712	-0.072783	-0.072667	-0.072711	-0.072666
688.000000	-0.072563	-0.072587	-0.072536	-0.072597	-0.072488	-0.072546	-0.072537
689.000000	-0.072369	-0.072410	-0.072359	-0.072380	-0.072272	-0.072382	-0.072438
690.000000	-0.072269	-0.072298	-0.072275	-0.072319	-0.072184	-0.072279	-0.072364
691.000000	-0.072277	-0.072281	-0.072288	-0.072406	-0.072239	-0.072253	-0.072311
692.000000	-0.072286	-0.072292	-0.072315	-0.072443	-0.072308	-0.072287	-0.072279
693.000000	-0.072265	-0.072300	-0.072328	-0.072367	-0.072334	-0.072345	-0.072278
694.000000	-0.072287	-0.072322	-0.072370	-0.072308	-0.072366	-0.072378	-0.072335
695.000000	-0.072372	-0.072363	-0.072447	-0.072332	-0.072424	-0.072366	-0.072441
696.000000	-0.072412	-0.072394	-0.072472	-0.072349	-0.072455	-0.072350	-0.072522
697.000000	-0.072355	-0.072402	-0.072410	-0.072302	-0.072429	-0.072371	-0.072533
698.000000	-0.072338	-0.072424	-0.072402	-0.072274	-0.072424	-0.072445	-0.072531
699.000000	-0.072469	-0.072494	-0.072557	-0.072340	-0.072501	-0.072568	-0.072573
700.000000	-0.072607	-0.072582	-0.072734	-0.072447	-0.072604	-0.072673	-0.072631
701.000000	-0.072590	-0.072651	-0.072762	-0.072519	-0.072659	-0.072694	-0.072667
702.000000	-0.072512	-0.072717	-0.072704	-0.072564	-0.072698	-0.072657	-0.072701
703.000000	-0.072546	-0.072804	-0.072692	-0.072614	-0.072779	-0.072622	-0.072766
704.000000	-0.072655	-0.072839	-0.072726	-0.072644	-0.072829	-0.072598	-0.072802
705.000000	-0.072699	-0.072704	-0.072732	-0.072601	-0.072720	-0.072571	-0.072712
706.000000	-0.072646	-0.072475	-0.072668	-0.072499	-0.072516	-0.072537	-0.072540
707.000000	-0.072550	-0.072364	-0.072514	-0.072399	-0.072423	-0.072506	-0.072435
708.000000	-0.072435	-0.072377	-0.072313	-0.072310	-0.072439	-0.072459	-0.072410
709.000000	-0.072291	-0.072290	-0.072168	-0.072182	-0.072339	-0.072355	-0.072330
710.000000	-0.072118	-0.072031	-0.072092	-0.072007	-0.072059	-0.072175	-0.072140
711.000000	-0.071925	-0.071771	-0.071956	-0.071847	-0.071806	-0.071946	-0.071923
712.000000	-0.071724	-0.071625	-0.071704	-0.071742	-0.071695	-0.071710	-0.071738
713.000000	-0.071531	-0.071539	-0.071464	-0.071673	-0.071601	-0.071536	-0.071564
714.000000	-0.071344	-0.071441	-0.071323	-0.071592	-0.071413	-0.071445	-0.071372
715.000000	-0.071118	-0.071264	-0.071154	-0.071379	-0.071155	-0.071301	-0.071119
716.000000	-0.070817	-0.070962	-0.070836	-0.070955	-0.070871	-0.070976	-0.070783
717.000000	-0.070506	-0.070572	-0.070472	-0.070485	-0.070558	-0.070537	-0.070430
718.000000	-0.070259	-0.070156	-0.070198	-0.070166	-0.070211	-0.070097	-0.070139
719.000000	-0.070021	-0.069755	-0.069967	-0.069923	-0.069876	-0.069701	-0.069904
720.000000	-0.069703	-0.069406	-0.069668	-0.069597	-0.069622	-0.069372	-0.069686
721.000000	-0.069402	-0.069186	-0.069392	-0.069311	-0.069476	-0.069203	-0.069530
722.000000	-0.069314	-0.069185	-0.069325	-0.069330	-0.069435	-0.069313	-0.069515
723.000000	-0.069333	-0.069278	-0.069322	-0.069447	-0.069379	-0.069475	-0.069510
724.000000	-0.069112	-0.069167	-0.068967	-0.069072	-0.069094	-0.069193	-0.069218
725.000000	-0.068647	-0.068789	-0.068302	-0.068290	-0.068632	-0.068530	-0.068680
726.000000	-0.068353	-0.068365	-0.067921	-0.067979	-0.068358	-0.068211	-0.068346
727.000000	-0.068377	-0.068095	-0.068039	-0.068380	-0.068385	-0.068483	-0.068395
728.000000	-0.068388	-0.068114	-0.068199	-0.068598	-0.068385	-0.068736	-0.068523
729.000000	-0.068229	-0.068463	-0.068150	-0.068186	-0.068214	-0.068612	-0.068547
730.000000	-0.068273	-0.068962	-0.068277	-0.068000	-0.068275	-0.068536	-0.068679
731.000000	-0.068821	-0.069444	-0.068908	-0.068776	-0.068891	-0.068890	-0.069102
732.000000	-0.069687	-0.069901	-0.069857	-0.070171	-0.069855	-0.069528	-0.069709
