[HEADER]
Format	J&M ASCII Table
Comment	Remin PV CDOM Samples 
Date	2/12/1980 6:28:21 AM
Order	Y (evenX)
TechType	UV
NumPoints	483
FirstX	250.00
LastX	732.00
XType	NMetr
YType	Absrb
ZType	Secs
NumSubFile	7
Matrix	Z vs X
[DATA]
	0.000000	5.000064	10.000128	15.000256	20.000320	25.000383	30.000511
250.000000	0.984996	0.983831	0.984658	0.982987	0.984116	0.984122	0.982810
251.000000	0.960524	0.959933	0.959727	0.959331	0.960599	0.959856	0.958529
252.000000	0.937218	0.936874	0.935766	0.936888	0.937038	0.936533	0.935504
253.000000	0.915030	0.914345	0.913060	0.915024	0.914367	0.914385	0.913040
254.000000	0.893925	0.892345	0.891914	0.893368	0.893384	0.893576	0.890831
255.000000	0.874102	0.872208	0.872758	0.872905	0.874049	0.874079	0.870400
256.000000	0.855739	0.855083	0.855781	0.854589	0.856075	0.855777	0.853119
257.000000	0.838635	0.839556	0.839730	0.837592	0.838813	0.838264	0.837380
258.000000	0.822467	0.823606	0.823085	0.820683	0.821652	0.821120	0.820909
259.000000	0.807003	0.807576	0.806334	0.804406	0.805365	0.804649	0.804456
260.000000	0.792072	0.792924	0.790920	0.790107	0.791304	0.789501	0.790177
261.000000	0.777649	0.779551	0.777109	0.777384	0.778811	0.775902	0.777745
262.000000	0.763815	0.766172	0.764250	0.764513	0.765718	0.763716	0.764958
263.000000	0.750456	0.752264	0.751597	0.750749	0.751380	0.751924	0.750950
264.000000	0.737231	0.738214	0.738331	0.736503	0.736924	0.738528	0.736440
265.000000	0.723952	0.724321	0.724188	0.722269	0.723061	0.723121	0.722063
266.000000	0.710709	0.710655	0.709845	0.708567	0.709631	0.708085	0.708176
267.000000	0.697450	0.697138	0.695794	0.695553	0.696383	0.694910	0.694850
268.000000	0.683683	0.683371	0.681814	0.682438	0.683061	0.682127	0.681504
269.000000	0.669073	0.669049	0.667643	0.668506	0.669362	0.668254	0.667590
270.000000	0.654184	0.654445	0.653300	0.653917	0.654818	0.653627	0.653080
271.000000	0.639660	0.639883	0.638854	0.639010	0.639114	0.638935	0.638095
272.000000	0.625251	0.625131	0.624252	0.623886	0.623162	0.624253	0.622858
273.000000	0.610405	0.609783	0.609395	0.608561	0.608177	0.609418	0.607608
274.000000	0.595015	0.593920	0.594189	0.593144	0.593697	0.594224	0.592366
275.000000	0.579232	0.577896	0.578548	0.577782	0.578353	0.578458	0.577021
276.000000	0.563222	0.561909	0.562456	0.562329	0.562010	0.562204	0.561513
277.000000	0.547163	0.546022	0.545962	0.546401	0.545596	0.545799	0.545819
278.000000	0.531149	0.530238	0.529429	0.530066	0.529570	0.529505	0.529943
279.000000	0.515165	0.514490	0.513601	0.513972	0.513745	0.513473	0.513918
280.000000	0.499187	0.498732	0.498626	0.498422	0.497969	0.497715	0.497853
281.000000	0.483179	0.482963	0.483478	0.482991	0.482236	0.481983	0.481994
282.000000	0.467292	0.467306	0.467576	0.467431	0.466638	0.466224	0.466574
283.000000	0.452213	0.452221	0.451991	0.452228	0.451501	0.451015	0.451733
284.000000	0.438441	0.438050	0.437721	0.437827	0.437088	0.436826	0.437519
285.000000	0.425216	0.424338	0.424101	0.423896	0.423171	0.423156	0.423650
286.000000	0.411610	0.410540	0.410197	0.410007	0.409470	0.409377	0.409834
287.000000	0.397996	0.397031	0.396436	0.396544	0.396260	0.395893	0.396370
288.000000	0.385238	0.384511	0.383751	0.384168	0.384003	0.383473	0.383767
289.000000	0.373367	0.372875	0.372151	0.372659	0.372475	0.371984	0.372021
290.000000	0.361900	0.361526	0.361067	0.361267	0.361040	0.360737	0.360803
291.000000	0.350752	0.350444	0.350265	0.349991	0.349704	0.349623	0.349877
292.000000	0.340223	0.340153	0.339843	0.339538	0.339075	0.339084	0.339108
293.000000	0.330492	0.330732	0.329916	0.330063	0.329381	0.329349	0.328733
294.000000	0.321547	0.321607	0.320601	0.320915	0.320281	0.320319	0.319503
295.000000	0.313237	0.312510	0.311935	0.311802	0.311582	0.311854	0.311627
296.000000	0.305143	0.303911	0.303776	0.303316	0.303487	0.303777	0.304102
297.000000	0.296995	0.296161	0.295987	0.295862	0.296066	0.295953	0.296164
298.000000	0.289093	0.288922	0.288524	0.288909	0.288805	0.288395	0.288273
299.000000	0.281794	0.281834	0.281385	0.281890	0.281273	0.281167	0.281011
300.000000	0.275158	0.275071	0.274692	0.274997	0.274031	0.274442	0.274340
301.000000	0.269124	0.268917	0.268565	0.268600	0.267817	0.268370	0.268056
302.000000	0.263401	0.263171	0.262823	0.262650	0.262370	0.262645	0.262147
303.000000	0.257618	0.257433	0.257161	0.256910	0.256995	0.256794	0.256675
304.000000	0.251799	0.251720	0.251531	0.251347	0.251505	0.250933	0.251472
305.000000	0.246243	0.246332	0.246065	0.246068	0.246070	0.245580	0.246218
306.000000	0.241108	0.241358	0.240885	0.241096	0.240906	0.240860	0.240925
307.000000	0.236400	0.236658	0.236093	0.236370	0.236256	0.236486	0.235941
308.000000	0.232067	0.232169	0.231709	0.231861	0.232083	0.232237	0.231451
309.000000	0.227969	0.227962	0.227622	0.227588	0.227924	0.228023	0.227364
310.000000	0.223999	0.224052	0.223727	0.223553	0.223577	0.223843	0.223569
311.000000	0.220126	0.220305	0.219957	0.219694	0.219523	0.219867	0.219966
312.000000	0.216366	0.216613	0.216289	0.215989	0.216136	0.216228	0.216476
313.000000	0.212845	0.213034	0.212839	0.212571	0.213079	0.212842	0.213102
314.000000	0.209666	0.209644	0.209693	0.209536	0.209929	0.209581	0.209851
315.000000	0.206656	0.206419	0.206611	0.206585	0.206643	0.206354	0.206626
316.000000	0.203580	0.203311	0.203306	0.203351	0.203308	0.203102	0.203331
317.000000	0.200485	0.200335	0.200019	0.200048	0.200061	0.199932	0.200117
318.000000	0.197551	0.197535	0.197223	0.197151	0.197051	0.197021	0.197239
319.000000	0.194772	0.194844	0.194812	0.194557	0.194263	0.194292	0.194655
320.000000	0.192007	0.192113	0.192254	0.191741	0.191560	0.191488	0.192094
321.000000	0.189218	0.189351	0.189404	0.188680	0.188867	0.188603	0.189422
322.000000	0.186484	0.186742	0.186559	0.185916	0.186185	0.185912	0.186660
323.000000	0.183853	0.184291	0.183885	0.183623	0.183538	0.183522	0.183826
324.000000	0.181305	0.181697	0.181294	0.181317	0.180989	0.181234	0.180914
325.000000	0.178837	0.178828	0.178712	0.178712	0.178557	0.178872	0.178002
326.000000	0.176493	0.176041	0.176154	0.176156	0.176156	0.176376	0.175377
327.000000	0.174282	0.173636	0.173648	0.173931	0.173707	0.173745	0.173221
328.000000	0.172029	0.171433	0.171224	0.171693	0.171236	0.171130	0.171195
329.000000	0.169590	0.169192	0.168910	0.169081	0.168810	0.168705	0.168934
330.000000	0.167246	0.167004	0.166759	0.166478	0.166618	0.166597	0.166658
331.000000	0.165359	0.165045	0.164811	0.164456	0.164843	0.164868	0.164733
332.000000	0.163634	0.163167	0.162920	0.162812	0.163211	0.163167	0.162934
333.000000	0.161459	0.161066	0.160860	0.160952	0.161232	0.160961	0.160753
334.000000	0.158945	0.158868	0.158688	0.158774	0.158970	0.158437	0.158350
335.000000	0.156774	0.157024	0.156683	0.156583	0.156921	0.156348	0.156414
336.000000	0.155062	0.155538	0.154878	0.154554	0.155185	0.154810	0.155002
337.000000	0.153239	0.153872	0.153013	0.152701	0.153375	0.153168	0.153409
338.000000	0.151125	0.151847	0.151011	0.151028	0.151359	0.151156	0.151353
339.000000	0.149281	0.149963	0.149140	0.149535	0.149495	0.149262	0.149363
340.000000	0.148011	0.148499	0.147580	0.148153	0.147992	0.147796	0.147804
341.000000	0.146748	0.146976	0.146179	0.146634	0.146521	0.146407	0.146407
342.000000	0.145006	0.145022	0.144779	0.144817	0.144802	0.144768	0.144884
343.000000	0.143203	0.143185	0.143391	0.142995	0.143090	0.143091	0.143308
344.000000	0.141870	0.142068	0.142058	0.141507	0.141703	0.141667	0.141818
345.000000	0.140823	0.141174	0.140708	0.140240	0.140530	0.140434	0.140392
346.000000	0.139640	0.139690	0.139243	0.138932	0.139314	0.139206	0.138958
347.000000	0.138271	0.137849	0.137754	0.137595	0.138019	0.137923	0.137538
348.000000	0.136876	0.136446	0.136426	0.136384	0.136732	0.136603	0.136208
349.000000	0.135574	0.135531	0.135261	0.135272	0.135492	0.135304	0.135017
350.000000	0.134440	0.134519	0.134104	0.134077	0.134297	0.134121	0.133993
351.000000	0.133444	0.133236	0.132906	0.132803	0.133120	0.133069	0.133064
352.000000	0.132429	0.132045	0.131753	0.131688	0.131910	0.132066	0.132041
353.000000	0.131329	0.131130	0.130701	0.130825	0.130694	0.131028	0.130861
354.000000	0.130267	0.130283	0.129732	0.130015	0.129642	0.129878	0.129715
355.000000	0.129312	0.129359	0.128823	0.129091	0.128835	0.128639	0.128756
356.000000	0.128318	0.128488	0.127964	0.128056	0.128052	0.127613	0.127962
357.000000	0.127181	0.127779	0.127134	0.126969	0.127100	0.127008	0.127263
358.000000	0.126108	0.127039	0.126277	0.126006	0.126110	0.126429	0.126521
359.000000	0.125338	0.126051	0.125344	0.125319	0.125259	0.125435	0.125612
360.000000	0.124762	0.124971	0.124425	0.124719	0.124493	0.124295	0.124627
361.000000	0.124142	0.124079	0.123648	0.123911	0.123673	0.123514	0.123723
362.000000	0.123397	0.123352	0.122948	0.122946	0.122778	0.123018	0.122900
363.000000	0.122541	0.122592	0.122161	0.122077	0.121866	0.122402	0.122065
364.000000	0.121663	0.121761	0.121315	0.121357	0.121030	0.121564	0.121233
365.000000	0.120916	0.120964	0.120608	0.120663	0.120393	0.120677	0.120512
366.000000	0.120322	0.120265	0.120087	0.119959	0.119950	0.119881	0.119916
367.000000	0.119737	0.119669	0.119599	0.119334	0.119533	0.119262	0.119324
368.000000	0.119046	0.119126	0.118988	0.118774	0.118972	0.118778	0.118652
369.000000	0.118217	0.118487	0.118119	0.118054	0.118119	0.118146	0.117894
370.000000	0.117275	0.117669	0.116987	0.117069	0.116971	0.117205	0.117075
371.000000	0.116371	0.116798	0.115945	0.116114	0.115943	0.116203	0.116283
372.000000	0.115641	0.116006	0.115307	0.115462	0.115376	0.115393	0.115585
373.000000	0.115057	0.115267	0.114935	0.114967	0.114968	0.114728	0.114913
374.000000	0.114542	0.114527	0.114578	0.114401	0.114314	0.114098	0.114181
375.000000	0.113982	0.113811	0.114074	0.113734	0.113494	0.113505	0.113403
376.000000	0.113266	0.113174	0.113318	0.113018	0.112771	0.112985	0.112643
377.000000	0.112425	0.112620	0.112421	0.112282	0.112187	0.112395	0.111993
378.000000	0.111579	0.112120	0.111623	0.111540	0.111647	0.111500	0.111550
379.000000	0.110807	0.111593	0.110995	0.110845	0.111065	0.110447	0.111211
380.000000	0.110146	0.110916	0.110455	0.110277	0.110374	0.109717	0.110693
381.000000	0.109599	0.110125	0.109929	0.109785	0.109600	0.109395	0.109930
382.000000	0.109121	0.109465	0.109365	0.109142	0.108890	0.109020	0.109143
383.000000	0.108642	0.108998	0.108714	0.108265	0.108315	0.108339	0.108474
384.000000	0.108040	0.108405	0.107931	0.107378	0.107777	0.107573	0.107864
385.000000	0.107264	0.107493	0.107029	0.106664	0.107188	0.106911	0.107241
386.000000	0.106468	0.106563	0.106189	0.106088	0.106557	0.106279	0.106560
387.000000	0.105796	0.105912	0.105562	0.105574	0.105898	0.105588	0.105806
388.000000	0.105163	0.105412	0.105043	0.105049	0.105180	0.104885	0.105070
389.000000	0.104457	0.104849	0.104492	0.104459	0.104391	0.104251	0.104454
390.000000	0.103845	0.104256	0.104006	0.103878	0.103747	0.103748	0.103953
391.000000	0.103571	0.103758	0.103752	0.103419	0.103515	0.103415	0.103509
392.000000	0.103445	0.103332	0.103485	0.103001	0.103445	0.103127	0.103071
393.000000	0.103024	0.102867	0.102740	0.102436	0.102989	0.102670	0.102590
394.000000	0.102328	0.102384	0.101729	0.101801	0.102189	0.102115	0.102109
395.000000	0.101803	0.102018	0.101276	0.101414	0.101627	0.101792	0.101757
396.000000	0.101566	0.101770	0.101464	0.101309	0.101427	0.101688	0.101495
397.000000	0.101281	0.101455	0.101356	0.101128	0.101068	0.101321	0.101065
398.000000	0.100776	0.100959	0.100518	0.100670	0.100331	0.100497	0.100383
399.000000	0.100277	0.100340	0.099653	0.100089	0.099670	0.099645	0.099752
400.000000	0.099936	0.099699	0.099290	0.099541	0.099415	0.099114	0.099378
401.000000	0.099560	0.099216	0.099049	0.099052	0.099294	0.098792	0.099050
402.000000	0.098984	0.099023	0.098534	0.098626	0.098998	0.098512	0.098567
403.000000	0.098447	0.098972	0.098023	0.098272	0.098552	0.098257	0.098109
404.000000	0.098238	0.098854	0.097903	0.097992	0.098080	0.098042	0.097911
405.000000	0.098165	0.098567	0.097962	0.097722	0.097702	0.097801	0.097832
406.000000	0.097864	0.098070	0.097769	0.097375	0.097519	0.097447	0.097592
407.000000	0.097373	0.097483	0.097279	0.096964	0.097379	0.097028	0.097194
408.000000	0.096976	0.097018	0.096692	0.096558	0.096986	0.096674	0.096814
409.000000	0.096715	0.096686	0.096146	0.096176	0.096368	0.096378	0.096504
410.000000	0.096414	0.096310	0.095718	0.095789	0.095844	0.096009	0.096197
411.000000	0.096015	0.095858	0.095432	0.095400	0.095536	0.095562	0.095853
412.000000	0.095629	0.095502	0.095239	0.095058	0.095289	0.095213	0.095475
413.000000	0.095296	0.095281	0.095057	0.094762	0.094969	0.094987	0.095062
414.000000	0.094878	0.094953	0.094749	0.094399	0.094530	0.094594	0.094602
415.000000	0.094323	0.094386	0.094261	0.093919	0.093992	0.093893	0.094090
416.000000	0.093877	0.093880	0.093813	0.093482	0.093547	0.093285	0.093556
417.000000	0.093733	0.093690	0.093592	0.093222	0.093341	0.093124	0.093046
418.000000	0.093598	0.093536	0.093406	0.092977	0.093158	0.093077	0.092653
419.000000	0.093121	0.093062	0.093011	0.092552	0.092741	0.092706	0.092454
420.000000	0.092518	0.092428	0.092512	0.092078	0.092218	0.092163	0.092319
421.000000	0.092199	0.091989	0.092144	0.091795	0.091864	0.091814	0.092049
422.000000	0.092072	0.091743	0.091881	0.091631	0.091666	0.091579	0.091628
423.000000	0.091747	0.091473	0.091541	0.091329	0.091445	0.091122	0.091159
424.000000	0.091221	0.091157	0.091105	0.090883	0.091165	0.090536	0.090771
425.000000	0.090845	0.090944	0.090704	0.090519	0.090920	0.090301	0.090611
426.000000	0.090706	0.090834	0.090407	0.090302	0.090695	0.090443	0.090620
427.000000	0.090524	0.090611	0.090195	0.090076	0.090326	0.090369	0.090470
428.000000	0.090145	0.090189	0.090017	0.089769	0.089796	0.089823	0.090018
429.000000	0.089712	0.089764	0.089770	0.089497	0.089400	0.089293	0.089521
430.000000	0.089348	0.089473	0.089394	0.089327	0.089298	0.089127	0.089185
431.000000	0.089026	0.089205	0.088984	0.089115	0.089160	0.089023	0.088935
432.000000	0.088705	0.088847	0.088629	0.088732	0.088691	0.088663	0.088660
433.000000	0.088400	0.088488	0.088287	0.088292	0.088130	0.088174	0.088330
434.000000	0.088137	0.088247	0.087900	0.087948	0.087807	0.087780	0.087939
435.000000	0.087896	0.088032	0.087537	0.087666	0.087635	0.087512	0.087529
436.000000	0.087642	0.087690	0.087306	0.087342	0.087379	0.087324	0.087159
437.000000	0.087356	0.087266	0.087147	0.087013	0.087056	0.087149	0.086853
438.000000	0.087031	0.086928	0.086901	0.086790	0.086831	0.086914	0.086609
439.000000	0.086707	0.086718	0.086556	0.086651	0.086707	0.086629	0.086430
440.000000	0.086462	0.086563	0.086236	0.086450	0.086544	0.086377	0.086316
441.000000	0.086307	0.086408	0.086001	0.086153	0.086281	0.086164	0.086218
442.000000	0.086158	0.086223	0.085826	0.085879	0.085971	0.085900	0.086024
443.000000	0.085943	0.085983	0.085662	0.085656	0.085649	0.085557	0.085704
444.000000	0.085628	0.085666	0.085419	0.085334	0.085304	0.085242	0.085386
445.000000	0.085227	0.085277	0.085051	0.084848	0.084929	0.085021	0.085152
446.000000	0.084864	0.084901	0.084653	0.084438	0.084547	0.084793	0.084900
447.000000	0.084644	0.084613	0.084331	0.084309	0.084192	0.084473	0.084543
448.000000	0.084477	0.084404	0.084144	0.084309	0.083943	0.084167	0.084205
449.000000	0.084251	0.084243	0.084111	0.084219	0.083862	0.084004	0.084035
450.000000	0.084033	0.084123	0.084093	0.084024	0.083859	0.083938	0.083974
451.000000	0.083947	0.084041	0.083911	0.083795	0.083794	0.083862	0.083889
452.000000	0.083933	0.083975	0.083644	0.083607	0.083658	0.083752	0.083759
453.000000	0.083831	0.083890	0.083509	0.083533	0.083517	0.083628	0.083623
454.000000	0.083609	0.083738	0.083469	0.083487	0.083367	0.083476	0.083471
455.000000	0.083348	0.083464	0.083271	0.083258	0.083144	0.083244	0.083249
456.000000	0.083106	0.083125	0.082888	0.082854	0.082870	0.082949	0.082968
457.000000	0.082905	0.082925	0.082586	0.082557	0.082677	0.082685	0.082726
458.000000	0.082752	0.082922	0.082501	0.082491	0.082618	0.082514	0.082577
459.000000	0.082617	0.082895	0.082496	0.082452	0.082596	0.082421	0.082488
460.000000	0.082482	0.082700	0.082451	0.082306	0.082519	0.082366	0.082419
461.000000	0.082368	0.082471	0.082368	0.082196	0.082368	0.082266	0.082333
462.000000	0.082284	0.082341	0.082264	0.082244	0.082145	0.082063	0.082202
463.000000	0.082191	0.082256	0.082155	0.082284	0.081900	0.081855	0.082030
464.000000	0.082043	0.082128	0.082044	0.082118	0.081691	0.081747	0.081835
465.000000	0.081863	0.081984	0.081901	0.081805	0.081539	0.081675	0.081652
466.000000	0.081698	0.081885	0.081688	0.081496	0.081444	0.081524	0.081522
467.000000	0.081572	0.081811	0.081481	0.081277	0.081400	0.081359	0.081447
468.000000	0.081490	0.081700	0.081407	0.081189	0.081392	0.081334	0.081410
469.000000	0.081440	0.081557	0.081440	0.081198	0.081380	0.081407	0.081378
470.000000	0.081396	0.081443	0.081434	0.081208	0.081303	0.081382	0.081312
471.000000	0.081347	0.081379	0.081327	0.081168	0.081166	0.081211	0.081202
472.000000	0.081308	0.081342	0.081164	0.081081	0.081049	0.081031	0.081073
473.000000	0.081259	0.081297	0.080981	0.080961	0.080981	0.080920	0.080938
474.000000	0.081125	0.081203	0.080781	0.080826	0.080898	0.080832	0.080788
475.000000	0.080893	0.081054	0.080585	0.080701	0.080774	0.080735	0.080642
476.000000	0.080731	0.080933	0.080461	0.080630	0.080697	0.080663	0.080597
477.000000	0.080757	0.080897	0.080450	0.080629	0.080725	0.080642	0.080698
478.000000	0.080809	0.080852	0.080474	0.080615	0.080719	0.080614	0.080749
479.000000	0.080699	0.080692	0.080435	0.080499	0.080534	0.080518	0.080555
480.000000	0.080494	0.080469	0.080322	0.080306	0.080275	0.080362	0.080272
481.000000	0.080345	0.080286	0.080161	0.080104	0.080118	0.080186	0.080156
482.000000	0.080277	0.080201	0.080016	0.079983	0.080076	0.080061	0.080186
483.000000	0.080253	0.080238	0.079966	0.080035	0.080078	0.080064	0.080199
484.000000	0.080263	0.080362	0.080006	0.080192	0.080102	0.080167	0.080169
485.000000	0.080310	0.080488	0.080066	0.080267	0.080167	0.080255	0.080172
486.000000	0.080370	0.080560	0.080105	0.080208	0.080236	0.080277	0.080218
487.000000	0.080380	0.080554	0.080118	0.080124	0.080214	0.080256	0.080234
488.000000	0.080327	0.080481	0.080114	0.080091	0.080100	0.080220	0.080198
489.000000	0.080289	0.080398	0.080113	0.080122	0.080057	0.080200	0.080170
490.000000	0.080298	0.080343	0.080109	0.080177	0.080145	0.080198	0.080172
491.000000	0.080265	0.080296	0.080024	0.080113	0.080144	0.080145	0.080115
492.000000	0.080147	0.080249	0.079838	0.079863	0.079923	0.080017	0.079953
493.000000	0.080125	0.080274	0.079773	0.079695	0.079803	0.079980	0.079868
494.000000	0.080354	0.080424	0.080022	0.079865	0.080089	0.080177	0.080023
495.000000	0.080592	0.080549	0.080318	0.080157	0.080435	0.080391	0.080236
496.000000	0.080516	0.080467	0.080294	0.080242	0.080357	0.080331	0.080245
497.000000	0.080263	0.080290	0.080066	0.080149	0.080042	0.080113	0.080104
498.000000	0.080175	0.080264	0.079967	0.080079	0.079982	0.080037	0.080015
499.000000	0.080267	0.080397	0.080063	0.080082	0.080187	0.080124	0.080043
500.000000	0.080320	0.080531	0.080223	0.080097	0.080322	0.080198	0.080149
501.000000	0.080300	0.080581	0.080347	0.080111	0.080296	0.080207	0.080281
502.000000	0.080367	0.080543	0.080373	0.080161	0.080275	0.080235	0.080377
503.000000	0.080550	0.080464	0.080308	0.080250	0.080330	0.080311	0.080411
504.000000	0.080662	0.080455	0.080261	0.080328	0.080370	0.080377	0.080422
505.000000	0.080610	0.080573	0.080303	0.080372	0.080353	0.080402	0.080445
506.000000	0.080550	0.080739	0.080406	0.080429	0.080378	0.080426	0.080505
507.000000	0.080612	0.080876	0.080527	0.080529	0.080512	0.080488	0.080607
508.000000	0.080743	0.080971	0.080624	0.080624	0.080647	0.080573	0.080699
509.000000	0.080859	0.081022	0.080664	0.080665	0.080676	0.080653	0.080727
510.000000	0.080917	0.081023	0.080657	0.080691	0.080654	0.080699	0.080708
511.000000	0.080897	0.080974	0.080633	0.080757	0.080674	0.080687	0.080676
512.000000	0.080877	0.080948	0.080663	0.080844	0.080744	0.080670	0.080682
513.000000	0.080968	0.081040	0.080828	0.080901	0.080833	0.080730	0.080776
514.000000	0.081127	0.081207	0.081046	0.080922	0.080917	0.080860	0.080928
515.000000	0.081211	0.081323	0.081134	0.080937	0.080983	0.080996	0.081059
516.000000	0.081227	0.081362	0.081086	0.080981	0.081049	0.081112	0.081155
517.000000	0.081320	0.081401	0.081073	0.081093	0.081157	0.081214	0.081271
518.000000	0.081517	0.081487	0.081173	0.081263	0.081306	0.081310	0.081410
519.000000	0.081673	0.081615	0.081334	0.081410	0.081426	0.081404	0.081509
520.000000	0.081715	0.081762	0.081492	0.081490	0.081495	0.081497	0.081539
521.000000	0.081733	0.081866	0.081582	0.081540	0.081591	0.081586	0.081560
522.000000	0.081805	0.081902	0.081580	0.081601	0.081752	0.081668	0.081618
523.000000	0.081906	0.081949	0.081590	0.081694	0.081866	0.081738	0.081695
524.000000	0.081999	0.082075	0.081708	0.081818	0.081834	0.081798	0.081771
525.000000	0.082081	0.082204	0.081866	0.081905	0.081753	0.081857	0.081852
526.000000	0.082157	0.082242	0.081963	0.081887	0.081750	0.081923	0.081949
527.000000	0.082217	0.082229	0.081979	0.081821	0.081798	0.081967	0.082021
528.000000	0.082249	0.082258	0.081930	0.081811	0.081816	0.081952	0.082018
529.000000	0.082257	0.082344	0.081889	0.081894	0.081850	0.081928	0.081991
530.000000	0.082252	0.082454	0.081959	0.082064	0.082011	0.081992	0.082044
531.000000	0.082265	0.082559	0.082126	0.082259	0.082246	0.082137	0.082166
532.000000	0.082340	0.082628	0.082275	0.082364	0.082358	0.082271	0.082242
533.000000	0.082450	0.082645	0.082335	0.082354	0.082307	0.082342	0.082239
534.000000	0.082484	0.082601	0.082302	0.082311	0.082263	0.082357	0.082228
535.000000	0.082430	0.082529	0.082220	0.082301	0.082320	0.082344	0.082255
536.000000	0.082460	0.082524	0.082216	0.082344	0.082421	0.082359	0.082306
537.000000	0.082661	0.082637	0.082359	0.082439	0.082517	0.082435	0.082366
538.000000	0.082821	0.082767	0.082535	0.082535	0.082624	0.082535	0.082446
539.000000	0.082768	0.082822	0.082631	0.082585	0.082749	0.082613	0.082554
540.000000	0.082680	0.082835	0.082661	0.082593	0.082819	0.082645	0.082679
541.000000	0.082770	0.082866	0.082668	0.082584	0.082768	0.082626	0.082803
542.000000	0.082969	0.082949	0.082705	0.082627	0.082706	0.082637	0.082888
543.000000	0.083114	0.083103	0.082818	0.082792	0.082786	0.082769	0.082899
544.000000	0.083172	0.083266	0.082963	0.083000	0.082962	0.082963	0.082884
545.000000	0.083178	0.083345	0.083051	0.083098	0.083088	0.083081	0.082931
546.000000	0.083203	0.083358	0.083087	0.083106	0.083139	0.083126	0.083057
547.000000	0.083339	0.083406	0.083141	0.083172	0.083182	0.083207	0.083217
548.000000	0.083562	0.083519	0.083238	0.083321	0.083257	0.083345	0.083372
549.000000	0.083721	0.083643	0.083346	0.083436	0.083368	0.083452	0.083491
550.000000	0.083763	0.083754	0.083451	0.083480	0.083506	0.083497	0.083566
551.000000	0.083808	0.083885	0.083580	0.083560	0.083640	0.083552	0.083630
552.000000	0.083927	0.084043	0.083734	0.083725	0.083747	0.083656	0.083702
553.000000	0.084041	0.084168	0.083852	0.083851	0.083820	0.083758	0.083756
554.000000	0.084093	0.084223	0.083903	0.083864	0.083874	0.083825	0.083789
555.000000	0.084174	0.084300	0.083987	0.083937	0.083998	0.083951	0.083904
556.000000	0.084360	0.084467	0.084182	0.084217	0.084242	0.084203	0.084169
557.000000	0.084452	0.084544	0.084293	0.084412	0.084373	0.084362	0.084345
558.000000	0.084253	0.084354	0.084127	0.084197	0.084162	0.084208	0.084191
559.000000	0.084300	0.084418	0.084212	0.084157	0.084157	0.084264	0.084235
560.000000	0.085311	0.085425	0.085252	0.085138	0.085108	0.085237	0.085210
561.000000	0.085735	0.085822	0.085670	0.085603	0.085489	0.085611	0.085594
562.000000	0.082737	0.082800	0.082608	0.082657	0.082494	0.082612	0.082595
563.000000	0.080550	0.080604	0.080327	0.080481	0.080347	0.080451	0.080429
564.000000	0.090054	0.090117	0.089790	0.089917	0.089894	0.089907	0.089903
565.000000	0.101044	0.101120	0.100815	0.100782	0.100896	0.100769	0.100807
566.000000	0.073042	0.073105	0.072870	0.072713	0.072860	0.072701	0.072757
567.000000	0.002529	0.002551	0.002390	0.002244	0.002284	0.002246	0.002281
568.000000	-0.033083	-0.033067	-0.033221	-0.033297	-0.033340	-0.033299	-0.033286
569.000000	0.015653	0.015740	0.015489	0.015468	0.015482	0.015431	0.015453
570.000000	0.083083	0.083253	0.082898	0.082898	0.083002	0.082857	0.082908
571.000000	0.100890	0.101089	0.100713	0.100701	0.100809	0.100734	0.100817
572.000000	0.087499	0.087674	0.087351	0.087316	0.087366	0.087426	0.087519
573.000000	0.080915	0.081040	0.080800	0.080754	0.080748	0.080852	0.080915
574.000000	0.084243	0.084332	0.084152	0.084103	0.084081	0.084126	0.084147
575.000000	0.086678	0.086786	0.086589	0.086531	0.086561	0.086495	0.086502
576.000000	0.086035	0.086193	0.085937	0.085871	0.085966	0.085812	0.085830
577.000000	0.085319	0.085497	0.085225	0.085175	0.085247	0.085115	0.085144
578.000000	0.085529	0.085676	0.085432	0.085420	0.085398	0.085371	0.085400
579.000000	0.085851	0.085930	0.085692	0.085719	0.085651	0.085692	0.085714
580.000000	0.085993	0.086009	0.085740	0.085786	0.085755	0.085783	0.085805
581.000000	0.086380	0.086406	0.086123	0.086150	0.086176	0.086166	0.086215
582.000000	0.086836	0.086944	0.086696	0.086671	0.086725	0.086699	0.086795
583.000000	0.086034	0.086166	0.085990	0.085923	0.085970	0.085963	0.086074
584.000000	0.084351	0.084386	0.084283	0.084214	0.084229	0.084275	0.084333
585.000000	0.086911	0.086872	0.086781	0.086716	0.086716	0.086807	0.086780
586.000000	0.093511	0.093540	0.093361	0.093279	0.093313	0.093402	0.093306
587.000000	0.080348	0.080476	0.080212	0.080107	0.080195	0.080231	0.080121
588.000000	0.028910	0.029027	0.028788	0.028678	0.028801	0.028746	0.028698
589.000000	-0.015216	-0.015181	-0.015355	-0.015429	-0.015309	-0.015431	-0.015400
590.000000	0.007104	0.007073	0.006890	0.006907	0.006975	0.006883	0.006925
591.000000	0.068802	0.068739	0.068503	0.068614	0.068609	0.068607	0.068623
592.000000	0.101374	0.101290	0.101061	0.101186	0.101132	0.101190	0.101222
593.000000	0.095396	0.095320	0.095138	0.095198	0.095139	0.095199	0.095277
594.000000	0.085678	0.085681	0.085480	0.085458	0.085435	0.085459	0.085540
595.000000	0.086697	0.086818	0.086532	0.086453	0.086473	0.086454	0.086485
596.000000	0.089912	0.090086	0.089761	0.089670	0.089667	0.089639	0.089631
597.000000	0.090250	0.090368	0.090096	0.090026	0.089936	0.089945	0.089933
598.000000	0.089703	0.089711	0.089517	0.089449	0.089323	0.089380	0.089359
599.000000	0.089917	0.089825	0.089671	0.089566	0.089514	0.089596	0.089546
600.000000	0.090441	0.090326	0.090136	0.090020	0.090058	0.090122	0.090074
601.000000	0.090755	0.090719	0.090418	0.090357	0.090428	0.090423	0.090439
602.000000	0.091026	0.091076	0.090693	0.090676	0.090761	0.090678	0.090747
603.000000	0.091491	0.091537	0.091195	0.091139	0.091262	0.091137	0.091179
604.000000	0.092018	0.092023	0.091761	0.091654	0.091775	0.091672	0.091647
605.000000	0.092402	0.092410	0.092148	0.092073	0.092085	0.092074	0.092008
606.000000	0.092692	0.092737	0.092418	0.092408	0.092316	0.092396	0.092321
607.000000	0.093039	0.093107	0.092751	0.092738	0.092716	0.092794	0.092723
608.000000	0.093465	0.093538	0.093167	0.093103	0.093250	0.093257	0.093194
609.000000	0.093904	0.093989	0.093582	0.093512	0.093698	0.093669	0.093617
610.000000	0.094286	0.094392	0.093942	0.093919	0.094005	0.093987	0.093951
611.000000	0.094533	0.094655	0.094223	0.094227	0.094264	0.094231	0.094226
612.000000	0.094662	0.094792	0.094447	0.094425	0.094529	0.094434	0.094482
613.000000	0.094812	0.094957	0.094695	0.094620	0.094791	0.094640	0.094761
614.000000	0.095040	0.095203	0.094987	0.094853	0.095019	0.094863	0.095046
615.000000	0.095239	0.095372	0.095222	0.095032	0.095146	0.095058	0.095208
616.000000	0.095333	0.095378	0.095326	0.095100	0.095148	0.095194	0.095191
617.000000	0.095381	0.095381	0.095340	0.095133	0.095133	0.095278	0.095174
618.000000	0.095455	0.095527	0.095327	0.095211	0.095205	0.095332	0.095313
619.000000	0.095586	0.095731	0.095365	0.095337	0.095354	0.095406	0.095504
620.000000	0.095778	0.095871	0.095512	0.095491	0.095540	0.095537	0.095606
621.000000	0.095937	0.095944	0.095675	0.095619	0.095697	0.095662	0.095635
622.000000	0.095953	0.095992	0.095729	0.095664	0.095763	0.095695	0.095661
623.000000	0.095893	0.096058	0.095743	0.095685	0.095793	0.095693	0.095741
624.000000	0.095915	0.096180	0.095883	0.095792	0.095894	0.095785	0.095915
625.000000	0.096038	0.096330	0.096102	0.095960	0.096057	0.095962	0.096132
626.000000	0.096176	0.096435	0.096199	0.096060	0.096189	0.096108	0.096273
627.000000	0.096293	0.096479	0.096159	0.096080	0.096263	0.096184	0.096315
628.000000	0.096412	0.096516	0.096178	0.096142	0.096331	0.096236	0.096338
629.000000	0.096535	0.096586	0.096336	0.096290	0.096417	0.096306	0.096394
630.000000	0.096626	0.096706	0.096510	0.096441	0.096494	0.096421	0.096478
631.000000	0.096668	0.096857	0.096611	0.096532	0.096550	0.096580	0.096576
632.000000	0.096706	0.096947	0.096661	0.096572	0.096620	0.096709	0.096664
633.000000	0.096777	0.096927	0.096693	0.096588	0.096727	0.096758	0.096727
634.000000	0.096864	0.096912	0.096713	0.096622	0.096821	0.096779	0.096797
635.000000	0.096951	0.097014	0.096734	0.096714	0.096861	0.096836	0.096905
636.000000	0.097064	0.097160	0.096801	0.096874	0.096900	0.096951	0.097026
637.000000	0.097233	0.097244	0.096961	0.097093	0.097007	0.097124	0.097128
638.000000	0.097423	0.097333	0.097192	0.097297	0.097171	0.097299	0.097219
639.000000	0.097572	0.097552	0.097437	0.097393	0.097345	0.097400	0.097328
640.000000	0.097679	0.097812	0.097609	0.097424	0.097472	0.097448	0.097437
641.000000	0.097779	0.097902	0.097610	0.097510	0.097495	0.097519	0.097502
642.000000	0.097863	0.097837	0.097504	0.097640	0.097454	0.097609	0.097520
643.000000	0.097890	0.097844	0.097495	0.097679	0.097475	0.097634	0.097522
644.000000	0.097874	0.097983	0.097630	0.097623	0.097603	0.097607	0.097548
645.000000	0.097910	0.098092	0.097749	0.097630	0.097775	0.097668	0.097650
646.000000	0.098022	0.098081	0.097762	0.097755	0.097917	0.097847	0.097814
647.000000	0.098097	0.098014	0.097744	0.097840	0.097948	0.097957	0.097912
648.000000	0.098061	0.097958	0.097758	0.097788	0.097847	0.097890	0.097874
649.000000	0.097986	0.097939	0.097800	0.097731	0.097754	0.097800	0.097823
650.000000	0.097950	0.097976	0.097853	0.097790	0.097793	0.097836	0.097873
651.000000	0.097984	0.098088	0.097898	0.097910	0.097928	0.097955	0.097980
652.000000	0.098096	0.098281	0.097924	0.098005	0.098085	0.098077	0.098072
653.000000	0.098238	0.098478	0.097964	0.098076	0.098208	0.098195	0.098143
654.000000	0.098351	0.098583	0.098061	0.098154	0.098254	0.098324	0.098213
655.000000	0.098440	0.098615	0.098216	0.098258	0.098281	0.098453	0.098314
656.000000	0.098543	0.098648	0.098406	0.098398	0.098386	0.098559	0.098484
657.000000	0.098661	0.098714	0.098604	0.098549	0.098555	0.098640	0.098689
658.000000	0.098769	0.098811	0.098775	0.098661	0.098692	0.098711	0.098848
659.000000	0.098911	0.098972	0.098933	0.098778	0.098798	0.098819	0.098976
660.000000	0.099204	0.099266	0.099136	0.099037	0.098978	0.099039	0.099194
661.000000	0.099635	0.099682	0.099406	0.099455	0.099280	0.099381	0.099541
662.000000	0.099997	0.100088	0.099712	0.099871	0.099657	0.099744	0.099917
663.000000	0.100187	0.100405	0.100029	0.100173	0.100058	0.100058	0.100244
664.000000	0.100350	0.100689	0.100361	0.100402	0.100439	0.100329	0.100505
665.000000	0.100618	0.100991	0.100711	0.100620	0.100774	0.100585	0.100718
666.000000	0.100973	0.101294	0.101055	0.100896	0.101082	0.100895	0.100976
667.000000	0.101358	0.101570	0.101365	0.101267	0.101382	0.101299	0.101341
668.000000	0.101682	0.101799	0.101630	0.101602	0.101635	0.101674	0.101662
669.000000	0.101870	0.101974	0.101842	0.101759	0.101803	0.101881	0.101772
670.000000	0.102016	0.102149	0.102009	0.101843	0.101943	0.101988	0.101816
671.000000	0.102270	0.102396	0.102141	0.102047	0.102147	0.102140	0.102047
672.000000	0.102573	0.102664	0.102273	0.102327	0.102375	0.102355	0.102405
673.000000	0.102751	0.102839	0.102449	0.102508	0.102521	0.102573	0.102647
674.000000	0.102810	0.102921	0.102638	0.102584	0.102589	0.102751	0.102736
675.000000	0.102912	0.103009	0.102749	0.102689	0.102681	0.102867	0.102807
676.000000	0.103071	0.103109	0.102776	0.102833	0.102805	0.102913	0.102900
677.000000	0.103126	0.103117	0.102815	0.102873	0.102852	0.102898	0.102935
678.000000	0.103009	0.103015	0.102876	0.102762	0.102783	0.102836	0.102874
679.000000	0.102847	0.102954	0.102819	0.102631	0.102691	0.102742	0.102769
680.000000	0.102750	0.103024	0.102608	0.102590	0.102660	0.102647	0.102690
681.000000	0.102759	0.103123	0.102507	0.102648	0.102733	0.102618	0.102733
682.000000	0.102868	0.103144	0.102699	0.102777	0.102898	0.102689	0.102923
683.000000	0.102948	0.103073	0.102912	0.102863	0.102980	0.102751	0.103013
684.000000	0.102874	0.102926	0.102845	0.102803	0.102828	0.102694	0.102779
685.000000	0.102701	0.102791	0.102602	0.102662	0.102587	0.102590	0.102452
686.000000	0.102541	0.102763	0.102403	0.102551	0.102480	0.102558	0.102369
687.000000	0.102487	0.102824	0.102345	0.102523	0.102512	0.102585	0.102504
688.000000	0.102607	0.102899	0.102454	0.102594	0.102585	0.102601	0.102662
689.000000	0.102826	0.102956	0.102642	0.102706	0.102667	0.102609	0.102779
690.000000	0.102975	0.102987	0.102751	0.102751	0.102766	0.102659	0.102878
691.000000	0.103002	0.103002	0.102753	0.102724	0.102850	0.102750	0.102947
692.000000	0.102966	0.103023	0.102751	0.102727	0.102852	0.102833	0.102939
693.000000	0.102905	0.103049	0.102777	0.102783	0.102779	0.102874	0.102853
694.000000	0.102813	0.103045	0.102770	0.102807	0.102752	0.102860	0.102757
695.000000	0.102712	0.102993	0.102711	0.102769	0.102813	0.102805	0.102706
696.000000	0.102688	0.102924	0.102685	0.102747	0.102835	0.102777	0.102720
697.000000	0.102777	0.102866	0.102732	0.102783	0.102736	0.102802	0.102791
698.000000	0.102864	0.102833	0.102737	0.102769	0.102609	0.102770	0.102833
699.000000	0.102845	0.102826	0.102611	0.102621	0.102558	0.102602	0.102776
700.000000	0.102757	0.102814	0.102484	0.102458	0.102597	0.102451	0.102660
701.000000	0.102665	0.102767	0.102503	0.102424	0.102708	0.102484	0.102554
702.000000	0.102591	0.102719	0.102572	0.102506	0.102785	0.102594	0.102525
703.000000	0.102544	0.102724	0.102526	0.102635	0.102720	0.102595	0.102628
704.000000	0.102604	0.102809	0.102433	0.102738	0.102633	0.102556	0.102785
705.000000	0.102872	0.102979	0.102480	0.102755	0.102752	0.102664	0.102860
706.000000	0.103232	0.103189	0.102685	0.102745	0.103021	0.102900	0.102886
707.000000	0.103412	0.103353	0.102940	0.102856	0.103175	0.103085	0.103024
708.000000	0.103411	0.103475	0.103197	0.103106	0.103206	0.103192	0.103287
709.000000	0.103527	0.103655	0.103469	0.103378	0.103383	0.103365	0.103526
710.000000	0.103883	0.103945	0.103774	0.103629	0.103781	0.103669	0.103697
711.000000	0.104320	0.104312	0.104130	0.103947	0.104160	0.104039	0.103931
712.000000	0.104707	0.104712	0.104524	0.104367	0.104380	0.104409	0.104305
713.000000	0.105033	0.105086	0.104886	0.104793	0.104582	0.104735	0.104747
714.000000	0.105333	0.105407	0.105177	0.105163	0.104906	0.105024	0.105178
715.000000	0.105756	0.105762	0.105487	0.105591	0.105368	0.105424	0.105544
716.000000	0.106396	0.106232	0.105908	0.106165	0.105942	0.106045	0.105828
717.000000	0.107025	0.106764	0.106438	0.106717	0.106514	0.106697	0.106151
718.000000	0.107392	0.107281	0.107043	0.107060	0.106975	0.107158	0.106653
719.000000	0.107732	0.107802	0.107651	0.107382	0.107434	0.107582	0.107311
720.000000	0.108427	0.108378	0.108184	0.107985	0.108061	0.108231	0.108030
721.000000	0.109221	0.108954	0.108640	0.108690	0.108750	0.108906	0.108643
722.000000	0.109524	0.109420	0.109060	0.109067	0.109241	0.109161	0.108961
723.000000	0.109523	0.109838	0.109512	0.109249	0.109539	0.109154	0.109116
724.000000	0.110039	0.110402	0.110075	0.109829	0.109865	0.109534	0.109506
725.000000	0.111066	0.111070	0.110692	0.110792	0.110310	0.110376	0.110226
726.000000	0.111608	0.111517	0.111142	0.111398	0.110796	0.111064	0.111005
727.000000	0.111393	0.111675	0.111365	0.111395	0.111281	0.111339	0.111605
728.000000	0.111455	0.111927	0.111584	0.111408	0.111789	0.111600	0.111874
729.000000	0.112342	0.112436	0.111911	0.111802	0.112279	0.112058	0.111771
730.000000	0.113175	0.112742	0.112127	0.112129	0.112538	0.112331	0.111493
731.000000	0.113175	0.112466	0.112050	0.111986	0.112417	0.112097	0.111224
732.000000	0.112625	0.111822	0.111789	0.111537	0.112066	0.111545	0.110979
