[HEADER]
Format	J&M ASCII Table
Comment	Remin PV CDOM Samples 
Date	2/12/1980 7:12:34 AM
Order	Y (evenX)
TechType	UV
NumPoints	483
FirstX	250.00
LastX	732.00
XType	NMetr
YType	Absrb
ZType	Secs
NumSubFile	7
Matrix	Z vs X
[DATA]
	0.000000	5.000064	10.000192	15.000256	20.000320	25.000448	30.000511
250.000000	1.299055	1.299939	1.299080	1.293965	1.294194	1.299219	1.297255
251.000000	1.285685	1.286793	1.285352	1.281325	1.279799	1.285435	1.284120
252.000000	1.274796	1.272263	1.271733	1.269332	1.269055	1.272417	1.271984
253.000000	1.264114	1.258244	1.259801	1.258372	1.261443	1.259701	1.261279
254.000000	1.252270	1.246738	1.250891	1.248803	1.255813	1.247404	1.252162
255.000000	1.242314	1.239190	1.244908	1.240842	1.249595	1.237957	1.243847
256.000000	1.237382	1.236339	1.241224	1.234680	1.240842	1.233491	1.235744
257.000000	1.235815	1.235763	1.238003	1.230555	1.232676	1.231741	1.229468
258.000000	1.234619	1.234395	1.233425	1.228648	1.229337	1.229428	1.227136
259.000000	1.233335	1.232970	1.229407	1.228531	1.229796	1.227450	1.228721
260.000000	1.232835	1.234025	1.229573	1.229505	1.230538	1.228648	1.233034
261.000000	1.234195	1.237708	1.234093	1.231622	1.231665	1.232585	1.238086
262.000000	1.238555	1.242296	1.240438	1.235454	1.235964	1.236338	1.241330
263.000000	1.244345	1.245902	1.245633	1.239854	1.242461	1.238808	1.241998
264.000000	1.246947	1.246536	1.246314	1.241735	1.245857	1.241031	1.241360
265.000000	1.244875	1.244219	1.242258	1.240300	1.244072	1.242888	1.240514
266.000000	1.242233	1.242389	1.238595	1.238819	1.240888	1.242105	1.240077
267.000000	1.241456	1.242557	1.238236	1.238930	1.238863	1.237549	1.239592
268.000000	1.239324	1.240446	1.237088	1.237086	1.235971	1.231535	1.235965
269.000000	1.232663	1.232202	1.231013	1.229830	1.229883	1.225814	1.226892
270.000000	1.222031	1.219262	1.220102	1.217304	1.219956	1.217723	1.214845
271.000000	1.208772	1.204188	1.205597	1.200837	1.206220	1.204312	1.202784
272.000000	1.193354	1.188344	1.189393	1.183609	1.190323	1.187657	1.189302
273.000000	1.175887	1.172486	1.173347	1.168959	1.174224	1.171365	1.171710
274.000000	1.156304	1.155852	1.156362	1.154609	1.156758	1.154955	1.151364
275.000000	1.134479	1.136864	1.135786	1.135293	1.135125	1.135683	1.131753
276.000000	1.111084	1.115170	1.111793	1.110723	1.109826	1.112781	1.112452
277.000000	1.087446	1.091481	1.086973	1.084886	1.084178	1.087227	1.089712
278.000000	1.063810	1.066426	1.062449	1.059856	1.059626	1.060603	1.062875
279.000000	1.039022	1.040486	1.037379	1.035100	1.035114	1.035170	1.035331
280.000000	1.012818	1.014065	1.011531	1.010204	1.009952	1.011627	1.009193
281.000000	0.986789	0.987441	0.986066	0.985293	0.984437	0.987630	0.983656
282.000000	0.962120	0.961080	0.961817	0.960638	0.959162	0.961735	0.958162
283.000000	0.938241	0.936030	0.938232	0.936744	0.935250	0.936054	0.933799
284.000000	0.914438	0.913047	0.914685	0.913910	0.913323	0.912583	0.911451
285.000000	0.890742	0.891132	0.891341	0.891319	0.891362	0.889974	0.889791
286.000000	0.867435	0.868987	0.868555	0.868103	0.867212	0.866368	0.867221
287.000000	0.845108	0.846642	0.846459	0.845242	0.842958	0.842900	0.844604
288.000000	0.824432	0.824714	0.825103	0.824341	0.822158	0.821789	0.823697
289.000000	0.805497	0.803981	0.804670	0.805023	0.804287	0.802909	0.804374
290.000000	0.787990	0.785278	0.785417	0.785705	0.786307	0.784663	0.785353
291.000000	0.771065	0.768385	0.767243	0.766315	0.767579	0.766455	0.766508
292.000000	0.753401	0.752086	0.749718	0.748215	0.749767	0.748660	0.748817
293.000000	0.735113	0.735844	0.732838	0.731944	0.733520	0.731675	0.732590
294.000000	0.718343	0.720122	0.717210	0.716813	0.717946	0.715869	0.717138
295.000000	0.704139	0.705144	0.703014	0.702282	0.702552	0.701334	0.702033
296.000000	0.690959	0.690478	0.689445	0.688320	0.687920	0.687589	0.687548
297.000000	0.677431	0.675902	0.675851	0.674939	0.674485	0.674206	0.673896
298.000000	0.663779	0.662128	0.662459	0.662097	0.661774	0.661151	0.660831
299.000000	0.650521	0.649795	0.649602	0.649710	0.649252	0.648465	0.648092
300.000000	0.638048	0.638260	0.637260	0.637552	0.636969	0.636144	0.635815
301.000000	0.626626	0.626603	0.625331	0.625417	0.625116	0.624187	0.624200
302.000000	0.615833	0.614873	0.613924	0.613584	0.613603	0.612726	0.613013
303.000000	0.604972	0.603533	0.603220	0.602517	0.602229	0.601924	0.601846
304.000000	0.593998	0.592549	0.593008	0.592046	0.591110	0.591567	0.590739
305.000000	0.583315	0.581555	0.582813	0.581578	0.580571	0.581188	0.580038
306.000000	0.572999	0.570742	0.572479	0.570978	0.570577	0.570705	0.569898
307.000000	0.562784	0.560871	0.562179	0.560595	0.560717	0.560430	0.560259
308.000000	0.552586	0.552008	0.552034	0.550632	0.550801	0.550514	0.550899
309.000000	0.542629	0.543119	0.542057	0.541043	0.540993	0.540826	0.541357
310.000000	0.533074	0.533571	0.532284	0.531751	0.531432	0.531284	0.531466
311.000000	0.523882	0.523857	0.522823	0.522660	0.522131	0.521956	0.521773
312.000000	0.514926	0.514449	0.513727	0.513649	0.513044	0.512869	0.512669
313.000000	0.505875	0.505197	0.504818	0.504518	0.503992	0.503823	0.503663
314.000000	0.496451	0.495859	0.495893	0.495110	0.494794	0.494610	0.494218
315.000000	0.486924	0.486433	0.486861	0.485594	0.485427	0.485248	0.484594
316.000000	0.477697	0.477010	0.477669	0.476226	0.475944	0.475837	0.475265
317.000000	0.468728	0.467747	0.468283	0.467066	0.466580	0.466563	0.466210
318.000000	0.459752	0.458813	0.458685	0.458066	0.457630	0.457622	0.457165
319.000000	0.450594	0.449960	0.448997	0.449078	0.448862	0.448763	0.448049
320.000000	0.441158	0.440648	0.439444	0.439885	0.439661	0.439420	0.438921
321.000000	0.431606	0.430910	0.430166	0.430363	0.429954	0.429600	0.429778
322.000000	0.422374	0.421423	0.421202	0.420501	0.420280	0.419963	0.420541
323.000000	0.413481	0.412469	0.412416	0.410579	0.410984	0.410814	0.411223
324.000000	0.404236	0.403630	0.403401	0.401335	0.402040	0.401828	0.401981
325.000000	0.394388	0.394591	0.394000	0.393076	0.393326	0.392781	0.392929
326.000000	0.384924	0.385461	0.384742	0.384933	0.384564	0.383845	0.384024
327.000000	0.376583	0.376387	0.376051	0.376131	0.375561	0.375141	0.375197
328.000000	0.368462	0.367426	0.367568	0.366929	0.366530	0.366358	0.366347
329.000000	0.359543	0.358612	0.358861	0.357799	0.357742	0.357207	0.357416
330.000000	0.350418	0.349998	0.350172	0.349072	0.349247	0.348110	0.348606
331.000000	0.342126	0.341630	0.341925	0.340966	0.341004	0.339680	0.340184
332.000000	0.334395	0.333442	0.333945	0.333173	0.332899	0.331845	0.332122
333.000000	0.326299	0.325319	0.325759	0.325135	0.324790	0.324181	0.324237
334.000000	0.317892	0.317403	0.317417	0.316941	0.316738	0.316618	0.316398
335.000000	0.310006	0.310030	0.309383	0.309186	0.308969	0.309363	0.308533
336.000000	0.302845	0.303083	0.301850	0.302016	0.301543	0.302282	0.300741
337.000000	0.295836	0.295913	0.294683	0.295032	0.294324	0.294837	0.293322
338.000000	0.288699	0.288344	0.287780	0.288011	0.287231	0.287000	0.286389
339.000000	0.281727	0.281078	0.281134	0.281092	0.280301	0.279670	0.279698
340.000000	0.275116	0.274584	0.274684	0.274372	0.273582	0.273376	0.273087
341.000000	0.268639	0.268487	0.268188	0.267737	0.267136	0.267436	0.266686
342.000000	0.262137	0.262371	0.261509	0.261118	0.260988	0.261180	0.260612
343.000000	0.255991	0.256200	0.255051	0.254761	0.255023	0.254794	0.254729
344.000000	0.250568	0.250042	0.249236	0.248917	0.249117	0.248631	0.248859
345.000000	0.245289	0.244013	0.243773	0.243377	0.243298	0.242759	0.242956
346.000000	0.239328	0.238241	0.238154	0.237791	0.237644	0.237129	0.237040
347.000000	0.233030	0.232752	0.232460	0.232191	0.232158	0.231663	0.231301
348.000000	0.227377	0.227511	0.227092	0.226815	0.226798	0.226265	0.226004
349.000000	0.222532	0.222438	0.222104	0.221664	0.221513	0.220963	0.221067
350.000000	0.217965	0.217420	0.217254	0.216531	0.216249	0.215886	0.216120
351.000000	0.213270	0.212398	0.212369	0.211385	0.211081	0.211054	0.211048
352.000000	0.208228	0.207382	0.207371	0.206410	0.206239	0.206349	0.206066
353.000000	0.202899	0.202401	0.202281	0.201715	0.201743	0.201676	0.201281
354.000000	0.197826	0.197501	0.197283	0.197240	0.197206	0.196990	0.196563
355.000000	0.193334	0.192740	0.192524	0.192859	0.192394	0.192265	0.191829
356.000000	0.189009	0.188204	0.188003	0.188311	0.187606	0.187508	0.187202
357.000000	0.184441	0.183921	0.183666	0.183439	0.183117	0.182762	0.182788
358.000000	0.179781	0.179653	0.179360	0.178625	0.178711	0.178207	0.178486
359.000000	0.175295	0.175156	0.174937	0.174296	0.174112	0.174004	0.174164
360.000000	0.171012	0.170614	0.170450	0.170246	0.169511	0.169967	0.169841
361.000000	0.166862	0.166345	0.166030	0.166050	0.165253	0.165796	0.165588
362.000000	0.162734	0.162262	0.161740	0.161665	0.161278	0.161465	0.161350
363.000000	0.158496	0.158049	0.157601	0.157278	0.157292	0.157113	0.157002
364.000000	0.154193	0.153698	0.153559	0.153036	0.153219	0.152840	0.152590
365.000000	0.150020	0.149478	0.149506	0.149050	0.149179	0.148717	0.148309
366.000000	0.146033	0.145510	0.145444	0.145310	0.145228	0.144760	0.144282
367.000000	0.142106	0.141720	0.141522	0.141654	0.141338	0.140922	0.140527
368.000000	0.138128	0.137957	0.137722	0.137887	0.137413	0.137102	0.136925
369.000000	0.134051	0.133959	0.133691	0.133766	0.133247	0.133094	0.133109
370.000000	0.129884	0.129622	0.129263	0.129231	0.128792	0.128817	0.128876
371.000000	0.125782	0.125348	0.124914	0.124745	0.124478	0.124566	0.124569
372.000000	0.121865	0.121490	0.121072	0.120737	0.120672	0.120598	0.120540
373.000000	0.118003	0.117802	0.117443	0.117073	0.117085	0.116707	0.116747
374.000000	0.114034	0.113941	0.113616	0.113483	0.113318	0.112636	0.113043
375.000000	0.110077	0.110048	0.109711	0.109854	0.109452	0.108641	0.109294
376.000000	0.106345	0.106425	0.106039	0.106145	0.105745	0.105141	0.105402
377.000000	0.102837	0.102975	0.102542	0.102421	0.102194	0.101971	0.101540
378.000000	0.099420	0.099366	0.098948	0.098807	0.098634	0.098620	0.098034
379.000000	0.095989	0.095592	0.095260	0.095268	0.095049	0.094978	0.094816
380.000000	0.092470	0.091941	0.091729	0.091634	0.091552	0.091303	0.091465
381.000000	0.088869	0.088493	0.088407	0.087914	0.088172	0.087741	0.087854
382.000000	0.085295	0.085045	0.085070	0.084367	0.084816	0.084279	0.084254
383.000000	0.081806	0.081501	0.081612	0.081126	0.081407	0.080917	0.080851
384.000000	0.078357	0.078014	0.078194	0.078052	0.077914	0.077696	0.077604
385.000000	0.074930	0.074699	0.074935	0.074976	0.074366	0.074618	0.074433
386.000000	0.071642	0.071473	0.071730	0.071736	0.070959	0.071554	0.071218
387.000000	0.068575	0.068238	0.068467	0.068253	0.067849	0.068387	0.067881
388.000000	0.065553	0.064989	0.065166	0.064818	0.064863	0.065155	0.064562
389.000000	0.062384	0.061767	0.061901	0.061763	0.061787	0.061944	0.061443
390.000000	0.059266	0.058783	0.058832	0.058976	0.058709	0.058864	0.058556
391.000000	0.056520	0.056269	0.056129	0.056172	0.055833	0.056016	0.055865
392.000000	0.054011	0.053894	0.053582	0.053316	0.053111	0.053294	0.053210
393.000000	0.051333	0.051013	0.050765	0.050522	0.050351	0.050468	0.050374
394.000000	0.048406	0.047735	0.047752	0.047822	0.047548	0.047573	0.047459
395.000000	0.045451	0.044864	0.045065	0.045168	0.044868	0.044874	0.044852
396.000000	0.042648	0.042604	0.042762	0.042511	0.042350	0.042373	0.042573
397.000000	0.040100	0.040330	0.040261	0.039796	0.039850	0.039704	0.040133
398.000000	0.037759	0.037663	0.037308	0.037028	0.037281	0.036755	0.037293
399.000000	0.035286	0.034822	0.034387	0.034324	0.034701	0.033960	0.034378
400.000000	0.032496	0.032049	0.031856	0.031768	0.032144	0.031598	0.031674
401.000000	0.029739	0.029448	0.029447	0.029302	0.029528	0.029302	0.029158
402.000000	0.027345	0.027053	0.026878	0.026860	0.026807	0.026718	0.026752
403.000000	0.025077	0.024729	0.024320	0.024451	0.024185	0.024113	0.024382
404.000000	0.022604	0.022319	0.022024	0.022100	0.021889	0.021847	0.021988
405.000000	0.020040	0.019916	0.019879	0.019786	0.019789	0.019749	0.019598
406.000000	0.017665	0.017692	0.017640	0.017472	0.017623	0.017447	0.017271
407.000000	0.015479	0.015537	0.015301	0.015158	0.015321	0.014968	0.014977
408.000000	0.013309	0.013178	0.012997	0.012867	0.012937	0.012576	0.012630
409.000000	0.011077	0.010662	0.010753	0.010592	0.010550	0.010364	0.010269
410.000000	0.008799	0.008326	0.008495	0.008298	0.008256	0.008257	0.008042
411.000000	0.006540	0.006283	0.006257	0.006037	0.006106	0.006190	0.005997
412.000000	0.004431	0.004325	0.004221	0.003978	0.004091	0.004124	0.004036
413.000000	0.002492	0.002292	0.002411	0.002141	0.002148	0.002039	0.002065
414.000000	0.000517	0.000170	0.000520	0.000241	0.000119	-0.000045	0.000007
415.000000	-0.001615	-0.001994	-0.001642	-0.001889	-0.002055	-0.002095	-0.002143
416.000000	-0.003694	-0.004015	-0.003797	-0.003960	-0.004119	-0.004066	-0.004173
417.000000	-0.005523	-0.005752	-0.005679	-0.005711	-0.005857	-0.005930	-0.005922
418.000000	-0.007238	-0.007394	-0.007466	-0.007380	-0.007491	-0.007763	-0.007622
419.000000	-0.009033	-0.009171	-0.009396	-0.009277	-0.009303	-0.009642	-0.009544
420.000000	-0.010830	-0.010947	-0.011269	-0.011223	-0.011126	-0.011448	-0.011448
421.000000	-0.012461	-0.012468	-0.012743	-0.012869	-0.012645	-0.013006	-0.012928
422.000000	-0.013981	-0.013845	-0.013984	-0.014308	-0.014005	-0.014395	-0.014175
423.000000	-0.015576	-0.015402	-0.015458	-0.015887	-0.015618	-0.015850	-0.015731
424.000000	-0.017234	-0.017151	-0.017197	-0.017598	-0.017448	-0.017397	-0.017572
425.000000	-0.018762	-0.018815	-0.018843	-0.019105	-0.019052	-0.018873	-0.019159
426.000000	-0.020125	-0.020275	-0.020254	-0.020349	-0.020321	-0.020227	-0.020350
427.000000	-0.021506	-0.021642	-0.021607	-0.021651	-0.021607	-0.021565	-0.021549
428.000000	-0.022991	-0.023002	-0.023018	-0.023164	-0.023105	-0.022970	-0.023003
429.000000	-0.024447	-0.024372	-0.024450	-0.024667	-0.024637	-0.024462	-0.024574
430.000000	-0.025786	-0.025767	-0.025868	-0.025999	-0.026058	-0.026024	-0.026111
431.000000	-0.027127	-0.027226	-0.027297	-0.027300	-0.027435	-0.027568	-0.027539
432.000000	-0.028580	-0.028761	-0.028753	-0.028710	-0.028842	-0.029010	-0.028833
433.000000	-0.030038	-0.030238	-0.030173	-0.030139	-0.030215	-0.030349	-0.030112
434.000000	-0.031364	-0.031515	-0.031491	-0.031456	-0.031475	-0.031610	-0.031507
435.000000	-0.032605	-0.032685	-0.032771	-0.032699	-0.032695	-0.032833	-0.032922
436.000000	-0.033878	-0.033920	-0.034118	-0.033968	-0.033996	-0.034060	-0.034190
437.000000	-0.035189	-0.035225	-0.035448	-0.035262	-0.035329	-0.035290	-0.035344
438.000000	-0.036482	-0.036500	-0.036575	-0.036524	-0.036547	-0.036499	-0.036533
439.000000	-0.037694	-0.037699	-0.037533	-0.037724	-0.037655	-0.037681	-0.037753
440.000000	-0.038762	-0.038826	-0.038554	-0.038858	-0.038793	-0.038851	-0.038865
441.000000	-0.039727	-0.039912	-0.039731	-0.039933	-0.039996	-0.040007	-0.039867
442.000000	-0.040764	-0.041022	-0.040964	-0.040965	-0.041158	-0.041123	-0.040941
443.000000	-0.041955	-0.042176	-0.042167	-0.041999	-0.042226	-0.042189	-0.042159
444.000000	-0.043181	-0.043302	-0.043302	-0.043126	-0.043271	-0.043211	-0.043362
445.000000	-0.044335	-0.044347	-0.044357	-0.044371	-0.044350	-0.044218	-0.044431
446.000000	-0.045406	-0.045354	-0.045380	-0.045563	-0.045432	-0.045273	-0.045433
447.000000	-0.046403	-0.046363	-0.046411	-0.046547	-0.046477	-0.046413	-0.046446
448.000000	-0.047336	-0.047333	-0.047407	-0.047380	-0.047461	-0.047523	-0.047433
449.000000	-0.048220	-0.048216	-0.048313	-0.048171	-0.048364	-0.048471	-0.048339
450.000000	-0.049051	-0.049027	-0.049133	-0.048983	-0.049201	-0.049257	-0.049174
451.000000	-0.049822	-0.049805	-0.049891	-0.049849	-0.049994	-0.049936	-0.049974
452.000000	-0.050543	-0.050556	-0.050613	-0.050708	-0.050754	-0.050592	-0.050748
453.000000	-0.051233	-0.051269	-0.051324	-0.051448	-0.051485	-0.051322	-0.051492
454.000000	-0.051941	-0.052004	-0.052069	-0.052134	-0.052229	-0.052162	-0.052256
455.000000	-0.052743	-0.052886	-0.052911	-0.052979	-0.053056	-0.053096	-0.053131
456.000000	-0.053631	-0.053874	-0.053829	-0.053967	-0.053951	-0.054044	-0.054078
457.000000	-0.054500	-0.054728	-0.054697	-0.054786	-0.054787	-0.054841	-0.054896
458.000000	-0.055283	-0.055347	-0.055445	-0.055324	-0.055498	-0.055440	-0.055504
459.000000	-0.055996	-0.055908	-0.056115	-0.055863	-0.056136	-0.056010	-0.056055
460.000000	-0.056666	-0.056556	-0.056753	-0.056596	-0.056766	-0.056689	-0.056683
461.000000	-0.057316	-0.057266	-0.057390	-0.057365	-0.057439	-0.057463	-0.057389
462.000000	-0.057959	-0.057987	-0.058043	-0.058009	-0.058184	-0.058272	-0.058142
463.000000	-0.058559	-0.058689	-0.058675	-0.058599	-0.058931	-0.058956	-0.058844
464.000000	-0.059091	-0.059346	-0.059254	-0.059248	-0.059595	-0.059389	-0.059416
465.000000	-0.059671	-0.059967	-0.059837	-0.059943	-0.060180	-0.059803	-0.059978
466.000000	-0.060440	-0.060572	-0.060506	-0.060624	-0.060721	-0.060517	-0.060701
467.000000	-0.061255	-0.061190	-0.061223	-0.061273	-0.061256	-0.061404	-0.061479
468.000000	-0.061832	-0.061856	-0.061887	-0.061894	-0.061824	-0.062096	-0.062067
469.000000	-0.062234	-0.062533	-0.062483	-0.062479	-0.062413	-0.062568	-0.062485
470.000000	-0.062798	-0.063129	-0.063065	-0.063010	-0.062973	-0.063074	-0.062969
471.000000	-0.063565	-0.063625	-0.063638	-0.063509	-0.063492	-0.063671	-0.063580
472.000000	-0.064208	-0.064090	-0.064138	-0.064042	-0.064007	-0.064182	-0.064159
473.000000	-0.064599	-0.064582	-0.064569	-0.064638	-0.064544	-0.064568	-0.064649
474.000000	-0.064991	-0.065131	-0.065051	-0.065259	-0.065105	-0.065061	-0.065181
475.000000	-0.065555	-0.065729	-0.065643	-0.065860	-0.065684	-0.065775	-0.065824
476.000000	-0.066160	-0.066280	-0.066207	-0.066400	-0.066256	-0.066449	-0.066424
477.000000	-0.066674	-0.066720	-0.066643	-0.066862	-0.066803	-0.066872	-0.066858
478.000000	-0.067145	-0.067165	-0.067091	-0.067330	-0.067330	-0.067243	-0.067246
479.000000	-0.067652	-0.067740	-0.067706	-0.067886	-0.067842	-0.067800	-0.067734
480.000000	-0.068202	-0.068362	-0.068362	-0.068464	-0.068325	-0.068448	-0.068281
481.000000	-0.068771	-0.068884	-0.068855	-0.068955	-0.068758	-0.068982	-0.068786
482.000000	-0.069264	-0.069279	-0.069198	-0.069321	-0.069138	-0.069372	-0.069215
483.000000	-0.069562	-0.069588	-0.069514	-0.069570	-0.069474	-0.069673	-0.069574
484.000000	-0.069731	-0.069861	-0.069834	-0.069783	-0.069793	-0.069938	-0.069898
485.000000	-0.069981	-0.070159	-0.070119	-0.070090	-0.070136	-0.070208	-0.070246
486.000000	-0.070359	-0.070496	-0.070386	-0.070506	-0.070511	-0.070506	-0.070624
487.000000	-0.070732	-0.070833	-0.070719	-0.070912	-0.070889	-0.070837	-0.070987
488.000000	-0.071043	-0.071162	-0.071144	-0.071252	-0.071249	-0.071195	-0.071313
489.000000	-0.071382	-0.071535	-0.071579	-0.071589	-0.071584	-0.071573	-0.071624
490.000000	-0.071827	-0.071975	-0.071987	-0.071973	-0.071922	-0.071972	-0.071959
491.000000	-0.072385	-0.072442	-0.072444	-0.072399	-0.072360	-0.072422	-0.072402
492.000000	-0.072996	-0.072874	-0.072978	-0.072836	-0.072931	-0.072918	-0.072968
493.000000	-0.073397	-0.073186	-0.073372	-0.073182	-0.073387	-0.073305	-0.073409
494.000000	-0.073385	-0.073325	-0.073436	-0.073365	-0.073502	-0.073456	-0.073510
495.000000	-0.073326	-0.073454	-0.073433	-0.073542	-0.073517	-0.073560	-0.073544
496.000000	-0.073701	-0.073773	-0.073728	-0.073914	-0.073781	-0.073875	-0.073889
497.000000	-0.074316	-0.074211	-0.074227	-0.074366	-0.074226	-0.074336	-0.074425
498.000000	-0.074677	-0.074570	-0.074627	-0.074649	-0.074589	-0.074729	-0.074804
499.000000	-0.074764	-0.074822	-0.074865	-0.074783	-0.074820	-0.074992	-0.074984
500.000000	-0.074893	-0.075060	-0.075053	-0.074979	-0.075024	-0.075181	-0.075140
501.000000	-0.075153	-0.075289	-0.075253	-0.075280	-0.075253	-0.075331	-0.075340
502.000000	-0.075387	-0.075427	-0.075471	-0.075550	-0.075499	-0.075453	-0.075530
503.000000	-0.075539	-0.075498	-0.075705	-0.075731	-0.075747	-0.075589	-0.075689
504.000000	-0.075721	-0.075700	-0.075941	-0.075891	-0.075972	-0.075827	-0.075857
505.000000	-0.075996	-0.076108	-0.076170	-0.076080	-0.076168	-0.076185	-0.076069
506.000000	-0.076285	-0.076500	-0.076387	-0.076280	-0.076370	-0.076535	-0.076340
507.000000	-0.076515	-0.076699	-0.076591	-0.076475	-0.076597	-0.076766	-0.076659
508.000000	-0.076711	-0.076803	-0.076796	-0.076675	-0.076799	-0.076906	-0.076934
509.000000	-0.076910	-0.076946	-0.077017	-0.076900	-0.076944	-0.077018	-0.077090
510.000000	-0.077122	-0.077163	-0.077264	-0.077159	-0.077140	-0.077185	-0.077228
511.000000	-0.077345	-0.077451	-0.077534	-0.077454	-0.077506	-0.077475	-0.077475
512.000000	-0.077545	-0.077726	-0.077762	-0.077716	-0.077891	-0.077784	-0.077755
513.000000	-0.077681	-0.077885	-0.077865	-0.077857	-0.078044	-0.077951	-0.077920
514.000000	-0.077801	-0.077972	-0.077913	-0.077929	-0.078038	-0.078029	-0.077996
515.000000	-0.078009	-0.078125	-0.078068	-0.078073	-0.078149	-0.078211	-0.078130
516.000000	-0.078284	-0.078346	-0.078324	-0.078298	-0.078404	-0.078481	-0.078328
517.000000	-0.078487	-0.078503	-0.078511	-0.078489	-0.078583	-0.078631	-0.078464
518.000000	-0.078568	-0.078567	-0.078579	-0.078602	-0.078622	-0.078624	-0.078521
519.000000	-0.078610	-0.078662	-0.078656	-0.078702	-0.078687	-0.078674	-0.078640
520.000000	-0.078690	-0.078845	-0.078814	-0.078837	-0.078869	-0.078883	-0.078878
521.000000	-0.078845	-0.079018	-0.078991	-0.079009	-0.079067	-0.079096	-0.079096
522.000000	-0.079079	-0.079116	-0.079129	-0.079200	-0.079195	-0.079191	-0.079193
523.000000	-0.079297	-0.079225	-0.079241	-0.079358	-0.079286	-0.079256	-0.079257
524.000000	-0.079420	-0.079423	-0.079354	-0.079442	-0.079386	-0.079393	-0.079383
525.000000	-0.079509	-0.079618	-0.079498	-0.079522	-0.079526	-0.079590	-0.079564
526.000000	-0.079649	-0.079701	-0.079693	-0.079679	-0.079725	-0.079805	-0.079766
527.000000	-0.079833	-0.079748	-0.079902	-0.079892	-0.079949	-0.080003	-0.079960
528.000000	-0.080010	-0.079898	-0.080066	-0.080099	-0.080146	-0.080157	-0.080124
529.000000	-0.080156	-0.080114	-0.080192	-0.080262	-0.080299	-0.080258	-0.080247
530.000000	-0.080258	-0.080258	-0.080323	-0.080361	-0.080416	-0.080315	-0.080328
531.000000	-0.080341	-0.080325	-0.080466	-0.080417	-0.080508	-0.080373	-0.080396
532.000000	-0.080454	-0.080427	-0.080595	-0.080487	-0.080593	-0.080510	-0.080508
533.000000	-0.080624	-0.080608	-0.080710	-0.080620	-0.080693	-0.080730	-0.080690
534.000000	-0.080839	-0.080823	-0.080841	-0.080851	-0.080833	-0.080946	-0.080920
535.000000	-0.081054	-0.081023	-0.080993	-0.081105	-0.081007	-0.081098	-0.081122
536.000000	-0.081157	-0.081153	-0.081117	-0.081118	-0.081142	-0.081187	-0.081123
537.000000	-0.081109	-0.081192	-0.081180	-0.080898	-0.081199	-0.081225	-0.080976
538.000000	-0.081078	-0.081201	-0.081201	-0.081226	-0.081237	-0.081237	-0.081373
539.000000	-0.081209	-0.081246	-0.081219	-0.082348	-0.081324	-0.081265	-0.082475
540.000000	-0.081421	-0.081374	-0.081335	-0.081846	-0.081480	-0.081393	-0.081922
541.000000	-0.081581	-0.081593	-0.081609	-0.078186	-0.081694	-0.081671	-0.078258
542.000000	-0.081590	-0.081713	-0.081791	-0.079166	-0.081790	-0.081850	-0.079265
543.000000	-0.081411	-0.081545	-0.081601	-0.092639	-0.081604	-0.081659	-0.092749
544.000000	-0.081512	-0.081574	-0.081558	-0.094275	-0.081618	-0.081611	-0.094340
545.000000	-0.082504	-0.082518	-0.082481	-0.046462	-0.082532	-0.082512	-0.046405
546.000000	-0.082979	-0.082989	-0.082994	0.021221	-0.082963	-0.082991	0.021321
547.000000	-0.080049	-0.080056	-0.080109	0.028663	-0.079999	-0.080073	0.028455
548.000000	-0.074123	-0.074115	-0.074193	-0.030896	-0.074056	-0.074141	-0.031384
549.000000	-0.069352	-0.069344	-0.069421	-0.080577	-0.069330	-0.069384	-0.080226
550.000000	-0.068461	-0.068481	-0.068536	-0.082482	-0.068540	-0.068539	-0.080955
551.000000	-0.071553	-0.071601	-0.071631	-0.068954	-0.071690	-0.071654	-0.069774
552.000000	-0.077406	-0.077466	-0.077470	-0.066244	-0.077509	-0.077484	-0.073701
553.000000	-0.082253	-0.082318	-0.082272	-0.071233	-0.082318	-0.082318	-0.082446
554.000000	-0.083290	-0.083361	-0.083234	-0.077532	-0.083381	-0.083394	-0.084460
555.000000	-0.082356	-0.082430	-0.082268	-0.082077	-0.082482	-0.082493	-0.082533
556.000000	-0.081885	-0.081958	-0.081873	-0.083163	-0.081994	-0.081996	-0.081685
557.000000	-0.082116	-0.082196	-0.082207	-0.082435	-0.082206	-0.082191	-0.082164
558.000000	-0.082552	-0.082655	-0.082659	-0.082309	-0.082689	-0.082646	-0.082718
559.000000	-0.082577	-0.082673	-0.082613	-0.082535	-0.082760	-0.082698	-0.082642
560.000000	-0.081677	-0.081670	-0.081613	-0.081778	-0.081785	-0.081738	-0.081646
561.000000	-0.081428	-0.081291	-0.081305	-0.081432	-0.081396	-0.081387	-0.081389
562.000000	-0.084558	-0.084421	-0.084496	-0.084488	-0.084493	-0.084516	-0.084594
563.000000	-0.086831	-0.086815	-0.086899	-0.086791	-0.086849	-0.086879	-0.086960
564.000000	-0.077461	-0.077505	-0.077558	-0.077441	-0.077522	-0.077531	-0.077593
565.000000	-0.066662	-0.066650	-0.066658	-0.066620	-0.066675	-0.066655	-0.066699
566.000000	-0.094792	-0.094730	-0.094736	-0.094764	-0.094772	-0.094761	-0.094769
567.000000	-0.165313	-0.165286	-0.165343	-0.165374	-0.165338	-0.165384	-0.165341
568.000000	-0.200911	-0.200944	-0.201026	-0.201056	-0.200999	-0.201084	-0.201030
569.000000	-0.152217	-0.152281	-0.152310	-0.152376	-0.152335	-0.152390	-0.152397
570.000000	-0.084866	-0.084922	-0.084904	-0.084969	-0.084975	-0.084986	-0.085048
571.000000	-0.067143	-0.067156	-0.067175	-0.067144	-0.067217	-0.067223	-0.067264
572.000000	-0.080609	-0.080598	-0.080672	-0.080547	-0.080654	-0.080697	-0.080680
573.000000	-0.087254	-0.087287	-0.087349	-0.087249	-0.087309	-0.087411	-0.087360
574.000000	-0.083992	-0.084081	-0.084087	-0.084091	-0.084072	-0.084202	-0.084147
575.000000	-0.081653	-0.081723	-0.081698	-0.081778	-0.081738	-0.081799	-0.081759
576.000000	-0.082412	-0.082414	-0.082390	-0.082492	-0.082476	-0.082433	-0.082410
577.000000	-0.083232	-0.083215	-0.083185	-0.083277	-0.083267	-0.083207	-0.083193
578.000000	-0.083117	-0.083134	-0.083098	-0.083165	-0.083133	-0.083138	-0.083123
579.000000	-0.082907	-0.082941	-0.082935	-0.082974	-0.082932	-0.082966	-0.082949
580.000000	-0.082885	-0.082891	-0.082952	-0.082972	-0.082947	-0.082940	-0.082916
581.000000	-0.082576	-0.082540	-0.082650	-0.082668	-0.082679	-0.082630	-0.082577
582.000000	-0.082157	-0.082088	-0.082199	-0.082235	-0.082279	-0.082230	-0.082135
583.000000	-0.083058	-0.082972	-0.083051	-0.083126	-0.083153	-0.083121	-0.083034
584.000000	-0.084955	-0.084868	-0.084904	-0.085026	-0.084976	-0.084953	-0.084948
585.000000	-0.082617	-0.082539	-0.082556	-0.082687	-0.082582	-0.082556	-0.082617
586.000000	-0.076157	-0.076093	-0.076133	-0.076206	-0.076136	-0.076100	-0.076138
587.000000	-0.089439	-0.089413	-0.089447	-0.089460	-0.089483	-0.089446	-0.089424
588.000000	-0.141045	-0.141094	-0.141037	-0.141052	-0.141169	-0.141149	-0.141105
589.000000	-0.185274	-0.185377	-0.185267	-0.185311	-0.185443	-0.185442	-0.185415
590.000000	-0.162882	-0.162946	-0.162971	-0.163009	-0.163019	-0.163013	-0.163017
591.000000	-0.101397	-0.101364	-0.101496	-0.101528	-0.101455	-0.101430	-0.101453
592.000000	-0.069944	-0.069841	-0.069704	-0.069800	-0.069942	-0.069913	-0.069914
593.000000	-0.076475	-0.076364	-0.076082	-0.076169	-0.076456	-0.076452	-0.076400
594.000000	-0.083373	-0.083314	-0.084062	-0.083792	-0.083379	-0.083427	-0.083326
595.000000	-0.080107	-0.080126	-0.081689	-0.081169	-0.080154	-0.080254	-0.080137
596.000000	-0.086119	-0.086175	-0.084432	-0.084974	-0.086181	-0.086271	-0.086202
597.000000	-0.097324	-0.097351	-0.091526	-0.093354	-0.097364	-0.097379	-0.097402
598.000000	-0.071419	-0.071384	-0.075307	-0.074003	-0.071439	-0.071402	-0.071466
599.000000	-0.000989	-0.000896	-0.030452	-0.020962	-0.001015	-0.000994	-0.001009
600.000000	0.036941	0.037060	-0.006161	0.007658	0.036896	0.036912	0.036926
601.000000	-0.010179	-0.010082	-0.036082	-0.027826	-0.010237	-0.010161	-0.010212
602.000000	-0.078176	-0.078126	-0.079323	-0.079011	-0.078224	-0.078096	-0.078212
603.000000	-0.096959	-0.096951	-0.091190	-0.093037	-0.096972	-0.096873	-0.096954
604.000000	-0.083377	-0.083380	-0.082407	-0.082662	-0.083356	-0.083321	-0.083322
605.000000	-0.076030	-0.075998	-0.077566	-0.077058	-0.076009	-0.076004	-0.075965
606.000000	-0.078841	-0.078776	-0.079210	-0.079170	-0.078859	-0.078842	-0.078790
607.000000	-0.080928	-0.080898	-0.080456	-0.080745	-0.081010	-0.080967	-0.080870
608.000000	-0.079900	-0.079943	-0.079753	-0.079938	-0.080024	-0.079966	-0.079829
609.000000	-0.078792	-0.078859	-0.078961	-0.079008	-0.078870	-0.078838	-0.078752
610.000000	-0.078664	-0.078706	-0.078741	-0.078778	-0.078642	-0.078661	-0.078696
611.000000	-0.078678	-0.078731	-0.078610	-0.078699	-0.078632	-0.078675	-0.078783
612.000000	-0.078416	-0.078527	-0.078336	-0.078472	-0.078448	-0.078481	-0.078565
613.000000	-0.078096	-0.078227	-0.078074	-0.078195	-0.078204	-0.078233	-0.078257
614.000000	-0.077892	-0.077966	-0.077923	-0.077968	-0.078000	-0.078055	-0.078023
615.000000	-0.077815	-0.077822	-0.077836	-0.077835	-0.077858	-0.077943	-0.077854
616.000000	-0.077833	-0.077810	-0.077764	-0.077803	-0.077777	-0.077873	-0.077731
617.000000	-0.077841	-0.077785	-0.077702	-0.077785	-0.077716	-0.077799	-0.077661
618.000000	-0.077756	-0.077633	-0.077649	-0.077699	-0.077640	-0.077688	-0.077636
619.000000	-0.077626	-0.077446	-0.077590	-0.077549	-0.077551	-0.077557	-0.077582
620.000000	-0.077520	-0.077351	-0.077515	-0.077368	-0.077461	-0.077434	-0.077433
621.000000	-0.077441	-0.077344	-0.077430	-0.077255	-0.077382	-0.077349	-0.077294
622.000000	-0.077369	-0.077372	-0.077348	-0.077303	-0.077326	-0.077323	-0.077304
623.000000	-0.077294	-0.077358	-0.077268	-0.077395	-0.077267	-0.077296	-0.077370
624.000000	-0.077211	-0.077218	-0.077178	-0.077311	-0.077166	-0.077175	-0.077287
625.000000	-0.077116	-0.077000	-0.077094	-0.077079	-0.077047	-0.077003	-0.077085
626.000000	-0.077010	-0.076845	-0.077042	-0.076922	-0.076984	-0.076931	-0.076973
627.000000	-0.076902	-0.076800	-0.077008	-0.076885	-0.076976	-0.076947	-0.076974
628.000000	-0.076819	-0.076800	-0.076921	-0.076827	-0.076939	-0.076869	-0.076902
629.000000	-0.076756	-0.076783	-0.076767	-0.076689	-0.076827	-0.076655	-0.076708
630.000000	-0.076659	-0.076705	-0.076612	-0.076561	-0.076663	-0.076508	-0.076566
631.000000	-0.076514	-0.076564	-0.076506	-0.076497	-0.076485	-0.076528	-0.076569
632.000000	-0.076398	-0.076458	-0.076444	-0.076442	-0.076352	-0.076548	-0.076578
633.000000	-0.076362	-0.076455	-0.076407	-0.076356	-0.076300	-0.076436	-0.076478
634.000000	-0.076322	-0.076467	-0.076351	-0.076288	-0.076287	-0.076293	-0.076339
635.000000	-0.076194	-0.076396	-0.076244	-0.076282	-0.076259	-0.076231	-0.076247
636.000000	-0.076025	-0.076243	-0.076110	-0.076254	-0.076173	-0.076169	-0.076176
637.000000	-0.075892	-0.076037	-0.075989	-0.076100	-0.075998	-0.075993	-0.076072
638.000000	-0.075790	-0.075822	-0.075865	-0.075856	-0.075797	-0.075762	-0.075913
639.000000	-0.075685	-0.075644	-0.075711	-0.075621	-0.075663	-0.075605	-0.075703
640.000000	-0.075580	-0.075532	-0.075585	-0.075477	-0.075608	-0.075566	-0.075525
641.000000	-0.075500	-0.075502	-0.075595	-0.075490	-0.075594	-0.075627	-0.075509
642.000000	-0.075460	-0.075529	-0.075685	-0.075590	-0.075584	-0.075707	-0.075609
643.000000	-0.075465	-0.075559	-0.075647	-0.075588	-0.075545	-0.075665	-0.075630
644.000000	-0.075492	-0.075540	-0.075459	-0.075452	-0.075471	-0.075494	-0.075517
645.000000	-0.075483	-0.075440	-0.075340	-0.075356	-0.075396	-0.075361	-0.075410
646.000000	-0.075432	-0.075291	-0.075406	-0.075398	-0.075353	-0.075361	-0.075401
647.000000	-0.075435	-0.075247	-0.075558	-0.075505	-0.075373	-0.075441	-0.075472
648.000000	-0.075548	-0.075392	-0.075690	-0.075608	-0.075468	-0.075541	-0.075592
649.000000	-0.075685	-0.075592	-0.075747	-0.075685	-0.075592	-0.075638	-0.075716
650.000000	-0.075755	-0.075707	-0.075703	-0.075726	-0.075690	-0.075711	-0.075799
651.000000	-0.075739	-0.075720	-0.075629	-0.075732	-0.075706	-0.075720	-0.075800
652.000000	-0.075634	-0.075643	-0.075594	-0.075698	-0.075601	-0.075632	-0.075687
653.000000	-0.075460	-0.075479	-0.075522	-0.075587	-0.075434	-0.075460	-0.075493
654.000000	-0.075239	-0.075228	-0.075301	-0.075361	-0.075284	-0.075239	-0.075270
655.000000	-0.074978	-0.074926	-0.074969	-0.075043	-0.075106	-0.074977	-0.075039
656.000000	-0.074675	-0.074630	-0.074643	-0.074692	-0.074800	-0.074679	-0.074806
657.000000	-0.074403	-0.074399	-0.074407	-0.074407	-0.074461	-0.074431	-0.074596
658.000000	-0.074276	-0.074296	-0.074321	-0.074308	-0.074329	-0.074368	-0.074448
659.000000	-0.074305	-0.074306	-0.074365	-0.074373	-0.074405	-0.074462	-0.074384
660.000000	-0.074383	-0.074334	-0.074441	-0.074422	-0.074440	-0.074503	-0.074403
661.000000	-0.074417	-0.074315	-0.074473	-0.074372	-0.074325	-0.074406	-0.074458
662.000000	-0.074338	-0.074229	-0.074432	-0.074284	-0.074178	-0.074278	-0.074429
663.000000	-0.074140	-0.074080	-0.074301	-0.074197	-0.074077	-0.074187	-0.074255
664.000000	-0.073939	-0.073904	-0.074085	-0.074077	-0.073977	-0.074078	-0.074018
665.000000	-0.073797	-0.073720	-0.073795	-0.073883	-0.073817	-0.073890	-0.073788
666.000000	-0.073567	-0.073477	-0.073446	-0.073586	-0.073550	-0.073587	-0.073530
667.000000	-0.073128	-0.073136	-0.073063	-0.073183	-0.073159	-0.073169	-0.073212
668.000000	-0.072665	-0.072782	-0.072723	-0.072799	-0.072767	-0.072779	-0.072901
669.000000	-0.072411	-0.072518	-0.072494	-0.072566	-0.072508	-0.072568	-0.072673
670.000000	-0.072295	-0.072307	-0.072339	-0.072418	-0.072332	-0.072439	-0.072475
671.000000	-0.072131	-0.072065	-0.072177	-0.072217	-0.072122	-0.072210	-0.072211
672.000000	-0.071873	-0.071813	-0.071982	-0.071952	-0.071877	-0.071901	-0.071911
673.000000	-0.071565	-0.071635	-0.071761	-0.071690	-0.071666	-0.071652	-0.071678
674.000000	-0.071296	-0.071535	-0.071535	-0.071488	-0.071501	-0.071507	-0.071527
675.000000	-0.071194	-0.071451	-0.071335	-0.071386	-0.071351	-0.071419	-0.071394
676.000000	-0.071252	-0.071358	-0.071206	-0.071383	-0.071227	-0.071361	-0.071273
677.000000	-0.071305	-0.071279	-0.071203	-0.071425	-0.071190	-0.071330	-0.071220
678.000000	-0.071284	-0.071249	-0.071317	-0.071466	-0.071258	-0.071334	-0.071264
679.000000	-0.071306	-0.071313	-0.071415	-0.071480	-0.071368	-0.071405	-0.071370
680.000000	-0.071420	-0.071451	-0.071404	-0.071454	-0.071447	-0.071522	-0.071474
681.000000	-0.071464	-0.071481	-0.071312	-0.071408	-0.071425	-0.071538	-0.071462
682.000000	-0.071320	-0.071292	-0.071194	-0.071360	-0.071281	-0.071365	-0.071284
683.000000	-0.071157	-0.071116	-0.071146	-0.071322	-0.071186	-0.071210	-0.071150
684.000000	-0.071166	-0.071197	-0.071242	-0.071304	-0.071296	-0.071282	-0.071261
685.000000	-0.071295	-0.071404	-0.071382	-0.071331	-0.071473	-0.071452	-0.071454
686.000000	-0.071420	-0.071502	-0.071426	-0.071418	-0.071511	-0.071504	-0.071479
687.000000	-0.071463	-0.071453	-0.071377	-0.071468	-0.071436	-0.071429	-0.071381
688.000000	-0.071376	-0.071311	-0.071307	-0.071344	-0.071380	-0.071317	-0.071331
689.000000	-0.071235	-0.071177	-0.071268	-0.071136	-0.071362	-0.071215	-0.071337
690.000000	-0.071189	-0.071175	-0.071294	-0.071076	-0.071325	-0.071140	-0.071301
691.000000	-0.071246	-0.071278	-0.071352	-0.071186	-0.071266	-0.071117	-0.071223
692.000000	-0.071282	-0.071314	-0.071339	-0.071284	-0.071233	-0.071171	-0.071206
693.000000	-0.071249	-0.071247	-0.071253	-0.071298	-0.071253	-0.071284	-0.071282
694.000000	-0.071218	-0.071231	-0.071228	-0.071310	-0.071324	-0.071382	-0.071389
695.000000	-0.071237	-0.071333	-0.071318	-0.071368	-0.071417	-0.071426	-0.071473
696.000000	-0.071301	-0.071421	-0.071400	-0.071420	-0.071457	-0.071464	-0.071524
697.000000	-0.071399	-0.071417	-0.071399	-0.071437	-0.071414	-0.071532	-0.071547
698.000000	-0.071522	-0.071458	-0.071416	-0.071480	-0.071395	-0.071609	-0.071587
699.000000	-0.071654	-0.071654	-0.071545	-0.071598	-0.071486	-0.071669	-0.071676
700.000000	-0.071742	-0.071845	-0.071707	-0.071715	-0.071603	-0.071701	-0.071745
701.000000	-0.071744	-0.071855	-0.071801	-0.071747	-0.071645	-0.071704	-0.071727
702.000000	-0.071730	-0.071802	-0.071858	-0.071751	-0.071686	-0.071723	-0.071718
703.000000	-0.071795	-0.071891	-0.071947	-0.071821	-0.071841	-0.071808	-0.071851
704.000000	-0.071888	-0.072045	-0.072022	-0.071924	-0.071994	-0.071932	-0.072022
705.000000	-0.071883	-0.072051	-0.071987	-0.071962	-0.071922	-0.072025	-0.072018
706.000000	-0.071790	-0.071905	-0.071860	-0.071915	-0.071694	-0.072038	-0.071864
707.000000	-0.071713	-0.071760	-0.071748	-0.071826	-0.071598	-0.071939	-0.071763
708.000000	-0.071679	-0.071674	-0.071676	-0.071714	-0.071673	-0.071751	-0.071747
709.000000	-0.071625	-0.071590	-0.071584	-0.071568	-0.071691	-0.071563	-0.071658
710.000000	-0.071515	-0.071469	-0.071433	-0.071400	-0.071541	-0.071407	-0.071453
711.000000	-0.071360	-0.071293	-0.071228	-0.071246	-0.071318	-0.071235	-0.071278
712.000000	-0.071173	-0.071080	-0.070995	-0.071120	-0.071107	-0.071024	-0.071203
713.000000	-0.070967	-0.070907	-0.070807	-0.070969	-0.070939	-0.070839	-0.071104
714.000000	-0.070755	-0.070811	-0.070705	-0.070754	-0.070810	-0.070718	-0.070888
715.000000	-0.070559	-0.070672	-0.070629	-0.070490	-0.070636	-0.070595	-0.070635
716.000000	-0.070388	-0.070389	-0.070514	-0.070210	-0.070346	-0.070398	-0.070429
717.000000	-0.070201	-0.070079	-0.070360	-0.069981	-0.070008	-0.070130	-0.070210
718.000000	-0.069954	-0.069891	-0.070182	-0.069856	-0.069717	-0.069819	-0.069901
719.000000	-0.069674	-0.069749	-0.069935	-0.069744	-0.069498	-0.069493	-0.069575
720.000000	-0.069421	-0.069507	-0.069574	-0.069515	-0.069346	-0.069187	-0.069359
721.000000	-0.069277	-0.069261	-0.069262	-0.069268	-0.069274	-0.068970	-0.069277
722.000000	-0.069324	-0.069234	-0.069265	-0.069224	-0.069296	-0.068919	-0.069286
723.000000	-0.069403	-0.069288	-0.069426	-0.069322	-0.069291	-0.068972	-0.069271
724.000000	-0.069165	-0.068993	-0.069252	-0.069268	-0.069029	-0.068946	-0.069065
725.000000	-0.068626	-0.068402	-0.068711	-0.069008	-0.068560	-0.068789	-0.068722
726.000000	-0.068240	-0.068132	-0.068334	-0.068771	-0.068266	-0.068604	-0.068559
727.000000	-0.068239	-0.068363	-0.068366	-0.068671	-0.068302	-0.068491	-0.068637
728.000000	-0.068446	-0.068497	-0.068536	-0.068599	-0.068417	-0.068531	-0.068576
729.000000	-0.068698	-0.068230	-0.068649	-0.068508	-0.068450	-0.068733	-0.068235
730.000000	-0.068948	-0.068134	-0.068813	-0.068537	-0.068539	-0.068944	-0.068134
731.000000	-0.069176	-0.068694	-0.069131	-0.068795	-0.068809	-0.069037	-0.068696
732.000000	-0.069388	-0.069676	-0.069548	-0.069194	-0.069196	-0.069051	-0.069676
