[HEADER]
Format	J&M ASCII Table
Comment	Remin PV CDOM Samples 
Date	2/12/1980 7:23:54 AM
Order	Y (evenX)
TechType	UV
NumPoints	483
FirstX	250.00
LastX	732.00
XType	NMetr
YType	Absrb
ZType	Secs
NumSubFile	7
Matrix	Z vs X
[DATA]
	0.000000	5.000064	10.000128	15.000256	20.000320	25.000448	30.000511
250.000000	1.174196	1.177108	1.171436	1.172922	1.174453	1.174006	1.176197
251.000000	1.158251	1.158828	1.156426	1.157279	1.156937	1.158233	1.158833
252.000000	1.142799	1.140869	1.143075	1.142511	1.140784	1.142545	1.139930
253.000000	1.127485	1.124295	1.128515	1.127476	1.125365	1.127526	1.122152
254.000000	1.112285	1.109934	1.111195	1.111687	1.110416	1.113628	1.107749
255.000000	1.098547	1.097452	1.095496	1.097502	1.097407	1.100647	1.096278
256.000000	1.087553	1.086435	1.085781	1.087216	1.087653	1.088420	1.086688
257.000000	1.078614	1.077398	1.079271	1.079412	1.079587	1.077809	1.077804
258.000000	1.070490	1.070932	1.071337	1.071637	1.070976	1.069808	1.068634
259.000000	1.062957	1.065487	1.062408	1.063443	1.062303	1.063545	1.060139
260.000000	1.056313	1.058570	1.055366	1.055418	1.055343	1.057260	1.054142
261.000000	1.050739	1.050149	1.050512	1.048151	1.050037	1.050361	1.050217
262.000000	1.046277	1.042067	1.046146	1.042186	1.044919	1.043168	1.046215
263.000000	1.041701	1.035109	1.040668	1.037036	1.038900	1.035854	1.040403
264.000000	1.034370	1.028790	1.032670	1.031040	1.031368	1.028400	1.031598
265.000000	1.023738	1.022174	1.022004	1.023178	1.022224	1.020534	1.020086
266.000000	1.012935	1.013688	1.010643	1.013609	1.012193	1.011574	1.008583
267.000000	1.003591	1.002436	0.999792	1.002452	1.001582	1.000901	0.998536
268.000000	0.992592	0.989423	0.988165	0.989422	0.989424	0.988162	0.987536
269.000000	0.977196	0.975485	0.974399	0.974294	0.974818	0.973171	0.973277
270.000000	0.959125	0.959574	0.958383	0.957347	0.957935	0.956234	0.956266
271.000000	0.940779	0.940591	0.940337	0.938937	0.939216	0.937756	0.937624
272.000000	0.921904	0.920019	0.920604	0.919118	0.919118	0.918012	0.917934
273.000000	0.901342	0.900050	0.899552	0.897873	0.898070	0.897241	0.897531
274.000000	0.879133	0.879956	0.877307	0.875637	0.876149	0.875765	0.876329
275.000000	0.855987	0.857436	0.853871	0.853068	0.853231	0.853910	0.853997
276.000000	0.832091	0.832363	0.829490	0.829977	0.829339	0.831096	0.830185
277.000000	0.807186	0.806477	0.804612	0.805471	0.804621	0.806000	0.804552
278.000000	0.781430	0.780530	0.779432	0.779540	0.779232	0.778758	0.777666
279.000000	0.755529	0.753950	0.753819	0.753321	0.753326	0.751386	0.751246
280.000000	0.729775	0.726795	0.727780	0.727398	0.727175	0.725234	0.726048
281.000000	0.703614	0.700476	0.701626	0.701169	0.701271	0.700165	0.700877
282.000000	0.676880	0.675874	0.675659	0.674433	0.675918	0.675749	0.674892
283.000000	0.650812	0.651921	0.650055	0.648515	0.650810	0.651186	0.648919
284.000000	0.626433	0.627463	0.624966	0.624503	0.625651	0.625908	0.623844
285.000000	0.602693	0.602525	0.600555	0.601207	0.600690	0.600692	0.599523
286.000000	0.578262	0.577534	0.576942	0.577131	0.576308	0.576535	0.575608
287.000000	0.553908	0.553421	0.553973	0.553125	0.552766	0.553369	0.552347
288.000000	0.531161	0.531218	0.531419	0.530881	0.530264	0.530727	0.530191
289.000000	0.510009	0.510625	0.509590	0.510198	0.508874	0.508804	0.508992
290.000000	0.489485	0.490529	0.489111	0.489718	0.488582	0.488192	0.488248
291.000000	0.469516	0.470681	0.469888	0.469349	0.469211	0.468870	0.468116
292.000000	0.450890	0.451663	0.451155	0.450219	0.450441	0.450239	0.449374
293.000000	0.433768	0.433782	0.432794	0.432755	0.432330	0.432172	0.432207
294.000000	0.417396	0.416912	0.415630	0.416351	0.415479	0.415234	0.415937
295.000000	0.401394	0.400987	0.400117	0.400579	0.400178	0.399715	0.400163
296.000000	0.386303	0.386130	0.385788	0.385551	0.385981	0.385217	0.385193
297.000000	0.372523	0.372384	0.372172	0.371433	0.372433	0.371373	0.371297
298.000000	0.359624	0.359461	0.359148	0.358331	0.359323	0.358191	0.358333
299.000000	0.347140	0.347083	0.346693	0.346279	0.346565	0.345744	0.346099
300.000000	0.335237	0.335347	0.334930	0.335004	0.334437	0.334073	0.334503
301.000000	0.324225	0.324431	0.323999	0.324185	0.323285	0.323200	0.323499
302.000000	0.314052	0.314289	0.313819	0.313860	0.313127	0.313057	0.313127
303.000000	0.304492	0.304761	0.304213	0.304217	0.303811	0.303535	0.303459
304.000000	0.295383	0.295651	0.295060	0.295151	0.295041	0.294482	0.294371
305.000000	0.286610	0.286746	0.286283	0.286364	0.286431	0.285726	0.285616
306.000000	0.278177	0.278087	0.277873	0.277796	0.277908	0.277272	0.277163
307.000000	0.270205	0.269975	0.269891	0.269633	0.269723	0.269302	0.269208
308.000000	0.262694	0.262453	0.262308	0.261966	0.262011	0.261809	0.261732
309.000000	0.255460	0.255149	0.254963	0.254714	0.254703	0.254480	0.254374
310.000000	0.248336	0.247836	0.247747	0.247752	0.247687	0.247137	0.246971
311.000000	0.241241	0.240700	0.240701	0.240886	0.240795	0.239970	0.239889
312.000000	0.234163	0.233909	0.233867	0.233992	0.233921	0.233146	0.233378
313.000000	0.227305	0.227375	0.227209	0.227215	0.227207	0.226573	0.227021
314.000000	0.220849	0.220957	0.220685	0.220704	0.220780	0.220114	0.220374
315.000000	0.214618	0.214511	0.214281	0.214308	0.214412	0.213680	0.213630
316.000000	0.208340	0.207932	0.207986	0.207812	0.207806	0.207213	0.207152
317.000000	0.201990	0.201413	0.201710	0.201284	0.201128	0.200783	0.200915
318.000000	0.195663	0.195265	0.195331	0.194926	0.194758	0.194515	0.194704
319.000000	0.189379	0.189313	0.188880	0.188703	0.188646	0.188330	0.188438
320.000000	0.183099	0.183030	0.182499	0.182406	0.182430	0.182004	0.182137
321.000000	0.176814	0.176393	0.176219	0.176029	0.176020	0.175561	0.175832
322.000000	0.170544	0.169949	0.169944	0.169791	0.169637	0.169303	0.169564
323.000000	0.164325	0.163913	0.163662	0.163753	0.163433	0.163334	0.163375
324.000000	0.158214	0.157899	0.157499	0.157693	0.157422	0.157416	0.157309
325.000000	0.152226	0.151711	0.151543	0.151522	0.151566	0.151383	0.151382
326.000000	0.146265	0.145750	0.145750	0.145541	0.145747	0.145329	0.145540
327.000000	0.140263	0.140309	0.140044	0.139970	0.139874	0.139381	0.139724
328.000000	0.134326	0.134929	0.134319	0.134504	0.134008	0.133657	0.133903
329.000000	0.128598	0.129121	0.128509	0.128810	0.128250	0.128246	0.128084
330.000000	0.123212	0.123242	0.122861	0.123108	0.122733	0.123090	0.122445
331.000000	0.118262	0.117884	0.117677	0.117776	0.117567	0.118075	0.117201
332.000000	0.113484	0.112950	0.112768	0.112760	0.112583	0.113047	0.112331
333.000000	0.108453	0.107990	0.107704	0.107785	0.107482	0.107849	0.107681
334.000000	0.103262	0.103018	0.102570	0.102841	0.102400	0.102631	0.103088
335.000000	0.098415	0.098407	0.097850	0.098129	0.097811	0.097784	0.098385
336.000000	0.094042	0.094141	0.093607	0.093696	0.093758	0.093374	0.093611
337.000000	0.089824	0.089728	0.089396	0.089400	0.089769	0.089081	0.089047
338.000000	0.085616	0.085073	0.085023	0.085175	0.085586	0.084779	0.084828
339.000000	0.081626	0.080821	0.080795	0.081108	0.081380	0.080725	0.080809
340.000000	0.077947	0.077326	0.076948	0.077233	0.077327	0.077056	0.076884
341.000000	0.074272	0.073983	0.073406	0.073407	0.073503	0.073502	0.073119
342.000000	0.070383	0.070266	0.070057	0.069558	0.069941	0.069842	0.069596
343.000000	0.066679	0.066589	0.066834	0.066009	0.066575	0.066304	0.066357
344.000000	0.063604	0.063480	0.063683	0.063078	0.063328	0.063164	0.063402
345.000000	0.060913	0.060693	0.060530	0.060413	0.060212	0.060268	0.060541
346.000000	0.058133	0.057741	0.057319	0.057472	0.057267	0.057326	0.057543
347.000000	0.055183	0.054705	0.054208	0.054384	0.054435	0.054366	0.054489
348.000000	0.052205	0.051972	0.051463	0.051639	0.051609	0.051585	0.051630
349.000000	0.049337	0.049525	0.049022	0.049244	0.048796	0.048970	0.048976
350.000000	0.046703	0.047008	0.046553	0.046795	0.046103	0.046333	0.046335
351.000000	0.044291	0.044308	0.043937	0.044165	0.043571	0.043679	0.043690
352.000000	0.041918	0.041624	0.041339	0.041578	0.041157	0.041261	0.041248
353.000000	0.039504	0.039112	0.038883	0.039172	0.038831	0.039147	0.039063
354.000000	0.037175	0.036816	0.036594	0.036880	0.036597	0.037034	0.036881
355.000000	0.035005	0.034707	0.034458	0.034638	0.034443	0.034719	0.034543
356.000000	0.032868	0.032587	0.032375	0.032446	0.032306	0.032378	0.032236
357.000000	0.030648	0.030307	0.030254	0.030303	0.030124	0.030198	0.030133
358.000000	0.028432	0.028028	0.028095	0.028162	0.027902	0.028140	0.028086
359.000000	0.026349	0.025967	0.025934	0.025992	0.025679	0.026116	0.025910
360.000000	0.024430	0.024136	0.023872	0.023927	0.023597	0.024097	0.023720
361.000000	0.022658	0.022453	0.022017	0.022136	0.021812	0.022077	0.021723
362.000000	0.020868	0.020723	0.020246	0.020438	0.020178	0.020055	0.019834
363.000000	0.018822	0.018701	0.018306	0.018460	0.018380	0.018034	0.017811
364.000000	0.016601	0.016477	0.016245	0.016236	0.016371	0.016020	0.015693
365.000000	0.014562	0.014432	0.014365	0.014160	0.014338	0.014029	0.013773
366.000000	0.012790	0.012661	0.012702	0.012368	0.012384	0.012090	0.012096
367.000000	0.011010	0.010881	0.010939	0.010652	0.010486	0.010253	0.010381
368.000000	0.009044	0.008901	0.008894	0.008796	0.008572	0.008483	0.008452
369.000000	0.006958	0.006753	0.006685	0.006603	0.006496	0.006580	0.006375
370.000000	0.004828	0.004519	0.004451	0.004074	0.004226	0.004433	0.004243
371.000000	0.002685	0.002354	0.002289	0.001761	0.002088	0.002226	0.002156
372.000000	0.000558	0.000382	0.000265	0.000105	0.000335	0.000151	0.000185
373.000000	-0.001510	-0.001474	-0.001663	-0.001369	-0.001391	-0.001796	-0.001726
374.000000	-0.003482	-0.003331	-0.003558	-0.003278	-0.003521	-0.003677	-0.003663
375.000000	-0.005398	-0.005247	-0.005462	-0.005465	-0.005842	-0.005581	-0.005678
376.000000	-0.007326	-0.007244	-0.007402	-0.007492	-0.007913	-0.007597	-0.007801
377.000000	-0.009274	-0.009294	-0.009381	-0.009359	-0.009709	-0.009657	-0.009922
378.000000	-0.011215	-0.011332	-0.011393	-0.011321	-0.011459	-0.011604	-0.011857
379.000000	-0.013139	-0.013299	-0.013393	-0.013424	-0.013284	-0.013444	-0.013627
380.000000	-0.015047	-0.015141	-0.015310	-0.015519	-0.015197	-0.015322	-0.015432
381.000000	-0.016949	-0.016893	-0.017160	-0.017510	-0.017173	-0.017312	-0.017364
382.000000	-0.018854	-0.018708	-0.019074	-0.019380	-0.019136	-0.019376	-0.019355
383.000000	-0.020779	-0.020678	-0.021110	-0.021181	-0.021060	-0.021450	-0.021341
384.000000	-0.022746	-0.022759	-0.023160	-0.023091	-0.023021	-0.023421	-0.023287
385.000000	-0.024756	-0.024871	-0.025121	-0.025198	-0.025051	-0.025226	-0.025173
386.000000	-0.026738	-0.026876	-0.026950	-0.027283	-0.027014	-0.026951	-0.027015
387.000000	-0.028624	-0.028676	-0.028642	-0.029143	-0.028801	-0.028701	-0.028839
388.000000	-0.030419	-0.030412	-0.030295	-0.030890	-0.030545	-0.030529	-0.030672
389.000000	-0.032146	-0.032255	-0.032019	-0.032689	-0.032402	-0.032450	-0.032525
390.000000	-0.033811	-0.034105	-0.033776	-0.034426	-0.034211	-0.034314	-0.034282
391.000000	-0.035416	-0.035771	-0.035479	-0.035901	-0.035711	-0.035930	-0.035803
392.000000	-0.036999	-0.037295	-0.037121	-0.037255	-0.037057	-0.037382	-0.037226
393.000000	-0.038622	-0.038857	-0.038747	-0.038826	-0.038643	-0.038917	-0.038849
394.000000	-0.040242	-0.040452	-0.040330	-0.040572	-0.040430	-0.040523	-0.040601
395.000000	-0.041729	-0.041902	-0.041782	-0.042106	-0.041977	-0.041948	-0.042073
396.000000	-0.043084	-0.043176	-0.043146	-0.043350	-0.043194	-0.043169	-0.043216
397.000000	-0.044488	-0.044452	-0.044647	-0.044666	-0.044469	-0.044473	-0.044472
398.000000	-0.046018	-0.045835	-0.046343	-0.046234	-0.046020	-0.046016	-0.046064
399.000000	-0.047510	-0.047266	-0.047942	-0.047827	-0.047650	-0.047653	-0.047709
400.000000	-0.048855	-0.048704	-0.049240	-0.049256	-0.049167	-0.049227	-0.049181
401.000000	-0.050176	-0.050226	-0.050422	-0.050596	-0.050538	-0.050656	-0.050592
402.000000	-0.051594	-0.051869	-0.051692	-0.051936	-0.051772	-0.051902	-0.052054
403.000000	-0.053027	-0.053390	-0.053033	-0.053229	-0.052947	-0.053065	-0.053411
404.000000	-0.054345	-0.054525	-0.054362	-0.054409	-0.054142	-0.054265	-0.054482
405.000000	-0.055535	-0.055429	-0.055624	-0.055529	-0.055345	-0.055499	-0.055474
406.000000	-0.056629	-0.056415	-0.056780	-0.056688	-0.056507	-0.056712	-0.056718
407.000000	-0.057699	-0.057550	-0.057893	-0.057859	-0.057659	-0.057867	-0.058088
408.000000	-0.058830	-0.058744	-0.059083	-0.058943	-0.058874	-0.058944	-0.059188
409.000000	-0.059994	-0.059905	-0.060286	-0.059944	-0.060114	-0.059973	-0.060040
410.000000	-0.061060	-0.060944	-0.061274	-0.060963	-0.061237	-0.061031	-0.061043
411.000000	-0.061979	-0.061868	-0.062031	-0.062028	-0.062184	-0.062124	-0.062274
412.000000	-0.062822	-0.062806	-0.062834	-0.063068	-0.063018	-0.063167	-0.063351
413.000000	-0.063690	-0.063836	-0.063857	-0.064064	-0.063843	-0.064138	-0.064123
414.000000	-0.064736	-0.064921	-0.065029	-0.065115	-0.064825	-0.065160	-0.064958
415.000000	-0.065985	-0.065980	-0.066216	-0.066244	-0.066018	-0.066277	-0.066088
416.000000	-0.067073	-0.066850	-0.067169	-0.067213	-0.067116	-0.067257	-0.067163
417.000000	-0.067704	-0.067441	-0.067728	-0.067840	-0.067860	-0.067912	-0.067860
418.000000	-0.068216	-0.068059	-0.068218	-0.068418	-0.068501	-0.068475	-0.068461
419.000000	-0.069034	-0.069040	-0.069024	-0.069296	-0.069364	-0.069245	-0.069336
420.000000	-0.069962	-0.070146	-0.069977	-0.070270	-0.070262	-0.070137	-0.070284
421.000000	-0.070583	-0.070940	-0.070706	-0.070943	-0.070835	-0.070924	-0.070906
422.000000	-0.071025	-0.071450	-0.071253	-0.071398	-0.071233	-0.071599	-0.071320
423.000000	-0.071733	-0.071989	-0.071905	-0.072004	-0.071905	-0.072282	-0.071954
424.000000	-0.072684	-0.072619	-0.072681	-0.072761	-0.072820	-0.072944	-0.072793
425.000000	-0.073432	-0.073170	-0.073357	-0.073339	-0.073518	-0.073413	-0.073424
426.000000	-0.073841	-0.073628	-0.073876	-0.073677	-0.073878	-0.073730	-0.073768
427.000000	-0.074203	-0.074195	-0.074418	-0.074093	-0.074248	-0.074223	-0.074206
428.000000	-0.074713	-0.074938	-0.075063	-0.074759	-0.074836	-0.075004	-0.074932
429.000000	-0.075314	-0.075634	-0.075658	-0.075522	-0.075513	-0.075729	-0.075712
430.000000	-0.075940	-0.076145	-0.076110	-0.076229	-0.076157	-0.076164	-0.076355
431.000000	-0.076573	-0.076665	-0.076576	-0.076849	-0.076786	-0.076548	-0.076940
432.000000	-0.077202	-0.077365	-0.077200	-0.077385	-0.077425	-0.077123	-0.077554
433.000000	-0.077800	-0.078040	-0.077897	-0.077894	-0.078012	-0.077788	-0.078109
434.000000	-0.078340	-0.078440	-0.078532	-0.078440	-0.078481	-0.078368	-0.078503
435.000000	-0.078853	-0.078744	-0.079082	-0.079009	-0.078902	-0.078866	-0.078854
436.000000	-0.079385	-0.079272	-0.079575	-0.079556	-0.079393	-0.079351	-0.079351
437.000000	-0.079919	-0.079965	-0.080054	-0.080052	-0.079948	-0.079855	-0.079960
438.000000	-0.080401	-0.080539	-0.080570	-0.080479	-0.080491	-0.080382	-0.080515
439.000000	-0.080835	-0.080936	-0.081090	-0.080862	-0.080983	-0.080907	-0.080962
440.000000	-0.081276	-0.081297	-0.081503	-0.081261	-0.081421	-0.081380	-0.081353
441.000000	-0.081743	-0.081720	-0.081812	-0.081722	-0.081835	-0.081800	-0.081749
442.000000	-0.082206	-0.082229	-0.082168	-0.082262	-0.082289	-0.082229	-0.082221
443.000000	-0.082661	-0.082796	-0.082641	-0.082852	-0.082799	-0.082705	-0.082777
444.000000	-0.083166	-0.083301	-0.083133	-0.083377	-0.083276	-0.083212	-0.083306
445.000000	-0.083742	-0.083683	-0.083576	-0.083773	-0.083673	-0.083727	-0.083737
446.000000	-0.084287	-0.084072	-0.084046	-0.084145	-0.084095	-0.084216	-0.084144
447.000000	-0.084710	-0.084576	-0.084604	-0.084589	-0.084623	-0.084655	-0.084598
448.000000	-0.085035	-0.085065	-0.085148	-0.085040	-0.085132	-0.085064	-0.085041
449.000000	-0.085314	-0.085378	-0.085552	-0.085400	-0.085474	-0.085465	-0.085396
450.000000	-0.085563	-0.085588	-0.085812	-0.085663	-0.085691	-0.085824	-0.085675
451.000000	-0.085787	-0.085847	-0.085979	-0.085859	-0.085901	-0.086094	-0.085924
452.000000	-0.086002	-0.086147	-0.086131	-0.086037	-0.086124	-0.086287	-0.086162
453.000000	-0.086235	-0.086391	-0.086362	-0.086253	-0.086333	-0.086452	-0.086398
454.000000	-0.086529	-0.086607	-0.086693	-0.086551	-0.086575	-0.086646	-0.086677
455.000000	-0.086938	-0.086930	-0.087080	-0.086958	-0.086956	-0.086932	-0.087076
456.000000	-0.087425	-0.087366	-0.087448	-0.087417	-0.087440	-0.087303	-0.087544
457.000000	-0.087830	-0.087762	-0.087692	-0.087765	-0.087816	-0.087667	-0.087869
458.000000	-0.088078	-0.088025	-0.087802	-0.087947	-0.087999	-0.087966	-0.087980
459.000000	-0.088245	-0.088197	-0.087953	-0.088112	-0.088158	-0.088207	-0.088084
460.000000	-0.088407	-0.088348	-0.088264	-0.088374	-0.088421	-0.088417	-0.088330
461.000000	-0.088584	-0.088583	-0.088652	-0.088698	-0.088721	-0.088652	-0.088629
462.000000	-0.088786	-0.088958	-0.089010	-0.089020	-0.088976	-0.088947	-0.088881
463.000000	-0.089012	-0.089292	-0.089291	-0.089273	-0.089164	-0.089222	-0.089106
464.000000	-0.089259	-0.089398	-0.089473	-0.089413	-0.089294	-0.089395	-0.089348
465.000000	-0.089516	-0.089421	-0.089628	-0.089549	-0.089467	-0.089537	-0.089621
466.000000	-0.089769	-0.089610	-0.089849	-0.089833	-0.089797	-0.089762	-0.089918
467.000000	-0.090006	-0.089950	-0.090134	-0.090186	-0.090193	-0.090051	-0.090192
468.000000	-0.090218	-0.090280	-0.090427	-0.090415	-0.090457	-0.090309	-0.090377
469.000000	-0.090411	-0.090538	-0.090665	-0.090521	-0.090585	-0.090519	-0.090494
470.000000	-0.090605	-0.090740	-0.090787	-0.090665	-0.090735	-0.090729	-0.090635
471.000000	-0.090815	-0.090910	-0.090841	-0.090900	-0.090952	-0.090943	-0.090831
472.000000	-0.091051	-0.091075	-0.091000	-0.091136	-0.091143	-0.091115	-0.091039
473.000000	-0.091303	-0.091255	-0.091322	-0.091320	-0.091269	-0.091243	-0.091244
474.000000	-0.091523	-0.091457	-0.091652	-0.091469	-0.091403	-0.091410	-0.091489
475.000000	-0.091682	-0.091661	-0.091866	-0.091604	-0.091590	-0.091652	-0.091773
476.000000	-0.091790	-0.091790	-0.091971	-0.091746	-0.091791	-0.091859	-0.091972
477.000000	-0.091878	-0.091805	-0.092013	-0.091911	-0.091971	-0.091951	-0.092011
478.000000	-0.092016	-0.091864	-0.092090	-0.092104	-0.092168	-0.092043	-0.092065
479.000000	-0.092257	-0.092126	-0.092288	-0.092322	-0.092422	-0.092267	-0.092321
480.000000	-0.092512	-0.092481	-0.092558	-0.092563	-0.092667	-0.092572	-0.092662
481.000000	-0.092653	-0.092737	-0.092804	-0.092813	-0.092806	-0.092842	-0.092883
482.000000	-0.092681	-0.092862	-0.092973	-0.093011	-0.092844	-0.092998	-0.092952
483.000000	-0.092663	-0.092906	-0.093040	-0.093071	-0.092839	-0.092982	-0.092929
484.000000	-0.092657	-0.092908	-0.093034	-0.093011	-0.092832	-0.092882	-0.092885
485.000000	-0.092710	-0.092895	-0.093020	-0.092927	-0.092855	-0.092884	-0.092897
486.000000	-0.092824	-0.092906	-0.093039	-0.092897	-0.092911	-0.093021	-0.092981
487.000000	-0.092956	-0.092994	-0.093100	-0.092974	-0.092976	-0.093145	-0.093089
488.000000	-0.093069	-0.093154	-0.093189	-0.093140	-0.093046	-0.093181	-0.093181
489.000000	-0.093140	-0.093289	-0.093261	-0.093265	-0.093155	-0.093196	-0.093239
490.000000	-0.093195	-0.093358	-0.093307	-0.093299	-0.093328	-0.093267	-0.093286
491.000000	-0.093361	-0.093478	-0.093418	-0.093420	-0.093561	-0.093461	-0.093440
492.000000	-0.093685	-0.093710	-0.093638	-0.093725	-0.093810	-0.093780	-0.093745
493.000000	-0.093872	-0.093833	-0.093787	-0.093911	-0.093913	-0.093984	-0.093929
494.000000	-0.093658	-0.093653	-0.093700	-0.093697	-0.093750	-0.093863	-0.093751
495.000000	-0.093358	-0.093437	-0.093554	-0.093409	-0.093567	-0.093657	-0.093502
496.000000	-0.093416	-0.093548	-0.093606	-0.093505	-0.093683	-0.093709	-0.093590
497.000000	-0.093726	-0.093845	-0.093801	-0.093844	-0.093964	-0.093913	-0.093872
498.000000	-0.093924	-0.093957	-0.093936	-0.094007	-0.094069	-0.093962	-0.093961
499.000000	-0.093921	-0.093846	-0.093954	-0.093946	-0.093967	-0.093845	-0.093851
500.000000	-0.093834	-0.093716	-0.093908	-0.093874	-0.093852	-0.093764	-0.093809
501.000000	-0.093750	-0.093676	-0.093843	-0.093862	-0.093810	-0.093777	-0.093882
502.000000	-0.093719	-0.093732	-0.093799	-0.093825	-0.093815	-0.093791	-0.093879
503.000000	-0.093754	-0.093840	-0.093788	-0.093754	-0.093829	-0.093778	-0.093756
504.000000	-0.093814	-0.093889	-0.093783	-0.093765	-0.093812	-0.093820	-0.093702
505.000000	-0.093857	-0.093833	-0.093769	-0.093892	-0.093755	-0.093936	-0.093807
506.000000	-0.093850	-0.093785	-0.093769	-0.093972	-0.093716	-0.093987	-0.093906
507.000000	-0.093787	-0.093824	-0.093795	-0.093884	-0.093739	-0.093881	-0.093864
508.000000	-0.093727	-0.093858	-0.093808	-0.093748	-0.093788	-0.093747	-0.093764
509.000000	-0.093728	-0.093796	-0.093777	-0.093704	-0.093820	-0.093724	-0.093713
510.000000	-0.093776	-0.093726	-0.093753	-0.093754	-0.093846	-0.093777	-0.093729
511.000000	-0.093832	-0.093768	-0.093796	-0.093853	-0.093883	-0.093821	-0.093793
512.000000	-0.093840	-0.093829	-0.093825	-0.093919	-0.093879	-0.093819	-0.093823
513.000000	-0.093750	-0.093742	-0.093712	-0.093863	-0.093763	-0.093760	-0.093723
514.000000	-0.093624	-0.093572	-0.093558	-0.093739	-0.093617	-0.093680	-0.093574
515.000000	-0.093592	-0.093538	-0.093602	-0.093691	-0.093617	-0.093641	-0.093567
516.000000	-0.093638	-0.093630	-0.093796	-0.093718	-0.093736	-0.093643	-0.093680
517.000000	-0.093602	-0.093620	-0.093814	-0.093680	-0.093751	-0.093617	-0.093687
518.000000	-0.093439	-0.093451	-0.093573	-0.093537	-0.093588	-0.093539	-0.093519
519.000000	-0.093269	-0.093313	-0.093336	-0.093393	-0.093397	-0.093444	-0.093344
520.000000	-0.093178	-0.093307	-0.093268	-0.093317	-0.093285	-0.093360	-0.093274
521.000000	-0.093163	-0.093319	-0.093279	-0.093291	-0.093248	-0.093285	-0.093280
522.000000	-0.093191	-0.093258	-0.093274	-0.093286	-0.093253	-0.093216	-0.093314
523.000000	-0.093182	-0.093182	-0.093238	-0.093279	-0.093225	-0.093154	-0.093309
524.000000	-0.093079	-0.093155	-0.093176	-0.093251	-0.093115	-0.093103	-0.093218
525.000000	-0.092978	-0.093152	-0.093126	-0.093202	-0.093018	-0.093081	-0.093089
526.000000	-0.092992	-0.093130	-0.093129	-0.093142	-0.093044	-0.093102	-0.092992
527.000000	-0.093063	-0.093097	-0.093145	-0.093088	-0.093128	-0.093130	-0.092961
528.000000	-0.093070	-0.093081	-0.093115	-0.093058	-0.093139	-0.093107	-0.093010
529.000000	-0.092993	-0.093064	-0.093041	-0.093036	-0.093083	-0.093040	-0.093076
530.000000	-0.092869	-0.093006	-0.092967	-0.092986	-0.093038	-0.092966	-0.093060
531.000000	-0.092767	-0.092919	-0.092918	-0.092914	-0.092971	-0.092878	-0.092963
532.000000	-0.092770	-0.092863	-0.092902	-0.092864	-0.092755	-0.092737	-0.092874
533.000000	-0.092823	-0.092811	-0.092889	-0.092822	-0.092580	-0.092687	-0.092801
534.000000	-0.092698	-0.092630	-0.092801	-0.092706	-0.093025	-0.093102	-0.092643
535.000000	-0.092484	-0.092455	-0.092668	-0.092595	-0.093698	-0.093613	-0.092531
536.000000	-0.092868	-0.092914	-0.092718	-0.092878	-0.092410	-0.092480	-0.093024
537.000000	-0.093709	-0.093806	-0.092949	-0.093428	-0.089497	-0.090049	-0.093877
538.000000	-0.092504	-0.092587	-0.092698	-0.092661	-0.092520	-0.092590	-0.092599
539.000000	-0.088700	-0.088695	-0.091755	-0.090223	-0.103359	-0.101615	-0.088684
540.000000	-0.091073	-0.090985	-0.092137	-0.091605	-0.096526	-0.095798	-0.091000
541.000000	-0.105042	-0.104960	-0.093558	-0.099445	-0.048148	-0.054909	-0.105044
542.000000	-0.101748	-0.101744	-0.078463	-0.090393	0.014763	0.000367	-0.101837
543.000000	-0.047532	-0.047616	-0.028559	-0.038280	0.049277	0.036067	-0.047563
544.000000	0.016249	0.016202	0.020892	0.018451	0.041252	0.036901	0.016338
545.000000	0.012715	0.012964	0.009897	0.011087	-0.006247	-0.000661	0.012774
546.000000	-0.049322	-0.048990	-0.050546	-0.050250	-0.067826	-0.056420	-0.049413
547.000000	-0.094897	-0.095580	-0.094734	-0.094663	-0.101770	-0.092467	-0.095049
548.000000	-0.098048	-0.099528	-0.098957	-0.097918	-0.099422	-0.097177	-0.098119
549.000000	-0.089885	-0.088208	-0.088408	-0.090070	-0.089704	-0.089017	-0.089862
550.000000	-0.089541	-0.081233	-0.081391	-0.089635	-0.089317	-0.082090	-0.089491
551.000000	-0.091857	-0.080929	-0.080837	-0.091787	-0.091964	-0.080826	-0.091833
552.000000	-0.092018	-0.086185	-0.086124	-0.091971	-0.092160	-0.085942	-0.092042
553.000000	-0.091221	-0.091497	-0.091553	-0.091278	-0.091259	-0.091495	-0.091274
554.000000	-0.091006	-0.092538	-0.092582	-0.091124	-0.091013	-0.092575	-0.091044
555.000000	-0.091087	-0.091290	-0.091255	-0.091221	-0.091124	-0.091244	-0.091116
556.000000	-0.090924	-0.090616	-0.090538	-0.091052	-0.091001	-0.090553	-0.090997
557.000000	-0.090743	-0.090758	-0.090696	-0.090844	-0.090850	-0.090744	-0.090869
558.000000	-0.090909	-0.091093	-0.091096	-0.090965	-0.091032	-0.091136	-0.091036
559.000000	-0.090889	-0.090972	-0.091036	-0.090921	-0.091007	-0.091044	-0.090975
560.000000	-0.089891	-0.089896	-0.089948	-0.089972	-0.089981	-0.089948	-0.089941
561.000000	-0.089454	-0.089476	-0.089466	-0.089609	-0.089511	-0.089490	-0.089488
562.000000	-0.092438	-0.092489	-0.092458	-0.092587	-0.092490	-0.092512	-0.092465
563.000000	-0.094638	-0.094686	-0.094696	-0.094694	-0.094706	-0.094756	-0.094654
564.000000	-0.085192	-0.085204	-0.085273	-0.085173	-0.085251	-0.085288	-0.085178
565.000000	-0.074284	-0.074246	-0.074355	-0.074256	-0.074302	-0.074287	-0.074230
566.000000	-0.102299	-0.102243	-0.102352	-0.102296	-0.102300	-0.102249	-0.102236
567.000000	-0.172722	-0.172697	-0.172769	-0.172746	-0.172753	-0.172715	-0.172696
568.000000	-0.208231	-0.208243	-0.208288	-0.208268	-0.208286	-0.208302	-0.208242
569.000000	-0.159446	-0.159467	-0.159521	-0.159476	-0.159482	-0.159568	-0.159460
570.000000	-0.091980	-0.092014	-0.092043	-0.091998	-0.091989	-0.092113	-0.091988
571.000000	-0.074104	-0.074182	-0.074105	-0.074124	-0.074119	-0.074211	-0.074131
572.000000	-0.087417	-0.087541	-0.087379	-0.087468	-0.087469	-0.087496	-0.087492
573.000000	-0.093952	-0.094086	-0.093980	-0.094066	-0.094058	-0.094041	-0.094095
574.000000	-0.090608	-0.090719	-0.090720	-0.090759	-0.090750	-0.090723	-0.090785
575.000000	-0.088182	-0.088260	-0.088258	-0.088268	-0.088305	-0.088291	-0.088293
576.000000	-0.088841	-0.088883	-0.088802	-0.088818	-0.088918	-0.088920	-0.088851
577.000000	-0.089554	-0.089558	-0.089471	-0.089509	-0.089626	-0.089611	-0.089566
578.000000	-0.089337	-0.089309	-0.089296	-0.089357	-0.089431	-0.089380	-0.089435
579.000000	-0.089049	-0.089003	-0.089038	-0.089101	-0.089103	-0.089052	-0.089160
580.000000	-0.088964	-0.088921	-0.088938	-0.088985	-0.088927	-0.088916	-0.088990
581.000000	-0.088556	-0.088542	-0.088527	-0.088570	-0.088513	-0.088521	-0.088541
582.000000	-0.087988	-0.088022	-0.087996	-0.088053	-0.088059	-0.088053	-0.088042
583.000000	-0.088748	-0.088819	-0.088794	-0.088851	-0.088892	-0.088909	-0.088871
584.000000	-0.090552	-0.090628	-0.090605	-0.090631	-0.090631	-0.090736	-0.090666
585.000000	-0.088159	-0.088201	-0.088184	-0.088184	-0.088150	-0.088296	-0.088210
586.000000	-0.081656	-0.081641	-0.081638	-0.081645	-0.081651	-0.081708	-0.081640
587.000000	-0.094874	-0.094849	-0.094865	-0.094883	-0.094936	-0.094881	-0.094850
588.000000	-0.146374	-0.146445	-0.146474	-0.146474	-0.146499	-0.146437	-0.146437
589.000000	-0.190509	-0.190649	-0.190674	-0.190649	-0.190619	-0.190621	-0.190632
590.000000	-0.168097	-0.168124	-0.168113	-0.168092	-0.168064	-0.168114	-0.168106
591.000000	-0.106534	-0.106469	-0.106423	-0.106426	-0.106440	-0.106497	-0.106447
592.000000	-0.074752	-0.074953	-0.074921	-0.074935	-0.074972	-0.074997	-0.074905
593.000000	-0.081058	-0.081396	-0.081419	-0.081429	-0.081453	-0.081427	-0.081318
594.000000	-0.088552	-0.087873	-0.087939	-0.087953	-0.087948	-0.087885	-0.087808
595.000000	-0.085791	-0.084295	-0.084369	-0.084399	-0.084364	-0.084302	-0.084281
596.000000	-0.089582	-0.091324	-0.091375	-0.091421	-0.091363	-0.091358	-0.091338
597.000000	-0.095340	-0.103769	-0.103785	-0.103840	-0.103774	-0.103861	-0.103769
598.000000	-0.063669	-0.074616	-0.074617	-0.074684	-0.074622	-0.074766	-0.074607
599.000000	0.009972	0.004203	0.004182	0.004103	0.004143	0.004022	0.004192
600.000000	0.046389	0.046645	0.046598	0.046541	0.046520	0.046464	0.046631
601.000000	-0.007347	-0.005959	-0.006013	-0.005999	-0.006120	-0.006112	-0.005933
602.000000	-0.081914	-0.081872	-0.081930	-0.081840	-0.082036	-0.082000	-0.081835
603.000000	-0.102353	-0.102765	-0.102835	-0.102719	-0.102902	-0.102900	-0.102807
604.000000	-0.087466	-0.087498	-0.087572	-0.087487	-0.087591	-0.087652	-0.087641
605.000000	-0.079442	-0.079243	-0.079293	-0.079287	-0.079294	-0.079403	-0.079415
606.000000	-0.082516	-0.082382	-0.082393	-0.082466	-0.082401	-0.082535	-0.082514
607.000000	-0.084731	-0.084731	-0.084718	-0.084808	-0.084738	-0.084875	-0.084803
608.000000	-0.083506	-0.083584	-0.083584	-0.083636	-0.083605	-0.083718	-0.083609
609.000000	-0.082258	-0.082300	-0.082368	-0.082365	-0.082365	-0.082416	-0.082308
610.000000	-0.082144	-0.082085	-0.082231	-0.082193	-0.082197	-0.082172	-0.082103
611.000000	-0.082168	-0.082084	-0.082222	-0.082192	-0.082189	-0.082134	-0.082114
612.000000	-0.081840	-0.081843	-0.081875	-0.081889	-0.081878	-0.081864	-0.081872
613.000000	-0.081440	-0.081540	-0.081464	-0.081507	-0.081494	-0.081556	-0.081545
614.000000	-0.081173	-0.081301	-0.081193	-0.081226	-0.081213	-0.081349	-0.081276
615.000000	-0.081020	-0.081088	-0.081049	-0.081060	-0.081029	-0.081190	-0.081082
616.000000	-0.080927	-0.080874	-0.080988	-0.080981	-0.080917	-0.081028	-0.080953
617.000000	-0.080834	-0.080724	-0.080944	-0.080890	-0.080848	-0.080862	-0.080848
618.000000	-0.080694	-0.080681	-0.080859	-0.080706	-0.080784	-0.080700	-0.080729
619.000000	-0.080532	-0.080636	-0.080716	-0.080483	-0.080650	-0.080545	-0.080598
620.000000	-0.080387	-0.080479	-0.080519	-0.080301	-0.080396	-0.080400	-0.080465
621.000000	-0.080290	-0.080295	-0.080337	-0.080200	-0.080173	-0.080275	-0.080328
622.000000	-0.080255	-0.080219	-0.080251	-0.080194	-0.080174	-0.080182	-0.080182
623.000000	-0.080207	-0.080185	-0.080199	-0.080191	-0.080272	-0.080104	-0.080045
624.000000	-0.080033	-0.080026	-0.080054	-0.080052	-0.080185	-0.080014	-0.079944
625.000000	-0.079776	-0.079777	-0.079840	-0.079813	-0.079922	-0.079895	-0.079860
626.000000	-0.079592	-0.079626	-0.079694	-0.079639	-0.079709	-0.079743	-0.079741
627.000000	-0.079508	-0.079595	-0.079631	-0.079566	-0.079609	-0.079576	-0.079589
628.000000	-0.079399	-0.079523	-0.079531	-0.079481	-0.079504	-0.079431	-0.079472
629.000000	-0.079221	-0.079340	-0.079354	-0.079339	-0.079338	-0.079322	-0.079400
630.000000	-0.079059	-0.079135	-0.079190	-0.079210	-0.079172	-0.079226	-0.079289
631.000000	-0.078967	-0.078979	-0.079090	-0.079129	-0.079047	-0.079121	-0.079107
632.000000	-0.078907	-0.078876	-0.078991	-0.079019	-0.078949	-0.079006	-0.078947
633.000000	-0.078831	-0.078812	-0.078840	-0.078828	-0.078854	-0.078879	-0.078877
634.000000	-0.078719	-0.078746	-0.078676	-0.078632	-0.078748	-0.078735	-0.078807
635.000000	-0.078561	-0.078635	-0.078544	-0.078508	-0.078620	-0.078574	-0.078642
636.000000	-0.078383	-0.078475	-0.078431	-0.078414	-0.078480	-0.078409	-0.078422
637.000000	-0.078219	-0.078274	-0.078305	-0.078285	-0.078340	-0.078256	-0.078217
638.000000	-0.078080	-0.078053	-0.078155	-0.078124	-0.078171	-0.078090	-0.078037
639.000000	-0.077967	-0.077839	-0.077983	-0.077969	-0.077938	-0.077878	-0.077867
640.000000	-0.077871	-0.077681	-0.077822	-0.077849	-0.077716	-0.077688	-0.077723
641.000000	-0.077773	-0.077635	-0.077722	-0.077782	-0.077646	-0.077643	-0.077637
642.000000	-0.077666	-0.077661	-0.077669	-0.077743	-0.077701	-0.077712	-0.077595
643.000000	-0.077548	-0.077633	-0.077587	-0.077664	-0.077705	-0.077721	-0.077538
644.000000	-0.077428	-0.077518	-0.077459	-0.077535	-0.077595	-0.077611	-0.077445
645.000000	-0.077328	-0.077403	-0.077339	-0.077417	-0.077455	-0.077471	-0.077339
646.000000	-0.077272	-0.077348	-0.077274	-0.077359	-0.077356	-0.077374	-0.077259
647.000000	-0.077284	-0.077341	-0.077284	-0.077378	-0.077324	-0.077339	-0.077272
648.000000	-0.077365	-0.077370	-0.077367	-0.077464	-0.077364	-0.077365	-0.077389
649.000000	-0.077455	-0.077440	-0.077471	-0.077533	-0.077440	-0.077424	-0.077486
650.000000	-0.077495	-0.077540	-0.077536	-0.077516	-0.077506	-0.077475	-0.077457
651.000000	-0.077451	-0.077581	-0.077511	-0.077447	-0.077519	-0.077450	-0.077370
652.000000	-0.077304	-0.077471	-0.077360	-0.077370	-0.077436	-0.077294	-0.077312
653.000000	-0.077078	-0.077234	-0.077123	-0.077241	-0.077234	-0.077050	-0.077200
654.000000	-0.076812	-0.076934	-0.076862	-0.076994	-0.076907	-0.076791	-0.076917
655.000000	-0.076534	-0.076603	-0.076579	-0.076661	-0.076540	-0.076532	-0.076543
656.000000	-0.076268	-0.076264	-0.076251	-0.076326	-0.076255	-0.076261	-0.076256
657.000000	-0.076043	-0.075985	-0.075952	-0.076054	-0.076083	-0.076023	-0.076083
658.000000	-0.075893	-0.075864	-0.075820	-0.075893	-0.075982	-0.075899	-0.075941
659.000000	-0.075812	-0.075880	-0.075844	-0.075843	-0.075916	-0.075881	-0.075807
660.000000	-0.075751	-0.075882	-0.075853	-0.075854	-0.075854	-0.075864	-0.075720
661.000000	-0.075684	-0.075799	-0.075759	-0.075863	-0.075783	-0.075792	-0.075673
662.000000	-0.075616	-0.075688	-0.075614	-0.075801	-0.075712	-0.075687	-0.075588
663.000000	-0.075532	-0.075570	-0.075453	-0.075622	-0.075621	-0.075561	-0.075422
664.000000	-0.075365	-0.075381	-0.075265	-0.075340	-0.075411	-0.075383	-0.075213
665.000000	-0.075070	-0.075071	-0.075024	-0.074983	-0.075027	-0.075125	-0.074994
666.000000	-0.074697	-0.074696	-0.074697	-0.074608	-0.074576	-0.074784	-0.074728
667.000000	-0.074310	-0.074323	-0.074274	-0.074266	-0.074175	-0.074380	-0.074391
668.000000	-0.073955	-0.073988	-0.073881	-0.073979	-0.073856	-0.073994	-0.074057
669.000000	-0.073666	-0.073710	-0.073647	-0.073748	-0.073619	-0.073707	-0.073812
670.000000	-0.073425	-0.073456	-0.073478	-0.073514	-0.073419	-0.073470	-0.073597
671.000000	-0.073197	-0.073175	-0.073205	-0.073205	-0.073199	-0.073192	-0.073310
672.000000	-0.072975	-0.072904	-0.072891	-0.072883	-0.072971	-0.072907	-0.072987
673.000000	-0.072771	-0.072722	-0.072724	-0.072680	-0.072788	-0.072724	-0.072744
674.000000	-0.072573	-0.072627	-0.072697	-0.072612	-0.072653	-0.072647	-0.072596
675.000000	-0.072356	-0.072541	-0.072629	-0.072591	-0.072525	-0.072592	-0.072471
676.000000	-0.072166	-0.072439	-0.072468	-0.072545	-0.072396	-0.072515	-0.072352
677.000000	-0.072130	-0.072357	-0.072325	-0.072424	-0.072297	-0.072424	-0.072296
678.000000	-0.072269	-0.072318	-0.072273	-0.072260	-0.072253	-0.072348	-0.072323
679.000000	-0.072408	-0.072322	-0.072312	-0.072215	-0.072270	-0.072344	-0.072385
680.000000	-0.072422	-0.072347	-0.072398	-0.072350	-0.072321	-0.072409	-0.072414
681.000000	-0.072342	-0.072324	-0.072398	-0.072438	-0.072305	-0.072378	-0.072320
682.000000	-0.072229	-0.072215	-0.072241	-0.072306	-0.072168	-0.072157	-0.072079
683.000000	-0.072150	-0.072114	-0.072112	-0.072137	-0.072071	-0.071997	-0.071922
684.000000	-0.072160	-0.072122	-0.072199	-0.072143	-0.072174	-0.072147	-0.072063
685.000000	-0.072223	-0.072201	-0.072379	-0.072267	-0.072346	-0.072421	-0.072326
686.000000	-0.072280	-0.072268	-0.072447	-0.072367	-0.072387	-0.072520	-0.072434
687.000000	-0.072297	-0.072263	-0.072377	-0.072375	-0.072298	-0.072406	-0.072362
688.000000	-0.072262	-0.072143	-0.072231	-0.072264	-0.072173	-0.072169	-0.072205
689.000000	-0.072187	-0.071973	-0.072098	-0.072103	-0.072075	-0.071954	-0.072047
690.000000	-0.072107	-0.071886	-0.072075	-0.072028	-0.072041	-0.071936	-0.071957
691.000000	-0.072055	-0.071913	-0.072136	-0.072051	-0.072059	-0.072074	-0.071950
692.000000	-0.072063	-0.071976	-0.072133	-0.072073	-0.072072	-0.072125	-0.071991
693.000000	-0.072120	-0.072027	-0.072044	-0.072068	-0.072070	-0.072025	-0.072055
694.000000	-0.072155	-0.072056	-0.072018	-0.072111	-0.072108	-0.071973	-0.072131
695.000000	-0.072134	-0.072060	-0.072114	-0.072210	-0.072192	-0.072066	-0.072192
696.000000	-0.072098	-0.072035	-0.072187	-0.072217	-0.072224	-0.072172	-0.072177
697.000000	-0.072095	-0.071997	-0.072144	-0.072068	-0.072159	-0.072193	-0.072076
698.000000	-0.072166	-0.072016	-0.072103	-0.071974	-0.072145	-0.072188	-0.072038
699.000000	-0.072320	-0.072141	-0.072172	-0.072109	-0.072295	-0.072226	-0.072176
700.000000	-0.072434	-0.072288	-0.072273	-0.072308	-0.072451	-0.072277	-0.072354
701.000000	-0.072385	-0.072364	-0.072300	-0.072365	-0.072428	-0.072299	-0.072405
702.000000	-0.072284	-0.072400	-0.072307	-0.072371	-0.072332	-0.072327	-0.072373
703.000000	-0.072305	-0.072464	-0.072387	-0.072499	-0.072347	-0.072410	-0.072370
704.000000	-0.072410	-0.072506	-0.072469	-0.072662	-0.072429	-0.072476	-0.072392
705.000000	-0.072455	-0.072419	-0.072404	-0.072648	-0.072415	-0.072397	-0.072376
706.000000	-0.072388	-0.072239	-0.072220	-0.072467	-0.072289	-0.072224	-0.072309
707.000000	-0.072227	-0.072110	-0.072078	-0.072293	-0.072142	-0.072135	-0.072213
708.000000	-0.072029	-0.072048	-0.072001	-0.072162	-0.072012	-0.072144	-0.072097
709.000000	-0.071893	-0.071928	-0.071868	-0.071951	-0.071882	-0.072083	-0.071963
710.000000	-0.071816	-0.071699	-0.071639	-0.071656	-0.071743	-0.071884	-0.071806
711.000000	-0.071644	-0.071430	-0.071414	-0.071463	-0.071609	-0.071649	-0.071626
712.000000	-0.071321	-0.071181	-0.071257	-0.071440	-0.071477	-0.071449	-0.071427
713.000000	-0.071033	-0.070968	-0.071140	-0.071367	-0.071297	-0.071266	-0.071233
714.000000	-0.070906	-0.070788	-0.071015	-0.071080	-0.071029	-0.071069	-0.071047
715.000000	-0.070782	-0.070598	-0.070821	-0.070714	-0.070680	-0.070823	-0.070788
716.000000	-0.070501	-0.070363	-0.070519	-0.070421	-0.070277	-0.070509	-0.070397
717.000000	-0.070139	-0.070118	-0.070177	-0.070167	-0.069917	-0.070176	-0.069975
718.000000	-0.069819	-0.069900	-0.069876	-0.069873	-0.069694	-0.069876	-0.069653
719.000000	-0.069506	-0.069616	-0.069561	-0.069517	-0.069544	-0.069559	-0.069414
720.000000	-0.069114	-0.069147	-0.069140	-0.069108	-0.069353	-0.069150	-0.069190
721.000000	-0.068768	-0.068683	-0.068765	-0.068770	-0.069156	-0.068806	-0.068989
722.000000	-0.068688	-0.068569	-0.068712	-0.068672	-0.069062	-0.068795	-0.068861
723.000000	-0.068728	-0.068700	-0.068825	-0.068644	-0.068979	-0.068950	-0.068667
724.000000	-0.068436	-0.068598	-0.068602	-0.068247	-0.068651	-0.068747	-0.068127
725.000000	-0.067809	-0.068172	-0.068000	-0.067563	-0.068107	-0.068152	-0.067417
726.000000	-0.067381	-0.067804	-0.067533	-0.067290	-0.067724	-0.067720	-0.067251
727.000000	-0.067375	-0.067686	-0.067460	-0.067625	-0.067678	-0.067696	-0.067764
728.000000	-0.067446	-0.067648	-0.067574	-0.067876	-0.067785	-0.067768	-0.068085
729.000000	-0.067391	-0.067602	-0.067704	-0.067668	-0.067914	-0.067747	-0.067744
730.000000	-0.067456	-0.067731	-0.067861	-0.067591	-0.068139	-0.067866	-0.067445
731.000000	-0.067856	-0.068178	-0.068074	-0.068159	-0.068526	-0.068324	-0.067814
732.000000	-0.068467	-0.068820	-0.068321	-0.069144	-0.069011	-0.068995	-0.068625
