[HEADER]
Format	J&M ASCII Table
Comment	
Date	2/12/1980 5:34:19 AM
Order	Y (evenX)
TechType	UV
NumPoints	483
FirstX	250.00
LastX	732.00
XType	NMetr
YType	Absrb
ZType	Secs
NumSubFile	7
Matrix	Z vs X
[DATA]
	0.000000	5.000128	10.000192	15.000256	20.000383	25.000448	30.000576
250.000000	0.026814	0.026430	0.025634	0.025096	0.024176	0.023539	0.023106
251.000000	0.018100	0.017967	0.017101	0.016523	0.015719	0.015386	0.014907
252.000000	0.009904	0.009728	0.008825	0.007986	0.007515	0.007370	0.006820
253.000000	0.002195	0.001870	0.000998	0.000136	-0.000184	-0.000350	-0.000815
254.000000	-0.005068	-0.005488	-0.006242	-0.006600	-0.007214	-0.007619	-0.007750
255.000000	-0.011848	-0.012389	-0.012968	-0.012831	-0.013775	-0.014336	-0.014187
256.000000	-0.018112	-0.018882	-0.019282	-0.019206	-0.020073	-0.020433	-0.020361
257.000000	-0.023923	-0.024861	-0.025171	-0.025376	-0.025922	-0.025969	-0.026151
258.000000	-0.029359	-0.030190	-0.030582	-0.030732	-0.031048	-0.031043	-0.031349
259.000000	-0.034380	-0.034893	-0.035410	-0.035343	-0.035579	-0.035737	-0.036000
260.000000	-0.038890	-0.039087	-0.039550	-0.039616	-0.039834	-0.040117	-0.040284
261.000000	-0.042969	-0.042984	-0.043263	-0.043713	-0.043926	-0.044223	-0.044339
262.000000	-0.046828	-0.046865	-0.047072	-0.047602	-0.047809	-0.048073	-0.048270
263.000000	-0.050547	-0.050703	-0.051029	-0.051243	-0.051459	-0.051664	-0.052034
264.000000	-0.054064	-0.054127	-0.054635	-0.054590	-0.054883	-0.054968	-0.055431
265.000000	-0.057294	-0.057021	-0.057647	-0.057638	-0.058061	-0.057980	-0.058393
266.000000	-0.060141	-0.059734	-0.060311	-0.060452	-0.060927	-0.060740	-0.061095
267.000000	-0.062580	-0.062469	-0.062828	-0.063052	-0.063442	-0.063257	-0.063650
268.000000	-0.064776	-0.064943	-0.065166	-0.065332	-0.065666	-0.065443	-0.065944
269.000000	-0.066877	-0.066902	-0.067262	-0.067231	-0.067656	-0.067261	-0.067879
270.000000	-0.068842	-0.068517	-0.069083	-0.068962	-0.069408	-0.068920	-0.069566
271.000000	-0.070593	-0.070043	-0.070619	-0.070756	-0.070919	-0.070641	-0.071148
272.000000	-0.072138	-0.071639	-0.071968	-0.072506	-0.072308	-0.072349	-0.072656
273.000000	-0.073520	-0.073395	-0.073270	-0.074002	-0.073723	-0.073875	-0.074083
274.000000	-0.074812	-0.075134	-0.074655	-0.075275	-0.075176	-0.075283	-0.075492
275.000000	-0.076108	-0.076544	-0.076235	-0.076495	-0.076597	-0.076759	-0.076973
276.000000	-0.077442	-0.077695	-0.077905	-0.077795	-0.077986	-0.078295	-0.078484
277.000000	-0.078803	-0.078979	-0.079376	-0.079274	-0.079398	-0.079710	-0.079870
278.000000	-0.080148	-0.080441	-0.080539	-0.080798	-0.080790	-0.080885	-0.081057
279.000000	-0.081403	-0.081672	-0.081519	-0.081941	-0.081986	-0.081789	-0.082079
280.000000	-0.082555	-0.082556	-0.082474	-0.082620	-0.082945	-0.082526	-0.083019
281.000000	-0.083713	-0.083587	-0.083585	-0.083434	-0.083891	-0.083437	-0.084032
282.000000	-0.084939	-0.085043	-0.084907	-0.084766	-0.084992	-0.084723	-0.085201
283.000000	-0.086105	-0.086387	-0.086108	-0.086170	-0.086172	-0.086098	-0.086384
284.000000	-0.087091	-0.087137	-0.086913	-0.087186	-0.087315	-0.087262	-0.087431
285.000000	-0.087952	-0.087684	-0.087595	-0.087963	-0.088310	-0.088230	-0.088320
286.000000	-0.088780	-0.088571	-0.088512	-0.088778	-0.089079	-0.089098	-0.089081
287.000000	-0.089595	-0.089668	-0.089547	-0.089649	-0.089760	-0.089900	-0.089817
288.000000	-0.090383	-0.090588	-0.090401	-0.090484	-0.090561	-0.090650	-0.090653
289.000000	-0.091154	-0.091318	-0.091133	-0.091282	-0.091432	-0.091413	-0.091548
290.000000	-0.091927	-0.092078	-0.092012	-0.092095	-0.092170	-0.092280	-0.092366
291.000000	-0.092725	-0.092924	-0.093045	-0.092931	-0.092799	-0.093204	-0.093131
292.000000	-0.093564	-0.093756	-0.093987	-0.093760	-0.093557	-0.094005	-0.094015
293.000000	-0.094385	-0.094492	-0.094698	-0.094529	-0.094484	-0.094620	-0.094994
294.000000	-0.095023	-0.095090	-0.095195	-0.095161	-0.095337	-0.095153	-0.095760
295.000000	-0.095473	-0.095579	-0.095576	-0.095659	-0.095982	-0.095703	-0.096194
296.000000	-0.096091	-0.096139	-0.096077	-0.096197	-0.096561	-0.096323	-0.096616
297.000000	-0.097093	-0.096880	-0.096849	-0.096901	-0.097190	-0.097044	-0.097273
298.000000	-0.098113	-0.097622	-0.097721	-0.097671	-0.097798	-0.097836	-0.098012
299.000000	-0.098760	-0.098180	-0.098481	-0.098378	-0.098299	-0.098632	-0.098627
300.000000	-0.099075	-0.098612	-0.099031	-0.098959	-0.098719	-0.099239	-0.099052
301.000000	-0.099239	-0.099037	-0.099330	-0.099382	-0.099117	-0.099477	-0.099284
302.000000	-0.099458	-0.099481	-0.099514	-0.099688	-0.099555	-0.099566	-0.099484
303.000000	-0.099929	-0.099920	-0.099786	-0.099955	-0.100089	-0.099888	-0.099867
304.000000	-0.100571	-0.100366	-0.100192	-0.100268	-0.100642	-0.100448	-0.100433
305.000000	-0.101118	-0.100851	-0.100662	-0.100709	-0.101053	-0.100993	-0.101026
306.000000	-0.101454	-0.101316	-0.101105	-0.101207	-0.101294	-0.101382	-0.101481
307.000000	-0.101629	-0.101616	-0.101408	-0.101534	-0.101473	-0.101592	-0.101638
308.000000	-0.101718	-0.101738	-0.101570	-0.101627	-0.101655	-0.101676	-0.101555
309.000000	-0.101823	-0.101875	-0.101761	-0.101693	-0.101829	-0.101785	-0.101637
310.000000	-0.102015	-0.102138	-0.102065	-0.101876	-0.101991	-0.101999	-0.102071
311.000000	-0.102297	-0.102417	-0.102333	-0.102129	-0.102167	-0.102207	-0.102502
312.000000	-0.102625	-0.102598	-0.102439	-0.102372	-0.102363	-0.102320	-0.102625
313.000000	-0.102828	-0.102665	-0.102454	-0.102496	-0.102492	-0.102402	-0.102585
314.000000	-0.102778	-0.102646	-0.102486	-0.102443	-0.102497	-0.102538	-0.102601
315.000000	-0.102746	-0.102697	-0.102635	-0.102466	-0.102587	-0.102732	-0.102763
316.000000	-0.103069	-0.102979	-0.102966	-0.102858	-0.103001	-0.102965	-0.103094
317.000000	-0.103520	-0.103340	-0.103312	-0.103343	-0.103480	-0.103207	-0.103417
318.000000	-0.103623	-0.103491	-0.103409	-0.103402	-0.103551	-0.103426	-0.103481
319.000000	-0.103451	-0.103480	-0.103325	-0.103161	-0.103341	-0.103597	-0.103393
320.000000	-0.103483	-0.103603	-0.103376	-0.103218	-0.103422	-0.103698	-0.103522
321.000000	-0.103824	-0.103882	-0.103644	-0.103654	-0.103848	-0.103755	-0.103900
322.000000	-0.104148	-0.104032	-0.103946	-0.103965	-0.104095	-0.103842	-0.104174
323.000000	-0.104274	-0.103984	-0.104154	-0.103931	-0.103953	-0.103979	-0.104172
324.000000	-0.104293	-0.104048	-0.104244	-0.103846	-0.103781	-0.104083	-0.104051
325.000000	-0.104283	-0.104367	-0.104218	-0.103913	-0.103818	-0.104089	-0.103955
326.000000	-0.104229	-0.104582	-0.104112	-0.103998	-0.103880	-0.103995	-0.103939
327.000000	-0.104138	-0.104421	-0.103984	-0.103977	-0.103808	-0.103845	-0.104028
328.000000	-0.104143	-0.104223	-0.103963	-0.103967	-0.103780	-0.103833	-0.104195
329.000000	-0.104356	-0.104359	-0.104144	-0.104096	-0.103978	-0.104113	-0.104383
330.000000	-0.104577	-0.104545	-0.104332	-0.104219	-0.104161	-0.104392	-0.104440
331.000000	-0.104531	-0.104323	-0.104267	-0.104124	-0.103984	-0.104275	-0.104214
332.000000	-0.104307	-0.103890	-0.104044	-0.103907	-0.103620	-0.103904	-0.103873
333.000000	-0.104185	-0.103769	-0.103936	-0.103820	-0.103497	-0.103698	-0.103744
334.000000	-0.104217	-0.103964	-0.103949	-0.103885	-0.103618	-0.103713	-0.103825
335.000000	-0.104275	-0.104071	-0.103872	-0.103942	-0.103651	-0.103720	-0.103854
336.000000	-0.104258	-0.103952	-0.103679	-0.103889	-0.103535	-0.103636	-0.103759
337.000000	-0.104103	-0.103804	-0.103561	-0.103705	-0.103539	-0.103561	-0.103704
338.000000	-0.103826	-0.103719	-0.103574	-0.103427	-0.103715	-0.103517	-0.103730
339.000000	-0.103575	-0.103573	-0.103517	-0.103186	-0.103705	-0.103377	-0.103640
340.000000	-0.103469	-0.103326	-0.103300	-0.103088	-0.103334	-0.103094	-0.103342
341.000000	-0.103523	-0.103204	-0.103204	-0.103140	-0.103012	-0.102884	-0.103076
342.000000	-0.103677	-0.103349	-0.103415	-0.103282	-0.103081	-0.102907	-0.103034
343.000000	-0.103635	-0.103378	-0.103500	-0.103254	-0.103220	-0.102923	-0.102993
344.000000	-0.103135	-0.102896	-0.102996	-0.102822	-0.103024	-0.102661	-0.102694
345.000000	-0.102500	-0.102252	-0.102240	-0.102252	-0.102607	-0.102276	-0.102319
346.000000	-0.102224	-0.102020	-0.101821	-0.101959	-0.102258	-0.102056	-0.102179
347.000000	-0.102248	-0.102114	-0.101769	-0.101916	-0.102010	-0.101990	-0.102151
348.000000	-0.102206	-0.102086	-0.101794	-0.101848	-0.101752	-0.101896	-0.101887
349.000000	-0.101982	-0.101825	-0.101713	-0.101661	-0.101461	-0.101692	-0.101435
350.000000	-0.101679	-0.101511	-0.101440	-0.101422	-0.101187	-0.101384	-0.101176
351.000000	-0.101406	-0.101258	-0.101066	-0.101195	-0.100967	-0.101042	-0.101185
352.000000	-0.101273	-0.101087	-0.100895	-0.101037	-0.100816	-0.100803	-0.101146
353.000000	-0.101265	-0.100985	-0.100994	-0.100937	-0.100710	-0.100709	-0.100885
354.000000	-0.101130	-0.100882	-0.100981	-0.100759	-0.100551	-0.100613	-0.100534
355.000000	-0.100725	-0.100710	-0.100612	-0.100442	-0.100286	-0.100394	-0.100226
356.000000	-0.100268	-0.100423	-0.100164	-0.100161	-0.100007	-0.100061	-0.100005
357.000000	-0.099988	-0.100024	-0.099925	-0.100067	-0.099810	-0.099674	-0.099882
358.000000	-0.099903	-0.099724	-0.099858	-0.100023	-0.099711	-0.099415	-0.099776
359.000000	-0.099955	-0.099718	-0.099834	-0.099851	-0.099684	-0.099437	-0.099601
360.000000	-0.099947	-0.099747	-0.099690	-0.099580	-0.099605	-0.099488	-0.099369
361.000000	-0.099659	-0.099419	-0.099279	-0.099317	-0.099330	-0.099198	-0.099134
362.000000	-0.099248	-0.098919	-0.098805	-0.099082	-0.098982	-0.098703	-0.098918
363.000000	-0.099076	-0.098749	-0.098656	-0.098844	-0.098830	-0.098428	-0.098727
364.000000	-0.099160	-0.098905	-0.098786	-0.098638	-0.098846	-0.098418	-0.098577
365.000000	-0.099209	-0.098935	-0.098765	-0.098555	-0.098745	-0.098390	-0.098496
366.000000	-0.099044	-0.098674	-0.098464	-0.098551	-0.098437	-0.098211	-0.098409
367.000000	-0.098648	-0.098345	-0.098161	-0.098413	-0.098091	-0.097955	-0.098119
368.000000	-0.098143	-0.098124	-0.098040	-0.098085	-0.097856	-0.097716	-0.097648
369.000000	-0.097902	-0.098057	-0.098064	-0.097838	-0.097807	-0.097593	-0.097453
370.000000	-0.098110	-0.098111	-0.098144	-0.097846	-0.097936	-0.097623	-0.097770
371.000000	-0.098329	-0.098075	-0.098126	-0.097914	-0.098019	-0.097654	-0.098068
372.000000	-0.098163	-0.097793	-0.097905	-0.097844	-0.097874	-0.097555	-0.097861
373.000000	-0.097873	-0.097497	-0.097657	-0.097743	-0.097657	-0.097429	-0.097465
374.000000	-0.097831	-0.097474	-0.097591	-0.097757	-0.097576	-0.097411	-0.097341
375.000000	-0.097938	-0.097634	-0.097628	-0.097771	-0.097582	-0.097427	-0.097435
376.000000	-0.097928	-0.097748	-0.097590	-0.097586	-0.097527	-0.097334	-0.097496
377.000000	-0.097839	-0.097751	-0.097485	-0.097307	-0.097425	-0.097197	-0.097470
378.000000	-0.097888	-0.097680	-0.097435	-0.097217	-0.097384	-0.097199	-0.097427
379.000000	-0.098028	-0.097580	-0.097457	-0.097355	-0.097389	-0.097300	-0.097409
380.000000	-0.097970	-0.097503	-0.097472	-0.097537	-0.097314	-0.097254	-0.097429
381.000000	-0.097722	-0.097504	-0.097478	-0.097657	-0.097202	-0.097063	-0.097485
382.000000	-0.097684	-0.097646	-0.097576	-0.097720	-0.097317	-0.097059	-0.097555
383.000000	-0.098011	-0.097914	-0.097775	-0.097737	-0.097727	-0.097358	-0.097642
384.000000	-0.098313	-0.098139	-0.097895	-0.097715	-0.098089	-0.097617	-0.097798
385.000000	-0.098307	-0.098206	-0.097835	-0.097682	-0.098153	-0.097602	-0.098033
386.000000	-0.098205	-0.098203	-0.097795	-0.097734	-0.098089	-0.097562	-0.098201
387.000000	-0.098257	-0.098237	-0.097966	-0.097941	-0.098103	-0.097754	-0.098192
388.000000	-0.098480	-0.098336	-0.098253	-0.098204	-0.098217	-0.098074	-0.098173
389.000000	-0.098809	-0.098496	-0.098491	-0.098385	-0.098388	-0.098332	-0.098338
390.000000	-0.099035	-0.098625	-0.098589	-0.098428	-0.098482	-0.098425	-0.098517
391.000000	-0.098927	-0.098614	-0.098506	-0.098325	-0.098352	-0.098308	-0.098421
392.000000	-0.098686	-0.098544	-0.098379	-0.098231	-0.098185	-0.098150	-0.098164
393.000000	-0.098760	-0.098603	-0.098448	-0.098387	-0.098354	-0.098241	-0.098100
394.000000	-0.099076	-0.098745	-0.098654	-0.098707	-0.098733	-0.098511	-0.098265
395.000000	-0.099089	-0.098713	-0.098669	-0.098806	-0.098744	-0.098565	-0.098404
396.000000	-0.098703	-0.098483	-0.098453	-0.098607	-0.098317	-0.098331	-0.098416
397.000000	-0.098449	-0.098353	-0.098372	-0.098456	-0.098077	-0.098188	-0.098422
398.000000	-0.098609	-0.098473	-0.098598	-0.098536	-0.098343	-0.098334	-0.098508
399.000000	-0.098880	-0.098656	-0.098881	-0.098646	-0.098726	-0.098549	-0.098658
400.000000	-0.099005	-0.098753	-0.099000	-0.098630	-0.098876	-0.098643	-0.098834
401.000000	-0.099066	-0.098850	-0.098966	-0.098588	-0.098808	-0.098642	-0.098960
402.000000	-0.099166	-0.099026	-0.098847	-0.098625	-0.098626	-0.098615	-0.098970
403.000000	-0.099220	-0.099157	-0.098748	-0.098646	-0.098523	-0.098625	-0.098873
404.000000	-0.099123	-0.099090	-0.098764	-0.098534	-0.098672	-0.098716	-0.098708
405.000000	-0.099008	-0.098906	-0.098836	-0.098431	-0.098909	-0.098800	-0.098566
406.000000	-0.099080	-0.098778	-0.098851	-0.098557	-0.098955	-0.098742	-0.098550
407.000000	-0.099234	-0.098766	-0.098813	-0.098816	-0.098842	-0.098598	-0.098644
408.000000	-0.099180	-0.098860	-0.098797	-0.098921	-0.098788	-0.098531	-0.098754
409.000000	-0.098944	-0.098974	-0.098806	-0.098828	-0.098813	-0.098554	-0.098826
410.000000	-0.098839	-0.098963	-0.098778	-0.098713	-0.098756	-0.098537	-0.098847
411.000000	-0.098958	-0.098807	-0.098700	-0.098652	-0.098556	-0.098441	-0.098796
412.000000	-0.099080	-0.098667	-0.098632	-0.098573	-0.098304	-0.098348	-0.098643
413.000000	-0.099062	-0.098656	-0.098620	-0.098472	-0.098125	-0.098327	-0.098449
414.000000	-0.098962	-0.098768	-0.098670	-0.098497	-0.098196	-0.098409	-0.098457
415.000000	-0.098850	-0.098944	-0.098762	-0.098707	-0.098563	-0.098573	-0.098768
416.000000	-0.098755	-0.099010	-0.098796	-0.098838	-0.098875	-0.098668	-0.099006
417.000000	-0.098698	-0.098837	-0.098706	-0.098669	-0.098819	-0.098572	-0.098836
418.000000	-0.098689	-0.098602	-0.098616	-0.098434	-0.098602	-0.098427	-0.098499
419.000000	-0.098728	-0.098522	-0.098659	-0.098429	-0.098521	-0.098410	-0.098345
420.000000	-0.098744	-0.098497	-0.098667	-0.098510	-0.098497	-0.098437	-0.098323
421.000000	-0.098646	-0.098316	-0.098379	-0.098376	-0.098316	-0.098331	-0.098235
422.000000	-0.098481	-0.098075	-0.097961	-0.098106	-0.098075	-0.098117	-0.098081
423.000000	-0.098370	-0.098045	-0.097825	-0.098001	-0.098044	-0.097941	-0.097982
424.000000	-0.098292	-0.098168	-0.097932	-0.098026	-0.098143	-0.097816	-0.097925
425.000000	-0.098095	-0.098082	-0.097835	-0.097840	-0.097971	-0.097635	-0.097780
426.000000	-0.097768	-0.097715	-0.097451	-0.097418	-0.097480	-0.097394	-0.097520
427.000000	-0.097494	-0.097393	-0.097197	-0.097169	-0.097100	-0.097232	-0.097265
428.000000	-0.097373	-0.097295	-0.097262	-0.097259	-0.097057	-0.097201	-0.097100
429.000000	-0.097326	-0.097263	-0.097326	-0.097324	-0.097120	-0.097170	-0.097020
430.000000	-0.097274	-0.097165	-0.097150	-0.097108	-0.097085	-0.097042	-0.096997
431.000000	-0.097197	-0.097051	-0.096909	-0.096850	-0.096993	-0.096906	-0.096963
432.000000	-0.097094	-0.096979	-0.096796	-0.096794	-0.096909	-0.096842	-0.096859
433.000000	-0.096989	-0.096886	-0.096758	-0.096812	-0.096802	-0.096772	-0.096697
434.000000	-0.096906	-0.096703	-0.096684	-0.096705	-0.096634	-0.096595	-0.096514
435.000000	-0.096826	-0.096511	-0.096551	-0.096506	-0.096459	-0.096386	-0.096366
436.000000	-0.096715	-0.096438	-0.096372	-0.096334	-0.096360	-0.096274	-0.096305
437.000000	-0.096559	-0.096438	-0.096194	-0.096211	-0.096304	-0.096225	-0.096275
438.000000	-0.096360	-0.096363	-0.096084	-0.096095	-0.096188	-0.096106	-0.096157
439.000000	-0.096168	-0.096188	-0.096031	-0.095980	-0.095997	-0.095918	-0.095957
440.000000	-0.096080	-0.096003	-0.095964	-0.095890	-0.095790	-0.095777	-0.095789
441.000000	-0.096094	-0.095866	-0.095858	-0.095825	-0.095619	-0.095724	-0.095687
442.000000	-0.096080	-0.095786	-0.095751	-0.095756	-0.095513	-0.095694	-0.095569
443.000000	-0.095977	-0.095760	-0.095677	-0.095670	-0.095487	-0.095640	-0.095415
444.000000	-0.095872	-0.095764	-0.095642	-0.095587	-0.095533	-0.095562	-0.095331
445.000000	-0.095828	-0.095770	-0.095639	-0.095526	-0.095614	-0.095470	-0.095384
446.000000	-0.095794	-0.095747	-0.095629	-0.095488	-0.095630	-0.095395	-0.095486
447.000000	-0.095717	-0.095673	-0.095578	-0.095463	-0.095510	-0.095358	-0.095537
448.000000	-0.095625	-0.095579	-0.095507	-0.095416	-0.095352	-0.095320	-0.095491
449.000000	-0.095553	-0.095496	-0.095441	-0.095306	-0.095274	-0.095232	-0.095326
450.000000	-0.095443	-0.095360	-0.095327	-0.095115	-0.095214	-0.095077	-0.095077
451.000000	-0.095209	-0.095090	-0.095095	-0.094842	-0.095049	-0.094856	-0.094801
452.000000	-0.094904	-0.094761	-0.094791	-0.094579	-0.094788	-0.094607	-0.094560
453.000000	-0.094655	-0.094538	-0.094532	-0.094460	-0.094517	-0.094387	-0.094409
454.000000	-0.094532	-0.094470	-0.094378	-0.094471	-0.094320	-0.094250	-0.094342
455.000000	-0.094548	-0.094499	-0.094338	-0.094466	-0.094276	-0.094238	-0.094299
456.000000	-0.094629	-0.094547	-0.094356	-0.094371	-0.094336	-0.094290	-0.094237
457.000000	-0.094594	-0.094509	-0.094296	-0.094210	-0.094294	-0.094215	-0.094134
458.000000	-0.094372	-0.094345	-0.094109	-0.094013	-0.094068	-0.093948	-0.093989
459.000000	-0.094108	-0.094136	-0.093914	-0.093820	-0.093815	-0.093679	-0.093821
460.000000	-0.093921	-0.093953	-0.093790	-0.093659	-0.093659	-0.093546	-0.093659
461.000000	-0.093805	-0.093805	-0.093669	-0.093532	-0.093555	-0.093486	-0.093532
462.000000	-0.093731	-0.093685	-0.093483	-0.093431	-0.093442	-0.093413	-0.093455
463.000000	-0.093659	-0.093555	-0.093284	-0.093323	-0.093322	-0.093302	-0.093386
464.000000	-0.093554	-0.093381	-0.093145	-0.093179	-0.093207	-0.093150	-0.093275
465.000000	-0.093441	-0.093204	-0.093079	-0.093035	-0.093101	-0.093009	-0.093135
466.000000	-0.093359	-0.093088	-0.093071	-0.092947	-0.093001	-0.092940	-0.092995
467.000000	-0.093280	-0.093014	-0.093079	-0.092893	-0.092905	-0.092910	-0.092847
468.000000	-0.093144	-0.092921	-0.093041	-0.092812	-0.092809	-0.092835	-0.092663
469.000000	-0.092950	-0.092796	-0.092929	-0.092695	-0.092701	-0.092687	-0.092491
470.000000	-0.092749	-0.092659	-0.092746	-0.092576	-0.092560	-0.092489	-0.092437
471.000000	-0.092584	-0.092533	-0.092526	-0.092461	-0.092398	-0.092300	-0.092469
472.000000	-0.092485	-0.092435	-0.092346	-0.092323	-0.092264	-0.092223	-0.092392
473.000000	-0.092447	-0.092372	-0.092245	-0.092177	-0.092177	-0.092259	-0.092162
474.000000	-0.092401	-0.092339	-0.092201	-0.092112	-0.092101	-0.092236	-0.092015
475.000000	-0.092299	-0.092307	-0.092174	-0.092152	-0.092009	-0.092051	-0.092066
476.000000	-0.092150	-0.092195	-0.092105	-0.092128	-0.091901	-0.091832	-0.092060
477.000000	-0.091981	-0.091961	-0.091957	-0.091918	-0.091791	-0.091707	-0.091798
478.000000	-0.091850	-0.091745	-0.091791	-0.091699	-0.091730	-0.091663	-0.091541
479.000000	-0.091810	-0.091695	-0.091679	-0.091669	-0.091755	-0.091658	-0.091576
480.000000	-0.091820	-0.091732	-0.091617	-0.091717	-0.091772	-0.091654	-0.091723
481.000000	-0.091811	-0.091707	-0.091572	-0.091640	-0.091657	-0.091615	-0.091664
482.000000	-0.091707	-0.091575	-0.091489	-0.091438	-0.091427	-0.091494	-0.091414
483.000000	-0.091440	-0.091350	-0.091309	-0.091214	-0.091178	-0.091243	-0.091159
484.000000	-0.091092	-0.091096	-0.091071	-0.091007	-0.090959	-0.090925	-0.090958
485.000000	-0.090856	-0.090907	-0.090891	-0.090806	-0.090781	-0.090681	-0.090771
486.000000	-0.090776	-0.090797	-0.090791	-0.090621	-0.090630	-0.090555	-0.090596
487.000000	-0.090721	-0.090681	-0.090683	-0.090487	-0.090466	-0.090478	-0.090469
488.000000	-0.090621	-0.090532	-0.090528	-0.090409	-0.090287	-0.090402	-0.090399
489.000000	-0.090522	-0.090423	-0.090370	-0.090342	-0.090157	-0.090320	-0.090345
490.000000	-0.090461	-0.090400	-0.090257	-0.090263	-0.090122	-0.090246	-0.090278
491.000000	-0.090443	-0.090424	-0.090222	-0.090221	-0.090164	-0.090222	-0.090220
492.000000	-0.090438	-0.090430	-0.090253	-0.090226	-0.090221	-0.090246	-0.090173
493.000000	-0.090310	-0.090308	-0.090185	-0.090111	-0.090113	-0.090133	-0.090047
494.000000	-0.089958	-0.089983	-0.089880	-0.089743	-0.089709	-0.089734	-0.089771
495.000000	-0.089606	-0.089635	-0.089535	-0.089359	-0.089298	-0.089308	-0.089487
496.000000	-0.089539	-0.089495	-0.089415	-0.089271	-0.089248	-0.089200	-0.089379
497.000000	-0.089628	-0.089492	-0.089434	-0.089357	-0.089410	-0.089302	-0.089378
498.000000	-0.089556	-0.089413	-0.089343	-0.089299	-0.089396	-0.089299	-0.089300
499.000000	-0.089302	-0.089221	-0.089125	-0.089074	-0.089144	-0.089128	-0.089118
500.000000	-0.089053	-0.089003	-0.088930	-0.088874	-0.088822	-0.088907	-0.088920
501.000000	-0.088876	-0.088802	-0.088806	-0.088743	-0.088543	-0.088693	-0.088730
502.000000	-0.088705	-0.088613	-0.088687	-0.088570	-0.088351	-0.088473	-0.088501
503.000000	-0.088520	-0.088440	-0.088541	-0.088341	-0.088248	-0.088251	-0.088244
504.000000	-0.088381	-0.088310	-0.088390	-0.088191	-0.088175	-0.088071	-0.088058
505.000000	-0.088309	-0.088221	-0.088241	-0.088169	-0.088086	-0.087948	-0.087991
506.000000	-0.088216	-0.088112	-0.088055	-0.088093	-0.087976	-0.087838	-0.087964
507.000000	-0.088037	-0.087939	-0.087813	-0.087834	-0.087845	-0.087698	-0.087892
508.000000	-0.087812	-0.087727	-0.087575	-0.087528	-0.087690	-0.087523	-0.087742
509.000000	-0.087602	-0.087522	-0.087405	-0.087335	-0.087512	-0.087326	-0.087511
510.000000	-0.087456	-0.087385	-0.087315	-0.087261	-0.087350	-0.087175	-0.087290
511.000000	-0.087403	-0.087364	-0.087288	-0.087254	-0.087239	-0.087136	-0.087178
512.000000	-0.087366	-0.087344	-0.087227	-0.087199	-0.087131	-0.087103	-0.087105
513.000000	-0.087232	-0.087155	-0.087015	-0.086967	-0.086943	-0.086916	-0.086934
514.000000	-0.087016	-0.086859	-0.086731	-0.086650	-0.086711	-0.086638	-0.086709
515.000000	-0.086821	-0.086661	-0.086577	-0.086473	-0.086539	-0.086478	-0.086588
516.000000	-0.086663	-0.086576	-0.086538	-0.086435	-0.086426	-0.086432	-0.086552
517.000000	-0.086474	-0.086438	-0.086398	-0.086315	-0.086264	-0.086292	-0.086418
518.000000	-0.086240	-0.086194	-0.086106	-0.086047	-0.086027	-0.086006	-0.086129
519.000000	-0.086017	-0.085956	-0.085855	-0.085788	-0.085811	-0.085744	-0.085816
520.000000	-0.085840	-0.085793	-0.085744	-0.085632	-0.085670	-0.085595	-0.085569
521.000000	-0.085684	-0.085655	-0.085640	-0.085509	-0.085555	-0.085462	-0.085371
522.000000	-0.085519	-0.085499	-0.085440	-0.085356	-0.085422	-0.085269	-0.085199
523.000000	-0.085335	-0.085334	-0.085206	-0.085176	-0.085276	-0.085075	-0.085059
524.000000	-0.085134	-0.085173	-0.085020	-0.084990	-0.085130	-0.084944	-0.084955
525.000000	-0.084980	-0.084998	-0.084885	-0.084821	-0.084988	-0.084832	-0.084867
526.000000	-0.084932	-0.084791	-0.084788	-0.084694	-0.084850	-0.084682	-0.084772
527.000000	-0.084910	-0.084618	-0.084715	-0.084615	-0.084705	-0.084528	-0.084671
528.000000	-0.084792	-0.084562	-0.084652	-0.084578	-0.084536	-0.084433	-0.084575
529.000000	-0.084592	-0.084551	-0.084557	-0.084521	-0.084360	-0.084363	-0.084462
530.000000	-0.084407	-0.084424	-0.084378	-0.084351	-0.084211	-0.084231	-0.084295
531.000000	-0.084263	-0.084194	-0.084150	-0.084110	-0.084087	-0.084041	-0.084089
532.000000	-0.084125	-0.084028	-0.083987	-0.083957	-0.083959	-0.083875	-0.083905
533.000000	-0.084000	-0.083973	-0.083917	-0.083918	-0.083838	-0.083784	-0.083779
534.000000	-0.083955	-0.083925	-0.083861	-0.083851	-0.083788	-0.083768	-0.083717
535.000000	-0.083943	-0.083816	-0.083759	-0.083683	-0.083761	-0.083749	-0.083686
536.000000	-0.083706	-0.083665	-0.083600	-0.083488	-0.083504	-0.083508	-0.083592
537.000000	-0.083249	-0.083497	-0.083391	-0.083325	-0.083035	-0.083069	-0.083379
538.000000	-0.083326	-0.083325	-0.083179	-0.083179	-0.083155	-0.083131	-0.083118
539.000000	-0.084164	-0.083165	-0.083009	-0.083035	-0.084096	-0.083908	-0.082895
540.000000	-0.083404	-0.083058	-0.082922	-0.082946	-0.083293	-0.083236	-0.082788
541.000000	-0.079570	-0.083019	-0.082918	-0.082942	-0.079136	-0.079742	-0.082829
542.000000	-0.080385	-0.082882	-0.082794	-0.082826	-0.079984	-0.080398	-0.082770
543.000000	-0.093596	-0.082478	-0.082349	-0.082391	-0.094232	-0.092224	-0.082346
544.000000	-0.094900	-0.082286	-0.082117	-0.082148	-0.095740	-0.093419	-0.082071
545.000000	-0.046792	-0.083003	-0.082890	-0.082857	-0.044310	-0.050345	-0.082747
546.000000	0.021032	-0.083249	-0.083236	-0.083135	0.025155	0.009565	-0.083022
547.000000	0.028349	-0.080116	-0.080085	-0.080016	0.021838	0.013129	-0.079960
548.000000	-0.031195	-0.073992	-0.073833	-0.073887	-0.046834	-0.041089	-0.073917
549.000000	-0.079759	-0.069007	-0.068813	-0.068933	-0.062277	-0.072989	-0.068985
550.000000	-0.080295	-0.067882	-0.067810	-0.067882	0.007981	-0.051820	-0.067870
551.000000	-0.068960	-0.070735	-0.070765	-0.070767	0.047746	-0.033600	-0.070709
552.000000	-0.072726	-0.076363	-0.076362	-0.076342	-0.009725	-0.053906	-0.076318
553.000000	-0.081273	-0.081018	-0.080939	-0.080917	-0.082982	-0.081637	-0.080952
554.000000	-0.083041	-0.081899	-0.081789	-0.081754	-0.098086	-0.087374	-0.081812
555.000000	-0.080876	-0.080803	-0.080714	-0.080662	-0.081840	-0.081082	-0.080698
556.000000	-0.079850	-0.080126	-0.080091	-0.080034	-0.075354	-0.078423	-0.080009
557.000000	-0.080183	-0.080151	-0.080145	-0.080106	-0.079133	-0.079739	-0.080013
558.000000	-0.080579	-0.080440	-0.080380	-0.080384	-0.081543	-0.080735	-0.080256
559.000000	-0.080332	-0.080330	-0.080196	-0.080236	-0.080535	-0.080288	-0.080102
560.000000	-0.079171	-0.079226	-0.079103	-0.079124	-0.078687	-0.078912	-0.078993
561.000000	-0.078746	-0.078726	-0.078675	-0.078647	-0.078388	-0.078486	-0.078538
562.000000	-0.081744	-0.081661	-0.081625	-0.081590	-0.081595	-0.081533	-0.081551
563.000000	-0.083880	-0.083793	-0.083706	-0.083712	-0.083740	-0.083694	-0.083753
564.000000	-0.074312	-0.074235	-0.074128	-0.074164	-0.074178	-0.074157	-0.074192
565.000000	-0.063265	-0.063180	-0.063127	-0.063156	-0.063208	-0.063143	-0.063063
566.000000	-0.091196	-0.091081	-0.091109	-0.091127	-0.091160	-0.091061	-0.090927
567.000000	-0.161613	-0.161466	-0.161553	-0.161566	-0.161485	-0.161410	-0.161354
568.000000	-0.197119	-0.196993	-0.197085	-0.197049	-0.196920	-0.196864	-0.196919
569.000000	-0.148278	-0.148252	-0.148283	-0.148138	-0.148125	-0.148041	-0.148147
570.000000	-0.080749	-0.080811	-0.080768	-0.080559	-0.080666	-0.080548	-0.080666
571.000000	-0.062852	-0.062908	-0.062830	-0.062685	-0.062768	-0.062654	-0.062778
572.000000	-0.076167	-0.076168	-0.076087	-0.076041	-0.076048	-0.075950	-0.076075
573.000000	-0.082693	-0.082659	-0.082588	-0.082554	-0.082567	-0.082463	-0.082577
574.000000	-0.079306	-0.079263	-0.079217	-0.079139	-0.079192	-0.079077	-0.079171
575.000000	-0.076788	-0.076744	-0.076741	-0.076658	-0.076671	-0.076578	-0.076647
576.000000	-0.077336	-0.077292	-0.077325	-0.077277	-0.077204	-0.077158	-0.077198
577.000000	-0.077979	-0.077939	-0.077956	-0.077929	-0.077842	-0.077836	-0.077843
578.000000	-0.077738	-0.077700	-0.077661	-0.077626	-0.077602	-0.077613	-0.077592
579.000000	-0.077430	-0.077380	-0.077302	-0.077255	-0.077273	-0.077273	-0.077252
580.000000	-0.077313	-0.077242	-0.077164	-0.077120	-0.077121	-0.077091	-0.077094
581.000000	-0.076881	-0.076808	-0.076743	-0.076730	-0.076694	-0.076638	-0.076656
582.000000	-0.076306	-0.076262	-0.076203	-0.076239	-0.076177	-0.076107	-0.076119
583.000000	-0.077056	-0.077042	-0.076981	-0.077042	-0.076973	-0.076882	-0.076892
584.000000	-0.078833	-0.078834	-0.078765	-0.078798	-0.078742	-0.078616	-0.078648
585.000000	-0.076390	-0.076408	-0.076328	-0.076310	-0.076275	-0.076142	-0.076204
586.000000	-0.069817	-0.069865	-0.069777	-0.069714	-0.069698	-0.069614	-0.069693
587.000000	-0.082950	-0.083015	-0.082923	-0.082840	-0.082846	-0.082800	-0.082876
588.000000	-0.134369	-0.134412	-0.134320	-0.134256	-0.134287	-0.134207	-0.134258
589.000000	-0.178513	-0.178544	-0.178438	-0.178422	-0.178470	-0.178358	-0.178375
590.000000	-0.156263	-0.156345	-0.156201	-0.156239	-0.156277	-0.156238	-0.156231
591.000000	-0.094655	-0.094711	-0.094627	-0.094593	-0.094614	-0.094661	-0.094672
592.000000	-0.062151	-0.061903	-0.062130	-0.061755	-0.061784	-0.061743	-0.061852
593.000000	-0.068174	-0.067834	-0.068125	-0.067662	-0.067711	-0.067479	-0.067699
594.000000	-0.077951	-0.078654	-0.077859	-0.078490	-0.078531	-0.078259	-0.078465
595.000000	-0.077001	-0.078473	-0.076873	-0.078354	-0.078349	-0.078220	-0.078287
596.000000	-0.073818	-0.071933	-0.073682	-0.071864	-0.071804	-0.071799	-0.071751
597.000000	-0.073478	-0.064769	-0.073367	-0.064732	-0.064640	-0.064635	-0.064570
598.000000	-0.074061	-0.062814	-0.073993	-0.062777	-0.062708	-0.062653	-0.062629
599.000000	-0.073959	-0.068027	-0.073925	-0.067964	-0.067970	-0.067875	-0.067907
600.000000	-0.073566	-0.073771	-0.073504	-0.073703	-0.073749	-0.073633	-0.073717
601.000000	-0.073350	-0.074640	-0.073180	-0.074611	-0.074611	-0.074487	-0.074607
602.000000	-0.073140	-0.073015	-0.072890	-0.072983	-0.072946	-0.072815	-0.072958
603.000000	-0.072709	-0.072177	-0.072502	-0.072036	-0.072060	-0.071915	-0.072065
604.000000	-0.072190	-0.072100	-0.072051	-0.071848	-0.071961	-0.071811	-0.071934
605.000000	-0.071790	-0.071859	-0.071614	-0.071627	-0.071754	-0.071627	-0.071674
606.000000	-0.071446	-0.071346	-0.071189	-0.071215	-0.071282	-0.071215	-0.071188
607.000000	-0.070996	-0.070807	-0.070745	-0.070734	-0.070715	-0.070739	-0.070711
608.000000	-0.070463	-0.070335	-0.070300	-0.070260	-0.070184	-0.070264	-0.070287
609.000000	-0.069988	-0.069920	-0.069908	-0.069841	-0.069784	-0.069790	-0.069833
610.000000	-0.069614	-0.069549	-0.069562	-0.069478	-0.069495	-0.069344	-0.069366
611.000000	-0.069295	-0.069201	-0.069205	-0.069135	-0.069198	-0.068975	-0.068991
612.000000	-0.068988	-0.068871	-0.068832	-0.068804	-0.068842	-0.068682	-0.068730
613.000000	-0.068657	-0.068580	-0.068506	-0.068512	-0.068476	-0.068396	-0.068489
614.000000	-0.068308	-0.068333	-0.068253	-0.068270	-0.068149	-0.068093	-0.068216
615.000000	-0.068020	-0.068105	-0.068019	-0.068050	-0.067898	-0.067843	-0.067949
616.000000	-0.067836	-0.067877	-0.067769	-0.067830	-0.067730	-0.067684	-0.067719
617.000000	-0.067687	-0.067659	-0.067545	-0.067616	-0.067574	-0.067531	-0.067503
618.000000	-0.067506	-0.067461	-0.067382	-0.067415	-0.067369	-0.067312	-0.067279
619.000000	-0.067305	-0.067286	-0.067230	-0.067219	-0.067137	-0.067076	-0.067061
620.000000	-0.067115	-0.067133	-0.067032	-0.067017	-0.066916	-0.066894	-0.066874
621.000000	-0.066951	-0.066984	-0.066828	-0.066818	-0.066725	-0.066757	-0.066735
622.000000	-0.066821	-0.066818	-0.066683	-0.066633	-0.066571	-0.066629	-0.066655
623.000000	-0.066689	-0.066623	-0.066572	-0.066450	-0.066455	-0.066492	-0.066574
624.000000	-0.066504	-0.066395	-0.066425	-0.066251	-0.066365	-0.066334	-0.066403
625.000000	-0.066292	-0.066183	-0.066243	-0.066062	-0.066263	-0.066153	-0.066164
626.000000	-0.066132	-0.066069	-0.066081	-0.065944	-0.066086	-0.065951	-0.065965
627.000000	-0.066018	-0.066020	-0.065939	-0.065873	-0.065840	-0.065749	-0.065829
628.000000	-0.065847	-0.065881	-0.065760	-0.065739	-0.065605	-0.065584	-0.065683
629.000000	-0.065599	-0.065608	-0.065533	-0.065512	-0.065430	-0.065462	-0.065496
630.000000	-0.065390	-0.065350	-0.065326	-0.065295	-0.065313	-0.065334	-0.065314
631.000000	-0.065283	-0.065193	-0.065175	-0.065149	-0.065226	-0.065166	-0.065160
632.000000	-0.065183	-0.065060	-0.065029	-0.065015	-0.065088	-0.064965	-0.064998
633.000000	-0.065008	-0.064882	-0.064849	-0.064841	-0.064857	-0.064748	-0.064804
634.000000	-0.064788	-0.064693	-0.064676	-0.064661	-0.064632	-0.064541	-0.064629
635.000000	-0.064570	-0.064539	-0.064549	-0.064513	-0.064503	-0.064365	-0.064517
636.000000	-0.064375	-0.064400	-0.064420	-0.064361	-0.064378	-0.064214	-0.064392
637.000000	-0.064211	-0.064243	-0.064222	-0.064157	-0.064130	-0.064071	-0.064165
638.000000	-0.064040	-0.064056	-0.063976	-0.063923	-0.063817	-0.063919	-0.063894
639.000000	-0.063815	-0.063845	-0.063742	-0.063710	-0.063573	-0.063742	-0.063695
640.000000	-0.063604	-0.063671	-0.063575	-0.063566	-0.063439	-0.063576	-0.063577
641.000000	-0.063542	-0.063622	-0.063525	-0.063531	-0.063396	-0.063479	-0.063488
642.000000	-0.063595	-0.063639	-0.063547	-0.063542	-0.063394	-0.063435	-0.063401
643.000000	-0.063577	-0.063540	-0.063512	-0.063452	-0.063361	-0.063358	-0.063317
644.000000	-0.063421	-0.063309	-0.063373	-0.063240	-0.063267	-0.063226	-0.063232
645.000000	-0.063221	-0.063156	-0.063193	-0.063062	-0.063143	-0.063100	-0.063133
646.000000	-0.063068	-0.063176	-0.063040	-0.063008	-0.063031	-0.063024	-0.063029
647.000000	-0.063028	-0.063217	-0.062975	-0.063029	-0.062994	-0.062989	-0.062974
648.000000	-0.063118	-0.063172	-0.063024	-0.063071	-0.063055	-0.062993	-0.062997
649.000000	-0.063229	-0.063132	-0.063117	-0.063100	-0.063133	-0.063053	-0.063052
650.000000	-0.063257	-0.063176	-0.063176	-0.063091	-0.063148	-0.063161	-0.063088
651.000000	-0.063202	-0.063209	-0.063153	-0.063041	-0.063104	-0.063198	-0.063083
652.000000	-0.063083	-0.063119	-0.063020	-0.062947	-0.063013	-0.063046	-0.063022
653.000000	-0.062898	-0.062917	-0.062807	-0.062787	-0.062851	-0.062754	-0.062878
654.000000	-0.062642	-0.062657	-0.062566	-0.062534	-0.062585	-0.062428	-0.062624
655.000000	-0.062338	-0.062364	-0.062300	-0.062208	-0.062256	-0.062106	-0.062286
656.000000	-0.062028	-0.062055	-0.061997	-0.061855	-0.061943	-0.061796	-0.061918
657.000000	-0.061775	-0.061775	-0.061718	-0.061569	-0.061709	-0.061551	-0.061607
658.000000	-0.061658	-0.061594	-0.061575	-0.061476	-0.061603	-0.061449	-0.061461
659.000000	-0.061657	-0.061532	-0.061570	-0.061534	-0.061593	-0.061471	-0.061464
660.000000	-0.061650	-0.061550	-0.061582	-0.061533	-0.061564	-0.061489	-0.061469
661.000000	-0.061573	-0.061580	-0.061539	-0.061391	-0.061464	-0.061424	-0.061400
662.000000	-0.061458	-0.061503	-0.061443	-0.061242	-0.061342	-0.061281	-0.061293
663.000000	-0.061309	-0.061272	-0.061300	-0.061153	-0.061222	-0.061074	-0.061172
664.000000	-0.061055	-0.060990	-0.061098	-0.061013	-0.061047	-0.060833	-0.061014
665.000000	-0.060668	-0.060731	-0.060825	-0.060729	-0.060764	-0.060567	-0.060782
666.000000	-0.060281	-0.060429	-0.060467	-0.060357	-0.060361	-0.060230	-0.060415
667.000000	-0.060017	-0.060020	-0.060030	-0.059972	-0.059861	-0.059796	-0.059895
668.000000	-0.059789	-0.059615	-0.059617	-0.059628	-0.059411	-0.059389	-0.059413
669.000000	-0.059476	-0.059344	-0.059332	-0.059357	-0.059161	-0.059145	-0.059176
670.000000	-0.059127	-0.059140	-0.059109	-0.059113	-0.059012	-0.058991	-0.059051
671.000000	-0.058851	-0.058870	-0.058820	-0.058822	-0.058778	-0.058774	-0.058790
672.000000	-0.058648	-0.058554	-0.058495	-0.058512	-0.058484	-0.058486	-0.058422
673.000000	-0.058452	-0.058306	-0.058256	-0.058268	-0.058272	-0.058199	-0.058141
674.000000	-0.058251	-0.058160	-0.058124	-0.058113	-0.058169	-0.057984	-0.058007
675.000000	-0.058081	-0.058083	-0.058034	-0.058015	-0.058097	-0.057903	-0.057965
676.000000	-0.057967	-0.058032	-0.057948	-0.057943	-0.058012	-0.057921	-0.057953
677.000000	-0.057919	-0.057956	-0.057863	-0.057861	-0.057916	-0.057880	-0.057905
678.000000	-0.057930	-0.057858	-0.057800	-0.057774	-0.057822	-0.057734	-0.057815
679.000000	-0.057961	-0.057824	-0.057812	-0.057747	-0.057756	-0.057645	-0.057787
680.000000	-0.057967	-0.057885	-0.057898	-0.057797	-0.057730	-0.057698	-0.057851
681.000000	-0.057897	-0.057899	-0.057918	-0.057802	-0.057706	-0.057746	-0.057839
682.000000	-0.057733	-0.057771	-0.057779	-0.057685	-0.057658	-0.057665	-0.057645
683.000000	-0.057598	-0.057670	-0.057637	-0.057592	-0.057630	-0.057543	-0.057496
684.000000	-0.057612	-0.057763	-0.057658	-0.057672	-0.057669	-0.057498	-0.057618
685.000000	-0.057714	-0.057915	-0.057772	-0.057814	-0.057741	-0.057554	-0.057828
686.000000	-0.057789	-0.057916	-0.057842	-0.057845	-0.057793	-0.057692	-0.057844
687.000000	-0.057792	-0.057787	-0.057822	-0.057770	-0.057791	-0.057796	-0.057715
688.000000	-0.057718	-0.057655	-0.057719	-0.057677	-0.057722	-0.057720	-0.057642
689.000000	-0.057617	-0.057588	-0.057580	-0.057599	-0.057630	-0.057540	-0.057645
690.000000	-0.057575	-0.057604	-0.057486	-0.057531	-0.057602	-0.057479	-0.057629
691.000000	-0.057611	-0.057682	-0.057480	-0.057495	-0.057621	-0.057567	-0.057582
692.000000	-0.057675	-0.057755	-0.057576	-0.057533	-0.057581	-0.057653	-0.057574
693.000000	-0.057739	-0.057787	-0.057735	-0.057636	-0.057487	-0.057666	-0.057629
694.000000	-0.057807	-0.057787	-0.057849	-0.057720	-0.057497	-0.057666	-0.057702
695.000000	-0.057871	-0.057772	-0.057858	-0.057741	-0.057658	-0.057687	-0.057750
696.000000	-0.057901	-0.057773	-0.057807	-0.057753	-0.057776	-0.057709	-0.057746
697.000000	-0.057885	-0.057812	-0.057758	-0.057801	-0.057731	-0.057725	-0.057696
698.000000	-0.057878	-0.057877	-0.057788	-0.057877	-0.057700	-0.057788	-0.057700
699.000000	-0.057932	-0.057955	-0.057938	-0.057962	-0.057846	-0.057934	-0.057831
700.000000	-0.058040	-0.058044	-0.058073	-0.058011	-0.058056	-0.058069	-0.057994
701.000000	-0.058175	-0.058146	-0.058055	-0.057993	-0.058175	-0.058100	-0.058076
702.000000	-0.058282	-0.058248	-0.057987	-0.057991	-0.058187	-0.058095	-0.058099
703.000000	-0.058303	-0.058332	-0.058041	-0.058112	-0.058135	-0.058169	-0.058131
704.000000	-0.058243	-0.058366	-0.058170	-0.058285	-0.058070	-0.058268	-0.058171
705.000000	-0.058144	-0.058317	-0.058216	-0.058353	-0.058047	-0.058254	-0.058179
706.000000	-0.058071	-0.058220	-0.058161	-0.058290	-0.058063	-0.058146	-0.058128
707.000000	-0.058096	-0.058152	-0.058094	-0.058171	-0.058065	-0.058071	-0.057997
708.000000	-0.058170	-0.058126	-0.058031	-0.058042	-0.058031	-0.058041	-0.057831
709.000000	-0.058117	-0.058081	-0.057905	-0.057918	-0.057960	-0.057937	-0.057743
710.000000	-0.057901	-0.057971	-0.057722	-0.057801	-0.057845	-0.057733	-0.057735
711.000000	-0.057711	-0.057787	-0.057601	-0.057682	-0.057663	-0.057555	-0.057642
712.000000	-0.057647	-0.057561	-0.057586	-0.057558	-0.057426	-0.057479	-0.057394
713.000000	-0.057572	-0.057405	-0.057540	-0.057437	-0.057230	-0.057443	-0.057159
714.000000	-0.057374	-0.057368	-0.057364	-0.057312	-0.057132	-0.057365	-0.057057
715.000000	-0.057111	-0.057262	-0.057146	-0.057111	-0.057030	-0.057152	-0.056954
716.000000	-0.056863	-0.056927	-0.056979	-0.056789	-0.056814	-0.056760	-0.056712
717.000000	-0.056663	-0.056552	-0.056804	-0.056462	-0.056484	-0.056377	-0.056387
718.000000	-0.056515	-0.056373	-0.056528	-0.056257	-0.056080	-0.056202	-0.056076
719.000000	-0.056340	-0.056271	-0.056145	-0.056056	-0.055729	-0.056083	-0.055793
720.000000	-0.056042	-0.056006	-0.055697	-0.055671	-0.055575	-0.055758	-0.055524
721.000000	-0.055710	-0.055684	-0.055356	-0.055297	-0.055556	-0.055382	-0.055362
722.000000	-0.055527	-0.055592	-0.055351	-0.055326	-0.055496	-0.055329	-0.055444
723.000000	-0.055446	-0.055612	-0.055516	-0.055578	-0.055306	-0.055442	-0.055550
724.000000	-0.055228	-0.055293	-0.055368	-0.055410	-0.054978	-0.055138	-0.055179
725.000000	-0.054820	-0.054657	-0.054852	-0.054779	-0.054604	-0.054426	-0.054393
726.000000	-0.054394	-0.054290	-0.054420	-0.054363	-0.054391	-0.054028	-0.053916
727.000000	-0.054100	-0.054436	-0.054313	-0.054442	-0.054355	-0.054198	-0.054064
728.000000	-0.054028	-0.054723	-0.054362	-0.054576	-0.054186	-0.054346	-0.054403
729.000000	-0.054201	-0.054862	-0.054446	-0.054471	-0.053790	-0.054122	-0.054609
730.000000	-0.054505	-0.054910	-0.054642	-0.054346	-0.053656	-0.053927	-0.054778
731.000000	-0.054828	-0.054948	-0.055018	-0.054413	-0.054173	-0.054127	-0.055028
732.000000	-0.055151	-0.054990	-0.055503	-0.054609	-0.055098	-0.054587	-0.055334
