[HEADER]
Format	J&M ASCII Table
Comment	
Date	2/12/1980 5:31:12 AM
Order	Y (evenX)
TechType	UV
NumPoints	483
FirstX	250.00
LastX	732.00
XType	NMetr
YType	Absrb
ZType	Secs
NumSubFile	7
Matrix	Z vs X
[DATA]
	0.000000	5.000128	10.000192	15.000320	20.000383	25.000448	30.000576
250.000000	0.008383	0.007868	0.007786	0.007305	0.006827	0.007195	0.006724
251.000000	0.001696	0.001359	0.001249	0.000844	0.000497	0.000832	0.000422
252.000000	-0.004660	-0.004789	-0.005223	-0.005286	-0.005511	-0.005526	-0.005608
253.000000	-0.010601	-0.010514	-0.011215	-0.011060	-0.011212	-0.011528	-0.011286
254.000000	-0.016094	-0.015836	-0.016453	-0.016479	-0.016620	-0.016902	-0.016572
255.000000	-0.021269	-0.021016	-0.021294	-0.021592	-0.021683	-0.021778	-0.021530
256.000000	-0.026251	-0.026266	-0.026128	-0.026439	-0.026358	-0.026347	-0.026238
257.000000	-0.030977	-0.031213	-0.030780	-0.030959	-0.030732	-0.030672	-0.030712
258.000000	-0.035320	-0.035363	-0.034923	-0.035064	-0.034912	-0.034762	-0.034938
259.000000	-0.039188	-0.038875	-0.038599	-0.038724	-0.038792	-0.038566	-0.038803
260.000000	-0.042522	-0.042223	-0.042029	-0.041953	-0.042181	-0.042009	-0.042165
261.000000	-0.045510	-0.045505	-0.045318	-0.044934	-0.045183	-0.045117	-0.045111
262.000000	-0.048520	-0.048533	-0.048479	-0.047973	-0.048129	-0.047996	-0.047908
263.000000	-0.051617	-0.051273	-0.051456	-0.051075	-0.051086	-0.050709	-0.050659
264.000000	-0.054516	-0.053874	-0.054118	-0.053896	-0.053815	-0.053265	-0.053282
265.000000	-0.057037	-0.056401	-0.056448	-0.056271	-0.056191	-0.055667	-0.055692
266.000000	-0.059209	-0.058764	-0.058629	-0.058368	-0.058309	-0.057909	-0.057822
267.000000	-0.061090	-0.060877	-0.060749	-0.060313	-0.060245	-0.059963	-0.059654
268.000000	-0.062764	-0.062708	-0.062596	-0.062035	-0.061980	-0.061755	-0.061306
269.000000	-0.064301	-0.064252	-0.064003	-0.063485	-0.063493	-0.063249	-0.062871
270.000000	-0.065717	-0.065573	-0.065160	-0.064809	-0.064821	-0.064593	-0.064280
271.000000	-0.067012	-0.066751	-0.066310	-0.066162	-0.066014	-0.065943	-0.065457
272.000000	-0.068182	-0.067829	-0.067476	-0.067464	-0.067123	-0.067214	-0.066531
273.000000	-0.069230	-0.068839	-0.068601	-0.068564	-0.068201	-0.068254	-0.067686
274.000000	-0.070245	-0.069834	-0.069667	-0.069501	-0.069269	-0.069132	-0.068872
275.000000	-0.071360	-0.070871	-0.070680	-0.070423	-0.070326	-0.070040	-0.069908
276.000000	-0.072497	-0.071938	-0.071650	-0.071389	-0.071307	-0.070989	-0.070784
277.000000	-0.073405	-0.072964	-0.072589	-0.072385	-0.072096	-0.071841	-0.071631
278.000000	-0.074057	-0.073834	-0.073467	-0.073313	-0.072723	-0.072567	-0.072475
279.000000	-0.074715	-0.074382	-0.074202	-0.073980	-0.073415	-0.073284	-0.073199
280.000000	-0.075517	-0.074671	-0.074815	-0.074400	-0.074268	-0.074073	-0.073788
281.000000	-0.076333	-0.075187	-0.075531	-0.074987	-0.075124	-0.074930	-0.074442
282.000000	-0.077048	-0.076215	-0.076453	-0.075977	-0.075838	-0.075814	-0.075277
283.000000	-0.077687	-0.077317	-0.077257	-0.076963	-0.076401	-0.076608	-0.076104
284.000000	-0.078284	-0.078044	-0.077662	-0.077557	-0.076854	-0.077205	-0.076734
285.000000	-0.078823	-0.078476	-0.077893	-0.077944	-0.077378	-0.077597	-0.077200
286.000000	-0.079275	-0.078824	-0.078275	-0.078423	-0.078138	-0.077829	-0.077599
287.000000	-0.079645	-0.079176	-0.078811	-0.078935	-0.078937	-0.078101	-0.078016
288.000000	-0.079958	-0.079571	-0.079374	-0.079289	-0.079456	-0.078650	-0.078516
289.000000	-0.080316	-0.080019	-0.079919	-0.079559	-0.079741	-0.079359	-0.079052
290.000000	-0.080857	-0.080512	-0.080453	-0.079979	-0.080071	-0.079899	-0.079505
291.000000	-0.081533	-0.081055	-0.080972	-0.080563	-0.080535	-0.080202	-0.079907
292.000000	-0.082119	-0.081657	-0.081461	-0.081118	-0.081044	-0.080456	-0.080429
293.000000	-0.082504	-0.082228	-0.081894	-0.081515	-0.081503	-0.080780	-0.081019
294.000000	-0.082753	-0.082539	-0.082233	-0.081726	-0.081816	-0.081187	-0.081312
295.000000	-0.082942	-0.082563	-0.082463	-0.081814	-0.081971	-0.081638	-0.081216
296.000000	-0.083140	-0.082710	-0.082633	-0.082018	-0.082136	-0.082016	-0.081260
297.000000	-0.083414	-0.083256	-0.082813	-0.082501	-0.082442	-0.082263	-0.081821
298.000000	-0.083821	-0.083879	-0.083129	-0.083117	-0.082840	-0.082551	-0.082536
299.000000	-0.084359	-0.084214	-0.083645	-0.083661	-0.083242	-0.083031	-0.082976
300.000000	-0.084724	-0.084271	-0.084062	-0.083934	-0.083528	-0.083494	-0.083090
301.000000	-0.084599	-0.084183	-0.084041	-0.083794	-0.083598	-0.083670	-0.082967
302.000000	-0.084292	-0.084101	-0.083829	-0.083534	-0.083559	-0.083629	-0.082844
303.000000	-0.084362	-0.084174	-0.083906	-0.083615	-0.083600	-0.083596	-0.083001
304.000000	-0.084771	-0.084403	-0.084250	-0.084013	-0.083753	-0.083651	-0.083381
305.000000	-0.085079	-0.084682	-0.084492	-0.084367	-0.083934	-0.083772	-0.083696
306.000000	-0.085137	-0.084881	-0.084505	-0.084506	-0.084068	-0.083892	-0.083808
307.000000	-0.085108	-0.084853	-0.084420	-0.084464	-0.084084	-0.083903	-0.083746
308.000000	-0.085082	-0.084629	-0.084357	-0.084316	-0.083999	-0.083798	-0.083595
309.000000	-0.085011	-0.084513	-0.084404	-0.084194	-0.083951	-0.083731	-0.083515
310.000000	-0.084898	-0.084660	-0.084558	-0.084180	-0.084009	-0.083783	-0.083574
311.000000	-0.084881	-0.084839	-0.084616	-0.084235	-0.084060	-0.083845	-0.083628
312.000000	-0.085033	-0.084832	-0.084436	-0.084289	-0.083999	-0.083812	-0.083546
313.000000	-0.085127	-0.084663	-0.084179	-0.084221	-0.083866	-0.083691	-0.083348
314.000000	-0.084948	-0.084417	-0.084047	-0.083953	-0.083727	-0.083526	-0.083104
315.000000	-0.084688	-0.084219	-0.084074	-0.083711	-0.083649	-0.083421	-0.082962
316.000000	-0.084635	-0.084186	-0.084224	-0.083767	-0.083681	-0.083473	-0.083060
317.000000	-0.084714	-0.084213	-0.084321	-0.083942	-0.083703	-0.083544	-0.083247
318.000000	-0.084676	-0.084104	-0.084137	-0.083854	-0.083531	-0.083395	-0.083241
319.000000	-0.084527	-0.083909	-0.083762	-0.083557	-0.083262	-0.083098	-0.083043
320.000000	-0.084452	-0.083864	-0.083523	-0.083422	-0.083202	-0.082948	-0.082863
321.000000	-0.084457	-0.083995	-0.083522	-0.083505	-0.083391	-0.083016	-0.082787
322.000000	-0.084343	-0.084088	-0.083612	-0.083501	-0.083567	-0.083115	-0.082755
323.000000	-0.084069	-0.084037	-0.083659	-0.083295	-0.083563	-0.083114	-0.082733
324.000000	-0.083880	-0.083937	-0.083579	-0.083124	-0.083391	-0.082995	-0.082735
325.000000	-0.083898	-0.083848	-0.083340	-0.083112	-0.083111	-0.082776	-0.082736
326.000000	-0.083895	-0.083709	-0.083033	-0.083035	-0.082851	-0.082544	-0.082604
327.000000	-0.083694	-0.083485	-0.082771	-0.082729	-0.082703	-0.082365	-0.082271
328.000000	-0.083531	-0.083289	-0.082688	-0.082455	-0.082588	-0.082206	-0.081952
329.000000	-0.083650	-0.083228	-0.082862	-0.082484	-0.082402	-0.082016	-0.081871
330.000000	-0.083758	-0.083128	-0.083010	-0.082558	-0.082142	-0.081794	-0.081881
331.000000	-0.083430	-0.082759	-0.082774	-0.082288	-0.081847	-0.081562	-0.081730
332.000000	-0.082856	-0.082307	-0.082297	-0.081843	-0.081621	-0.081399	-0.081435
333.000000	-0.082530	-0.082160	-0.081972	-0.081666	-0.081591	-0.081400	-0.081157
334.000000	-0.082497	-0.082266	-0.081857	-0.081736	-0.081645	-0.081423	-0.080971
335.000000	-0.082449	-0.082225	-0.081738	-0.081662	-0.081485	-0.081148	-0.080878
336.000000	-0.082259	-0.081924	-0.081540	-0.081349	-0.081095	-0.080624	-0.080817
337.000000	-0.082032	-0.081601	-0.081363	-0.081068	-0.080796	-0.080343	-0.080650
338.000000	-0.081825	-0.081384	-0.081218	-0.080936	-0.080722	-0.080475	-0.080335
339.000000	-0.081581	-0.081177	-0.080953	-0.080765	-0.080641	-0.080592	-0.080003
340.000000	-0.081294	-0.080927	-0.080536	-0.080449	-0.080394	-0.080406	-0.079753
341.000000	-0.081109	-0.080773	-0.080301	-0.080167	-0.080100	-0.080167	-0.079560
342.000000	-0.081111	-0.080793	-0.080468	-0.080065	-0.079876	-0.080092	-0.079380
343.000000	-0.081028	-0.080703	-0.080558	-0.079964	-0.079645	-0.079923	-0.079176
344.000000	-0.080578	-0.080221	-0.080062	-0.079656	-0.079315	-0.079372	-0.078926
345.000000	-0.079993	-0.079648	-0.079360	-0.079256	-0.078976	-0.078718	-0.078695
346.000000	-0.079660	-0.079450	-0.079100	-0.078979	-0.078780	-0.078414	-0.078559
347.000000	-0.079538	-0.079499	-0.079173	-0.078812	-0.078701	-0.078414	-0.078418
348.000000	-0.079358	-0.079349	-0.079053	-0.078613	-0.078623	-0.078398	-0.078080
349.000000	-0.079108	-0.078971	-0.078656	-0.078366	-0.078478	-0.078246	-0.077634
350.000000	-0.078995	-0.078685	-0.078277	-0.078158	-0.078249	-0.078011	-0.077401
351.000000	-0.079029	-0.078594	-0.078058	-0.078012	-0.077970	-0.077745	-0.077429
352.000000	-0.078968	-0.078512	-0.077937	-0.077861	-0.077737	-0.077494	-0.077418
353.000000	-0.078702	-0.078310	-0.077837	-0.077668	-0.077579	-0.077274	-0.077208
354.000000	-0.078396	-0.077991	-0.077673	-0.077447	-0.077389	-0.077052	-0.076937
355.000000	-0.078174	-0.077607	-0.077401	-0.077225	-0.077096	-0.076804	-0.076714
356.000000	-0.077967	-0.077312	-0.077096	-0.077038	-0.076768	-0.076549	-0.076494
357.000000	-0.077710	-0.077221	-0.076844	-0.076910	-0.076491	-0.076324	-0.076233
358.000000	-0.077500	-0.077218	-0.076693	-0.076805	-0.076321	-0.076203	-0.076010
359.000000	-0.077442	-0.077140	-0.076655	-0.076673	-0.076280	-0.076236	-0.075907
360.000000	-0.077417	-0.076943	-0.076596	-0.076470	-0.076227	-0.076231	-0.075782
361.000000	-0.077235	-0.076639	-0.076351	-0.076168	-0.075983	-0.075936	-0.075441
362.000000	-0.076930	-0.076351	-0.076045	-0.075882	-0.075676	-0.075515	-0.075058
363.000000	-0.076669	-0.076261	-0.075960	-0.075794	-0.075604	-0.075357	-0.075002
364.000000	-0.076515	-0.076315	-0.076069	-0.075849	-0.075702	-0.075451	-0.075188
365.000000	-0.076443	-0.076256	-0.076069	-0.075783	-0.075594	-0.075433	-0.075138
366.000000	-0.076390	-0.076002	-0.075845	-0.075520	-0.075206	-0.075174	-0.074730
367.000000	-0.076253	-0.075704	-0.075541	-0.075238	-0.074871	-0.074858	-0.074322
368.000000	-0.076034	-0.075508	-0.075291	-0.075080	-0.074794	-0.074646	-0.074176
369.000000	-0.075943	-0.075528	-0.075188	-0.075094	-0.074883	-0.074606	-0.074306
370.000000	-0.076089	-0.075771	-0.075258	-0.075261	-0.075018	-0.074729	-0.074622
371.000000	-0.076233	-0.075959	-0.075356	-0.075410	-0.075084	-0.074810	-0.074809
372.000000	-0.076154	-0.075853	-0.075351	-0.075395	-0.074996	-0.074688	-0.074630
373.000000	-0.075981	-0.075605	-0.075294	-0.075300	-0.074815	-0.074558	-0.074358
374.000000	-0.075912	-0.075448	-0.075271	-0.075251	-0.074638	-0.074653	-0.074342
375.000000	-0.075951	-0.075436	-0.075283	-0.075239	-0.074544	-0.074816	-0.074500
376.000000	-0.076023	-0.075541	-0.075294	-0.075201	-0.074595	-0.074761	-0.074587
377.000000	-0.076067	-0.075649	-0.075300	-0.075173	-0.074704	-0.074582	-0.074568
378.000000	-0.076027	-0.075608	-0.075318	-0.075243	-0.074702	-0.074595	-0.074536
379.000000	-0.075937	-0.075487	-0.075371	-0.075358	-0.074615	-0.074780	-0.074534
380.000000	-0.075903	-0.075554	-0.075484	-0.075339	-0.074638	-0.074822	-0.074556
381.000000	-0.075976	-0.075841	-0.075621	-0.075186	-0.074831	-0.074679	-0.074600
382.000000	-0.076135	-0.076061	-0.075666	-0.075142	-0.075063	-0.074681	-0.074668
383.000000	-0.076347	-0.076074	-0.075607	-0.075342	-0.075236	-0.074976	-0.074757
384.000000	-0.076569	-0.076067	-0.075654	-0.075674	-0.075341	-0.075298	-0.074857
385.000000	-0.076771	-0.076203	-0.075928	-0.076007	-0.075410	-0.075457	-0.074969
386.000000	-0.076961	-0.076468	-0.076227	-0.076231	-0.075555	-0.075615	-0.075128
387.000000	-0.077147	-0.076797	-0.076364	-0.076282	-0.075851	-0.075926	-0.075360
388.000000	-0.077310	-0.077062	-0.076499	-0.076289	-0.076142	-0.076210	-0.075637
389.000000	-0.077423	-0.077144	-0.076829	-0.076404	-0.076243	-0.076244	-0.075909
390.000000	-0.077477	-0.077122	-0.077145	-0.076584	-0.076218	-0.076123	-0.076112
391.000000	-0.077473	-0.077144	-0.077102	-0.076712	-0.076230	-0.076070	-0.076183
392.000000	-0.077457	-0.077236	-0.076859	-0.076780	-0.076351	-0.076144	-0.076162
393.000000	-0.077499	-0.077341	-0.076865	-0.076848	-0.076593	-0.076302	-0.076153
394.000000	-0.077621	-0.077396	-0.077133	-0.076905	-0.076844	-0.076455	-0.076181
395.000000	-0.077803	-0.077334	-0.077275	-0.076883	-0.076883	-0.076481	-0.076203
396.000000	-0.077984	-0.077218	-0.077182	-0.076813	-0.076721	-0.076407	-0.076202
397.000000	-0.078050	-0.077289	-0.077135	-0.076872	-0.076682	-0.076472	-0.076199
398.000000	-0.077987	-0.077622	-0.077296	-0.077119	-0.076918	-0.076758	-0.076249
399.000000	-0.077982	-0.077939	-0.077541	-0.077364	-0.077196	-0.077020	-0.076463
400.000000	-0.078160	-0.078039	-0.077737	-0.077464	-0.077328	-0.077076	-0.076860
401.000000	-0.078399	-0.078068	-0.077843	-0.077506	-0.077393	-0.077058	-0.077165
402.000000	-0.078544	-0.078173	-0.077854	-0.077582	-0.077482	-0.077108	-0.077137
403.000000	-0.078532	-0.078241	-0.077844	-0.077630	-0.077524	-0.077179	-0.076942
404.000000	-0.078350	-0.078121	-0.077900	-0.077570	-0.077429	-0.077182	-0.076828
405.000000	-0.078167	-0.077954	-0.078006	-0.077499	-0.077303	-0.077138	-0.076835
406.000000	-0.078209	-0.077978	-0.078104	-0.077572	-0.077321	-0.077114	-0.076915
407.000000	-0.078443	-0.078141	-0.078150	-0.077730	-0.077457	-0.077154	-0.077034
408.000000	-0.078678	-0.078215	-0.078118	-0.077788	-0.077559	-0.077281	-0.077169
409.000000	-0.078795	-0.078163	-0.078047	-0.077721	-0.077563	-0.077432	-0.077265
410.000000	-0.078746	-0.078124	-0.078037	-0.077656	-0.077481	-0.077457	-0.077238
411.000000	-0.078566	-0.078155	-0.078103	-0.077635	-0.077364	-0.077329	-0.077104
412.000000	-0.078401	-0.078196	-0.078141	-0.077584	-0.077308	-0.077185	-0.077006
413.000000	-0.078363	-0.078211	-0.078097	-0.077500	-0.077357	-0.077136	-0.077037
414.000000	-0.078483	-0.078233	-0.078038	-0.077544	-0.077443	-0.077216	-0.077172
415.000000	-0.078720	-0.078274	-0.078009	-0.077781	-0.077500	-0.077404	-0.077343
416.000000	-0.078836	-0.078258	-0.077948	-0.077943	-0.077499	-0.077540	-0.077410
417.000000	-0.078658	-0.078139	-0.077815	-0.077801	-0.077441	-0.077491	-0.077276
418.000000	-0.078451	-0.078056	-0.077754	-0.077577	-0.077419	-0.077362	-0.077106
419.000000	-0.078530	-0.078159	-0.077905	-0.077562	-0.077518	-0.077300	-0.077095
420.000000	-0.078709	-0.078263	-0.078056	-0.077645	-0.077590	-0.077269	-0.077139
421.000000	-0.078619	-0.078082	-0.077883	-0.077570	-0.077419	-0.077170	-0.077032
422.000000	-0.078312	-0.077751	-0.077550	-0.077398	-0.077149	-0.077064	-0.076825
423.000000	-0.078094	-0.077653	-0.077500	-0.077375	-0.077134	-0.077101	-0.076727
424.000000	-0.078025	-0.077767	-0.077686	-0.077454	-0.077318	-0.077202	-0.076732
425.000000	-0.077943	-0.077706	-0.077615	-0.077322	-0.077280	-0.077074	-0.076649
426.000000	-0.077784	-0.077388	-0.077183	-0.076946	-0.076929	-0.076711	-0.076448
427.000000	-0.077622	-0.077154	-0.076823	-0.076673	-0.076629	-0.076488	-0.076329
428.000000	-0.077519	-0.077176	-0.076779	-0.076680	-0.076581	-0.076570	-0.076372
429.000000	-0.077496	-0.077239	-0.076861	-0.076762	-0.076594	-0.076661	-0.076401
430.000000	-0.077541	-0.077173	-0.076890	-0.076743	-0.076516	-0.076530	-0.076285
431.000000	-0.077570	-0.077055	-0.076870	-0.076658	-0.076413	-0.076296	-0.076111
432.000000	-0.077506	-0.076982	-0.076827	-0.076562	-0.076366	-0.076107	-0.075977
433.000000	-0.077371	-0.076920	-0.076749	-0.076436	-0.076331	-0.075962	-0.075870
434.000000	-0.077212	-0.076814	-0.076616	-0.076256	-0.076242	-0.075830	-0.075751
435.000000	-0.077059	-0.076685	-0.076465	-0.076121	-0.076136	-0.075748	-0.075632
436.000000	-0.076934	-0.076585	-0.076347	-0.076156	-0.076078	-0.075768	-0.075545
437.000000	-0.076837	-0.076520	-0.076261	-0.076266	-0.076027	-0.075819	-0.075471
438.000000	-0.076754	-0.076471	-0.076176	-0.076229	-0.075883	-0.075758	-0.075364
439.000000	-0.076669	-0.076417	-0.076093	-0.076029	-0.075676	-0.075574	-0.075229
440.000000	-0.076566	-0.076336	-0.076042	-0.075828	-0.075547	-0.075374	-0.075121
441.000000	-0.076451	-0.076236	-0.076021	-0.075719	-0.075529	-0.075240	-0.075072
442.000000	-0.076365	-0.076165	-0.075987	-0.075693	-0.075498	-0.075211	-0.075090
443.000000	-0.076327	-0.076148	-0.075929	-0.075718	-0.075416	-0.075284	-0.075151
444.000000	-0.076304	-0.076159	-0.075910	-0.075733	-0.075419	-0.075367	-0.075185
445.000000	-0.076278	-0.076171	-0.075953	-0.075704	-0.075573	-0.075389	-0.075152
446.000000	-0.076283	-0.076162	-0.075942	-0.075671	-0.075694	-0.075353	-0.075106
447.000000	-0.076337	-0.076116	-0.075792	-0.075669	-0.075618	-0.075276	-0.075096
448.000000	-0.076365	-0.076036	-0.075624	-0.075643	-0.075440	-0.075184	-0.075062
449.000000	-0.076285	-0.075930	-0.075583	-0.075529	-0.075302	-0.075095	-0.074934
450.000000	-0.076123	-0.075799	-0.075581	-0.075352	-0.075176	-0.074979	-0.074760
451.000000	-0.075946	-0.075643	-0.075452	-0.075168	-0.074975	-0.074796	-0.074624
452.000000	-0.075767	-0.075482	-0.075212	-0.075001	-0.074746	-0.074582	-0.074511
453.000000	-0.075571	-0.075345	-0.074983	-0.074854	-0.074607	-0.074416	-0.074354
454.000000	-0.075415	-0.075261	-0.074851	-0.074756	-0.074591	-0.074346	-0.074189
455.000000	-0.075418	-0.075254	-0.074862	-0.074757	-0.074653	-0.074388	-0.074140
456.000000	-0.075544	-0.075275	-0.074963	-0.074820	-0.074710	-0.074479	-0.074202
457.000000	-0.075569	-0.075183	-0.074971	-0.074798	-0.074638	-0.074461	-0.074209
458.000000	-0.075387	-0.074941	-0.074806	-0.074630	-0.074413	-0.074278	-0.074085
459.000000	-0.075138	-0.074719	-0.074596	-0.074432	-0.074194	-0.074075	-0.073938
460.000000	-0.074947	-0.074631	-0.074451	-0.074301	-0.074098	-0.073962	-0.073848
461.000000	-0.074830	-0.074592	-0.074378	-0.074235	-0.074069	-0.073902	-0.073760
462.000000	-0.074780	-0.074510	-0.074362	-0.074208	-0.074033	-0.073840	-0.073621
463.000000	-0.074747	-0.074400	-0.074343	-0.074159	-0.073950	-0.073756	-0.073474
464.000000	-0.074688	-0.074303	-0.074271	-0.074039	-0.073804	-0.073646	-0.073377
465.000000	-0.074627	-0.074243	-0.074182	-0.073904	-0.073678	-0.073556	-0.073333
466.000000	-0.074607	-0.074232	-0.074139	-0.073845	-0.073674	-0.073540	-0.073323
467.000000	-0.074607	-0.074241	-0.074106	-0.073838	-0.073719	-0.073542	-0.073292
468.000000	-0.074567	-0.074220	-0.073992	-0.073804	-0.073650	-0.073449	-0.073174
469.000000	-0.074463	-0.074141	-0.073816	-0.073718	-0.073468	-0.073279	-0.073005
470.000000	-0.074302	-0.073992	-0.073679	-0.073603	-0.073305	-0.073156	-0.072899
471.000000	-0.074120	-0.073814	-0.073614	-0.073472	-0.073210	-0.073102	-0.072871
472.000000	-0.073990	-0.073713	-0.073571	-0.073322	-0.073121	-0.073022	-0.072808
473.000000	-0.073954	-0.073722	-0.073518	-0.073190	-0.073022	-0.072887	-0.072676
474.000000	-0.073994	-0.073745	-0.073477	-0.073181	-0.072978	-0.072806	-0.072589
475.000000	-0.074055	-0.073699	-0.073453	-0.073308	-0.073009	-0.072827	-0.072602
476.000000	-0.074000	-0.073574	-0.073409	-0.073338	-0.073007	-0.072817	-0.072580
477.000000	-0.073750	-0.073390	-0.073319	-0.073104	-0.072890	-0.072669	-0.072418
478.000000	-0.073508	-0.073264	-0.073222	-0.072854	-0.072775	-0.072503	-0.072246
479.000000	-0.073490	-0.073295	-0.073165	-0.072865	-0.072790	-0.072459	-0.072213
480.000000	-0.073597	-0.073382	-0.073130	-0.072990	-0.072845	-0.072494	-0.072264
481.000000	-0.073631	-0.073362	-0.073074	-0.072961	-0.072790	-0.072506	-0.072277
482.000000	-0.073547	-0.073227	-0.072983	-0.072800	-0.072633	-0.072450	-0.072212
483.000000	-0.073382	-0.073050	-0.072856	-0.072673	-0.072460	-0.072319	-0.072069
484.000000	-0.073192	-0.072889	-0.072702	-0.072583	-0.072298	-0.072137	-0.071872
485.000000	-0.073044	-0.072788	-0.072534	-0.072407	-0.072122	-0.071952	-0.071660
486.000000	-0.072952	-0.072722	-0.072370	-0.072154	-0.071951	-0.071799	-0.071486
487.000000	-0.072871	-0.072593	-0.072225	-0.071977	-0.071845	-0.071692	-0.071419
488.000000	-0.072778	-0.072390	-0.072099	-0.071935	-0.071816	-0.071619	-0.071442
489.000000	-0.072692	-0.072250	-0.071965	-0.071921	-0.071794	-0.071528	-0.071403
490.000000	-0.072639	-0.072256	-0.071839	-0.071867	-0.071738	-0.071416	-0.071241
491.000000	-0.072658	-0.072322	-0.071841	-0.071837	-0.071689	-0.071398	-0.071143
492.000000	-0.072736	-0.072342	-0.072017	-0.071866	-0.071668	-0.071521	-0.071226
493.000000	-0.072672	-0.072217	-0.072082	-0.071815	-0.071569	-0.071527	-0.071217
494.000000	-0.072304	-0.071900	-0.071775	-0.071559	-0.071307	-0.071184	-0.070858
495.000000	-0.071888	-0.071598	-0.071361	-0.071249	-0.071045	-0.070780	-0.070450
496.000000	-0.071770	-0.071561	-0.071231	-0.071101	-0.070998	-0.070716	-0.070413
497.000000	-0.071872	-0.071670	-0.071299	-0.071089	-0.071066	-0.070862	-0.070606
498.000000	-0.071909	-0.071641	-0.071260	-0.071073	-0.071013	-0.070847	-0.070631
499.000000	-0.071790	-0.071430	-0.071080	-0.070985	-0.070820	-0.070636	-0.070440
500.000000	-0.071561	-0.071172	-0.070915	-0.070814	-0.070628	-0.070433	-0.070235
501.000000	-0.071291	-0.070948	-0.070805	-0.070585	-0.070480	-0.070307	-0.070092
502.000000	-0.071066	-0.070782	-0.070658	-0.070362	-0.070315	-0.070176	-0.069944
503.000000	-0.070933	-0.070676	-0.070464	-0.070203	-0.070120	-0.070006	-0.069777
504.000000	-0.070886	-0.070599	-0.070344	-0.070155	-0.069962	-0.069850	-0.069659
505.000000	-0.070884	-0.070520	-0.070338	-0.070202	-0.069873	-0.069738	-0.069608
506.000000	-0.070828	-0.070415	-0.070289	-0.070183	-0.069787	-0.069644	-0.069515
507.000000	-0.070650	-0.070270	-0.070091	-0.069989	-0.069656	-0.069534	-0.069310
508.000000	-0.070416	-0.070113	-0.069884	-0.069733	-0.069515	-0.069380	-0.069112
509.000000	-0.070215	-0.069977	-0.069816	-0.069551	-0.069411	-0.069175	-0.069042
510.000000	-0.070110	-0.069880	-0.069794	-0.069450	-0.069345	-0.069022	-0.069031
511.000000	-0.070135	-0.069827	-0.069676	-0.069399	-0.069296	-0.069021	-0.068969
512.000000	-0.070168	-0.069774	-0.069488	-0.069332	-0.069201	-0.069049	-0.068832
513.000000	-0.070034	-0.069662	-0.069328	-0.069181	-0.068982	-0.068895	-0.068644
514.000000	-0.069785	-0.069508	-0.069220	-0.068995	-0.068721	-0.068622	-0.068464
515.000000	-0.069622	-0.069379	-0.069133	-0.068895	-0.068594	-0.068466	-0.068370
516.000000	-0.069556	-0.069262	-0.069038	-0.068860	-0.068583	-0.068446	-0.068330
517.000000	-0.069423	-0.069066	-0.068906	-0.068733	-0.068484	-0.068367	-0.068206
518.000000	-0.069170	-0.068800	-0.068724	-0.068475	-0.068241	-0.068153	-0.067964
519.000000	-0.068912	-0.068606	-0.068504	-0.068225	-0.068012	-0.067906	-0.067722
520.000000	-0.068736	-0.068547	-0.068283	-0.068072	-0.067885	-0.067702	-0.067547
521.000000	-0.068645	-0.068505	-0.068154	-0.067984	-0.067779	-0.067530	-0.067391
522.000000	-0.068608	-0.068380	-0.068152	-0.067916	-0.067630	-0.067378	-0.067213
523.000000	-0.068518	-0.068205	-0.068113	-0.067828	-0.067484	-0.067258	-0.067035
524.000000	-0.068298	-0.068029	-0.067898	-0.067693	-0.067392	-0.067175	-0.066895
525.000000	-0.068057	-0.067885	-0.067637	-0.067540	-0.067334	-0.067094	-0.066818
526.000000	-0.067936	-0.067793	-0.067506	-0.067405	-0.067272	-0.066976	-0.066818
527.000000	-0.067917	-0.067735	-0.067472	-0.067294	-0.067192	-0.066860	-0.066822
528.000000	-0.067916	-0.067677	-0.067421	-0.067197	-0.067091	-0.066804	-0.066731
529.000000	-0.067873	-0.067584	-0.067318	-0.067092	-0.066957	-0.066767	-0.066566
530.000000	-0.067742	-0.067423	-0.067174	-0.066953	-0.066778	-0.066652	-0.066415
531.000000	-0.067540	-0.067217	-0.067009	-0.066788	-0.066590	-0.066460	-0.066285
532.000000	-0.067338	-0.067039	-0.066854	-0.066643	-0.066473	-0.066275	-0.066120
533.000000	-0.067193	-0.066926	-0.066722	-0.066537	-0.066432	-0.066152	-0.065937
534.000000	-0.067139	-0.066866	-0.066612	-0.066463	-0.066382	-0.066106	-0.065850
535.000000	-0.067155	-0.066830	-0.066519	-0.066396	-0.066271	-0.066103	-0.065876
536.000000	-0.067122	-0.066758	-0.066438	-0.066287	-0.066131	-0.066027	-0.065836
537.000000	-0.066961	-0.066619	-0.066349	-0.066112	-0.065987	-0.065816	-0.065620
538.000000	-0.066727	-0.066461	-0.066208	-0.065929	-0.065841	-0.065574	-0.065358
539.000000	-0.066502	-0.066332	-0.066000	-0.065792	-0.065697	-0.065410	-0.065189
540.000000	-0.066370	-0.066228	-0.065860	-0.065703	-0.065602	-0.065328	-0.065144
541.000000	-0.066377	-0.066134	-0.065900	-0.065646	-0.065576	-0.065298	-0.065196
542.000000	-0.066311	-0.066007	-0.065857	-0.065568	-0.065456	-0.065239	-0.065133
543.000000	-0.065941	-0.065810	-0.065420	-0.065412	-0.065074	-0.065074	-0.064750
544.000000	-0.065740	-0.065629	-0.065129	-0.065215	-0.064902	-0.064921	-0.064542
545.000000	-0.066436	-0.065599	-0.065847	-0.065057	-0.065629	-0.064975	-0.065254
546.000000	-0.066704	-0.065566	-0.066204	-0.064966	-0.065911	-0.064933	-0.065531
547.000000	-0.063825	-0.065171	-0.063293	-0.064925	-0.063016	-0.064153	-0.062582
548.000000	-0.061361	-0.064747	-0.060681	-0.064815	-0.060530	-0.063444	-0.060009
549.000000	-0.069727	-0.065309	-0.068993	-0.064419	-0.068924	-0.065131	-0.068390
550.000000	-0.080797	-0.060750	-0.080175	-0.063985	-0.080053	-0.062007	-0.079604
551.000000	-0.055990	-0.033449	-0.055462	-0.064521	-0.055190	-0.031417	-0.054808
552.000000	0.012464	0.015493	0.013031	-0.065693	0.013476	0.026466	0.013885
553.000000	0.053326	0.038462	0.053944	-0.063843	0.054459	0.054439	0.054933
554.000000	0.014604	0.002700	0.015187	-0.057210	0.015594	0.012863	0.016104
555.000000	-0.048668	-0.049223	-0.048134	-0.052347	-0.047856	-0.047831	-0.047382
556.000000	-0.072188	-0.069031	-0.071632	-0.055553	-0.071345	-0.070338	-0.070993
557.000000	-0.066038	-0.065103	-0.065442	-0.062237	-0.065089	-0.064845	-0.064820
558.000000	-0.061438	-0.061863	-0.060864	-0.065107	-0.060530	-0.060627	-0.060167
559.000000	-0.063161	-0.063150	-0.062634	-0.063957	-0.062377	-0.062206	-0.061851
560.000000	-0.063738	-0.063290	-0.063193	-0.061961	-0.062969	-0.062652	-0.062425
561.000000	-0.062961	-0.062569	-0.062369	-0.061670	-0.062123	-0.061897	-0.061679
562.000000	-0.065404	-0.065134	-0.064853	-0.064907	-0.064577	-0.064376	-0.064164
563.000000	-0.067553	-0.067294	-0.067109	-0.067035	-0.066821	-0.066530	-0.066339
564.000000	-0.058145	-0.057879	-0.057723	-0.057421	-0.057438	-0.057156	-0.056922
565.000000	-0.047145	-0.046906	-0.046635	-0.046404	-0.046359	-0.046231	-0.045890
566.000000	-0.075048	-0.074844	-0.074501	-0.074400	-0.074230	-0.074194	-0.073802
567.000000	-0.145423	-0.145238	-0.144967	-0.144870	-0.144682	-0.144579	-0.144249
568.000000	-0.180929	-0.180731	-0.180563	-0.180389	-0.180236	-0.180058	-0.179822
569.000000	-0.132160	-0.131920	-0.131782	-0.131519	-0.131392	-0.131244	-0.131056
570.000000	-0.064713	-0.064449	-0.064290	-0.063987	-0.063865	-0.063743	-0.063572
571.000000	-0.046850	-0.046617	-0.046426	-0.046170	-0.046034	-0.045831	-0.045665
572.000000	-0.060175	-0.059974	-0.059770	-0.059580	-0.059433	-0.059136	-0.058951
573.000000	-0.066727	-0.066493	-0.066313	-0.066128	-0.065996	-0.065719	-0.065476
574.000000	-0.063378	-0.063099	-0.062936	-0.062718	-0.062614	-0.062422	-0.062113
575.000000	-0.060884	-0.060642	-0.060430	-0.060206	-0.060112	-0.059958	-0.059622
576.000000	-0.061444	-0.061275	-0.061005	-0.060790	-0.060677	-0.060507	-0.060202
577.000000	-0.062102	-0.061919	-0.061702	-0.061458	-0.061293	-0.061116	-0.060892
578.000000	-0.061870	-0.061601	-0.061511	-0.061224	-0.061000	-0.060844	-0.060692
579.000000	-0.061539	-0.061245	-0.061182	-0.060930	-0.060679	-0.060567	-0.060370
580.000000	-0.061387	-0.061156	-0.060981	-0.060851	-0.060609	-0.060537	-0.060199
581.000000	-0.060987	-0.060796	-0.060507	-0.060486	-0.060244	-0.060164	-0.059770
582.000000	-0.060524	-0.060301	-0.059975	-0.059989	-0.059725	-0.059583	-0.059289
583.000000	-0.061355	-0.061103	-0.060782	-0.060777	-0.060510	-0.060306	-0.060129
584.000000	-0.063111	-0.062891	-0.062581	-0.062523	-0.062302	-0.062078	-0.061929
585.000000	-0.060626	-0.060470	-0.060184	-0.060036	-0.059880	-0.059658	-0.059501
586.000000	-0.054069	-0.053957	-0.053712	-0.053462	-0.053354	-0.053133	-0.052995
587.000000	-0.067292	-0.067083	-0.066871	-0.066673	-0.066563	-0.066343	-0.066235
588.000000	-0.118847	-0.118361	-0.118150	-0.118238	-0.118070	-0.117855	-0.117755
589.000000	-0.162986	-0.162592	-0.162367	-0.162392	-0.162218	-0.161990	-0.161834
590.000000	-0.140432	-0.140998	-0.140774	-0.139831	-0.139807	-0.139537	-0.139234
591.000000	-0.078857	-0.079438	-0.079233	-0.078237	-0.078180	-0.077974	-0.077635
592.000000	-0.047580	-0.044737	-0.044559	-0.046956	-0.046216	-0.046352	-0.046342
593.000000	-0.054103	-0.049857	-0.049702	-0.053476	-0.052491	-0.052707	-0.052864
594.000000	-0.059841	-0.066726	-0.066579	-0.059163	-0.060442	-0.059497	-0.058629
595.000000	-0.052190	-0.067902	-0.067724	-0.051440	-0.054505	-0.052680	-0.051018
596.000000	-0.047598	-0.028378	-0.028096	-0.046865	-0.042928	-0.044650	-0.046434
597.000000	-0.053157	0.038156	0.038573	-0.052546	-0.034153	-0.043159	-0.051967
598.000000	-0.059410	0.059001	0.059420	-0.058895	-0.035082	-0.046824	-0.058229
599.000000	-0.059948	0.002521	0.002765	-0.059418	-0.046850	-0.052943	-0.058824
600.000000	-0.058217	-0.060891	-0.060760	-0.057616	-0.058107	-0.057620	-0.057092
601.000000	-0.057737	-0.072823	-0.072581	-0.057067	-0.059997	-0.058246	-0.056488
602.000000	-0.057956	-0.058550	-0.058180	-0.057240	-0.057234	-0.056938	-0.056595
603.000000	-0.057749	-0.053108	-0.052808	-0.057021	-0.056015	-0.056250	-0.056418
604.000000	-0.057235	-0.056128	-0.055970	-0.056532	-0.056283	-0.056182	-0.055990
605.000000	-0.056853	-0.057668	-0.057523	-0.056206	-0.056290	-0.056040	-0.055617
606.000000	-0.056599	-0.056628	-0.056386	-0.056006	-0.055831	-0.055700	-0.055313
607.000000	-0.056283	-0.055697	-0.055361	-0.055700	-0.055366	-0.055293	-0.054972
608.000000	-0.055885	-0.055502	-0.055128	-0.055274	-0.055017	-0.054885	-0.054602
609.000000	-0.055489	-0.055354	-0.055013	-0.054850	-0.054686	-0.054501	-0.054282
610.000000	-0.055150	-0.055020	-0.054742	-0.054483	-0.054354	-0.054164	-0.054032
611.000000	-0.054890	-0.054706	-0.054432	-0.054169	-0.054075	-0.053901	-0.053812
612.000000	-0.054687	-0.054478	-0.054150	-0.053894	-0.053853	-0.053686	-0.053581
613.000000	-0.054463	-0.054203	-0.053875	-0.053642	-0.053631	-0.053434	-0.053300
614.000000	-0.054190	-0.053850	-0.053615	-0.053411	-0.053379	-0.053124	-0.052981
615.000000	-0.053951	-0.053597	-0.053444	-0.053239	-0.053142	-0.052871	-0.052745
616.000000	-0.053799	-0.053543	-0.053381	-0.053138	-0.052949	-0.052743	-0.052644
617.000000	-0.053690	-0.053514	-0.053295	-0.053046	-0.052782	-0.052650	-0.052533
618.000000	-0.053571	-0.053346	-0.053073	-0.052901	-0.052615	-0.052502	-0.052288
619.000000	-0.053417	-0.053099	-0.052801	-0.052707	-0.052436	-0.052316	-0.052021
620.000000	-0.053220	-0.052876	-0.052594	-0.052489	-0.052245	-0.052135	-0.051873
621.000000	-0.053031	-0.052719	-0.052461	-0.052293	-0.052095	-0.051983	-0.051804
622.000000	-0.052910	-0.052632	-0.052367	-0.052168	-0.052043	-0.051875	-0.051711
623.000000	-0.052822	-0.052546	-0.052266	-0.052069	-0.052018	-0.051783	-0.051581
624.000000	-0.052683	-0.052358	-0.052112	-0.051908	-0.051891	-0.051663	-0.051447
625.000000	-0.052494	-0.052105	-0.051926	-0.051721	-0.051680	-0.051505	-0.051327
626.000000	-0.052313	-0.051928	-0.051783	-0.051634	-0.051515	-0.051325	-0.051228
627.000000	-0.052160	-0.051850	-0.051687	-0.051629	-0.051416	-0.051142	-0.051120
628.000000	-0.052009	-0.051760	-0.051564	-0.051526	-0.051278	-0.050970	-0.050937
629.000000	-0.051851	-0.051619	-0.051390	-0.051274	-0.051073	-0.050821	-0.050682
630.000000	-0.051711	-0.051501	-0.051225	-0.051027	-0.050900	-0.050704	-0.050474
631.000000	-0.051593	-0.051443	-0.051100	-0.050891	-0.050800	-0.050615	-0.050378
632.000000	-0.051453	-0.051362	-0.050968	-0.050817	-0.050668	-0.050533	-0.050314
633.000000	-0.051268	-0.051195	-0.050797	-0.050742	-0.050430	-0.050431	-0.050207
634.000000	-0.051095	-0.050988	-0.050650	-0.050636	-0.050196	-0.050276	-0.050067
635.000000	-0.050988	-0.050802	-0.050583	-0.050479	-0.050079	-0.050052	-0.049913
636.000000	-0.050906	-0.050633	-0.050524	-0.050277	-0.050034	-0.049824	-0.049743
637.000000	-0.050784	-0.050462	-0.050376	-0.050048	-0.049970	-0.049668	-0.049551
638.000000	-0.050601	-0.050292	-0.050155	-0.049841	-0.049845	-0.049546	-0.049370
639.000000	-0.050362	-0.050135	-0.049928	-0.049710	-0.049646	-0.049377	-0.049241
640.000000	-0.050147	-0.050006	-0.049759	-0.049651	-0.049432	-0.049208	-0.049155
641.000000	-0.050073	-0.049920	-0.049702	-0.049618	-0.049311	-0.049156	-0.049065
642.000000	-0.050115	-0.049865	-0.049716	-0.049583	-0.049290	-0.049189	-0.048960
643.000000	-0.050111	-0.049807	-0.049669	-0.049532	-0.049290	-0.049138	-0.048861
644.000000	-0.050000	-0.049725	-0.049527	-0.049448	-0.049247	-0.048964	-0.048769
645.000000	-0.049858	-0.049615	-0.049383	-0.049306	-0.049129	-0.048806	-0.048657
646.000000	-0.049755	-0.049496	-0.049293	-0.049129	-0.048963	-0.048743	-0.048537
647.000000	-0.049730	-0.049425	-0.049221	-0.049028	-0.048883	-0.048735	-0.048486
648.000000	-0.049784	-0.049435	-0.049156	-0.049068	-0.048957	-0.048740	-0.048541
649.000000	-0.049827	-0.049480	-0.049166	-0.049166	-0.049050	-0.048769	-0.048603
650.000000	-0.049782	-0.049510	-0.049287	-0.049225	-0.049034	-0.048822	-0.048579
651.000000	-0.049698	-0.049498	-0.049377	-0.049180	-0.048947	-0.048853	-0.048489
652.000000	-0.049632	-0.049422	-0.049286	-0.048998	-0.048852	-0.048810	-0.048376
653.000000	-0.049529	-0.049259	-0.049070	-0.048763	-0.048733	-0.048679	-0.048242
654.000000	-0.049309	-0.048994	-0.048851	-0.048587	-0.048551	-0.048460	-0.048075
655.000000	-0.049029	-0.048700	-0.048644	-0.048430	-0.048305	-0.048180	-0.047870
656.000000	-0.048815	-0.048490	-0.048415	-0.048183	-0.048026	-0.047879	-0.047623
657.000000	-0.048682	-0.048378	-0.048196	-0.047908	-0.047791	-0.047615	-0.047391
658.000000	-0.048563	-0.048303	-0.048069	-0.047786	-0.047714	-0.047459	-0.047266
659.000000	-0.048456	-0.048231	-0.048035	-0.047820	-0.047761	-0.047413	-0.047249
660.000000	-0.048421	-0.048160	-0.048016	-0.047821	-0.047752	-0.047404	-0.047241
661.000000	-0.048444	-0.048086	-0.047963	-0.047709	-0.047606	-0.047370	-0.047184
662.000000	-0.048389	-0.047997	-0.047876	-0.047581	-0.047407	-0.047263	-0.047078
663.000000	-0.048187	-0.047881	-0.047752	-0.047488	-0.047223	-0.047074	-0.046935
664.000000	-0.047924	-0.047733	-0.047565	-0.047350	-0.047063	-0.046879	-0.046770
665.000000	-0.047670	-0.047537	-0.047299	-0.047101	-0.046907	-0.046720	-0.046586
666.000000	-0.047383	-0.047253	-0.046972	-0.046784	-0.046687	-0.046500	-0.046332
667.000000	-0.047029	-0.046865	-0.046614	-0.046454	-0.046354	-0.046139	-0.045979
668.000000	-0.046705	-0.046486	-0.046289	-0.046153	-0.046005	-0.045759	-0.045622
669.000000	-0.046524	-0.046245	-0.046055	-0.045913	-0.045758	-0.045510	-0.045372
670.000000	-0.046397	-0.046085	-0.045863	-0.045717	-0.045557	-0.045334	-0.045169
671.000000	-0.046172	-0.045883	-0.045627	-0.045534	-0.045293	-0.045096	-0.044897
672.000000	-0.045896	-0.045651	-0.045387	-0.045342	-0.045011	-0.044821	-0.044593
673.000000	-0.045723	-0.045479	-0.045248	-0.045128	-0.044842	-0.044628	-0.044387
674.000000	-0.045666	-0.045362	-0.045187	-0.044917	-0.044786	-0.044544	-0.044296
675.000000	-0.045617	-0.045224	-0.045066	-0.044760	-0.044724	-0.044509	-0.044242
676.000000	-0.045526	-0.045060	-0.044866	-0.044681	-0.044617	-0.044480	-0.044191
677.000000	-0.045423	-0.044962	-0.044706	-0.044661	-0.044519	-0.044424	-0.044163
678.000000	-0.045340	-0.044964	-0.044665	-0.044676	-0.044472	-0.044352	-0.044165
679.000000	-0.045305	-0.044993	-0.044729	-0.044694	-0.044479	-0.044340	-0.044178
680.000000	-0.045307	-0.044977	-0.044844	-0.044683	-0.044512	-0.044400	-0.044160
681.000000	-0.045229	-0.044870	-0.044874	-0.044613	-0.044474	-0.044373	-0.044031
682.000000	-0.045006	-0.044678	-0.044736	-0.044483	-0.044310	-0.044159	-0.043771
683.000000	-0.044827	-0.044578	-0.044588	-0.044401	-0.044166	-0.043967	-0.043600
684.000000	-0.044882	-0.044721	-0.044596	-0.044463	-0.044191	-0.044011	-0.043721
685.000000	-0.045051	-0.044919	-0.044684	-0.044566	-0.044310	-0.044181	-0.043968
686.000000	-0.045137	-0.044915	-0.044711	-0.044564	-0.044385	-0.044273	-0.044077
687.000000	-0.045123	-0.044778	-0.044653	-0.044482	-0.044353	-0.044243	-0.044025
688.000000	-0.045076	-0.044720	-0.044543	-0.044420	-0.044199	-0.044125	-0.043899
689.000000	-0.045002	-0.044742	-0.044419	-0.044378	-0.044010	-0.043983	-0.043752
690.000000	-0.044868	-0.044702	-0.044321	-0.044292	-0.043933	-0.043898	-0.043612
691.000000	-0.044728	-0.044587	-0.044282	-0.044184	-0.043990	-0.043894	-0.043522
692.000000	-0.044716	-0.044514	-0.044325	-0.044154	-0.044073	-0.043938	-0.043538
693.000000	-0.044827	-0.044531	-0.044433	-0.044221	-0.044117	-0.043992	-0.043643
694.000000	-0.044870	-0.044590	-0.044528	-0.044282	-0.044119	-0.044015	-0.043724
695.000000	-0.044769	-0.044644	-0.044557	-0.044283	-0.044089	-0.043986	-0.043718
696.000000	-0.044703	-0.044656	-0.044517	-0.044284	-0.044058	-0.043918	-0.043680
697.000000	-0.044792	-0.044629	-0.044437	-0.044328	-0.044057	-0.043840	-0.043661
698.000000	-0.044908	-0.044657	-0.044407	-0.044384	-0.044109	-0.043812	-0.043675
699.000000	-0.044927	-0.044806	-0.044489	-0.044411	-0.044220	-0.043878	-0.043730
700.000000	-0.044916	-0.044955	-0.044600	-0.044401	-0.044318	-0.043981	-0.043832
701.000000	-0.044967	-0.044964	-0.044633	-0.044362	-0.044331	-0.044047	-0.043978
702.000000	-0.045038	-0.044891	-0.044594	-0.044360	-0.044290	-0.044060	-0.044077
703.000000	-0.045042	-0.044856	-0.044528	-0.044470	-0.044259	-0.044029	-0.044030
704.000000	-0.044981	-0.044867	-0.044482	-0.044596	-0.044247	-0.043977	-0.043909
705.000000	-0.044902	-0.044869	-0.044499	-0.044569	-0.044239	-0.043934	-0.043873
706.000000	-0.044835	-0.044827	-0.044549	-0.044403	-0.044208	-0.043919	-0.043893
707.000000	-0.044795	-0.044726	-0.044551	-0.044250	-0.044128	-0.043935	-0.043804
708.000000	-0.044789	-0.044586	-0.044472	-0.044184	-0.044011	-0.043927	-0.043595
709.000000	-0.044808	-0.044471	-0.044333	-0.044184	-0.043914	-0.043781	-0.043422
710.000000	-0.044809	-0.044399	-0.044170	-0.044190	-0.043853	-0.043494	-0.043361
711.000000	-0.044687	-0.044326	-0.044031	-0.044082	-0.043781	-0.043247	-0.043349
712.000000	-0.044433	-0.044215	-0.043938	-0.043831	-0.043668	-0.043160	-0.043318
713.000000	-0.044239	-0.044057	-0.043853	-0.043600	-0.043532	-0.043198	-0.043214
714.000000	-0.044222	-0.043865	-0.043732	-0.043501	-0.043384	-0.043282	-0.043004
715.000000	-0.044170	-0.043696	-0.043543	-0.043384	-0.043189	-0.043262	-0.042719
716.000000	-0.043880	-0.043586	-0.043273	-0.043109	-0.042918	-0.043021	-0.042406
717.000000	-0.043493	-0.043431	-0.042985	-0.042802	-0.042627	-0.042648	-0.042127
718.000000	-0.043209	-0.043113	-0.042748	-0.042625	-0.042391	-0.042281	-0.041925
719.000000	-0.042970	-0.042724	-0.042504	-0.042480	-0.042233	-0.041970	-0.041715
720.000000	-0.042633	-0.042434	-0.042164	-0.042192	-0.042157	-0.041734	-0.041384
721.000000	-0.042335	-0.042302	-0.041886	-0.041904	-0.042125	-0.041616	-0.041121
722.000000	-0.042354	-0.042321	-0.041952	-0.041919	-0.042074	-0.041658	-0.041261
723.000000	-0.042522	-0.042342	-0.042213	-0.042054	-0.041914	-0.041668	-0.041584
724.000000	-0.042311	-0.042111	-0.042174	-0.041730	-0.041542	-0.041266	-0.041415
725.000000	-0.041703	-0.041670	-0.041777	-0.040984	-0.041050	-0.040511	-0.040678
726.000000	-0.041281	-0.041409	-0.041488	-0.040589	-0.040762	-0.039974	-0.040016
727.000000	-0.041305	-0.041492	-0.041478	-0.040800	-0.040761	-0.039952	-0.039794
728.000000	-0.041427	-0.041667	-0.041371	-0.040953	-0.040705	-0.040228	-0.039848
729.000000	-0.041412	-0.041760	-0.041006	-0.040660	-0.040429	-0.040574	-0.040020
730.000000	-0.041426	-0.041861	-0.040850	-0.040409	-0.040267	-0.040855	-0.040282
731.000000	-0.041628	-0.042064	-0.041287	-0.040635	-0.040502	-0.040989	-0.040621
732.000000	-0.041951	-0.042333	-0.042098	-0.041176	-0.040991	-0.041032	-0.041003
