[HEADER]
Format	J&M ASCII Table
Comment	
Date	2/12/1980 5:27:42 AM
Order	Y (evenX)
TechType	UV
NumPoints	483
FirstX	250.00
LastX	732.00
XType	NMetr
YType	Count
[DATA]
250.000000	5998.944336
251.000000	5806.022461
252.000000	5627.520508
253.000000	5474.630859
254.000000	5356.548828
255.000000	5273.606445
256.000000	5224.556641
257.000000	5210.049805
258.000000	5231.125977
259.000000	5286.587891
260.000000	5374.004395
261.000000	5489.776367
262.000000	5629.450684
263.000000	5789.707031
264.000000	5968.508301
265.000000	6160.816895
266.000000	6356.395020
267.000000	6544.654785
268.000000	6715.401855
269.000000	6858.356445
270.000000	6962.650879
271.000000	7017.884766
272.000000	7017.484375
273.000000	6957.170898
274.000000	6841.035156
275.000000	6678.170410
276.000000	6480.174316
277.000000	6260.728027
278.000000	6032.624512
279.000000	5807.419922
280.000000	5594.298340
281.000000	5398.109863
282.000000	5223.765625
283.000000	5077.738770
284.000000	4965.250000
285.000000	4884.679199
286.000000	4832.826172
287.000000	4808.804199
288.000000	4812.658203
289.000000	4843.717773
290.000000	4900.868164
291.000000	4983.358887
292.000000	5090.781738
293.000000	5222.030762
294.000000	5375.002441
295.000000	5547.448730
296.000000	5736.970703
297.000000	5941.222656
298.000000	6158.085937
299.000000	6385.495117
300.000000	6621.429199
301.000000	6863.445801
302.000000	7105.701172
303.000000	7340.791016
304.000000	7561.939453
305.000000	7762.893066
306.000000	7939.239258
307.000000	8088.423340
308.000000	8205.811523
309.000000	8283.481445
310.000000	8316.218750
311.000000	8305.614258
312.000000	8254.505859
313.000000	8166.780273
314.000000	8046.250488
315.000000	7895.080078
316.000000	7715.688965
317.000000	7517.538086
318.000000	7313.189453
319.000000	7107.801758
320.000000	6901.012207
321.000000	6695.770020
322.000000	6498.836426
323.000000	6314.658203
324.000000	6143.553711
325.000000	5986.095215
326.000000	5844.419434
327.000000	5719.889160
328.000000	5610.050781
329.000000	5512.340820
330.000000	5428.830566
331.000000	5362.717285
332.000000	5311.919922
333.000000	5271.720703
334.000000	5241.551270
335.000000	5224.153320
336.000000	5220.048828
337.000000	5227.027832
338.000000	5243.929199
339.000000	5271.697266
340.000000	5310.346191
341.000000	5356.898926
342.000000	5409.464844
343.000000	5472.456543
344.000000	5550.202148
345.000000	5636.546387
346.000000	5722.223145
347.000000	5807.389160
348.000000	5897.377930
349.000000	5992.572266
350.000000	6089.142090
351.000000	6185.124512
352.000000	6281.047363
353.000000	6377.388672
354.000000	6474.245117
355.000000	6570.291504
356.000000	6660.395020
357.000000	6739.966309
358.000000	6809.459473
359.000000	6870.413574
360.000000	6922.724609
361.000000	6965.468262
362.000000	6996.079102
363.000000	7011.143066
364.000000	7009.891113
365.000000	6993.900879
366.000000	6964.623535
367.000000	6923.240234
368.000000	6870.458496
369.000000	6806.126465
370.000000	6732.243652
371.000000	6657.242187
372.000000	6588.641113
373.000000	6524.952148
374.000000	6462.942871
375.000000	6404.363770
376.000000	6352.597168
377.000000	6306.074707
378.000000	6260.273926
379.000000	6213.155273
380.000000	6165.010742
381.000000	6117.435059
382.000000	6073.631348
383.000000	6035.987305
384.000000	6005.081543
385.000000	5981.627441
386.000000	5967.341797
387.000000	5963.656738
388.000000	5969.894531
389.000000	5984.802246
390.000000	6007.245605
391.000000	6036.172363
392.000000	6070.874023
393.000000	6110.840820
394.000000	6155.197266
395.000000	6202.681641
396.000000	6250.263184
397.000000	6292.583496
398.000000	6328.412109
399.000000	6364.977051
400.000000	6408.155273
401.000000	6456.887207
402.000000	6509.702148
403.000000	6569.051758
404.000000	6637.872070
405.000000	6714.688477
406.000000	6796.499023
407.000000	6884.456543
408.000000	6982.251465
409.000000	7091.518066
410.000000	7211.939453
411.000000	7342.580078
412.000000	7481.779785
413.000000	7628.532227
414.000000	7783.219727
415.000000	7948.200684
416.000000	8131.192871
417.000000	8338.000000
418.000000	8561.370117
419.000000	8792.002930
420.000000	9031.990234
421.000000	9287.020508
422.000000	9548.620117
423.000000	9800.270508
424.000000	10042.792969
425.000000	10292.769531
426.000000	10557.141602
427.000000	10829.286133
428.000000	11103.666016
429.000000	11378.689453
430.000000	11651.798828
431.000000	11916.317383
432.000000	12165.616211
433.000000	12396.562500
434.000000	12608.125977
435.000000	12807.025391
436.000000	13003.284180
437.000000	13207.621094
438.000000	13430.405273
439.000000	13667.357422
440.000000	13901.208008
441.000000	14120.078125
442.000000	14319.687500
443.000000	14496.092773
444.000000	14645.024414
445.000000	14764.784180
446.000000	14861.018555
447.000000	14939.359375
448.000000	14999.879883
449.000000	15041.893555
450.000000	15069.517578
451.000000	15088.941406
452.000000	15107.686523
453.000000	15133.723633
454.000000	15168.761719
455.000000	15209.084961
456.000000	15251.139648
457.000000	15291.795898
458.000000	15327.693359
459.000000	15354.996094
460.000000	15371.563477
461.000000	15379.959961
462.000000	15383.332031
463.000000	15384.001953
464.000000	15382.644531
465.000000	15370.950195
466.000000	15338.788086
467.000000	15292.377930
468.000000	15246.919922
469.000000	15211.736328
470.000000	15191.199219
471.000000	15189.797852
472.000000	15212.293945
473.000000	15259.200195
474.000000	15323.646484
475.000000	15400.852539
476.000000	15493.264648
477.000000	15603.746094
478.000000	15732.379883
479.000000	15880.068359
480.000000	16056.474609
481.000000	16272.804687
482.000000	16525.078125
483.000000	16800.021484
484.000000	17067.195312
485.000000	17283.460937
486.000000	17424.441406
487.000000	17487.537109
488.000000	17489.310547
489.000000	17475.566406
490.000000	17483.792969
491.000000	17525.216797
492.000000	17605.582031
493.000000	17724.742187
494.000000	17879.302734
495.000000	18055.357422
496.000000	18237.761719
497.000000	18430.925781
498.000000	18647.923828
499.000000	18886.023437
500.000000	19131.253906
501.000000	19378.152344
502.000000	19630.353516
503.000000	19885.847656
504.000000	20133.492187
505.000000	20368.484375
506.000000	20601.656250
507.000000	20841.486328
508.000000	21081.896484
509.000000	21315.359375
510.000000	21541.986328
511.000000	21764.482422
512.000000	21987.318359
513.000000	22215.369141
514.000000	22448.628906
515.000000	22684.000000
516.000000	22922.419922
517.000000	23168.724609
518.000000	23424.783203
519.000000	23688.144531
520.000000	23957.050781
521.000000	24231.755859
522.000000	24512.957031
523.000000	24801.947266
524.000000	25099.099609
525.000000	25400.230469
526.000000	25700.859375
527.000000	26003.269531
528.000000	26312.107422
529.000000	26627.097656
530.000000	26945.031250
531.000000	27264.167969
532.000000	27584.035156
533.000000	27902.238281
534.000000	28213.951172
535.000000	28518.164062
536.000000	28821.068359
537.000000	29126.859375
538.000000	29432.408203
539.000000	29733.576172
540.000000	30026.980469
541.000000	30310.691406
542.000000	30590.386719
543.000000	30873.363281
544.000000	31155.349609
545.000000	31426.365234
546.000000	31685.822266
547.000000	31940.439453
548.000000	32192.644531
549.000000	32439.841797
550.000000	32682.755859
551.000000	32927.894531
552.000000	33178.203125
553.000000	33427.019531
554.000000	33670.250000
555.000000	33917.714844
556.000000	34178.316406
557.000000	34440.167969
558.000000	34691.242187
559.000000	34973.414062
560.000000	35341.472656
561.000000	35679.164062
562.000000	35774.339844
563.000000	35959.875000
564.000000	37081.437500
565.000000	38351.773437
566.000000	36639.871094
567.000000	31678.806641
568.000000	29473.271484
569.000000	33849.621094
570.000000	39680.171875
571.000000	41631.011719
572.000000	41120.910156
573.000000	41093.410156
574.000000	41779.550781
575.000000	42329.710937
576.000000	42570.898437
577.000000	42737.222656
578.000000	42895.589844
579.000000	42962.808594
580.000000	42903.632812
581.000000	42748.492187
582.000000	42486.308594
583.000000	42024.750000
584.000000	41399.343750
585.000000	41000.511719
586.000000	40819.730469
587.000000	39081.730469
588.000000	34423.988281
589.000000	30381.587891
590.000000	31514.910156
591.000000	35715.351562
592.000000	37668.730469
593.000000	36636.472656
594.000000	35305.789062
595.000000	34789.132812
596.000000	34416.601562
597.000000	33796.347656
598.000000	33098.554687
599.000000	32465.953125
600.000000	31874.910156
601.000000	31293.216797
602.000000	30733.498047
603.000000	30214.255859
604.000000	29738.173828
605.000000	29303.287109
606.000000	28908.787109
607.000000	28554.232422
608.000000	28237.322266
609.000000	27954.421875
610.000000	27699.091797
611.000000	27462.431641
612.000000	27238.828125
613.000000	27027.078125
614.000000	26824.451172
615.000000	26624.820312
616.000000	26424.214844
617.000000	26225.527344
618.000000	26033.191406
619.000000	25853.203125
620.000000	25691.267578
621.000000	25548.986328
622.000000	25426.269531
623.000000	25321.593750
624.000000	25232.500000
625.000000	25154.052734
626.000000	25079.496094
627.000000	25004.728516
628.000000	24928.621094
629.000000	24850.914062
630.000000	24772.464844
631.000000	24693.333984
632.000000	24611.572266
633.000000	24526.128906
634.000000	24439.806641
635.000000	24355.326172
636.000000	24271.119141
637.000000	24184.544922
638.000000	24094.697266
639.000000	24001.533203
640.000000	23905.943359
641.000000	23809.500000
642.000000	23715.345703
643.000000	23628.070312
644.000000	23552.609375
645.000000	23494.251953
646.000000	23455.337891
647.000000	23432.734375
648.000000	23425.955078
649.000000	23443.156250
650.000000	23500.789062
651.000000	23642.400391
652.000000	23917.111328
653.000000	24367.564453
654.000000	25012.894531
655.000000	25682.322266
656.000000	26113.660156
657.000000	26172.425781
658.000000	25824.142578
659.000000	25120.978516
660.000000	24204.925781
661.000000	23240.447266
662.000000	22418.773437
663.000000	21844.333984
664.000000	21430.361328
665.000000	21088.726562
666.000000	20804.539062
667.000000	20575.062500
668.000000	20387.595703
669.000000	20228.869141
670.000000	20101.691406
671.000000	20014.330078
672.000000	19960.302734
673.000000	19924.367187
674.000000	19895.394531
675.000000	19866.064453
676.000000	19834.398437
677.000000	19804.697266
678.000000	19777.736328
679.000000	19747.556641
680.000000	19709.925781
681.000000	19666.492187
682.000000	19618.333984
683.000000	19561.248047
684.000000	19491.003906
685.000000	19409.673828
686.000000	19320.912109
687.000000	19224.152344
688.000000	19116.734375
689.000000	18995.449219
690.000000	18856.869141
691.000000	18700.917969
692.000000	18530.720703
693.000000	18346.798828
694.000000	18145.941406
695.000000	17926.388672
696.000000	17689.716797
697.000000	17437.132812
698.000000	17167.751953
699.000000	16880.208984
700.000000	16572.699219
701.000000	16243.997070
702.000000	15897.089844
703.000000	15536.324219
704.000000	15163.851562
705.000000	14780.471680
706.000000	14384.638672
707.000000	13973.077148
708.000000	13544.091797
709.000000	13097.717773
710.000000	12632.743164
711.000000	12145.948242
712.000000	11636.125000
713.000000	11106.777344
714.000000	10561.808594
715.000000	10004.447266
716.000000	9438.005859
717.000000	8866.798828
718.000000	8295.315430
719.000000	7727.260254
720.000000	7166.162598
721.000000	6617.165039
722.000000	6086.306641
723.000000	5578.475586
724.000000	5097.477051
725.000000	4643.799316
726.000000	4214.079590
727.000000	3806.227051
728.000000	3420.638916
729.000000	3058.403320
730.000000	2721.691406
731.000000	2409.865479
732.000000	2112.088379
