[HEADER]
Format	J&M ASCII Table
Comment	
Date	2/12/1980 5:27:22 AM
Order	Y (evenX)
TechType	UV
NumPoints	483
FirstX	250.00
LastX	732.00
XType	NMetr
YType	Count
[DATA]
250.000000	294.317322
251.000000	296.241608
252.000000	296.391815
253.000000	294.897369
254.000000	292.284668
255.000000	290.125031
256.000000	289.834778
257.000000	290.744354
258.000000	291.578400
259.000000	291.957184
260.000000	291.998718
261.000000	292.328217
262.000000	293.899200
263.000000	295.887329
264.000000	295.460114
265.000000	292.184753
266.000000	289.876587
267.000000	290.770386
268.000000	292.000458
269.000000	290.947662
270.000000	289.166260
271.000000	288.785400
272.000000	289.062439
273.000000	288.362152
274.000000	287.201477
275.000000	287.251678
276.000000	288.427490
277.000000	289.134064
278.000000	288.438202
279.000000	286.318207
280.000000	283.491119
281.000000	281.959442
282.000000	282.794800
283.000000	283.982819
284.000000	283.557281
285.000000	282.228363
286.000000	281.300293
287.000000	281.000702
288.000000	281.081299
289.000000	281.134216
290.000000	280.672852
291.000000	279.687927
292.000000	278.626007
293.000000	277.953735
294.000000	278.137573
295.000000	279.166992
296.000000	280.034973
297.000000	279.932312
298.000000	279.078522
299.000000	277.927338
300.000000	277.080750
301.000000	277.039948
302.000000	277.154602
303.000000	276.354095
304.000000	275.189362
305.000000	275.283020
306.000000	276.511810
307.000000	276.943542
308.000000	275.922607
309.000000	274.867584
310.000000	274.901642
311.000000	276.076752
312.000000	277.969147
313.000000	279.012604
314.000000	277.914520
315.000000	276.221497
316.000000	276.152893
317.000000	277.448639
318.000000	278.635345
319.000000	279.074310
320.000000	278.772278
321.000000	277.857513
322.000000	276.578613
323.000000	275.383057
324.000000	275.032410
325.000000	275.692505
326.000000	275.992340
327.000000	274.961182
328.000000	274.013947
329.000000	274.747772
330.000000	276.524750
331.000000	277.960022
332.000000	278.290833
333.000000	277.191925
334.000000	275.890228
335.000000	276.773529
336.000000	279.334381
337.000000	279.630493
338.000000	276.683624
339.000000	275.032806
340.000000	277.354980
341.000000	279.997467
342.000000	279.602020
343.000000	278.113495
344.000000	278.228088
345.000000	278.993958
346.000000	278.302551
347.000000	276.587219
348.000000	275.666046
349.000000	275.822021
350.000000	276.043304
351.000000	276.240143
352.000000	277.508545
353.000000	279.625366
354.000000	279.814606
355.000000	276.775238
356.000000	274.021179
357.000000	274.774323
358.000000	277.542877
359.000000	279.789093
360.000000	280.298767
361.000000	278.563232
362.000000	275.882843
363.000000	274.571686
364.000000	275.516388
365.000000	278.311096
366.000000	281.901642
367.000000	284.460754
368.000000	284.930725
369.000000	283.815704
370.000000	282.006744
371.000000	281.000977
372.000000	281.821747
373.000000	282.939880
374.000000	282.506073
375.000000	281.267090
376.000000	280.945740
377.000000	282.060455
378.000000	284.331573
379.000000	286.547729
380.000000	286.706757
381.000000	284.639587
382.000000	282.637787
383.000000	282.232605
384.000000	283.142761
385.000000	284.737427
386.000000	285.974609
387.000000	286.005615
388.000000	285.186432
389.000000	284.218689
390.000000	283.856934
391.000000	284.737732
392.000000	285.906921
393.000000	285.510284
394.000000	283.783142
395.000000	282.865845
396.000000	283.431122
397.000000	284.090668
398.000000	284.058289
399.000000	284.020355
400.000000	284.358948
401.000000	284.046112
402.000000	282.344421
403.000000	281.010132
404.000000	282.005035
405.000000	283.771179
406.000000	283.523865
407.000000	281.698608
408.000000	280.664185
409.000000	280.518829
410.000000	279.279144
411.000000	276.910370
412.000000	276.088593
413.000000	277.941040
414.000000	280.167053
415.000000	280.801270
416.000000	280.050232
417.000000	278.651367
418.000000	277.938385
419.000000	279.062836
420.000000	280.730835
421.000000	280.816467
422.000000	279.559631
423.000000	278.622559
424.000000	278.303162
425.000000	277.649384
426.000000	276.531372
427.000000	275.968170
428.000000	276.410492
429.000000	277.049896
430.000000	277.346893
431.000000	277.963257
432.000000	279.444122
433.000000	280.858795
434.000000	281.069550
435.000000	280.311768
436.000000	279.380463
437.000000	278.912384
438.000000	279.385223
439.000000	280.128387
440.000000	279.490784
441.000000	277.641541
442.000000	277.141571
443.000000	278.834961
444.000000	280.011688
445.000000	278.690765
446.000000	276.061707
447.000000	273.756317
448.000000	272.925293
449.000000	274.280243
450.000000	276.487762
451.000000	277.593140
452.000000	277.802734
453.000000	278.548309
454.000000	280.069702
455.000000	281.553589
456.000000	282.001221
457.000000	280.242126
458.000000	276.748230
459.000000	275.003174
460.000000	277.168793
461.000000	280.972992
462.000000	283.642029
463.000000	283.380859
464.000000	279.310394
465.000000	274.723175
466.000000	273.987427
467.000000	276.161469
468.000000	277.455658
469.000000	277.162842
470.000000	277.123016
471.000000	278.078461
472.000000	279.366608
473.000000	280.219269
474.000000	279.829559
475.000000	278.137054
476.000000	276.997986
477.000000	277.797882
478.000000	278.946259
479.000000	278.632294
480.000000	277.962219
481.000000	278.784454
482.000000	280.004303
483.000000	279.142609
484.000000	276.809784
485.000000	275.959229
486.000000	277.146637
487.000000	278.175476
488.000000	278.068604
489.000000	278.070587
490.000000	278.977844
491.000000	280.030090
492.000000	280.432190
493.000000	280.076874
494.000000	279.027832
495.000000	277.441284
496.000000	275.611786
497.000000	274.738281
498.000000	276.282837
499.000000	279.077362
500.000000	280.133911
501.000000	278.955841
502.000000	277.686035
503.000000	277.544006
504.000000	278.164490
505.000000	278.930634
506.000000	278.961090
507.000000	277.869110
508.000000	277.007599
509.000000	277.641693
510.000000	278.831360
511.000000	279.126465
512.000000	278.402344
513.000000	277.164246
514.000000	276.148041
515.000000	276.199829
516.000000	277.253296
517.000000	278.367249
518.000000	278.950043
519.000000	278.945374
520.000000	278.478088
521.000000	277.958130
522.000000	277.613983
523.000000	277.033508
524.000000	275.923065
525.000000	275.049347
526.000000	275.315399
527.000000	276.528900
528.000000	278.058716
529.000000	279.477814
530.000000	280.476379
531.000000	280.589050
532.000000	279.251617
533.000000	277.307800
534.000000	277.352356
535.000000	279.801605
536.000000	280.925018
537.000000	278.578339
538.000000	275.998230
539.000000	276.201935
540.000000	277.809540
541.000000	278.638916
542.000000	278.274323
543.000000	277.039642
544.000000	276.014099
545.000000	276.551086
546.000000	277.854797
547.000000	277.519867
548.000000	275.645599
549.000000	275.175293
550.000000	277.148956
551.000000	279.285004
552.000000	279.822388
553.000000	278.936066
554.000000	277.257324
555.000000	276.039948
556.000000	276.363922
557.000000	277.676208
558.000000	278.915710
559.000000	279.246765
560.000000	278.066376
561.000000	276.375305
562.000000	276.202423
563.000000	277.462433
564.000000	277.966278
565.000000	276.949097
566.000000	275.806824
567.000000	275.553436
568.000000	276.074219
569.000000	277.050964
570.000000	277.970367
571.000000	278.361359
572.000000	278.112305
573.000000	277.269012
574.000000	276.258240
575.000000	275.642273
576.000000	275.712189
577.000000	276.559418
578.000000	277.660461
579.000000	277.974640
580.000000	277.109436
581.000000	275.506531
582.000000	274.026672
583.000000	274.183929
584.000000	276.542725
585.000000	279.018158
586.000000	279.713776
587.000000	279.112854
588.000000	278.169952
589.000000	277.228546
590.000000	276.423370
591.000000	275.997681
592.000000	276.214569
593.000000	276.789337
594.000000	277.035767
595.000000	276.618164
596.000000	275.599335
597.000000	274.652222
598.000000	275.350006
599.000000	278.019501
600.000000	280.058228
601.000000	279.546936
602.000000	278.074860
603.000000	277.458221
604.000000	277.140198
605.000000	276.085937
606.000000	275.062378
607.000000	275.500610
608.000000	277.167511
609.000000	278.770752
610.000000	279.371674
611.000000	278.405090
612.000000	276.565460
613.000000	276.155609
614.000000	277.636017
615.000000	277.827271
616.000000	275.082581
617.000000	273.000671
618.000000	274.686859
619.000000	277.698822
620.000000	278.782104
621.000000	278.223267
622.000000	277.518982
623.000000	277.110657
624.000000	276.854584
625.000000	276.439636
626.000000	275.457764
627.000000	274.282684
628.000000	274.137024
629.000000	275.456940
630.000000	277.383270
631.000000	279.082184
632.000000	280.029236
633.000000	279.925293
634.000000	279.074219
635.000000	277.930603
636.000000	277.080078
637.000000	277.056213
638.000000	277.710114
639.000000	278.576508
640.000000	279.075806
641.000000	278.602936
642.000000	277.486847
643.000000	276.886780
644.000000	277.023804
645.000000	276.870758
646.000000	275.937317
647.000000	274.875214
648.000000	274.390625
649.000000	275.006409
650.000000	276.877014
651.000000	278.823517
652.000000	279.501648
653.000000	278.526855
654.000000	276.020081
655.000000	273.500153
656.000000	273.055939
657.000000	274.351593
658.000000	275.291992
659.000000	275.515656
660.000000	276.521729
661.000000	278.378632
662.000000	278.878845
663.000000	277.214813
664.000000	275.988708
665.000000	277.109589
666.000000	278.933197
667.000000	279.472443
668.000000	278.366638
669.000000	275.890045
670.000000	273.453400
671.000000	272.765961
672.000000	273.558655
673.000000	274.427338
674.000000	275.218689
675.000000	276.828400
676.000000	278.727753
677.000000	278.638947
678.000000	276.068146
679.000000	273.767944
680.000000	273.696075
681.000000	275.055328
682.000000	276.725861
683.000000	277.933105
684.000000	278.100189
685.000000	277.291962
686.000000	275.829163
687.000000	274.367401
688.000000	273.695892
689.000000	274.239380
690.000000	276.119690
691.000000	278.347321
692.000000	278.895905
693.000000	277.371124
694.000000	275.665466
695.000000	275.206299
696.000000	276.197327
697.000000	278.146362
698.000000	279.004730
699.000000	277.314362
700.000000	275.166107
701.000000	275.073242
702.000000	276.545410
703.000000	278.088959
704.000000	279.431976
705.000000	280.887085
706.000000	281.568695
707.000000	279.753052
708.000000	276.019257
709.000000	273.424591
710.000000	273.303375
711.000000	274.188324
712.000000	274.835876
713.000000	274.991180
714.000000	274.627472
715.000000	274.028198
716.000000	273.486664
717.000000	273.062958
718.000000	272.837189
719.000000	273.485809
720.000000	275.746216
721.000000	278.366425
722.000000	279.039886
723.000000	277.794647
724.000000	276.598755
725.000000	276.201721
726.000000	275.846985
727.000000	275.018219
728.000000	273.743225
729.000000	272.391937
730.000000	272.022858
731.000000	273.381714
732.000000	275.795227
