[HEADER]
Format	J&M ASCII Table
Comment	
Date	2/12/1980 5:27:58 AM
Order	Y (evenX)
TechType	UV
NumPoints	483
FirstX	250.00
LastX	732.00
XType	NMetr
YType	Absrb
ZType	Secs
NumSubFile	7
Matrix	Z vs X
[DATA]
	0.000000	5.000064	10.000128	15.000256	20.000320	25.000383	30.000511
250.000000	0.002107	0.002452	0.002614	0.002697	0.003508	0.003700	0.004016
251.000000	0.002128	0.002498	0.002572	0.002664	0.003465	0.003622	0.003934
252.000000	0.001779	0.002074	0.002228	0.002490	0.003073	0.003332	0.003771
253.000000	0.001504	0.001656	0.001896	0.002297	0.002691	0.003009	0.003571
254.000000	0.001626	0.001607	0.001817	0.002180	0.002574	0.002804	0.003364
255.000000	0.001814	0.001658	0.001823	0.002079	0.002431	0.002662	0.003096
256.000000	0.001684	0.001483	0.001705	0.001920	0.001955	0.002497	0.002720
257.000000	0.001340	0.001216	0.001534	0.001720	0.001422	0.002305	0.002336
258.000000	0.001033	0.001111	0.001458	0.001533	0.001252	0.002112	0.002080
259.000000	0.000852	0.001137	0.001466	0.001410	0.001394	0.001940	0.001973
260.000000	0.000802	0.001126	0.001471	0.001398	0.001562	0.001812	0.001978
261.000000	0.000806	0.001022	0.001439	0.001459	0.001607	0.001737	0.002025
262.000000	0.000731	0.000861	0.001374	0.001489	0.001489	0.001718	0.002020
263.000000	0.000559	0.000709	0.001253	0.001407	0.001234	0.001675	0.001910
264.000000	0.000402	0.000665	0.001018	0.001154	0.000945	0.001449	0.001687
265.000000	0.000320	0.000718	0.000680	0.000782	0.000701	0.001038	0.001376
266.000000	0.000266	0.000663	0.000373	0.000529	0.000529	0.000727	0.001053
267.000000	0.000202	0.000407	0.000214	0.000525	0.000447	0.000684	0.000803
268.000000	0.000129	0.000194	0.000259	0.000582	0.000453	0.000712	0.000712
269.000000	0.000064	0.000230	0.000497	0.000529	0.000537	0.000631	0.000820
270.000000	0.000056	0.000361	0.000681	0.000443	0.000665	0.000559	0.000981
271.000000	0.000140	0.000387	0.000579	0.000446	0.000795	0.000651	0.001030
272.000000	0.000236	0.000365	0.000391	0.000528	0.000868	0.000827	0.000964
273.000000	0.000234	0.000433	0.000439	0.000628	0.000827	0.000925	0.000841
274.000000	0.000188	0.000548	0.000615	0.000667	0.000702	0.000920	0.000731
275.000000	0.000236	0.000572	0.000579	0.000562	0.000573	0.000861	0.000700
276.000000	0.000337	0.000459	0.000282	0.000341	0.000467	0.000740	0.000686
277.000000	0.000300	0.000248	-0.000066	0.000126	0.000373	0.000504	0.000523
278.000000	0.000111	0.000063	-0.000266	0.000026	0.000323	0.000250	0.000268
279.000000	-0.000015	0.000126	-0.000155	0.000122	0.000411	0.000269	0.000264
280.000000	0.000007	0.000419	0.000217	0.000368	0.000588	0.000603	0.000561
281.000000	-0.000011	0.000456	0.000396	0.000477	0.000533	0.000802	0.000617
282.000000	-0.000183	-0.000026	0.000110	0.000277	0.000101	0.000567	0.000130
283.000000	-0.000340	-0.000504	-0.000249	0.000007	-0.000253	0.000183	-0.000335
284.000000	-0.000314	-0.000475	-0.000287	-0.000074	-0.000121	-0.000032	-0.000249
285.000000	-0.000197	-0.000149	-0.000121	0.000048	0.000219	-0.000088	0.000055
286.000000	-0.000130	0.000096	0.000011	0.000307	0.000358	-0.000077	0.000090
287.000000	-0.000104	0.000130	0.000025	0.000521	0.000301	-0.000026	-0.000008
288.000000	-0.000048	-0.000055	-0.000087	0.000481	0.000228	0.000063	0.000127
289.000000	0.000004	-0.000298	-0.000194	0.000227	0.000230	0.000153	0.000391
290.000000	-0.000037	-0.000342	-0.000087	-0.000041	0.000337	0.000183	0.000400
291.000000	-0.000140	-0.000183	0.000169	-0.000212	0.000480	0.000110	0.000143
292.000000	-0.000162	-0.000057	0.000249	-0.000260	0.000501	-0.000088	-0.000037
293.000000	-0.000048	-0.000039	0.000089	-0.000189	0.000365	-0.000289	0.000023
294.000000	0.000119	0.000028	0.000004	-0.000045	0.000218	-0.000175	0.000208
295.000000	0.000257	0.000218	0.000167	0.000118	0.000186	0.000320	0.000391
296.000000	0.000303	0.000388	0.000394	0.000233	0.000321	0.000695	0.000454
297.000000	0.000232	0.000402	0.000501	0.000248	0.000570	0.000578	0.000336
298.000000	0.000144	0.000231	0.000434	0.000152	0.000582	0.000234	0.000152
299.000000	0.000132	-0.000086	0.000205	-0.000034	0.000094	-0.000006	0.000041
300.000000	0.000137	-0.000272	0.000012	-0.000183	-0.000412	-0.000116	0.000090
301.000000	0.000072	-0.000047	0.000065	-0.000163	-0.000334	-0.000157	0.000344
302.000000	-0.000031	0.000307	0.000221	-0.000040	0.000076	-0.000110	0.000585
303.000000	-0.000088	0.000291	0.000190	0.000036	0.000210	0.000066	0.000506
304.000000	-0.000101	-0.000034	-0.000014	0.000002	0.000033	0.000256	0.000169
305.000000	-0.000135	-0.000217	-0.000171	-0.000135	-0.000089	0.000239	-0.000111
306.000000	-0.000176	-0.000139	-0.000194	-0.000308	-0.000028	0.000058	-0.000193
307.000000	-0.000133	-0.000025	-0.000138	-0.000387	0.000094	0.000021	-0.000127
308.000000	0.000005	-0.000010	-0.000057	-0.000320	0.000170	0.000181	-0.000001
309.000000	0.000119	-0.000067	0.000010	-0.000182	0.000141	0.000180	0.000050
310.000000	0.000136	-0.000142	0.000031	-0.000042	0.000007	-0.000135	-0.000038
311.000000	0.000103	-0.000155	-0.000003	0.000055	-0.000107	-0.000368	-0.000161
312.000000	0.000066	-0.000055	-0.000073	0.000095	-0.000092	-0.000215	-0.000204
313.000000	0.000008	0.000093	-0.000064	0.000150	0.000036	0.000038	-0.000078
314.000000	-0.000088	0.000198	0.000108	0.000271	0.000220	0.000056	0.000240
315.000000	-0.000161	0.000192	0.000233	0.000307	0.000333	-0.000079	0.000489
316.000000	-0.000134	0.000036	0.000061	0.000077	0.000251	-0.000159	0.000368
317.000000	-0.000008	-0.000085	-0.000172	-0.000231	0.000120	-0.000112	0.000099
318.000000	0.000169	0.000096	-0.000022	-0.000267	0.000196	0.000056	0.000134
319.000000	0.000326	0.000426	0.000403	-0.000028	0.000372	0.000250	0.000434
320.000000	0.000380	0.000440	0.000582	0.000230	0.000276	0.000318	0.000590
321.000000	0.000323	0.000134	0.000387	0.000370	-0.000066	0.000248	0.000492
322.000000	0.000242	0.000011	0.000132	0.000392	-0.000184	0.000191	0.000371
323.000000	0.000184	0.000230	0.000001	0.000302	0.000074	0.000210	0.000318
324.000000	0.000131	0.000342	-0.000086	0.000099	0.000297	0.000204	0.000173
325.000000	0.000080	0.000105	-0.000157	-0.000163	0.000223	0.000148	-0.000118
326.000000	0.000075	-0.000074	-0.000070	-0.000297	0.000072	0.000227	-0.000298
327.000000	0.000137	0.000134	0.000244	-0.000181	0.000059	0.000529	-0.000184
328.000000	0.000162	0.000380	0.000465	-0.000011	0.000081	0.000646	-0.000071
329.000000	0.000063	0.000266	0.000281	-0.000008	0.000013	0.000206	-0.000260
330.000000	0.000036	0.000026	-0.000035	-0.000077	0.000026	-0.000286	-0.000430
331.000000	0.000323	0.000070	-0.000049	-0.000033	0.000342	-0.000113	-0.000113
332.000000	0.000645	0.000284	0.000169	0.000068	0.000662	0.000435	0.000433
333.000000	0.000483	0.000290	0.000285	0.000051	0.000446	0.000564	0.000596
334.000000	-0.000040	0.000089	0.000194	-0.000055	-0.000100	0.000243	0.000367
335.000000	-0.000288	-0.000018	-0.000019	-0.000067	-0.000187	0.000045	0.000225
336.000000	-0.000120	0.000045	-0.000243	0.000013	0.000292	0.000129	0.000303
337.000000	0.000005	0.000078	-0.000340	-0.000043	0.000619	0.000142	0.000311
338.000000	-0.000111	0.000026	-0.000268	-0.000264	0.000441	-0.000053	0.000131
339.000000	-0.000153	0.000113	-0.000150	-0.000312	0.000128	-0.000163	-0.000008
340.000000	0.000052	0.000406	-0.000100	-0.000032	-0.000020	-0.000025	0.000034
341.000000	0.000162	0.000487	-0.000162	0.000162	-0.000081	0.000081	0.000081
342.000000	-0.000085	0.000058	-0.000317	-0.000058	-0.000151	-0.000076	-0.000014
343.000000	-0.000316	-0.000375	-0.000341	-0.000311	-0.000167	-0.000237	-0.000086
344.000000	-0.000111	-0.000241	-0.000032	-0.000149	-0.000055	-0.000095	0.000054
345.000000	0.000251	0.000156	0.000333	0.000178	0.000067	0.000177	0.000222
346.000000	0.000280	0.000240	0.000345	0.000206	0.000032	0.000255	0.000133
347.000000	0.000098	0.000059	0.000130	0.000032	-0.000070	0.000139	-0.000130
348.000000	0.000155	0.000002	0.000098	0.000055	-0.000013	0.000011	-0.000278
349.000000	0.000423	0.000136	0.000277	0.000276	0.000189	-0.000029	-0.000229
350.000000	0.000473	0.000245	0.000368	0.000356	0.000320	0.000045	-0.000071
351.000000	0.000227	0.000240	0.000243	0.000202	0.000271	0.000173	0.000088
352.000000	0.000049	0.000198	-0.000002	0.000037	0.000073	0.000195	0.000134
353.000000	0.000130	0.000152	-0.000243	-0.000006	-0.000176	0.000072	0.000035
354.000000	0.000285	0.000049	-0.000334	0.000000	-0.000263	0.000001	-0.000077
355.000000	0.000342	-0.000120	-0.000205	-0.000006	-0.000088	0.000099	-0.000091
356.000000	0.000264	-0.000196	-0.000003	-0.000000	0.000128	0.000195	-0.000003
357.000000	0.000059	-0.000062	0.000112	0.000034	0.000160	0.000126	0.000147
358.000000	-0.000162	0.000112	0.000084	0.000015	0.000031	-0.000037	0.000203
359.000000	-0.000277	0.000121	-0.000091	-0.000130	-0.000165	-0.000164	0.000034
360.000000	-0.000236	0.000025	-0.000245	-0.000254	-0.000267	-0.000163	-0.000169
361.000000	-0.000032	-0.000024	-0.000169	-0.000148	-0.000117	0.000020	-0.000119
362.000000	0.000168	-0.000038	-0.000007	0.000071	0.000132	0.000197	0.000050
363.000000	0.000115	-0.000120	-0.000090	0.000107	0.000159	0.000057	-0.000025
364.000000	-0.000137	-0.000233	-0.000356	-0.000068	-0.000030	-0.000304	-0.000293
365.000000	-0.000267	-0.000217	-0.000404	-0.000242	-0.000142	-0.000431	-0.000342
366.000000	-0.000153	-0.000055	-0.000141	-0.000259	-0.000058	-0.000205	-0.000079
367.000000	0.000053	0.000088	0.000106	-0.000045	0.000104	0.000049	0.000168
368.000000	0.000227	0.000109	0.000139	0.000325	0.000231	0.000116	0.000186
369.000000	0.000325	0.000056	0.000052	0.000510	0.000250	0.000053	0.000042
370.000000	0.000327	-0.000022	-0.000041	0.000300	0.000138	-0.000067	-0.000145
371.000000	0.000264	-0.000127	-0.000066	-0.000055	0.000003	-0.000192	-0.000198
372.000000	0.000171	-0.000235	0.000016	-0.000268	-0.000048	-0.000273	-0.000001
373.000000	0.000080	-0.000177	0.000122	-0.000235	-0.000013	-0.000227	0.000241
374.000000	0.000014	0.000195	0.000149	0.000055	0.000072	-0.000005	0.000277
375.000000	-0.000045	0.000572	0.000135	0.000324	0.000096	0.000195	0.000130
376.000000	-0.000125	0.000510	0.000157	0.000220	-0.000062	0.000104	-0.000058
377.000000	-0.000165	0.000140	0.000170	-0.000077	-0.000289	-0.000113	-0.000157
378.000000	-0.000057	-0.000067	0.000059	-0.000082	-0.000337	-0.000052	-0.000052
379.000000	0.000163	-0.000004	-0.000085	0.000188	-0.000159	0.000246	0.000205
380.000000	0.000330	0.000105	0.000010	0.000257	0.000105	0.000336	0.000416
381.000000	0.000354	0.000141	0.000336	-0.000005	0.000335	0.000104	0.000435
382.000000	0.000248	0.000142	0.000506	-0.000255	0.000437	-0.000100	0.000202
383.000000	0.000065	0.000128	0.000344	-0.000284	0.000386	-0.000092	-0.000191
384.000000	-0.000083	0.000062	0.000129	-0.000208	0.000279	-0.000078	-0.000355
385.000000	-0.000126	-0.000062	0.000080	-0.000141	0.000191	-0.000189	-0.000083
386.000000	-0.000144	-0.000145	0.000075	-0.000076	0.000078	-0.000222	0.000214
387.000000	-0.000215	-0.000111	-0.000023	-0.000003	-0.000090	-0.000011	0.000147
388.000000	-0.000285	-0.000069	-0.000134	0.000011	-0.000212	0.000153	-0.000053
389.000000	-0.000274	-0.000140	-0.000145	-0.000092	-0.000175	-0.000053	-0.000045
390.000000	-0.000184	-0.000181	-0.000088	-0.000166	-0.000082	-0.000301	0.000105
391.000000	-0.000058	0.000031	-0.000060	-0.000006	-0.000107	-0.000053	0.000170
392.000000	0.000017	0.000319	-0.000099	0.000273	-0.000200	0.000420	0.000083
393.000000	-0.000069	0.000273	-0.000207	0.000372	-0.000180	0.000380	-0.000115
394.000000	-0.000215	-0.000038	-0.000276	0.000270	-0.000029	-0.000132	-0.000262
395.000000	-0.000139	-0.000113	-0.000106	0.000203	0.000119	-0.000364	-0.000095
396.000000	0.000154	0.000145	0.000271	0.000251	0.000174	-0.000109	0.000319
397.000000	0.000265	0.000269	0.000511	0.000271	0.000111	0.000076	0.000468
398.000000	0.000011	0.000049	0.000427	0.000168	-0.000051	-0.000111	0.000138
399.000000	-0.000296	-0.000142	0.000178	-0.000022	-0.000219	-0.000358	-0.000229
400.000000	-0.000405	-0.000046	-0.000063	-0.000231	-0.000316	-0.000402	-0.000288
401.000000	-0.000403	0.000068	-0.000199	-0.000336	-0.000337	-0.000339	-0.000204
402.000000	-0.000399	-0.000066	-0.000181	-0.000247	-0.000288	-0.000292	-0.000179
403.000000	-0.000303	-0.000251	-0.000084	-0.000088	-0.000164	-0.000221	-0.000149
404.000000	-0.000012	-0.000209	-0.000010	-0.000016	0.000034	-0.000058	-0.000005
405.000000	0.000280	-0.000040	0.000007	-0.000007	0.000220	0.000103	0.000162
406.000000	0.000285	0.000022	-0.000029	0.000032	0.000282	0.000122	0.000196
407.000000	0.000081	-0.000006	-0.000067	0.000072	0.000201	0.000063	0.000109
408.000000	-0.000035	0.000044	-0.000031	0.000019	0.000022	0.000108	0.000024
409.000000	0.000011	0.000179	0.000069	-0.000072	-0.000150	0.000230	-0.000027
410.000000	0.000083	0.000258	0.000140	-0.000006	-0.000156	0.000202	-0.000088
411.000000	0.000125	0.000243	0.000142	0.000222	0.000007	0.000029	-0.000143
412.000000	0.000200	0.000239	0.000107	0.000362	0.000133	0.000035	-0.000087
413.000000	0.000300	0.000287	0.000069	0.000267	0.000102	0.000299	0.000085
414.000000	0.000265	0.000271	0.000057	0.000028	-0.000013	0.000376	0.000165
415.000000	0.000025	0.000123	0.000073	-0.000231	-0.000115	0.000011	0.000025
416.000000	-0.000158	-0.000048	0.000056	-0.000372	-0.000110	-0.000316	-0.000155
417.000000	-0.000066	-0.000131	-0.000046	-0.000306	0.000046	-0.000164	-0.000200
418.000000	0.000055	-0.000150	-0.000180	-0.000168	0.000194	0.000127	-0.000195
419.000000	-0.000098	-0.000160	-0.000271	-0.000124	0.000151	0.000086	-0.000269
420.000000	-0.000319	-0.000154	-0.000267	-0.000089	0.000022	-0.000143	-0.000313
421.000000	-0.000226	-0.000104	-0.000139	0.000100	0.000011	-0.000189	-0.000146
422.000000	0.000039	-0.000050	-0.000005	0.000285	0.000062	-0.000075	0.000094
423.000000	0.000032	-0.000064	-0.000063	0.000131	-0.000031	-0.000064	0.000083
424.000000	-0.000220	-0.000122	-0.000235	-0.000240	-0.000202	-0.000159	-0.000151
425.000000	-0.000265	-0.000107	-0.000199	-0.000294	-0.000148	-0.000132	-0.000266
426.000000	-0.000005	-0.000008	0.000072	0.000060	0.000144	0.000066	-0.000151
427.000000	0.000178	0.000040	0.000199	0.000304	0.000281	0.000227	-0.000018
428.000000	0.000078	-0.000021	0.000019	0.000176	0.000082	0.000220	0.000006
429.000000	-0.000090	-0.000079	-0.000162	-0.000012	-0.000173	0.000099	0.000001
430.000000	-0.000140	-0.000057	-0.000111	-0.000017	-0.000260	-0.000056	0.000032
431.000000	-0.000111	-0.000036	0.000032	0.000002	-0.000255	-0.000145	0.000038
432.000000	-0.000074	-0.000090	0.000098	-0.000115	-0.000258	-0.000106	-0.000029
433.000000	-0.000066	-0.000140	0.000079	-0.000212	-0.000225	-0.000039	-0.000074
434.000000	-0.000104	-0.000090	0.000015	-0.000097	-0.000096	-0.000067	0.000006
435.000000	-0.000138	-0.000009	-0.000033	0.000099	0.000025	-0.000149	0.000101
436.000000	-0.000098	-0.000026	-0.000006	0.000132	-0.000014	-0.000183	0.000032
437.000000	-0.000020	-0.000107	0.000054	0.000019	-0.000123	-0.000154	-0.000125
438.000000	-0.000002	-0.000128	0.000052	-0.000066	-0.000075	-0.000100	-0.000148
439.000000	-0.000033	-0.000059	0.000004	-0.000061	0.000101	-0.000040	-0.000019
440.000000	-0.000010	0.000038	0.000021	-0.000006	0.000144	0.000028	0.000099
441.000000	0.000070	0.000102	0.000105	0.000059	0.000019	0.000093	0.000121
442.000000	0.000080	0.000071	0.000105	0.000096	-0.000017	0.000126	0.000075
443.000000	-0.000019	-0.000047	-0.000015	0.000088	0.000125	0.000116	0.000004
444.000000	-0.000091	-0.000120	-0.000052	0.000055	0.000168	0.000085	-0.000030
445.000000	-0.000042	-0.000069	0.000095	0.000017	-0.000050	0.000049	0.000001
446.000000	0.000028	-0.000001	0.000177	-0.000028	-0.000261	0.000001	0.000029
447.000000	0.000022	-0.000018	-0.000019	-0.000070	-0.000212	-0.000060	-0.000002
448.000000	-0.000023	-0.000057	-0.000267	-0.000045	-0.000049	-0.000089	-0.000031
449.000000	-0.000036	-0.000027	-0.000276	0.000103	0.000015	-0.000041	0.000017
450.000000	0.000022	0.000041	-0.000094	0.000264	0.000018	0.000056	0.000098
451.000000	0.000167	0.000077	0.000101	0.000282	0.000089	0.000148	0.000130
452.000000	0.000315	0.000095	0.000216	0.000226	0.000226	0.000224	0.000131
453.000000	0.000331	0.000157	0.000211	0.000284	0.000349	0.000301	0.000178
454.000000	0.000218	0.000229	0.000117	0.000416	0.000387	0.000331	0.000238
455.000000	0.000101	0.000197	0.000024	0.000382	0.000278	0.000216	0.000189
456.000000	0.000028	0.000066	-0.000020	0.000161	0.000073	-0.000013	0.000040
457.000000	-0.000055	-0.000004	-0.000027	0.000008	-0.000039	-0.000166	-0.000030
458.000000	-0.000145	0.000052	-0.000008	0.000037	0.000017	-0.000151	0.000051
459.000000	-0.000129	0.000118	0.000035	0.000086	0.000089	-0.000076	0.000150
460.000000	0.000039	0.000101	0.000084	0.000030	0.000074	-0.000029	0.000160
461.000000	0.000197	0.000029	0.000085	-0.000056	0.000056	-0.000000	0.000113
462.000000	0.000200	-0.000049	0.000015	-0.000091	0.000113	0.000028	0.000054
463.000000	0.000123	-0.000086	-0.000010	-0.000087	0.000147	0.000032	-0.000016
464.000000	0.000076	-0.000050	0.000123	-0.000075	0.000051	-0.000015	-0.000104
465.000000	0.000043	-0.000019	0.000254	-0.000079	-0.000071	-0.000091	-0.000200
466.000000	-0.000028	-0.000096	0.000155	-0.000110	-0.000056	-0.000158	-0.000283
467.000000	-0.000116	-0.000223	-0.000088	-0.000141	0.000037	-0.000181	-0.000307
468.000000	-0.000157	-0.000258	-0.000221	-0.000125	0.000039	-0.000135	-0.000217
469.000000	-0.000129	-0.000190	-0.000180	-0.000055	-0.000039	-0.000056	-0.000052
470.000000	-0.000042	-0.000115	-0.000058	0.000045	-0.000038	-0.000027	0.000069
471.000000	0.000064	-0.000068	0.000062	0.000129	0.000064	-0.000063	0.000107
472.000000	0.000122	-0.000007	0.000123	0.000132	0.000115	-0.000087	0.000118
473.000000	0.000096	0.000063	0.000098	0.000046	0.000049	-0.000068	0.000130
474.000000	0.000014	0.000044	0.000013	-0.000037	-0.000039	-0.000058	0.000106
475.000000	-0.000076	-0.000083	-0.000082	-0.000044	-0.000066	-0.000079	0.000038
476.000000	-0.000083	-0.000111	-0.000083	0.000029	-0.000027	-0.000055	0.000000
477.000000	0.000038	0.000099	0.000063	0.000156	0.000058	0.000055	0.000051
478.000000	0.000137	0.000275	0.000189	0.000223	0.000111	0.000115	0.000130
479.000000	0.000060	0.000127	0.000123	0.000130	0.000055	-0.000010	0.000157
480.000000	-0.000101	-0.000160	-0.000044	-0.000041	-0.000072	-0.000188	0.000108
481.000000	-0.000182	-0.000271	-0.000136	-0.000152	-0.000196	-0.000216	-0.000017
482.000000	-0.000184	-0.000225	-0.000114	-0.000170	-0.000262	-0.000132	-0.000149
483.000000	-0.000190	-0.000218	-0.000010	-0.000123	-0.000227	-0.000097	-0.000196
484.000000	-0.000197	-0.000278	0.000082	-0.000053	-0.000126	-0.000142	-0.000158
485.000000	-0.000139	-0.000306	0.000025	-0.000014	-0.000049	-0.000201	-0.000105
486.000000	-0.000037	-0.000267	-0.000141	-0.000018	-0.000028	-0.000236	-0.000078
487.000000	-0.000004	-0.000204	-0.000187	-0.000026	-0.000022	-0.000251	-0.000077
488.000000	-0.000066	-0.000146	-0.000041	-0.000023	-0.000015	-0.000236	-0.000080
489.000000	-0.000096	-0.000089	0.000085	-0.000027	-0.000030	-0.000153	-0.000036
490.000000	-0.000036	-0.000052	0.000049	-0.000059	-0.000081	-0.000022	0.000049
491.000000	-0.000027	-0.000104	-0.000080	-0.000127	-0.000151	-0.000003	0.000020
492.000000	-0.000164	-0.000256	-0.000193	-0.000211	-0.000206	-0.000178	-0.000200
493.000000	-0.000249	-0.000284	-0.000163	-0.000186	-0.000161	-0.000277	-0.000325
494.000000	-0.000093	0.000001	0.000083	0.000041	0.000037	-0.000050	-0.000090
495.000000	0.000119	0.000309	0.000302	0.000252	0.000208	0.000220	0.000211
496.000000	0.000115	0.000248	0.000200	0.000172	0.000130	0.000134	0.000162
497.000000	-0.000055	-0.000049	-0.000072	-0.000073	-0.000095	-0.000170	-0.000109
498.000000	-0.000183	-0.000205	-0.000159	-0.000174	-0.000217	-0.000308	-0.000226
499.000000	-0.000194	-0.000151	-0.000043	-0.000108	-0.000194	-0.000217	-0.000127
500.000000	-0.000109	-0.000040	0.000057	-0.000053	-0.000131	-0.000068	0.000022
501.000000	0.000013	0.000025	0.000068	-0.000056	-0.000087	0.000042	0.000124
502.000000	0.000077	0.000003	0.000073	-0.000025	-0.000059	0.000105	0.000160
503.000000	0.000049	-0.000079	0.000105	0.000057	-0.000050	0.000116	0.000122
504.000000	-0.000012	-0.000102	0.000101	0.000081	-0.000073	0.000074	0.000016
505.000000	-0.000050	-0.000017	0.000036	0.000004	-0.000118	-0.000005	-0.000118
506.000000	-0.000040	0.000042	-0.000023	-0.000065	-0.000124	-0.000066	-0.000167
507.000000	0.000022	-0.000015	-0.000013	-0.000035	-0.000053	-0.000065	-0.000060
508.000000	0.000080	-0.000063	0.000073	0.000037	0.000036	-0.000006	0.000094
509.000000	0.000080	0.000023	0.000210	0.000075	0.000078	0.000088	0.000170
510.000000	0.000033	0.000146	0.000259	0.000053	0.000068	0.000143	0.000154
511.000000	-0.000026	0.000160	0.000085	-0.000029	0.000023	0.000088	0.000071
512.000000	-0.000049	0.000087	-0.000142	-0.000108	-0.000016	-0.000004	-0.000020
513.000000	0.000008	0.000020	-0.000144	-0.000103	-0.000008	-0.000007	-0.000051
514.000000	0.000087	-0.000020	0.000005	-0.000065	0.000003	0.000049	-0.000047
515.000000	0.000069	-0.000061	0.000005	-0.000129	-0.000075	0.000035	-0.000089
516.000000	-0.000040	-0.000101	-0.000157	-0.000264	-0.000207	-0.000053	-0.000167
517.000000	-0.000107	-0.000112	-0.000224	-0.000284	-0.000233	-0.000100	-0.000178
518.000000	-0.000085	-0.000080	-0.000109	-0.000146	-0.000121	-0.000076	-0.000095
519.000000	-0.000050	-0.000021	0.000023	-0.000016	-0.000023	-0.000084	0.000001
520.000000	-0.000050	0.000040	0.000059	0.000006	-0.000025	-0.000167	0.000051
521.000000	-0.000053	0.000051	0.000032	-0.000020	-0.000056	-0.000237	0.000052
522.000000	-0.000032	-0.000004	-0.000012	-0.000032	-0.000047	-0.000218	0.000018
523.000000	-0.000001	-0.000036	-0.000035	-0.000019	-0.000002	-0.000127	-0.000017
524.000000	0.000021	0.000029	-0.000013	0.000018	0.000061	-0.000001	-0.000022
525.000000	0.000020	0.000100	0.000015	0.000061	0.000101	0.000094	-0.000004
526.000000	-0.000008	0.000062	0.000006	0.000092	0.000082	0.000099	0.000018
527.000000	-0.000043	-0.000039	-0.000026	0.000083	0.000031	0.000039	0.000013
528.000000	-0.000053	-0.000103	-0.000041	0.000009	-0.000004	-0.000025	-0.000049
529.000000	-0.000040	-0.000115	-0.000036	-0.000072	-0.000007	-0.000062	-0.000112
530.000000	-0.000025	-0.000111	-0.000029	-0.000056	0.000015	-0.000056	-0.000078
531.000000	-0.000006	-0.000092	-0.000017	0.000044	0.000053	-0.000015	0.000049
532.000000	0.000037	-0.000033	0.000018	0.000113	0.000097	0.000037	0.000170
533.000000	0.000079	0.000043	0.000070	0.000096	0.000118	0.000071	0.000220
534.000000	0.000038	0.000053	0.000095	0.000022	0.000070	0.000048	0.000180
535.000000	-0.000087	-0.000022	0.000076	-0.000066	-0.000041	-0.000026	0.000075
536.000000	-0.000150	-0.000078	0.000041	-0.000106	-0.000108	-0.000059	-0.000006
537.000000	-0.000063	-0.000042	0.000017	-0.000067	-0.000066	0.000001	0.000000
538.000000	0.000059	0.000030	0.000015	-0.000015	0.000000	0.000089	0.000059
539.000000	0.000102	0.000066	0.000034	-0.000012	0.000008	0.000131	0.000121
540.000000	0.000090	0.000027	0.000045	-0.000039	-0.000024	0.000109	0.000135
541.000000	0.000071	-0.000102	0.000014	-0.000060	-0.000053	0.000026	0.000063
542.000000	0.000050	-0.000217	-0.000050	-0.000043	-0.000051	-0.000067	-0.000037
543.000000	0.000017	-0.000189	-0.000124	0.000030	-0.000004	-0.000107	-0.000083
544.000000	-0.000024	-0.000069	-0.000161	0.000103	0.000042	-0.000102	-0.000083
545.000000	-0.000064	0.000002	-0.000111	0.000088	0.000013	-0.000096	-0.000091
546.000000	-0.000085	-0.000008	-0.000006	-0.000004	-0.000072	-0.000098	-0.000109
547.000000	-0.000069	-0.000044	0.000062	-0.000084	-0.000123	-0.000089	-0.000099
548.000000	-0.000029	-0.000075	0.000060	-0.000106	-0.000117	-0.000070	-0.000052
549.000000	-0.000015	-0.000102	0.000030	-0.000082	-0.000107	-0.000071	0.000003
550.000000	-0.000040	-0.000112	0.000015	-0.000031	-0.000112	-0.000083	0.000044
551.000000	-0.000051	-0.000083	0.000052	0.000022	-0.000082	-0.000037	0.000069
552.000000	-0.000021	-0.000010	0.000139	0.000054	-0.000003	0.000080	0.000074
553.000000	0.000000	0.000054	0.000167	0.000051	0.000039	0.000143	0.000050
554.000000	-0.000023	0.000070	0.000070	0.000012	-0.000014	0.000066	0.000002
555.000000	-0.000040	0.000075	-0.000034	-0.000024	-0.000075	-0.000023	-0.000026
556.000000	0.000003	0.000104	-0.000022	-0.000020	-0.000054	0.000008	0.000005
557.000000	0.000074	0.000093	0.000041	0.000015	-0.000005	0.000081	0.000039
558.000000	0.000122	-0.000024	0.000048	0.000058	-0.000013	0.000068	0.000003
559.000000	0.000137	-0.000077	0.000010	0.000091	-0.000034	0.000009	-0.000055
560.000000	0.000126	0.000168	-0.000003	0.000105	0.000025	0.000015	-0.000041
561.000000	0.000084	0.000298	0.000004	0.000086	0.000114	0.000066	0.000016
562.000000	0.000003	-0.000477	-0.000016	0.000025	0.000085	0.000053	0.000005
563.000000	-0.000077	-0.001100	-0.000060	-0.000049	-0.000049	-0.000024	-0.000067
564.000000	-0.000062	0.001224	-0.000065	-0.000068	-0.000111	-0.000063	-0.000069
565.000000	0.000043	0.003999	-0.000022	-0.000027	-0.000051	-0.000037	0.000019
566.000000	0.000091	-0.002865	-0.000000	-0.000017	-0.000013	-0.000045	0.000054
567.000000	0.000014	-0.020296	-0.000029	-0.000076	-0.000064	-0.000122	-0.000029
568.000000	-0.000080	-0.029134	-0.000043	-0.000119	-0.000086	-0.000161	-0.000107
569.000000	-0.000106	-0.017129	-0.000010	-0.000089	-0.000004	-0.000101	-0.000095
570.000000	-0.000118	-0.000507	-0.000019	-0.000065	0.000055	-0.000064	-0.000086
571.000000	-0.000170	0.003851	-0.000137	-0.000113	-0.000020	-0.000158	-0.000162
572.000000	-0.000181	0.000515	-0.000217	-0.000144	-0.000112	-0.000245	-0.000217
573.000000	-0.000062	-0.001108	-0.000098	-0.000050	-0.000071	-0.000157	-0.000119
574.000000	0.000088	-0.000292	0.000073	0.000075	0.000027	-0.000011	0.000033
575.000000	0.000111	0.000239	0.000052	0.000074	0.000025	-0.000008	0.000067
576.000000	0.000051	0.000060	-0.000039	-0.000015	-0.000036	-0.000028	0.000002
577.000000	0.000063	0.000103	0.000114	-0.000039	-0.000008	0.000215	-0.000025
578.000000	0.000106	0.000287	0.000214	-0.000013	0.000053	0.000349	-0.000030
579.000000	-0.000024	-0.000320	-0.000518	-0.000094	-0.000078	-0.000519	-0.000151
580.000000	-0.000158	-0.000973	-0.001144	-0.000134	-0.000225	-0.001326	-0.000214
581.000000	0.000334	0.001149	0.001381	0.000393	0.000283	0.001393	0.000334
582.000000	0.001010	0.004232	0.004922	0.001006	0.001012	0.005311	0.001012
583.000000	-0.000529	-0.002038	-0.002124	-0.000610	-0.000498	-0.002491	-0.000541
584.000000	-0.003735	-0.015539	-0.017374	-0.003839	-0.003734	-0.019378	-0.003748
585.000000	0.000156	0.000516	0.000530	0.000061	0.000113	0.000633	0.000135
586.000000	0.012965	0.063369	0.071365	0.012883	0.012909	0.079857	0.012915
587.000000	0.004504	0.092950	0.107029	0.004435	0.004457	0.121899	0.004436
588.000000	-0.050284	0.013213	0.023264	-0.050342	-0.050316	0.034025	-0.050331
589.000000	-0.101406	-0.091115	-0.089597	-0.101447	-0.101415	-0.087693	-0.101421
590.000000	-0.082217	-0.094344	-0.096341	-0.082224	-0.082184	-0.098263	-0.082234
591.000000	-0.019825	-0.024157	-0.024797	-0.019786	-0.019745	-0.025549	-0.019866
592.000000	0.013425	0.016562	0.017145	0.013512	0.013531	0.017592	0.013378
593.000000	0.007026	0.008708	0.008996	0.007135	0.007117	0.009238	0.006994
594.000000	-0.003202	-0.003859	-0.004026	-0.003135	-0.003183	-0.004137	-0.003223
595.000000	-0.002363	-0.002842	-0.003019	-0.002384	-0.002430	-0.003099	-0.002383
596.000000	0.000727	0.000931	0.000907	0.000657	0.000674	0.000928	0.000722
597.000000	0.000825	0.001023	0.001106	0.000779	0.000888	0.001105	0.000850
598.000000	-0.000035	-0.000053	0.000065	-0.000023	0.000079	-0.000018	0.000004
599.000000	-0.000158	-0.000197	-0.000121	-0.000093	-0.000133	-0.000265	-0.000132
600.000000	0.000036	0.000083	0.000077	0.000117	-0.000020	-0.000055	0.000050
601.000000	0.000038	0.000150	0.000065	0.000084	0.000027	0.000039	0.000060
602.000000	-0.000028	0.000075	-0.000014	-0.000026	0.000040	0.000054	-0.000012
603.000000	0.000033	0.000039	0.000064	0.000023	0.000106	0.000114	-0.000001
604.000000	0.000115	0.000033	0.000171	0.000124	0.000161	0.000142	0.000052
605.000000	0.000056	0.000002	0.000112	0.000096	0.000114	0.000032	0.000058
606.000000	-0.000067	-0.000021	-0.000039	-0.000007	0.000021	-0.000105	0.000025
607.000000	-0.000083	0.000025	-0.000097	-0.000038	-0.000008	-0.000080	0.000005
608.000000	0.000017	0.000111	-0.000041	0.000007	0.000034	0.000059	0.000009
609.000000	0.000139	0.000149	0.000043	0.000047	0.000088	0.000123	0.000025
610.000000	0.000204	0.000116	0.000095	0.000058	0.000104	0.000067	0.000047
611.000000	0.000151	0.000053	0.000078	0.000070	0.000044	-0.000012	0.000075
612.000000	0.000010	0.000007	0.000021	0.000096	-0.000056	-0.000047	0.000114
613.000000	-0.000072	0.000033	0.000031	0.000116	-0.000068	-0.000017	0.000182
614.000000	-0.000025	0.000127	0.000130	0.000118	0.000041	0.000060	0.000261
615.000000	0.000058	0.000179	0.000177	0.000114	0.000116	0.000097	0.000271
616.000000	0.000090	0.000121	0.000088	0.000107	0.000061	0.000042	0.000174
617.000000	0.000050	0.000033	-0.000016	0.000083	0.000000	-0.000033	0.000066
618.000000	-0.000047	0.000003	-0.000017	0.000034	0.000048	-0.000056	0.000036
619.000000	-0.000090	0.000027	0.000056	0.000001	0.000128	-0.000024	0.000049
620.000000	0.000022	0.000080	0.000134	0.000021	0.000138	0.000039	0.000049
621.000000	0.000169	0.000107	0.000161	0.000061	0.000108	0.000084	0.000048
622.000000	0.000168	0.000057	0.000098	0.000070	0.000105	0.000060	0.000074
623.000000	0.000057	-0.000028	0.000012	0.000063	0.000129	0.000008	0.000120
624.000000	-0.000014	-0.000061	0.000021	0.000092	0.000142	0.000014	0.000158
625.000000	0.000002	-0.000022	0.000099	0.000141	0.000132	0.000075	0.000174
626.000000	0.000071	0.000055	0.000112	0.000153	0.000111	0.000117	0.000166
627.000000	0.000142	0.000125	0.000052	0.000116	0.000092	0.000116	0.000136
628.000000	0.000147	0.000131	0.000046	0.000076	0.000088	0.000099	0.000087
629.000000	0.000070	0.000069	0.000129	0.000059	0.000100	0.000079	0.000036
630.000000	-0.000013	0.000010	0.000175	0.000051	0.000104	0.000044	0.000018
631.000000	-0.000048	0.000000	0.000122	0.000043	0.000083	-0.000004	0.000038
632.000000	-0.000033	0.000019	0.000070	0.000035	0.000031	-0.000016	0.000033
633.000000	0.000014	0.000032	0.000090	0.000030	-0.000042	0.000025	-0.000043
634.000000	0.000037	0.000004	0.000093	0.000035	-0.000088	0.000038	-0.000137
635.000000	-0.000005	-0.000081	-0.000012	0.000052	-0.000068	-0.000050	-0.000188
636.000000	-0.000027	-0.000131	-0.000131	0.000069	-0.000024	-0.000151	-0.000173
637.000000	0.000068	-0.000046	-0.000136	0.000075	-0.000013	-0.000148	-0.000089
638.000000	0.000196	0.000084	-0.000041	0.000072	-0.000010	-0.000065	0.000022
639.000000	0.000204	0.000102	0.000079	0.000074	0.000039	0.000008	0.000098
640.000000	0.000105	0.000012	0.000150	0.000067	0.000093	0.000022	0.000094
641.000000	0.000011	-0.000080	0.000103	0.000030	0.000055	-0.000049	-0.000021
642.000000	-0.000044	-0.000124	-0.000033	-0.000035	-0.000063	-0.000153	-0.000188
643.000000	-0.000096	-0.000123	-0.000146	-0.000095	-0.000156	-0.000177	-0.000273
644.000000	-0.000135	-0.000093	-0.000169	-0.000124	-0.000162	-0.000114	-0.000221
645.000000	-0.000085	-0.000070	-0.000103	-0.000097	-0.000081	-0.000102	-0.000090
646.000000	0.000050	-0.000074	0.000014	-0.000030	0.000037	-0.000188	0.000044
647.000000	0.000108	-0.000096	0.000075	-0.000002	0.000068	-0.000241	0.000090
648.000000	0.000007	-0.000120	0.000023	-0.000058	-0.000044	-0.000175	0.000008
649.000000	-0.000093	-0.000111	-0.000056	-0.000130	-0.000148	-0.000074	-0.000093
650.000000	-0.000051	-0.000050	-0.000075	-0.000147	-0.000112	-0.000030	-0.000113
651.000000	0.000031	0.000013	-0.000043	-0.000102	-0.000011	-0.000049	-0.000079
652.000000	0.000025	0.000029	0.000009	-0.000010	0.000044	-0.000111	-0.000040
653.000000	-0.000016	0.000030	0.000038	0.000064	0.000054	-0.000158	-0.000008
654.000000	0.000013	0.000070	0.000003	0.000053	0.000052	-0.000132	0.000021
655.000000	0.000075	0.000116	-0.000064	-0.000012	0.000042	-0.000076	0.000035
656.000000	0.000064	0.000092	-0.000098	-0.000050	0.000012	-0.000080	0.000020
657.000000	-0.000021	0.000009	-0.000099	-0.000043	-0.000044	-0.000133	-0.000029
658.000000	-0.000097	-0.000061	-0.000108	-0.000025	-0.000124	-0.000147	-0.000106
659.000000	-0.000120	-0.000099	-0.000121	-0.000015	-0.000191	-0.000104	-0.000179
660.000000	-0.000090	-0.000141	-0.000085	-0.000023	-0.000177	-0.000058	-0.000186
661.000000	-0.000030	-0.000179	-0.000002	-0.000050	-0.000083	-0.000045	-0.000114
662.000000	0.000001	-0.000133	0.000039	-0.000085	-0.000011	-0.000065	-0.000020
663.000000	-0.000014	0.000014	0.000003	-0.000111	-0.000020	-0.000103	0.000033
664.000000	0.000005	0.000126	-0.000019	-0.000098	-0.000041	-0.000121	-0.000008
665.000000	0.000101	0.000104	0.000035	-0.000036	-0.000016	-0.000091	-0.000148
666.000000	0.000167	0.000024	0.000083	0.000020	0.000039	-0.000025	-0.000230
667.000000	0.000107	-0.000022	0.000041	0.000015	0.000089	0.000050	-0.000129
668.000000	0.000010	-0.000040	-0.000049	-0.000032	0.000078	0.000087	0.000010
669.000000	-0.000001	-0.000058	-0.000113	-0.000086	-0.000037	0.000046	-0.000004
670.000000	0.000038	-0.000067	-0.000120	-0.000111	-0.000146	-0.000015	-0.000119
671.000000	0.000032	-0.000048	-0.000062	-0.000079	-0.000094	-0.000004	-0.000194
672.000000	0.000000	-0.000002	0.000019	0.000002	0.000069	0.000062	-0.000192
673.000000	0.000023	0.000052	0.000053	0.000094	0.000173	0.000103	-0.000142
674.000000	0.000095	0.000096	0.000027	0.000146	0.000173	0.000092	-0.000076
675.000000	0.000145	0.000111	-0.000021	0.000092	0.000137	0.000040	-0.000027
676.000000	0.000138	0.000105	-0.000053	-0.000042	0.000099	-0.000021	-0.000020
677.000000	0.000094	0.000117	-0.000029	-0.000118	0.000049	-0.000044	-0.000062
678.000000	0.000029	0.000133	0.000035	-0.000084	-0.000013	-0.000022	-0.000135
679.000000	-0.000060	0.000038	0.000035	-0.000041	-0.000076	-0.000028	-0.000178
680.000000	-0.000146	-0.000182	-0.000062	-0.000043	-0.000111	-0.000086	-0.000152
681.000000	-0.000129	-0.000262	-0.000086	0.000004	-0.000063	-0.000086	-0.000086
682.000000	0.000036	-0.000027	0.000080	0.000157	0.000089	0.000039	-0.000022
683.000000	0.000155	0.000233	0.000239	0.000247	0.000198	0.000133	0.000001
684.000000	0.000043	0.000198	0.000183	0.000111	0.000127	0.000040	-0.000044
685.000000	-0.000166	-0.000034	-0.000003	-0.000116	-0.000035	-0.000144	-0.000119
686.000000	-0.000252	-0.000238	-0.000148	-0.000226	-0.000136	-0.000250	-0.000168
687.000000	-0.000197	-0.000298	-0.000192	-0.000205	-0.000136	-0.000236	-0.000158
688.000000	-0.000079	-0.000161	-0.000132	-0.000132	-0.000050	-0.000118	-0.000072
689.000000	0.000034	0.000053	-0.000041	-0.000065	0.000059	0.000035	0.000027
690.000000	0.000084	0.000120	-0.000037	-0.000041	0.000099	0.000125	0.000030
691.000000	0.000083	0.000035	-0.000096	-0.000058	0.000050	0.000123	-0.000054
692.000000	0.000113	0.000009	-0.000059	-0.000073	-0.000032	0.000069	-0.000098
693.000000	0.000172	0.000098	0.000091	-0.000064	-0.000100	-0.000001	-0.000058
694.000000	0.000147	0.000140	0.000170	-0.000041	-0.000117	-0.000060	-0.000019
695.000000	0.000017	0.000068	0.000091	-0.000016	-0.000065	-0.000079	-0.000027
696.000000	-0.000047	0.000027	-0.000008	0.000001	0.000039	-0.000041	-0.000052
697.000000	0.000050	0.000106	-0.000017	0.000006	0.000153	0.000045	-0.000065
698.000000	0.000127	0.000177	0.000025	0.000000	0.000178	0.000076	-0.000076
699.000000	0.000025	0.000121	0.000061	-0.000010	0.000053	-0.000015	-0.000093
700.000000	-0.000120	0.000012	0.000078	-0.000024	-0.000073	-0.000103	-0.000105
701.000000	-0.000132	-0.000039	0.000072	-0.000038	-0.000037	-0.000052	-0.000101
702.000000	-0.000051	-0.000017	0.000040	-0.000035	0.000084	0.000027	-0.000104
703.000000	0.000018	0.000059	-0.000013	0.000007	0.000144	-0.000039	-0.000140
704.000000	0.000050	0.000132	-0.000041	0.000066	0.000158	-0.000161	-0.000176
705.000000	0.000069	0.000135	0.000019	0.000108	0.000220	-0.000122	-0.000144
706.000000	0.000085	0.000071	0.000111	0.000121	0.000287	0.000063	-0.000052
707.000000	0.000097	-0.000000	0.000093	0.000122	0.000221	0.000202	0.000039
708.000000	0.000111	-0.000048	-0.000022	0.000102	0.000045	0.000220	0.000081
709.000000	0.000146	-0.000071	-0.000059	0.000037	-0.000039	0.000181	0.000041
710.000000	0.000194	-0.000075	0.000037	-0.000051	0.000054	0.000134	-0.000048
711.000000	0.000212	-0.000070	0.000113	-0.000062	0.000209	0.000102	-0.000061
712.000000	0.000169	-0.000060	0.000076	0.000030	0.000309	0.000084	0.000054
713.000000	0.000067	-0.000036	-0.000006	0.000076	0.000261	0.000032	0.000160
714.000000	-0.000066	0.000004	-0.000053	-0.000016	0.000059	-0.000066	0.000170
715.000000	-0.000131	0.000042	-0.000006	-0.000088	-0.000046	-0.000090	0.000212
716.000000	-0.000048	0.000072	0.000162	0.000008	0.000142	0.000056	0.000405
717.000000	0.000119	0.000167	0.000329	0.000138	0.000342	0.000230	0.000620
718.000000	0.000275	0.000399	0.000370	0.000131	0.000218	0.000261	0.000682
719.000000	0.000415	0.000644	0.000378	0.000096	0.000008	0.000259	0.000610
720.000000	0.000561	0.000712	0.000509	0.000225	0.000132	0.000422	0.000491
721.000000	0.000604	0.000547	0.000571	0.000334	0.000394	0.000610	0.000347
722.000000	0.000380	0.000184	0.000202	0.000049	0.000266	0.000503	0.000164
723.000000	0.000057	-0.000144	-0.000364	-0.000416	-0.000140	0.000189	0.000015
724.000000	0.000071	-0.000053	-0.000406	-0.000372	-0.000187	0.000087	0.000039
725.000000	0.000425	0.000365	0.000115	0.000201	0.000199	0.000275	0.000212
726.000000	0.000608	0.000456	0.000430	0.000529	0.000411	0.000420	0.000309
727.000000	0.000421	0.000033	0.000245	0.000283	0.000202	0.000328	0.000259
728.000000	0.000234	-0.000261	0.000140	-0.000038	-0.000020	0.000071	0.000264
729.000000	0.000275	-0.000033	0.000434	-0.000078	0.000024	-0.000216	0.000414
730.000000	0.000315	0.000331	0.000633	0.000003	0.000164	-0.000314	0.000472
731.000000	0.000139	0.000461	0.000308	0.000028	0.000220	-0.000072	0.000242
732.000000	-0.000181	0.000422	-0.000358	0.000003	0.000210	0.000378	-0.000173
