[HEADER]
Format	J&M ASCII Table
Comment	
Date	2/12/1980 6:03:29 AM
Order	Y (evenX)
TechType	UV
NumPoints	483
FirstX	250.00
LastX	732.00
XType	NMetr
YType	Absrb
ZType	Secs
NumSubFile	7
Matrix	Z vs X
[DATA]
	0.000000	5.000064	10.000128	15.000256	20.000320	25.000383	30.000511
250.000000	0.950897	0.950682	0.947869	0.947084	0.947606	0.946848	0.945075
251.000000	0.924421	0.924388	0.920659	0.920040	0.920578	0.920019	0.918152
252.000000	0.897342	0.896767	0.894519	0.893841	0.893376	0.893334	0.891694
253.000000	0.870777	0.869578	0.869038	0.868466	0.866650	0.867265	0.866125
254.000000	0.845746	0.844336	0.843948	0.843902	0.841127	0.842215	0.841784
255.000000	0.822412	0.820820	0.819793	0.820298	0.817521	0.818186	0.818628
256.000000	0.800646	0.798502	0.797152	0.797766	0.796249	0.795184	0.796525
257.000000	0.779743	0.777231	0.775796	0.775983	0.776137	0.773696	0.775299
258.000000	0.758926	0.756942	0.755256	0.754581	0.755671	0.754193	0.754773
259.000000	0.738474	0.737175	0.735330	0.734010	0.735090	0.735578	0.734872
260.000000	0.719155	0.717327	0.715967	0.715063	0.715478	0.716082	0.715563
261.000000	0.700798	0.697697	0.697271	0.697232	0.696943	0.696026	0.696617
262.000000	0.682512	0.679237	0.679436	0.679036	0.678834	0.677287	0.677661
263.000000	0.663745	0.661650	0.661869	0.660029	0.660530	0.659868	0.658513
264.000000	0.644353	0.643210	0.643085	0.640966	0.641470	0.641604	0.639223
265.000000	0.624444	0.623325	0.622758	0.622129	0.621552	0.621628	0.619904
266.000000	0.604520	0.603466	0.602611	0.602884	0.601441	0.601475	0.600764
267.000000	0.584887	0.584537	0.583685	0.582869	0.581660	0.582214	0.581831
268.000000	0.565257	0.565496	0.564783	0.562650	0.562179	0.563124	0.562651
269.000000	0.545347	0.545348	0.544759	0.542748	0.542800	0.543404	0.542819
270.000000	0.525243	0.524524	0.524082	0.522937	0.522992	0.523043	0.522422
271.000000	0.505071	0.503706	0.503482	0.502847	0.502292	0.502256	0.501671
272.000000	0.484621	0.482948	0.482808	0.482368	0.481155	0.481418	0.480757
273.000000	0.463585	0.462069	0.461629	0.461498	0.460305	0.460893	0.459851
274.000000	0.442033	0.440964	0.440139	0.440302	0.439605	0.440330	0.438931
275.000000	0.420248	0.419583	0.418863	0.418885	0.418450	0.419008	0.417877
276.000000	0.398508	0.398025	0.397869	0.397357	0.396863	0.397114	0.396683
277.000000	0.377080	0.376515	0.376827	0.375836	0.375405	0.375600	0.375450
278.000000	0.356083	0.355265	0.355679	0.354506	0.354362	0.354775	0.354315
279.000000	0.335456	0.334458	0.334729	0.333641	0.333646	0.334099	0.333459
280.000000	0.315099	0.314140	0.314166	0.313361	0.313215	0.313347	0.313012
281.000000	0.294868	0.294100	0.293926	0.293493	0.293165	0.292986	0.293013
282.000000	0.274811	0.274270	0.274023	0.273940	0.273624	0.273416	0.273511
283.000000	0.255545	0.255086	0.254782	0.254931	0.254770	0.254616	0.254620
284.000000	0.237555	0.236929	0.236496	0.236682	0.236717	0.236491	0.236438
285.000000	0.220276	0.219528	0.219064	0.219107	0.219253	0.218955	0.218937
286.000000	0.203025	0.202517	0.202306	0.202084	0.202144	0.201956	0.202078
287.000000	0.186336	0.186160	0.186254	0.185844	0.185665	0.185642	0.185976
288.000000	0.171167	0.170937	0.171020	0.170721	0.170267	0.170234	0.170789
289.000000	0.157292	0.156750	0.156589	0.156540	0.155968	0.155835	0.156445
290.000000	0.143762	0.143148	0.142869	0.142819	0.142505	0.142461	0.142731
291.000000	0.130464	0.130048	0.129857	0.129582	0.129745	0.129926	0.129652
292.000000	0.118088	0.117724	0.117641	0.117333	0.117679	0.117860	0.117420
293.000000	0.106890	0.106317	0.106276	0.106198	0.106304	0.106194	0.106075
294.000000	0.096482	0.095756	0.095776	0.095748	0.095617	0.095288	0.095404
295.000000	0.086552	0.085921	0.086047	0.085714	0.085592	0.085328	0.085294
296.000000	0.077048	0.076608	0.076789	0.076244	0.076150	0.076073	0.075891
297.000000	0.067983	0.067680	0.067805	0.067459	0.067217	0.067286	0.067264
298.000000	0.059479	0.059236	0.059315	0.059227	0.058759	0.058916	0.059144
299.000000	0.051653	0.051406	0.051556	0.051417	0.050784	0.050985	0.051292
300.000000	0.044480	0.044248	0.044418	0.044136	0.043473	0.043688	0.043927
301.000000	0.037881	0.037770	0.037706	0.037527	0.037008	0.037217	0.037343
302.000000	0.031720	0.031756	0.031373	0.031439	0.031126	0.031322	0.031315
303.000000	0.025841	0.025902	0.025439	0.025597	0.025383	0.025576	0.025404
304.000000	0.020242	0.020174	0.019881	0.019948	0.019747	0.019935	0.019618
305.000000	0.015022	0.014726	0.014647	0.014595	0.014471	0.014626	0.014274
306.000000	0.010179	0.009706	0.009752	0.009642	0.009654	0.009732	0.009453
307.000000	0.005604	0.005254	0.005286	0.005189	0.005234	0.005186	0.004991
308.000000	0.001268	0.001302	0.001213	0.001179	0.001112	0.000934	0.000775
309.000000	-0.002728	-0.002526	-0.002686	-0.002684	-0.002852	-0.003051	-0.003210
310.000000	-0.006363	-0.006428	-0.006532	-0.006557	-0.006724	-0.006797	-0.006958
311.000000	-0.009825	-0.010134	-0.010185	-0.010236	-0.010390	-0.010336	-0.010432
312.000000	-0.013258	-0.013421	-0.013524	-0.013551	-0.013743	-0.013680	-0.013620
313.000000	-0.016548	-0.016461	-0.016615	-0.016615	-0.016781	-0.016775	-0.016620
314.000000	-0.019572	-0.019471	-0.019558	-0.019584	-0.019556	-0.019594	-0.019543
315.000000	-0.022441	-0.022469	-0.022404	-0.022493	-0.022290	-0.022343	-0.022436
316.000000	-0.025318	-0.025394	-0.025179	-0.025331	-0.025216	-0.025259	-0.025310
317.000000	-0.028080	-0.028134	-0.027849	-0.028052	-0.028160	-0.028175	-0.028062
318.000000	-0.030480	-0.030562	-0.030355	-0.030593	-0.030763	-0.030737	-0.030541
319.000000	-0.032637	-0.032791	-0.032738	-0.032982	-0.033064	-0.032985	-0.032805
320.000000	-0.034936	-0.035100	-0.035107	-0.035312	-0.035393	-0.035246	-0.035063
321.000000	-0.037398	-0.037498	-0.037455	-0.037596	-0.037796	-0.037617	-0.037388
322.000000	-0.039637	-0.039689	-0.039641	-0.039766	-0.039995	-0.039932	-0.039698
323.000000	-0.041520	-0.041577	-0.041657	-0.041798	-0.041897	-0.042066	-0.041909
324.000000	-0.043364	-0.043426	-0.043720	-0.043749	-0.043742	-0.043986	-0.043941
325.000000	-0.045358	-0.045401	-0.045894	-0.045656	-0.045678	-0.045708	-0.045766
326.000000	-0.047283	-0.047351	-0.047813	-0.047482	-0.047549	-0.047346	-0.047481
327.000000	-0.048963	-0.049134	-0.049217	-0.049196	-0.049216	-0.049012	-0.049181
328.000000	-0.050611	-0.050826	-0.050511	-0.050835	-0.050774	-0.050746	-0.050891
329.000000	-0.052446	-0.052520	-0.052140	-0.052441	-0.052349	-0.052540	-0.052603
330.000000	-0.054169	-0.054099	-0.053899	-0.054001	-0.053923	-0.054219	-0.054219
331.000000	-0.055366	-0.055398	-0.055389	-0.055484	-0.055431	-0.055582	-0.055632
332.000000	-0.056293	-0.056505	-0.056617	-0.056894	-0.056839	-0.056750	-0.056922
333.000000	-0.057532	-0.057635	-0.057808	-0.058250	-0.058139	-0.058006	-0.058256
334.000000	-0.059037	-0.058834	-0.059061	-0.059514	-0.059377	-0.059359	-0.059577
335.000000	-0.060264	-0.060007	-0.060370	-0.060607	-0.060641	-0.060595	-0.060656
336.000000	-0.061116	-0.061157	-0.061674	-0.061560	-0.061893	-0.061658	-0.061535
337.000000	-0.062038	-0.062402	-0.062850	-0.062536	-0.062949	-0.062689	-0.062584
338.000000	-0.063217	-0.063705	-0.063802	-0.063580	-0.063757	-0.063721	-0.063896
339.000000	-0.064337	-0.064739	-0.064488	-0.064531	-0.064523	-0.064585	-0.065040
340.000000	-0.065178	-0.065341	-0.064980	-0.065309	-0.065397	-0.065232	-0.065753
341.000000	-0.065913	-0.065844	-0.065634	-0.066122	-0.066331	-0.065983	-0.066331
342.000000	-0.066691	-0.066538	-0.066683	-0.067101	-0.067225	-0.067048	-0.067061
343.000000	-0.067306	-0.067218	-0.067670	-0.067901	-0.067905	-0.067960	-0.067810
344.000000	-0.067544	-0.067625	-0.068094	-0.068164	-0.068235	-0.068226	-0.068373
345.000000	-0.067673	-0.067951	-0.068259	-0.068219	-0.068449	-0.068267	-0.068771
346.000000	-0.068103	-0.068519	-0.068714	-0.068604	-0.068882	-0.068770	-0.069108
347.000000	-0.068757	-0.069184	-0.069365	-0.069289	-0.069478	-0.069599	-0.069499
348.000000	-0.069289	-0.069561	-0.069768	-0.069927	-0.069968	-0.070169	-0.070052
349.000000	-0.069613	-0.069670	-0.069928	-0.070393	-0.070328	-0.070411	-0.070680
350.000000	-0.069861	-0.069879	-0.070227	-0.070758	-0.070740	-0.070700	-0.071133
351.000000	-0.070143	-0.070293	-0.070756	-0.071093	-0.071230	-0.071173	-0.071354
352.000000	-0.070535	-0.070680	-0.071228	-0.071466	-0.071621	-0.071656	-0.071530
353.000000	-0.070994	-0.070924	-0.071477	-0.071863	-0.071837	-0.072039	-0.071794
354.000000	-0.071259	-0.071168	-0.071601	-0.072119	-0.072012	-0.072369	-0.072151
355.000000	-0.071224	-0.071521	-0.071720	-0.072160	-0.072250	-0.072678	-0.072556
356.000000	-0.071261	-0.071921	-0.071923	-0.072202	-0.072530	-0.072918	-0.072863
357.000000	-0.071695	-0.072296	-0.072280	-0.072457	-0.072824	-0.073064	-0.072981
358.000000	-0.072299	-0.072654	-0.072780	-0.072898	-0.073181	-0.073256	-0.073144
359.000000	-0.072750	-0.073015	-0.073378	-0.073428	-0.073644	-0.073638	-0.073607
360.000000	-0.073041	-0.073379	-0.073934	-0.073905	-0.074079	-0.074101	-0.074217
361.000000	-0.073298	-0.073735	-0.074293	-0.074195	-0.074314	-0.074463	-0.074691
362.000000	-0.073627	-0.074133	-0.074534	-0.074436	-0.074548	-0.074809	-0.075077
363.000000	-0.074123	-0.074651	-0.074868	-0.074917	-0.075178	-0.075376	-0.075610
364.000000	-0.074799	-0.075265	-0.075372	-0.075663	-0.076137	-0.076133	-0.076306
365.000000	-0.075598	-0.075864	-0.076000	-0.076472	-0.076959	-0.076822	-0.076984
366.000000	-0.076413	-0.076428	-0.076702	-0.077217	-0.077481	-0.077378	-0.077567
367.000000	-0.077081	-0.077051	-0.077436	-0.077881	-0.077955	-0.078001	-0.078125
368.000000	-0.077631	-0.077841	-0.078212	-0.078537	-0.078588	-0.078829	-0.078761
369.000000	-0.078464	-0.078904	-0.079151	-0.079417	-0.079465	-0.079846	-0.079624
370.000000	-0.079782	-0.080223	-0.080311	-0.080617	-0.080576	-0.080994	-0.080770
371.000000	-0.081100	-0.081428	-0.081531	-0.081806	-0.081698	-0.082129	-0.081965
372.000000	-0.081987	-0.082237	-0.082653	-0.082690	-0.082648	-0.083144	-0.082994
373.000000	-0.082783	-0.083004	-0.083706	-0.083505	-0.083594	-0.084143	-0.083940
374.000000	-0.083954	-0.084171	-0.084764	-0.084573	-0.084748	-0.085257	-0.084949
375.000000	-0.085391	-0.085550	-0.085871	-0.085833	-0.085984	-0.086399	-0.086045
376.000000	-0.086767	-0.086731	-0.087049	-0.087081	-0.087061	-0.087413	-0.087196
377.000000	-0.087966	-0.087770	-0.088207	-0.088265	-0.088038	-0.088324	-0.088373
378.000000	-0.089012	-0.088991	-0.089197	-0.089431	-0.089144	-0.089266	-0.089543
379.000000	-0.089996	-0.090352	-0.090065	-0.090580	-0.090373	-0.090321	-0.090668
380.000000	-0.091069	-0.091477	-0.091034	-0.091678	-0.091504	-0.091512	-0.091708
381.000000	-0.092299	-0.092335	-0.092222	-0.092729	-0.092502	-0.092786	-0.092707
382.000000	-0.093637	-0.093363	-0.093597	-0.093799	-0.093588	-0.093982	-0.093825
383.000000	-0.095007	-0.094757	-0.095038	-0.094895	-0.094865	-0.095028	-0.095103
384.000000	-0.096283	-0.096181	-0.096268	-0.095909	-0.096175	-0.096033	-0.096336
385.000000	-0.097357	-0.097339	-0.097131	-0.096792	-0.097361	-0.097072	-0.097364
386.000000	-0.098178	-0.098232	-0.097882	-0.097701	-0.098345	-0.098052	-0.098230
387.000000	-0.098752	-0.098929	-0.098768	-0.098755	-0.099093	-0.098885	-0.099008
388.000000	-0.099290	-0.099570	-0.099663	-0.099725	-0.099703	-0.099621	-0.099737
389.000000	-0.100008	-0.100283	-0.100369	-0.100343	-0.100287	-0.100335	-0.100436
390.000000	-0.100776	-0.100974	-0.100897	-0.100743	-0.100833	-0.100982	-0.101052
391.000000	-0.101345	-0.101475	-0.101350	-0.101210	-0.101285	-0.101479	-0.101512
392.000000	-0.101775	-0.101857	-0.101814	-0.101809	-0.101711	-0.101873	-0.101902
393.000000	-0.102308	-0.102330	-0.102359	-0.102459	-0.102251	-0.102284	-0.102397
394.000000	-0.102899	-0.102860	-0.102908	-0.102993	-0.102835	-0.102713	-0.102932
395.000000	-0.103245	-0.103193	-0.103258	-0.103172	-0.103206	-0.103047	-0.103227
396.000000	-0.103302	-0.103284	-0.103381	-0.103061	-0.103325	-0.103260	-0.103254
397.000000	-0.103387	-0.103386	-0.103493	-0.103134	-0.103444	-0.103450	-0.103333
398.000000	-0.103679	-0.103657	-0.103727	-0.103600	-0.103711	-0.103677	-0.103632
399.000000	-0.104026	-0.104034	-0.104024	-0.104084	-0.104023	-0.103908	-0.103969
400.000000	-0.104305	-0.104427	-0.104312	-0.104310	-0.104282	-0.104125	-0.104202
401.000000	-0.104587	-0.104749	-0.104540	-0.104485	-0.104487	-0.104377	-0.104431
402.000000	-0.104928	-0.104933	-0.104686	-0.104820	-0.104656	-0.104696	-0.104750
403.000000	-0.105151	-0.105000	-0.104818	-0.105129	-0.104780	-0.104970	-0.105026
404.000000	-0.105073	-0.105007	-0.105012	-0.105168	-0.104857	-0.105080	-0.105096
405.000000	-0.104945	-0.105065	-0.105217	-0.105103	-0.104960	-0.105131	-0.105063
406.000000	-0.105155	-0.105291	-0.105338	-0.105246	-0.105177	-0.105303	-0.105129
407.000000	-0.105582	-0.105608	-0.105400	-0.105555	-0.105442	-0.105570	-0.105324
408.000000	-0.105803	-0.105825	-0.105502	-0.105778	-0.105598	-0.105779	-0.105570
409.000000	-0.105765	-0.105888	-0.105672	-0.105855	-0.105666	-0.105905	-0.105809
410.000000	-0.105766	-0.105880	-0.105866	-0.105913	-0.105826	-0.106039	-0.105998
411.000000	-0.105922	-0.105879	-0.106045	-0.106004	-0.106096	-0.106189	-0.106101
412.000000	-0.106099	-0.105954	-0.106181	-0.106075	-0.106266	-0.106243	-0.106095
413.000000	-0.106220	-0.106133	-0.106287	-0.106127	-0.106281	-0.106190	-0.106029
414.000000	-0.106365	-0.106372	-0.106457	-0.106283	-0.106418	-0.106229	-0.106103
415.000000	-0.106578	-0.106607	-0.106719	-0.106589	-0.106815	-0.106474	-0.106409
416.000000	-0.106750	-0.106752	-0.106879	-0.106833	-0.107087	-0.106708	-0.106667
417.000000	-0.106793	-0.106756	-0.106796	-0.106835	-0.106907	-0.106739	-0.106641
418.000000	-0.106838	-0.106764	-0.106754	-0.106777	-0.106639	-0.106757	-0.106601
419.000000	-0.107036	-0.106937	-0.107063	-0.106892	-0.106745	-0.106994	-0.106874
420.000000	-0.107240	-0.107150	-0.107396	-0.107057	-0.107026	-0.107243	-0.107216
421.000000	-0.107203	-0.107181	-0.107221	-0.107025	-0.107045	-0.107152	-0.107190
422.000000	-0.107032	-0.107088	-0.106777	-0.106913	-0.106883	-0.106863	-0.106940
423.000000	-0.107038	-0.107095	-0.106755	-0.107038	-0.106920	-0.106807	-0.106957
424.000000	-0.107202	-0.107206	-0.107146	-0.107320	-0.107132	-0.106997	-0.107214
425.000000	-0.107206	-0.107230	-0.107306	-0.107313	-0.107122	-0.107068	-0.107219
426.000000	-0.106998	-0.107113	-0.107050	-0.106955	-0.106831	-0.106912	-0.106878
427.000000	-0.106893	-0.106998	-0.106838	-0.106709	-0.106664	-0.106782	-0.106651
428.000000	-0.107025	-0.106970	-0.106919	-0.106813	-0.106812	-0.106824	-0.106766
429.000000	-0.107129	-0.106980	-0.107046	-0.106992	-0.106989	-0.106930	-0.106928
430.000000	-0.107020	-0.106994	-0.107024	-0.107028	-0.106977	-0.107004	-0.106913
431.000000	-0.106871	-0.107064	-0.106982	-0.107037	-0.106925	-0.107065	-0.106868
432.000000	-0.106873	-0.107220	-0.107058	-0.107145	-0.106993	-0.107141	-0.106951
433.000000	-0.106997	-0.107345	-0.107174	-0.107260	-0.107096	-0.107188	-0.107067
434.000000	-0.107157	-0.107308	-0.107215	-0.107255	-0.107108	-0.107158	-0.107079
435.000000	-0.107284	-0.107197	-0.107203	-0.107173	-0.107072	-0.107103	-0.107028
436.000000	-0.107322	-0.107175	-0.107212	-0.107120	-0.107093	-0.107109	-0.107020
437.000000	-0.107287	-0.107236	-0.107225	-0.107123	-0.107149	-0.107152	-0.107062
438.000000	-0.107235	-0.107275	-0.107170	-0.107152	-0.107148	-0.107148	-0.107102
439.000000	-0.107194	-0.107253	-0.107059	-0.107176	-0.107085	-0.107097	-0.107111
440.000000	-0.107159	-0.107197	-0.106976	-0.107159	-0.107036	-0.107071	-0.107083
441.000000	-0.107133	-0.107147	-0.106973	-0.107105	-0.107029	-0.107082	-0.107039
442.000000	-0.107124	-0.107161	-0.107061	-0.107074	-0.107027	-0.107066	-0.107036
443.000000	-0.107142	-0.107250	-0.107206	-0.107106	-0.107024	-0.107013	-0.107100
444.000000	-0.107192	-0.107329	-0.107306	-0.107198	-0.107080	-0.107031	-0.107195
445.000000	-0.107278	-0.107342	-0.107302	-0.107331	-0.107220	-0.107175	-0.107281
446.000000	-0.107398	-0.107354	-0.107286	-0.107445	-0.107353	-0.107308	-0.107332
447.000000	-0.107533	-0.107426	-0.107342	-0.107488	-0.107393	-0.107309	-0.107332
448.000000	-0.107593	-0.107511	-0.107404	-0.107480	-0.107369	-0.107255	-0.107301
449.000000	-0.107496	-0.107540	-0.107383	-0.107450	-0.107333	-0.107250	-0.107264
450.000000	-0.107319	-0.107473	-0.107273	-0.107389	-0.107302	-0.107245	-0.107220
451.000000	-0.107193	-0.107287	-0.107108	-0.107278	-0.107275	-0.107140	-0.107157
452.000000	-0.107125	-0.107051	-0.106957	-0.107136	-0.107216	-0.106976	-0.107062
453.000000	-0.107054	-0.106885	-0.106904	-0.107008	-0.107074	-0.106874	-0.106930
454.000000	-0.106993	-0.106836	-0.106966	-0.106933	-0.106915	-0.106872	-0.106828
455.000000	-0.107016	-0.106892	-0.107095	-0.106939	-0.106901	-0.106933	-0.106885
456.000000	-0.107104	-0.107001	-0.107210	-0.107010	-0.107034	-0.107004	-0.107071
457.000000	-0.107116	-0.107072	-0.107193	-0.107074	-0.107109	-0.107007	-0.107147
458.000000	-0.107004	-0.107051	-0.107023	-0.107069	-0.107022	-0.106914	-0.107011
459.000000	-0.106903	-0.106962	-0.106877	-0.106954	-0.106868	-0.106782	-0.106823
460.000000	-0.106897	-0.106845	-0.106863	-0.106744	-0.106742	-0.106670	-0.106716
461.000000	-0.106893	-0.106760	-0.106870	-0.106605	-0.106672	-0.106605	-0.106672
462.000000	-0.106802	-0.106749	-0.106789	-0.106659	-0.106658	-0.106599	-0.106648
463.000000	-0.106700	-0.106776	-0.106681	-0.106753	-0.106651	-0.106605	-0.106611
464.000000	-0.106681	-0.106787	-0.106637	-0.106705	-0.106600	-0.106573	-0.106543
465.000000	-0.106703	-0.106776	-0.106651	-0.106578	-0.106537	-0.106532	-0.106500
466.000000	-0.106681	-0.106749	-0.106678	-0.106515	-0.106522	-0.106534	-0.106555
467.000000	-0.106615	-0.106702	-0.106683	-0.106538	-0.106537	-0.106569	-0.106640
468.000000	-0.106549	-0.106625	-0.106643	-0.106595	-0.106531	-0.106595	-0.106620
469.000000	-0.106503	-0.106532	-0.106561	-0.106622	-0.106507	-0.106583	-0.106502
470.000000	-0.106475	-0.106457	-0.106467	-0.106550	-0.106520	-0.106517	-0.106412
471.000000	-0.106447	-0.106412	-0.106384	-0.106401	-0.106543	-0.106419	-0.106385
472.000000	-0.106387	-0.106376	-0.106330	-0.106305	-0.106455	-0.106352	-0.106349
473.000000	-0.106305	-0.106343	-0.106315	-0.106320	-0.106248	-0.106343	-0.106288
474.000000	-0.106293	-0.106331	-0.106336	-0.106356	-0.106127	-0.106354	-0.106296
475.000000	-0.106381	-0.106342	-0.106377	-0.106343	-0.106194	-0.106344	-0.106396
476.000000	-0.106426	-0.106338	-0.106382	-0.106294	-0.106250	-0.106271	-0.106403
477.000000	-0.106317	-0.106293	-0.106313	-0.106232	-0.106131	-0.106125	-0.106189
478.000000	-0.106184	-0.106260	-0.106226	-0.106180	-0.106006	-0.106008	-0.105972
479.000000	-0.106176	-0.106295	-0.106185	-0.106150	-0.106068	-0.106024	-0.105989
480.000000	-0.106235	-0.106332	-0.106180	-0.106126	-0.106204	-0.106116	-0.106131
481.000000	-0.106233	-0.106275	-0.106178	-0.106082	-0.106205	-0.106176	-0.106179
482.000000	-0.106135	-0.106125	-0.106143	-0.105998	-0.106054	-0.106161	-0.106092
483.000000	-0.105955	-0.105936	-0.106043	-0.105858	-0.105834	-0.106063	-0.105922
484.000000	-0.105735	-0.105751	-0.105882	-0.105696	-0.105626	-0.105886	-0.105731
485.000000	-0.105541	-0.105598	-0.105694	-0.105576	-0.105499	-0.105645	-0.105583
486.000000	-0.105421	-0.105484	-0.105519	-0.105505	-0.105456	-0.105397	-0.105496
487.000000	-0.105401	-0.105383	-0.105409	-0.105424	-0.105418	-0.105248	-0.105435
488.000000	-0.105444	-0.105290	-0.105372	-0.105317	-0.105338	-0.105221	-0.105379
489.000000	-0.105411	-0.105226	-0.105343	-0.105246	-0.105234	-0.105208	-0.105321
490.000000	-0.105259	-0.105219	-0.105298	-0.105247	-0.105149	-0.105151	-0.105274
491.000000	-0.105184	-0.105305	-0.105323	-0.105282	-0.105167	-0.105146	-0.105282
492.000000	-0.105310	-0.105462	-0.105448	-0.105297	-0.105311	-0.105240	-0.105343
493.000000	-0.105365	-0.105451	-0.105447	-0.105216	-0.105347	-0.105218	-0.105278
494.000000	-0.105082	-0.105078	-0.105118	-0.104986	-0.105062	-0.104890	-0.104942
495.000000	-0.104713	-0.104656	-0.104706	-0.104725	-0.104659	-0.104519	-0.104577
496.000000	-0.104625	-0.104604	-0.104561	-0.104587	-0.104446	-0.104462	-0.104506
497.000000	-0.104709	-0.104783	-0.104610	-0.104554	-0.104425	-0.104596	-0.104618
498.000000	-0.104639	-0.104800	-0.104589	-0.104525	-0.104451	-0.104580	-0.104601
499.000000	-0.104415	-0.104608	-0.104443	-0.104443	-0.104424	-0.104392	-0.104427
500.000000	-0.104265	-0.104410	-0.104272	-0.104281	-0.104287	-0.104242	-0.104269
501.000000	-0.104221	-0.104267	-0.104119	-0.104067	-0.104067	-0.104178	-0.104160
502.000000	-0.104099	-0.104090	-0.103967	-0.103874	-0.103879	-0.104081	-0.103978
503.000000	-0.103851	-0.103861	-0.103814	-0.103751	-0.103771	-0.103903	-0.103716
504.000000	-0.103642	-0.103679	-0.103683	-0.103703	-0.103689	-0.103727	-0.103555
505.000000	-0.103566	-0.103590	-0.103592	-0.103697	-0.103591	-0.103603	-0.103570
506.000000	-0.103512	-0.103510	-0.103531	-0.103625	-0.103476	-0.103493	-0.103580
507.000000	-0.103386	-0.103368	-0.103479	-0.103424	-0.103349	-0.103357	-0.103439
508.000000	-0.103249	-0.103203	-0.103381	-0.103204	-0.103203	-0.103203	-0.103223
509.000000	-0.103167	-0.103069	-0.103195	-0.103084	-0.103043	-0.103050	-0.103040
510.000000	-0.103106	-0.102988	-0.102996	-0.103035	-0.102916	-0.102932	-0.102906
511.000000	-0.103007	-0.102963	-0.102875	-0.102985	-0.102869	-0.102876	-0.102807
512.000000	-0.102859	-0.102926	-0.102783	-0.102884	-0.102823	-0.102821	-0.102696
513.000000	-0.102675	-0.102784	-0.102614	-0.102697	-0.102656	-0.102673	-0.102517
514.000000	-0.102487	-0.102560	-0.102400	-0.102478	-0.102414	-0.102458	-0.102315
515.000000	-0.102336	-0.102354	-0.102256	-0.102330	-0.102247	-0.102278	-0.102190
516.000000	-0.102213	-0.102191	-0.102177	-0.102244	-0.102162	-0.102144	-0.102128
517.000000	-0.102056	-0.102030	-0.102045	-0.102098	-0.102028	-0.101977	-0.101999
518.000000	-0.101858	-0.101852	-0.101827	-0.101855	-0.101800	-0.101763	-0.101775
519.000000	-0.101681	-0.101678	-0.101615	-0.101605	-0.101564	-0.101579	-0.101578
520.000000	-0.101552	-0.101517	-0.101465	-0.101408	-0.101383	-0.101456	-0.101472
521.000000	-0.101405	-0.101365	-0.101339	-0.101252	-0.101256	-0.101321	-0.101384
522.000000	-0.101200	-0.101213	-0.101199	-0.101110	-0.101162	-0.101123	-0.101249
523.000000	-0.100997	-0.101065	-0.101038	-0.100942	-0.101051	-0.100927	-0.101067
524.000000	-0.100856	-0.100922	-0.100861	-0.100728	-0.100884	-0.100796	-0.100856
525.000000	-0.100766	-0.100788	-0.100696	-0.100564	-0.100710	-0.100712	-0.100660
526.000000	-0.100690	-0.100668	-0.100572	-0.100545	-0.100591	-0.100631	-0.100521
527.000000	-0.100597	-0.100555	-0.100472	-0.100563	-0.100499	-0.100515	-0.100419
528.000000	-0.100458	-0.100440	-0.100365	-0.100443	-0.100380	-0.100337	-0.100313
529.000000	-0.100288	-0.100320	-0.100256	-0.100223	-0.100254	-0.100147	-0.100222
530.000000	-0.100127	-0.100193	-0.100167	-0.100063	-0.100181	-0.100037	-0.100192
531.000000	-0.099938	-0.099995	-0.100023	-0.099935	-0.100065	-0.099928	-0.100114
532.000000	-0.099630	-0.099619	-0.099676	-0.099658	-0.099693	-0.099606	-0.099761
533.000000	-0.099442	-0.099330	-0.099380	-0.099418	-0.099322	-0.099299	-0.099387
534.000000	-0.100016	-0.099852	-0.099884	-0.099864	-0.099802	-0.099780	-0.099843
535.000000	-0.100798	-0.100666	-0.100687	-0.100554	-0.100663	-0.100568	-0.100667
536.000000	-0.099020	-0.098958	-0.098969	-0.099027	-0.098995	-0.098849	-0.098952
537.000000	-0.095179	-0.095175	-0.095171	-0.095666	-0.095183	-0.095070	-0.095094
538.000000	-0.099069	-0.099080	-0.099057	-0.098996	-0.099069	-0.098998	-0.098963
539.000000	-0.113086	-0.113068	-0.113019	-0.111121	-0.113106	-0.113021	-0.113030
540.000000	-0.104081	-0.104062	-0.103976	-0.103243	-0.104125	-0.104020	-0.104078
541.000000	-0.043547	-0.043624	-0.043493	-0.050575	-0.043586	-0.043520	-0.043521
542.000000	0.015568	0.015404	0.015538	0.001060	0.015567	0.015576	0.015676
543.000000	0.000350	0.000257	0.000296	-0.011524	0.000412	0.000413	0.000543
544.000000	-0.064237	-0.064175	-0.064273	-0.067094	-0.064120	-0.064103	-0.064003
545.000000	-0.103527	-0.103416	-0.103573	-0.101524	-0.103409	-0.103427	-0.103335
546.000000	-0.103013	-0.102979	-0.103090	-0.101988	-0.102937	-0.103020	-0.102915
547.000000	-0.095402	-0.095461	-0.095459	-0.095944	-0.095356	-0.095444	-0.095368
548.000000	-0.095771	-0.095867	-0.095757	-0.096193	-0.095724	-0.095740	-0.095746
549.000000	-0.097916	-0.097966	-0.097854	-0.097809	-0.097859	-0.097794	-0.097880
550.000000	-0.097852	-0.097796	-0.097798	-0.097631	-0.097793	-0.097687	-0.097813
551.000000	-0.097024	-0.096904	-0.096982	-0.096879	-0.096973	-0.096872	-0.096995
552.000000	-0.096721	-0.096641	-0.096664	-0.096625	-0.096685	-0.096629	-0.096710
553.000000	-0.096701	-0.096716	-0.096639	-0.096652	-0.096669	-0.096672	-0.096690
554.000000	-0.096596	-0.096696	-0.096566	-0.096621	-0.096551	-0.096598	-0.096557
555.000000	-0.096370	-0.096495	-0.096378	-0.096424	-0.096326	-0.096371	-0.096326
556.000000	-0.096084	-0.096144	-0.096100	-0.096055	-0.096084	-0.096062	-0.096101
557.000000	-0.095950	-0.095922	-0.095946	-0.095812	-0.095969	-0.095883	-0.096021
558.000000	-0.096134	-0.096083	-0.096099	-0.095984	-0.096072	-0.096003	-0.096159
559.000000	-0.096061	-0.096034	-0.095998	-0.095970	-0.095890	-0.095884	-0.095988
560.000000	-0.094973	-0.094953	-0.094900	-0.094926	-0.094800	-0.094817	-0.094857
561.000000	-0.094434	-0.094408	-0.094381	-0.094396	-0.094353	-0.094347	-0.094348
562.000000	-0.097326	-0.097326	-0.097329	-0.097287	-0.097311	-0.097284	-0.097296
563.000000	-0.099443	-0.099494	-0.099506	-0.099402	-0.099427	-0.099404	-0.099463
564.000000	-0.089913	-0.089976	-0.089963	-0.089858	-0.089859	-0.089860	-0.089955
565.000000	-0.078917	-0.078942	-0.078885	-0.078844	-0.078830	-0.078854	-0.078951
566.000000	-0.106853	-0.106866	-0.106792	-0.106797	-0.106793	-0.106803	-0.106881
567.000000	-0.177220	-0.177274	-0.177230	-0.177221	-0.177247	-0.177200	-0.177251
568.000000	-0.212705	-0.212775	-0.212768	-0.212741	-0.212776	-0.212694	-0.212709
569.000000	-0.163925	-0.163935	-0.163940	-0.163934	-0.163934	-0.163879	-0.163858
570.000000	-0.096448	-0.096397	-0.096397	-0.096406	-0.096380	-0.096370	-0.096343
571.000000	-0.078510	-0.078471	-0.078467	-0.078446	-0.078446	-0.078448	-0.078463
572.000000	-0.091752	-0.091755	-0.091754	-0.091709	-0.091729	-0.091735	-0.091786
573.000000	-0.098261	-0.098272	-0.098282	-0.098280	-0.098249	-0.098281	-0.098302
574.000000	-0.094907	-0.094897	-0.094915	-0.094979	-0.094884	-0.094932	-0.094898
575.000000	-0.092427	-0.092400	-0.092407	-0.092478	-0.092408	-0.092409	-0.092376
576.000000	-0.093011	-0.092969	-0.092964	-0.092983	-0.093006	-0.092920	-0.092934
577.000000	-0.093702	-0.093618	-0.093636	-0.093598	-0.093679	-0.093546	-0.093592
578.000000	-0.093493	-0.093370	-0.093422	-0.093355	-0.093431	-0.093303	-0.093356
579.000000	-0.093136	-0.093052	-0.093079	-0.093026	-0.093066	-0.092962	-0.093026
580.000000	-0.092909	-0.092927	-0.092874	-0.092866	-0.092866	-0.092793	-0.092868
581.000000	-0.092430	-0.092484	-0.092393	-0.092413	-0.092394	-0.092383	-0.092424
582.000000	-0.091915	-0.091896	-0.091851	-0.091860	-0.091850	-0.091918	-0.091878
583.000000	-0.092717	-0.092640	-0.092655	-0.092644	-0.092645	-0.092733	-0.092649
584.000000	-0.094467	-0.094426	-0.094457	-0.094441	-0.094441	-0.094455	-0.094411
585.000000	-0.092005	-0.092006	-0.092014	-0.092014	-0.092005	-0.091954	-0.091963
586.000000	-0.085498	-0.085465	-0.085428	-0.085465	-0.085447	-0.085422	-0.085429
587.000000	-0.098721	-0.098651	-0.098581	-0.098642	-0.098610	-0.098648	-0.098618
588.000000	-0.150177	-0.150144	-0.150083	-0.150129	-0.150071	-0.150135	-0.150068
589.000000	-0.194302	-0.194337	-0.194303	-0.194307	-0.194226	-0.194302	-0.194212
590.000000	-0.172005	-0.172056	-0.172035	-0.171992	-0.171915	-0.172034	-0.171941
591.000000	-0.110390	-0.110407	-0.110382	-0.110314	-0.110257	-0.110420	-0.110332
592.000000	-0.077985	-0.077963	-0.077930	-0.077880	-0.077843	-0.077975	-0.077890
593.000000	-0.084061	-0.084011	-0.083973	-0.083978	-0.083942	-0.083988	-0.083901
594.000000	-0.093540	-0.093475	-0.093435	-0.093505	-0.093435	-0.093427	-0.093339
595.000000	-0.092337	-0.092262	-0.092227	-0.092345	-0.092226	-0.092212	-0.092129
596.000000	-0.090056	-0.089970	-0.089943	-0.090075	-0.089947	-0.089916	-0.089853
597.000000	-0.090898	-0.090795	-0.090785	-0.090886	-0.090797	-0.090727	-0.090699
598.000000	-0.088978	-0.088858	-0.088891	-0.088929	-0.088851	-0.088784	-0.088805
599.000000	-0.082084	-0.081957	-0.082049	-0.082015	-0.081888	-0.081887	-0.081963
600.000000	-0.078022	-0.077923	-0.078023	-0.077955	-0.077783	-0.077829	-0.077945
601.000000	-0.082312	-0.082285	-0.082309	-0.082269	-0.082108	-0.082125	-0.082248
602.000000	-0.088643	-0.088675	-0.088641	-0.088640	-0.088501	-0.088499	-0.088584
603.000000	-0.090075	-0.090104	-0.090118	-0.090117	-0.089962	-0.090033	-0.090037
604.000000	-0.088338	-0.088323	-0.088413	-0.088400	-0.088222	-0.088372	-0.088315
605.000000	-0.087318	-0.087263	-0.087339	-0.087343	-0.087181	-0.087305	-0.087273
606.000000	-0.087334	-0.087260	-0.087266	-0.087279	-0.087177	-0.087206	-0.087240
607.000000	-0.087189	-0.087125	-0.087097	-0.087045	-0.087030	-0.086995	-0.087049
608.000000	-0.086648	-0.086617	-0.086587	-0.086460	-0.086507	-0.086469	-0.086495
609.000000	-0.086094	-0.086101	-0.086040	-0.085959	-0.085985	-0.085982	-0.085987
610.000000	-0.085695	-0.085727	-0.085611	-0.085657	-0.085606	-0.085651	-0.085657
611.000000	-0.085420	-0.085431	-0.085309	-0.085365	-0.085292	-0.085362	-0.085380
612.000000	-0.085193	-0.085152	-0.085084	-0.085007	-0.084988	-0.085047	-0.085075
613.000000	-0.084900	-0.084833	-0.084816	-0.084671	-0.084686	-0.084696	-0.084741
614.000000	-0.084517	-0.084482	-0.084469	-0.084415	-0.084391	-0.084343	-0.084401
615.000000	-0.084195	-0.084216	-0.084170	-0.084218	-0.084130	-0.084082	-0.084115
616.000000	-0.084032	-0.084098	-0.083998	-0.084051	-0.083923	-0.083960	-0.083924
617.000000	-0.083930	-0.083999	-0.083862	-0.083890	-0.083767	-0.083876	-0.083794
618.000000	-0.083782	-0.083801	-0.083675	-0.083712	-0.083642	-0.083730	-0.083681
619.000000	-0.083576	-0.083550	-0.083472	-0.083495	-0.083499	-0.083532	-0.083541
620.000000	-0.083336	-0.083327	-0.083314	-0.083233	-0.083299	-0.083320	-0.083340
621.000000	-0.083124	-0.083159	-0.083186	-0.083008	-0.083105	-0.083144	-0.083121
622.000000	-0.083004	-0.083046	-0.083051	-0.082918	-0.083006	-0.083047	-0.082945
623.000000	-0.082917	-0.082930	-0.082899	-0.082884	-0.082954	-0.082956	-0.082805
624.000000	-0.082742	-0.082728	-0.082733	-0.082745	-0.082833	-0.082744	-0.082656
625.000000	-0.082511	-0.082479	-0.082573	-0.082513	-0.082627	-0.082455	-0.082489
626.000000	-0.082364	-0.082310	-0.082448	-0.082328	-0.082391	-0.082257	-0.082326
627.000000	-0.082298	-0.082225	-0.082337	-0.082212	-0.082161	-0.082166	-0.082165
628.000000	-0.082153	-0.082088	-0.082166	-0.082056	-0.081950	-0.082030	-0.081982
629.000000	-0.081879	-0.081855	-0.081920	-0.081821	-0.081767	-0.081794	-0.081777
630.000000	-0.081619	-0.081642	-0.081676	-0.081593	-0.081622	-0.081565	-0.081582
631.000000	-0.081465	-0.081511	-0.081486	-0.081424	-0.081512	-0.081421	-0.081427
632.000000	-0.081369	-0.081379	-0.081337	-0.081278	-0.081396	-0.081326	-0.081327
633.000000	-0.081276	-0.081185	-0.081202	-0.081124	-0.081243	-0.081231	-0.081272
634.000000	-0.081159	-0.080998	-0.081057	-0.080994	-0.081060	-0.081089	-0.081175
635.000000	-0.081001	-0.080887	-0.080884	-0.080913	-0.080859	-0.080867	-0.080965
636.000000	-0.080796	-0.080790	-0.080696	-0.080810	-0.080654	-0.080627	-0.080717
637.000000	-0.080542	-0.080617	-0.080512	-0.080600	-0.080458	-0.080443	-0.080537
638.000000	-0.080275	-0.080371	-0.080320	-0.080317	-0.080252	-0.080282	-0.080386
639.000000	-0.080039	-0.080100	-0.080104	-0.080045	-0.080013	-0.080077	-0.080176
640.000000	-0.079860	-0.079884	-0.079913	-0.079849	-0.079806	-0.079867	-0.079937
641.000000	-0.079749	-0.079816	-0.079839	-0.079779	-0.079744	-0.079760	-0.079770
642.000000	-0.079686	-0.079845	-0.079842	-0.079786	-0.079781	-0.079754	-0.079688
643.000000	-0.079618	-0.079789	-0.079770	-0.079738	-0.079728	-0.079747	-0.079617
644.000000	-0.079520	-0.079603	-0.079586	-0.079595	-0.079536	-0.079675	-0.079519
645.000000	-0.079400	-0.079426	-0.079409	-0.079443	-0.079344	-0.079523	-0.079401
646.000000	-0.079289	-0.079352	-0.079325	-0.079346	-0.079248	-0.079331	-0.079294
647.000000	-0.079263	-0.079375	-0.079344	-0.079322	-0.079248	-0.079223	-0.079261
648.000000	-0.079353	-0.079457	-0.079443	-0.079365	-0.079318	-0.079270	-0.079328
649.000000	-0.079466	-0.079512	-0.079527	-0.079419	-0.079388	-0.079373	-0.079419
650.000000	-0.079507	-0.079470	-0.079518	-0.079433	-0.079400	-0.079425	-0.079456
651.000000	-0.079469	-0.079379	-0.079441	-0.079404	-0.079360	-0.079406	-0.079411
652.000000	-0.079361	-0.079293	-0.079335	-0.079333	-0.079282	-0.079312	-0.079273
653.000000	-0.079176	-0.079155	-0.079163	-0.079148	-0.079137	-0.079113	-0.079041
654.000000	-0.078902	-0.078880	-0.078868	-0.078773	-0.078889	-0.078782	-0.078721
655.000000	-0.078555	-0.078504	-0.078503	-0.078327	-0.078560	-0.078385	-0.078361
656.000000	-0.078169	-0.078124	-0.078172	-0.078021	-0.078204	-0.078038	-0.078029
657.000000	-0.077847	-0.077826	-0.077928	-0.077882	-0.077896	-0.077801	-0.077781
658.000000	-0.077737	-0.077681	-0.077783	-0.077804	-0.077722	-0.077693	-0.077660
659.000000	-0.077813	-0.077676	-0.077729	-0.077746	-0.077688	-0.077681	-0.077646
660.000000	-0.077867	-0.077711	-0.077739	-0.077732	-0.077709	-0.077683	-0.077659
661.000000	-0.077790	-0.077709	-0.077760	-0.077735	-0.077716	-0.077643	-0.077641
662.000000	-0.077645	-0.077640	-0.077703	-0.077645	-0.077658	-0.077560	-0.077580
663.000000	-0.077479	-0.077490	-0.077525	-0.077416	-0.077508	-0.077429	-0.077463
664.000000	-0.077285	-0.077264	-0.077281	-0.077146	-0.077281	-0.077232	-0.077265
665.000000	-0.077040	-0.076974	-0.077010	-0.076907	-0.076989	-0.076951	-0.076970
666.000000	-0.076698	-0.076642	-0.076663	-0.076625	-0.076612	-0.076576	-0.076577
667.000000	-0.076243	-0.076291	-0.076209	-0.076231	-0.076149	-0.076124	-0.076109
668.000000	-0.075809	-0.075923	-0.075774	-0.075827	-0.075719	-0.075715	-0.075683
669.000000	-0.075542	-0.075545	-0.075500	-0.075537	-0.075449	-0.075471	-0.075413
670.000000	-0.075357	-0.075209	-0.075305	-0.075289	-0.075251	-0.075300	-0.075215
671.000000	-0.075087	-0.074972	-0.075030	-0.074946	-0.074971	-0.075035	-0.074937
672.000000	-0.074749	-0.074783	-0.074701	-0.074564	-0.074633	-0.074695	-0.074607
673.000000	-0.074463	-0.074529	-0.074446	-0.074305	-0.074366	-0.074408	-0.074359
674.000000	-0.074270	-0.074238	-0.074292	-0.074191	-0.074201	-0.074214	-0.074214
675.000000	-0.074132	-0.074057	-0.074172	-0.074116	-0.074082	-0.074077	-0.074100
676.000000	-0.074028	-0.074010	-0.074053	-0.074030	-0.073967	-0.073967	-0.073990
677.000000	-0.073949	-0.073969	-0.073936	-0.073946	-0.073836	-0.073866	-0.073917
678.000000	-0.073904	-0.073885	-0.073849	-0.073879	-0.073723	-0.073779	-0.073895
679.000000	-0.073926	-0.073868	-0.073852	-0.073838	-0.073751	-0.073751	-0.073899
680.000000	-0.073993	-0.073950	-0.073939	-0.073812	-0.073933	-0.073790	-0.073886
681.000000	-0.073944	-0.073946	-0.073927	-0.073741	-0.073983	-0.073799	-0.073776
682.000000	-0.073693	-0.073732	-0.073701	-0.073601	-0.073714	-0.073714	-0.073547
683.000000	-0.073486	-0.073527	-0.073489	-0.073517	-0.073452	-0.073649	-0.073405
684.000000	-0.073570	-0.073562	-0.073533	-0.073607	-0.073537	-0.073718	-0.073541
685.000000	-0.073777	-0.073723	-0.073716	-0.073764	-0.073761	-0.073832	-0.073775
686.000000	-0.073835	-0.073800	-0.073824	-0.073827	-0.073778	-0.073848	-0.073837
687.000000	-0.073727	-0.073749	-0.073790	-0.073769	-0.073616	-0.073745	-0.073737
688.000000	-0.073559	-0.073611	-0.073629	-0.073630	-0.073472	-0.073569	-0.073608
689.000000	-0.073405	-0.073458	-0.073441	-0.073479	-0.073405	-0.073399	-0.073514
690.000000	-0.073312	-0.073384	-0.073381	-0.073399	-0.073376	-0.073335	-0.073467
691.000000	-0.073296	-0.073409	-0.073444	-0.073399	-0.073362	-0.073378	-0.073443
692.000000	-0.073336	-0.073485	-0.073469	-0.073421	-0.073350	-0.073427	-0.073385
693.000000	-0.073402	-0.073564	-0.073405	-0.073422	-0.073345	-0.073433	-0.073308
694.000000	-0.073453	-0.073612	-0.073360	-0.073393	-0.073375	-0.073421	-0.073320
695.000000	-0.073469	-0.073609	-0.073386	-0.073335	-0.073438	-0.073412	-0.073440
696.000000	-0.073470	-0.073566	-0.073407	-0.073278	-0.073470	-0.073407	-0.073511
697.000000	-0.073483	-0.073512	-0.073377	-0.073256	-0.073439	-0.073415	-0.073440
698.000000	-0.073535	-0.073514	-0.073386	-0.073321	-0.073429	-0.073471	-0.073386
699.000000	-0.073641	-0.073623	-0.073505	-0.073497	-0.073507	-0.073593	-0.073493
700.000000	-0.073756	-0.073773	-0.073645	-0.073666	-0.073605	-0.073714	-0.073662
701.000000	-0.073831	-0.073882	-0.073701	-0.073712	-0.073640	-0.073761	-0.073758
702.000000	-0.073869	-0.073938	-0.073723	-0.073706	-0.073641	-0.073775	-0.073812
703.000000	-0.073891	-0.073957	-0.073806	-0.073775	-0.073673	-0.073826	-0.073897
704.000000	-0.073893	-0.073958	-0.073922	-0.073895	-0.073737	-0.073881	-0.073963
705.000000	-0.073858	-0.073955	-0.073981	-0.073961	-0.073792	-0.073856	-0.073898
706.000000	-0.073797	-0.073930	-0.073947	-0.073937	-0.073797	-0.073771	-0.073735
707.000000	-0.073736	-0.073840	-0.073826	-0.073838	-0.073708	-0.073726	-0.073619
708.000000	-0.073682	-0.073699	-0.073659	-0.073694	-0.073549	-0.073699	-0.073584
709.000000	-0.073625	-0.073588	-0.073525	-0.073539	-0.073414	-0.073542	-0.073543
710.000000	-0.073542	-0.073521	-0.073437	-0.073402	-0.073325	-0.073244	-0.073440
711.000000	-0.073399	-0.073402	-0.073312	-0.073297	-0.073189	-0.073015	-0.073277
712.000000	-0.073191	-0.073184	-0.073119	-0.073211	-0.072980	-0.072971	-0.073068
713.000000	-0.072981	-0.072946	-0.072954	-0.073082	-0.072825	-0.072998	-0.072847
714.000000	-0.072822	-0.072752	-0.072873	-0.072870	-0.072798	-0.072965	-0.072647
715.000000	-0.072697	-0.072588	-0.072739	-0.072629	-0.072735	-0.072779	-0.072477
716.000000	-0.072570	-0.072427	-0.072439	-0.072413	-0.072484	-0.072403	-0.072333
717.000000	-0.072390	-0.072255	-0.072133	-0.072216	-0.072151	-0.072020	-0.072142
718.000000	-0.072115	-0.072063	-0.072012	-0.072013	-0.071892	-0.071837	-0.071845
719.000000	-0.071817	-0.071855	-0.071941	-0.071804	-0.071700	-0.071769	-0.071583
720.000000	-0.071611	-0.071646	-0.071685	-0.071604	-0.071510	-0.071639	-0.071559
721.000000	-0.071529	-0.071523	-0.071423	-0.071479	-0.071371	-0.071521	-0.071676
722.000000	-0.071552	-0.071600	-0.071543	-0.071511	-0.071389	-0.071618	-0.071673
723.000000	-0.071561	-0.071731	-0.071871	-0.071591	-0.071459	-0.071819	-0.071464
724.000000	-0.071363	-0.071566	-0.071771	-0.071455	-0.071308	-0.071746	-0.071110
725.000000	-0.070990	-0.071090	-0.071198	-0.071146	-0.070954	-0.071343	-0.070775
726.000000	-0.070739	-0.070697	-0.070811	-0.071062	-0.070768	-0.070934	-0.070735
727.000000	-0.070772	-0.070594	-0.070900	-0.071311	-0.070871	-0.070736	-0.071028
728.000000	-0.070998	-0.070644	-0.071070	-0.071481	-0.070943	-0.070755	-0.071293
729.000000	-0.071317	-0.070771	-0.071065	-0.071345	-0.070849	-0.070955	-0.071302
730.000000	-0.071651	-0.071122	-0.071104	-0.071232	-0.070981	-0.071246	-0.071229
731.000000	-0.071944	-0.071805	-0.071392	-0.071434	-0.071657	-0.071551	-0.071250
732.000000	-0.072210	-0.072687	-0.071841	-0.071843	-0.072674	-0.071855	-0.071341
