[HEADER]
Format	J&M ASCII Table
Comment	
Date	2/12/1980 6:15:16 AM
Order	Y (evenX)
TechType	UV
NumPoints	483
FirstX	250.00
LastX	732.00
XType	NMetr
YType	Absrb
ZType	Secs
NumSubFile	7
Matrix	Z vs X
[DATA]
	0.000000	5.000128	10.000192	15.000320	20.000383	25.000448	30.000576
250.000000	1.198064	1.198963	1.197630	1.197684	1.196650	1.195359	1.198385
251.000000	1.178324	1.179585	1.179919	1.178528	1.175992	1.176560	1.178408
252.000000	1.157858	1.159919	1.161741	1.159226	1.155654	1.159891	1.158854
253.000000	1.139291	1.141455	1.143636	1.140302	1.137086	1.143697	1.140337
254.000000	1.124443	1.125382	1.126251	1.122489	1.121390	1.126886	1.123516
255.000000	1.111225	1.111222	1.110309	1.107019	1.107959	1.111280	1.109051
256.000000	1.097303	1.098250	1.096405	1.094783	1.095856	1.098702	1.097235
257.000000	1.083663	1.086355	1.084333	1.084210	1.084387	1.087494	1.086395
258.000000	1.072224	1.075605	1.073666	1.073235	1.073084	1.075244	1.074521
259.000000	1.063230	1.065797	1.064392	1.062753	1.062764	1.063250	1.062562
260.000000	1.056044	1.056632	1.056672	1.055011	1.054788	1.054506	1.052875
261.000000	1.049811	1.048457	1.050006	1.049483	1.048727	1.048637	1.045945
262.000000	1.043523	1.042056	1.043383	1.043542	1.042783	1.042697	1.040779
263.000000	1.036405	1.036465	1.035938	1.035949	1.035736	1.035177	1.035626
264.000000	1.027951	1.028729	1.026990	1.027114	1.027074	1.026290	1.027942
265.000000	1.018180	1.017872	1.016706	1.017453	1.016948	1.016516	1.017096
266.000000	1.007970	1.006454	1.006669	1.007233	1.006569	1.006634	1.005781
267.000000	0.997800	0.996078	0.997579	0.996540	0.996541	0.996917	0.995675
268.000000	0.986911	0.985031	0.987539	0.985031	0.985657	0.986284	0.985032
269.000000	0.974440	0.971697	0.974804	0.972316	0.972771	0.973708	0.972192
270.000000	0.959883	0.956932	0.959862	0.958089	0.958120	0.959245	0.957973
271.000000	0.943099	0.941960	0.943686	0.942188	0.942265	0.943249	0.943551
272.000000	0.925633	0.926491	0.926782	0.925228	0.925656	0.926284	0.928496
273.000000	0.909405	0.909751	0.909447	0.908030	0.908648	0.908927	0.911847
274.000000	0.893493	0.891942	0.891584	0.890489	0.891049	0.891098	0.893483
275.000000	0.875449	0.873773	0.872892	0.871988	0.872372	0.872357	0.873776
276.000000	0.855007	0.854911	0.853356	0.852445	0.852602	0.852613	0.853264
277.000000	0.833783	0.834157	0.833211	0.832242	0.832127	0.832089	0.832606
278.000000	0.812655	0.811948	0.812710	0.811732	0.811365	0.811249	0.812119
279.000000	0.791477	0.790823	0.792110	0.791215	0.790749	0.790850	0.791681
280.000000	0.770336	0.771683	0.771503	0.770891	0.770566	0.771112	0.771203
281.000000	0.749876	0.752075	0.750666	0.750776	0.750829	0.751205	0.750727
282.000000	0.730424	0.730471	0.729661	0.730814	0.731381	0.730596	0.730357
283.000000	0.711221	0.709062	0.709465	0.710807	0.711684	0.709940	0.710354
284.000000	0.691562	0.689969	0.690805	0.690674	0.691363	0.689938	0.690909
285.000000	0.671855	0.672034	0.672555	0.670971	0.671097	0.670555	0.671791
286.000000	0.652769	0.653498	0.653385	0.652324	0.651759	0.651598	0.652732
287.000000	0.634609	0.634809	0.634141	0.634583	0.633505	0.633207	0.634058
288.000000	0.617484	0.617247	0.616456	0.617289	0.616184	0.615645	0.616309
289.000000	0.601059	0.600730	0.600203	0.600266	0.599603	0.598922	0.599576
290.000000	0.584739	0.584335	0.584169	0.583533	0.583551	0.582887	0.583647
291.000000	0.568492	0.567938	0.568083	0.567328	0.567895	0.567411	0.568200
292.000000	0.552825	0.552189	0.552587	0.552090	0.552586	0.552393	0.552818
293.000000	0.538106	0.537506	0.538060	0.537923	0.537703	0.537888	0.537646
294.000000	0.524484	0.523948	0.524466	0.524459	0.523506	0.524170	0.523619
295.000000	0.511861	0.511357	0.511631	0.511442	0.510185	0.511312	0.511109
296.000000	0.499662	0.499184	0.499164	0.498938	0.497757	0.498934	0.499200
297.000000	0.487478	0.487042	0.486833	0.487011	0.486160	0.486754	0.487137
298.000000	0.475627	0.475209	0.474991	0.475603	0.475157	0.474992	0.475219
299.000000	0.464493	0.464060	0.464016	0.464655	0.464531	0.463927	0.463906
300.000000	0.454050	0.453780	0.453812	0.454229	0.454360	0.453626	0.453447
301.000000	0.444165	0.444424	0.444147	0.444400	0.444759	0.444064	0.443955
302.000000	0.434819	0.435500	0.434865	0.435048	0.435453	0.434981	0.434990
303.000000	0.426032	0.426321	0.425853	0.425975	0.426031	0.426037	0.425913
304.000000	0.417581	0.417055	0.417072	0.417114	0.416726	0.417276	0.416828
305.000000	0.409087	0.408439	0.408538	0.408501	0.408204	0.408998	0.408343
306.000000	0.400620	0.400592	0.400334	0.400273	0.400546	0.401184	0.400553
307.000000	0.392709	0.392980	0.392605	0.392668	0.393224	0.393487	0.393010
308.000000	0.385481	0.385372	0.385316	0.385606	0.385885	0.385800	0.385490
309.000000	0.378420	0.378039	0.378157	0.378527	0.378490	0.378406	0.378150
310.000000	0.371195	0.371130	0.370937	0.371145	0.371136	0.371424	0.371124
311.000000	0.364030	0.364407	0.363787	0.363911	0.364168	0.364516	0.364415
312.000000	0.357152	0.357657	0.356844	0.357200	0.357766	0.357448	0.357958
313.000000	0.350555	0.350933	0.350097	0.350785	0.351404	0.350568	0.351517
314.000000	0.344161	0.344316	0.343500	0.344354	0.344556	0.344209	0.344862
315.000000	0.337803	0.337732	0.336983	0.337836	0.337543	0.337946	0.338034
316.000000	0.331308	0.331079	0.330486	0.331256	0.330911	0.331198	0.331162
317.000000	0.324731	0.324523	0.324107	0.324702	0.324679	0.324274	0.324392
318.000000	0.318236	0.318329	0.318000	0.318295	0.318595	0.317884	0.317868
319.000000	0.311852	0.312256	0.312007	0.312083	0.312457	0.311943	0.311555
320.000000	0.305509	0.305698	0.305742	0.306047	0.306096	0.305776	0.305286
321.000000	0.299123	0.298652	0.299090	0.299940	0.299464	0.299165	0.298948
322.000000	0.292599	0.291790	0.292253	0.293268	0.292640	0.292427	0.292496
323.000000	0.285959	0.285414	0.285475	0.286011	0.285777	0.285786	0.285944
324.000000	0.279413	0.279170	0.279051	0.278960	0.279140	0.279279	0.279403
325.000000	0.273085	0.272823	0.273051	0.272615	0.272860	0.272899	0.272954
326.000000	0.266850	0.266578	0.266987	0.266579	0.266714	0.266574	0.266573
327.000000	0.260568	0.260564	0.260455	0.260419	0.260455	0.260228	0.260215
328.000000	0.254198	0.254353	0.253684	0.254063	0.253953	0.253792	0.253791
329.000000	0.247737	0.247540	0.247014	0.247557	0.247177	0.247244	0.247239
330.000000	0.241270	0.240622	0.240549	0.241100	0.240537	0.240801	0.240710
331.000000	0.234893	0.234319	0.234304	0.234907	0.234515	0.234717	0.234401
332.000000	0.228492	0.228416	0.228246	0.228795	0.228792	0.228751	0.228221
333.000000	0.221868	0.222227	0.222312	0.222393	0.222655	0.222426	0.221940
334.000000	0.215248	0.215785	0.216373	0.215784	0.216142	0.215859	0.215615
335.000000	0.209185	0.209691	0.210245	0.209418	0.209879	0.209632	0.209528
336.000000	0.203608	0.203967	0.203904	0.203492	0.203988	0.203850	0.203719
337.000000	0.197699	0.197938	0.197514	0.197895	0.197969	0.198042	0.197935
338.000000	0.191227	0.191422	0.191256	0.192413	0.191662	0.192007	0.192049
339.000000	0.185059	0.185165	0.185316	0.186686	0.185551	0.186071	0.186197
340.000000	0.179760	0.179634	0.179778	0.180575	0.179972	0.180449	0.180492
341.000000	0.174806	0.174322	0.174443	0.174565	0.174686	0.174929	0.174929
342.000000	0.169652	0.168756	0.169131	0.169080	0.169433	0.169333	0.169497
343.000000	0.164375	0.163229	0.163897	0.163900	0.164240	0.163904	0.164241
344.000000	0.159174	0.158146	0.158832	0.158712	0.159181	0.158913	0.159193
345.000000	0.154044	0.153381	0.153879	0.153638	0.154212	0.154162	0.154227
346.000000	0.148919	0.148628	0.148939	0.148928	0.149250	0.149310	0.149181
347.000000	0.143933	0.143838	0.144053	0.144452	0.144307	0.144434	0.144174
348.000000	0.139320	0.139112	0.139337	0.139882	0.139460	0.139835	0.139467
349.000000	0.135024	0.134570	0.134854	0.135281	0.134885	0.135517	0.135098
350.000000	0.130750	0.130340	0.130611	0.131036	0.130837	0.131243	0.130909
351.000000	0.126434	0.126395	0.126562	0.127188	0.127180	0.126987	0.126829
352.000000	0.122301	0.122518	0.122593	0.123340	0.123297	0.122994	0.122895
353.000000	0.118479	0.118618	0.118661	0.119312	0.118999	0.119338	0.119125
354.000000	0.114877	0.114865	0.114854	0.115367	0.114937	0.115739	0.115484
355.000000	0.111401	0.111367	0.111246	0.111712	0.111545	0.112013	0.111928
356.000000	0.107999	0.107999	0.107831	0.108251	0.108414	0.108337	0.108420
357.000000	0.104642	0.104630	0.104572	0.104869	0.105109	0.104893	0.104929
358.000000	0.101356	0.101288	0.101359	0.101591	0.101703	0.101603	0.101470
359.000000	0.098173	0.098036	0.098088	0.098467	0.098384	0.098348	0.098078
360.000000	0.095040	0.094921	0.094823	0.095456	0.095235	0.095173	0.094855
361.000000	0.091883	0.091964	0.091681	0.092479	0.092280	0.092169	0.091905
362.000000	0.088731	0.089025	0.088634	0.089440	0.089377	0.089231	0.089056
363.000000	0.085674	0.085878	0.085572	0.086238	0.086297	0.086145	0.085995
364.000000	0.082718	0.082636	0.082490	0.082978	0.083102	0.082932	0.082789
365.000000	0.079796	0.079700	0.079471	0.079942	0.080108	0.079819	0.079836
366.000000	0.076872	0.077111	0.076546	0.077160	0.077381	0.076893	0.077181
367.000000	0.073959	0.074429	0.073672	0.074328	0.074663	0.074052	0.074403
368.000000	0.071030	0.071387	0.070778	0.071246	0.071729	0.071160	0.071267
369.000000	0.067973	0.068100	0.067754	0.067947	0.068463	0.068033	0.067953
370.000000	0.064737	0.064723	0.064552	0.064546	0.064910	0.064617	0.064654
371.000000	0.061470	0.061396	0.061319	0.061315	0.061541	0.061245	0.061467
372.000000	0.058324	0.058216	0.058183	0.058448	0.058716	0.058205	0.058430
373.000000	0.055304	0.055105	0.055044	0.055671	0.055985	0.055303	0.055404
374.000000	0.052360	0.051962	0.051785	0.052640	0.052789	0.052255	0.052234
375.000000	0.049357	0.048860	0.048569	0.049444	0.049345	0.049074	0.048997
376.000000	0.046149	0.045926	0.045646	0.046333	0.046150	0.045897	0.045856
377.000000	0.042917	0.043120	0.042900	0.043344	0.043230	0.042817	0.042861
378.000000	0.040024	0.040297	0.040010	0.040387	0.040333	0.039898	0.039992
379.000000	0.037438	0.037403	0.037022	0.037477	0.037415	0.037149	0.037213
380.000000	0.034773	0.034468	0.034305	0.034714	0.034630	0.034531	0.034473
381.000000	0.031886	0.031539	0.031906	0.032079	0.031990	0.031944	0.031741
382.000000	0.028972	0.028682	0.029422	0.029384	0.029315	0.029217	0.029008
383.000000	0.026176	0.025946	0.026640	0.026561	0.026515	0.026314	0.026275
384.000000	0.023493	0.023352	0.023780	0.023794	0.023709	0.023485	0.023564
385.000000	0.020922	0.020907	0.021044	0.021222	0.021021	0.020916	0.020907
386.000000	0.018524	0.018599	0.018457	0.018758	0.018527	0.018526	0.018378
387.000000	0.016325	0.016398	0.016002	0.016311	0.016258	0.016204	0.016033
388.000000	0.014152	0.014219	0.013640	0.013934	0.014071	0.013926	0.013832
389.000000	0.011831	0.011984	0.011343	0.011718	0.011821	0.011703	0.011717
390.000000	0.009564	0.009793	0.009183	0.009717	0.009673	0.009609	0.009686
391.000000	0.007674	0.007804	0.007263	0.007955	0.007884	0.007725	0.007752
392.000000	0.006035	0.005962	0.005495	0.006250	0.006244	0.005919	0.005888
393.000000	0.004259	0.004085	0.003686	0.004310	0.004275	0.003938	0.004039
394.000000	0.002322	0.002196	0.001840	0.002197	0.002061	0.001908	0.002210
395.000000	0.000543	0.000504	0.000143	0.000294	0.000195	0.000291	0.000459
396.000000	-0.000992	-0.000985	-0.001402	-0.001281	-0.001221	-0.000931	-0.001216
397.000000	-0.002526	-0.002538	-0.003042	-0.002791	-0.002765	-0.002428	-0.002898
398.000000	-0.004191	-0.004278	-0.004838	-0.004393	-0.004682	-0.004490	-0.004627
399.000000	-0.005863	-0.005999	-0.006447	-0.005990	-0.006460	-0.006563	-0.006340
400.000000	-0.007441	-0.007550	-0.007687	-0.007501	-0.007766	-0.008195	-0.007985
401.000000	-0.008985	-0.009051	-0.008986	-0.008987	-0.009053	-0.009524	-0.009576
402.000000	-0.010549	-0.010618	-0.010715	-0.010512	-0.010751	-0.010777	-0.011117
403.000000	-0.012040	-0.012111	-0.012469	-0.012025	-0.012520	-0.012099	-0.012513
404.000000	-0.013353	-0.013366	-0.013733	-0.013458	-0.013891	-0.013586	-0.013680
405.000000	-0.014588	-0.014569	-0.014754	-0.014818	-0.015004	-0.015138	-0.014792
406.000000	-0.015918	-0.016015	-0.016057	-0.016150	-0.016233	-0.016584	-0.016114
407.000000	-0.017331	-0.017598	-0.017650	-0.017479	-0.017623	-0.017916	-0.017627
408.000000	-0.018701	-0.018973	-0.019218	-0.018820	-0.019018	-0.019221	-0.019137
409.000000	-0.019996	-0.020100	-0.020600	-0.020155	-0.020323	-0.020519	-0.020545
410.000000	-0.021266	-0.021223	-0.021789	-0.021431	-0.021504	-0.021768	-0.021836
411.000000	-0.022555	-0.022448	-0.022850	-0.022615	-0.022599	-0.022941	-0.022996
412.000000	-0.023880	-0.023684	-0.023940	-0.023696	-0.023727	-0.024033	-0.024005
413.000000	-0.025202	-0.024883	-0.025140	-0.024722	-0.024945	-0.025085	-0.024931
414.000000	-0.026359	-0.026121	-0.026379	-0.025852	-0.026165	-0.026219	-0.026009
415.000000	-0.027275	-0.027420	-0.027580	-0.027162	-0.027307	-0.027472	-0.027360
416.000000	-0.028160	-0.028607	-0.028705	-0.028451	-0.028359	-0.028610	-0.028700
417.000000	-0.029221	-0.029543	-0.029743	-0.029532	-0.029333	-0.029449	-0.029764
418.000000	-0.030386	-0.030422	-0.030744	-0.030511	-0.030316	-0.030276	-0.030703
419.000000	-0.031518	-0.031479	-0.031763	-0.031544	-0.031389	-0.031425	-0.031737
420.000000	-0.032520	-0.032577	-0.032737	-0.032554	-0.032449	-0.032675	-0.032772
421.000000	-0.033333	-0.033451	-0.033571	-0.033387	-0.033336	-0.033608	-0.033603
422.000000	-0.034104	-0.034187	-0.034362	-0.034117	-0.034127	-0.034319	-0.034339
423.000000	-0.035092	-0.035073	-0.035311	-0.034957	-0.035037	-0.035207	-0.035265
424.000000	-0.036198	-0.036072	-0.036354	-0.035886	-0.036026	-0.036249	-0.036321
425.000000	-0.037003	-0.036850	-0.037188	-0.036672	-0.036828	-0.037047	-0.037131
426.000000	-0.037461	-0.037371	-0.037767	-0.037285	-0.037415	-0.037543	-0.037636
427.000000	-0.038031	-0.038005	-0.038405	-0.037970	-0.038079	-0.038148	-0.038207
428.000000	-0.038940	-0.038929	-0.039257	-0.038845	-0.038965	-0.039064	-0.039053
429.000000	-0.039886	-0.039889	-0.040124	-0.039746	-0.039887	-0.040030	-0.039998
430.000000	-0.040633	-0.040689	-0.040863	-0.040555	-0.040699	-0.040840	-0.040883
431.000000	-0.041319	-0.041448	-0.041613	-0.041379	-0.041481	-0.041613	-0.041713
432.000000	-0.042102	-0.042297	-0.042504	-0.042313	-0.042328	-0.042480	-0.042513
433.000000	-0.042942	-0.043164	-0.043392	-0.043205	-0.043193	-0.043355	-0.043276
434.000000	-0.043752	-0.043947	-0.044102	-0.043886	-0.044008	-0.044118	-0.043989
435.000000	-0.044502	-0.044676	-0.044762	-0.044501	-0.044785	-0.044792	-0.044685
436.000000	-0.045192	-0.045431	-0.045595	-0.045297	-0.045564	-0.045458	-0.045407
437.000000	-0.045863	-0.046211	-0.046500	-0.046195	-0.046298	-0.046136	-0.046158
438.000000	-0.046577	-0.046966	-0.047190	-0.046925	-0.046896	-0.046809	-0.046912
439.000000	-0.047323	-0.047659	-0.047694	-0.047466	-0.047421	-0.047482	-0.047655
440.000000	-0.048024	-0.048267	-0.048316	-0.048013	-0.048064	-0.048175	-0.048377
441.000000	-0.048653	-0.048814	-0.049131	-0.048655	-0.048856	-0.048884	-0.049063
442.000000	-0.049254	-0.049392	-0.049907	-0.049325	-0.049603	-0.049571	-0.049688
443.000000	-0.049879	-0.050048	-0.050525	-0.049995	-0.050214	-0.050221	-0.050269
444.000000	-0.050593	-0.050743	-0.051134	-0.050726	-0.050815	-0.050871	-0.050900
445.000000	-0.051408	-0.051432	-0.051838	-0.051537	-0.051497	-0.051548	-0.051629
446.000000	-0.052178	-0.052076	-0.052541	-0.052282	-0.052179	-0.052230	-0.052359
447.000000	-0.052771	-0.052658	-0.053141	-0.052841	-0.052779	-0.052887	-0.052996
448.000000	-0.053237	-0.053234	-0.053661	-0.053307	-0.053323	-0.053496	-0.053573
449.000000	-0.053666	-0.053860	-0.054152	-0.053807	-0.053856	-0.054037	-0.054140
450.000000	-0.054109	-0.054454	-0.054608	-0.054299	-0.054364	-0.054521	-0.054653
451.000000	-0.054598	-0.054897	-0.055005	-0.054688	-0.054809	-0.054965	-0.055039
452.000000	-0.055096	-0.055240	-0.055378	-0.055028	-0.055216	-0.055390	-0.055341
453.000000	-0.055533	-0.055635	-0.055792	-0.055454	-0.055647	-0.055818	-0.055670
454.000000	-0.055929	-0.056123	-0.056272	-0.056001	-0.056128	-0.056270	-0.056106
455.000000	-0.056378	-0.056650	-0.056811	-0.056613	-0.056653	-0.056771	-0.056695
456.000000	-0.056904	-0.057161	-0.057369	-0.057209	-0.057182	-0.057295	-0.057370
457.000000	-0.057437	-0.057607	-0.057870	-0.057679	-0.057628	-0.057760	-0.057919
458.000000	-0.057912	-0.057972	-0.058276	-0.057994	-0.057974	-0.058134	-0.058257
459.000000	-0.058276	-0.058305	-0.058627	-0.058277	-0.058340	-0.058481	-0.058551
460.000000	-0.058545	-0.058655	-0.058969	-0.058628	-0.058803	-0.058861	-0.058932
461.000000	-0.058898	-0.059046	-0.059342	-0.059046	-0.059292	-0.059293	-0.059367
462.000000	-0.059462	-0.059488	-0.059769	-0.059508	-0.059729	-0.059767	-0.059801
463.000000	-0.060028	-0.059933	-0.060185	-0.059958	-0.060095	-0.060190	-0.060209
464.000000	-0.060360	-0.060330	-0.060527	-0.060348	-0.060398	-0.060482	-0.060579
465.000000	-0.060594	-0.060699	-0.060850	-0.060703	-0.060719	-0.060784	-0.060956
466.000000	-0.060980	-0.061080	-0.061245	-0.061072	-0.061152	-0.061288	-0.061396
467.000000	-0.061462	-0.061474	-0.061697	-0.061467	-0.061632	-0.061879	-0.061822
468.000000	-0.061825	-0.061861	-0.062129	-0.061875	-0.062014	-0.062278	-0.062093
469.000000	-0.062058	-0.062243	-0.062513	-0.062257	-0.062281	-0.062489	-0.062271
470.000000	-0.062319	-0.062641	-0.062858	-0.062560	-0.062525	-0.062743	-0.062576
471.000000	-0.062655	-0.063032	-0.063174	-0.062815	-0.062814	-0.063115	-0.063049
472.000000	-0.062980	-0.063340	-0.063472	-0.063156	-0.063182	-0.063488	-0.063508
473.000000	-0.063268	-0.063560	-0.063784	-0.063622	-0.063616	-0.063812	-0.063865
474.000000	-0.063610	-0.063818	-0.064183	-0.064079	-0.064023	-0.064175	-0.064221
475.000000	-0.064051	-0.064184	-0.064665	-0.064425	-0.064337	-0.064610	-0.064624
476.000000	-0.064469	-0.064566	-0.065023	-0.064685	-0.064588	-0.064975	-0.064951
477.000000	-0.064768	-0.064880	-0.065119	-0.064908	-0.064823	-0.065166	-0.065116
478.000000	-0.065037	-0.065177	-0.065212	-0.065157	-0.065104	-0.065312	-0.065300
479.000000	-0.065383	-0.065524	-0.065586	-0.065483	-0.065482	-0.065569	-0.065692
480.000000	-0.065764	-0.065885	-0.066104	-0.065825	-0.065910	-0.065921	-0.066181
481.000000	-0.066091	-0.066197	-0.066501	-0.066092	-0.066307	-0.066292	-0.066563
482.000000	-0.066340	-0.066446	-0.066735	-0.066285	-0.066608	-0.066612	-0.066801
483.000000	-0.066520	-0.066646	-0.066884	-0.066451	-0.066762	-0.066820	-0.066949
484.000000	-0.066653	-0.066801	-0.067001	-0.066618	-0.066824	-0.066939	-0.067061
485.000000	-0.066768	-0.066914	-0.067117	-0.066802	-0.066926	-0.067054	-0.067192
486.000000	-0.066899	-0.067026	-0.067258	-0.066997	-0.067111	-0.067209	-0.067366
487.000000	-0.067084	-0.067221	-0.067444	-0.067179	-0.067315	-0.067401	-0.067578
488.000000	-0.067340	-0.067510	-0.067681	-0.067347	-0.067511	-0.067617	-0.067810
489.000000	-0.067645	-0.067778	-0.067959	-0.067542	-0.067740	-0.067840	-0.068029
490.000000	-0.067975	-0.067977	-0.068264	-0.067805	-0.068033	-0.068076	-0.068241
491.000000	-0.068306	-0.068243	-0.068581	-0.068161	-0.068393	-0.068392	-0.068541
492.000000	-0.068599	-0.068649	-0.068884	-0.068583	-0.068781	-0.068803	-0.068955
493.000000	-0.068754	-0.068937	-0.069099	-0.068871	-0.069022	-0.069100	-0.069213
494.000000	-0.068712	-0.068873	-0.069179	-0.068861	-0.068979	-0.069100	-0.069085
495.000000	-0.068690	-0.068749	-0.069256	-0.068816	-0.068893	-0.069048	-0.068928
496.000000	-0.068952	-0.068975	-0.069494	-0.069086	-0.069083	-0.069275	-0.069219
497.000000	-0.069365	-0.069435	-0.069813	-0.069524	-0.069471	-0.069670	-0.069767
498.000000	-0.069621	-0.069775	-0.070022	-0.069763	-0.069796	-0.069915	-0.070079
499.000000	-0.069710	-0.069932	-0.070126	-0.069788	-0.069986	-0.069984	-0.070118
500.000000	-0.069837	-0.070061	-0.070271	-0.069842	-0.070104	-0.070062	-0.070176
501.000000	-0.070053	-0.070220	-0.070475	-0.070019	-0.070194	-0.070213	-0.070350
502.000000	-0.070245	-0.070368	-0.070624	-0.070251	-0.070272	-0.070373	-0.070525
503.000000	-0.070378	-0.070494	-0.070698	-0.070484	-0.070385	-0.070527	-0.070660
504.000000	-0.070545	-0.070651	-0.070838	-0.070689	-0.070621	-0.070738	-0.070843
505.000000	-0.070796	-0.070858	-0.071106	-0.070860	-0.070982	-0.071026	-0.071111
506.000000	-0.071047	-0.071062	-0.071369	-0.071026	-0.071258	-0.071298	-0.071369
507.000000	-0.071233	-0.071221	-0.071521	-0.071208	-0.071316	-0.071477	-0.071536
508.000000	-0.071385	-0.071352	-0.071632	-0.071385	-0.071353	-0.071583	-0.071635
509.000000	-0.071551	-0.071491	-0.071789	-0.071541	-0.071576	-0.071664	-0.071716
510.000000	-0.071738	-0.071678	-0.072002	-0.071729	-0.071914	-0.071803	-0.071854
511.000000	-0.071936	-0.071944	-0.072247	-0.072000	-0.072216	-0.072067	-0.072115
512.000000	-0.072107	-0.072204	-0.072463	-0.072251	-0.072422	-0.072358	-0.072414
513.000000	-0.072207	-0.072335	-0.072581	-0.072324	-0.072518	-0.072519	-0.072617
514.000000	-0.072293	-0.072400	-0.072644	-0.072310	-0.072568	-0.072589	-0.072739
515.000000	-0.072479	-0.072575	-0.072770	-0.072455	-0.072681	-0.072734	-0.072896
516.000000	-0.072738	-0.072845	-0.072972	-0.072749	-0.072863	-0.072963	-0.073084
517.000000	-0.072903	-0.073013	-0.073168	-0.072937	-0.073027	-0.073133	-0.073185
518.000000	-0.072940	-0.073042	-0.073316	-0.072952	-0.073137	-0.073208	-0.073195
519.000000	-0.073006	-0.073122	-0.073444	-0.073008	-0.073238	-0.073306	-0.073278
520.000000	-0.073186	-0.073349	-0.073574	-0.073217	-0.073360	-0.073491	-0.073502
521.000000	-0.073393	-0.073591	-0.073705	-0.073455	-0.073493	-0.073696	-0.073725
522.000000	-0.073550	-0.073741	-0.073839	-0.073612	-0.073629	-0.073855	-0.073838
523.000000	-0.073664	-0.073841	-0.073987	-0.073709	-0.073766	-0.073960	-0.073915
524.000000	-0.073766	-0.073952	-0.074156	-0.073795	-0.073911	-0.074029	-0.074045
525.000000	-0.073905	-0.074074	-0.074337	-0.073921	-0.074077	-0.074137	-0.074231
526.000000	-0.074122	-0.074197	-0.074517	-0.074130	-0.074274	-0.074359	-0.074451
527.000000	-0.074364	-0.074352	-0.074703	-0.074373	-0.074473	-0.074624	-0.074657
528.000000	-0.074542	-0.074582	-0.074908	-0.074574	-0.074632	-0.074814	-0.074799
529.000000	-0.074648	-0.074829	-0.075085	-0.074708	-0.074767	-0.074920	-0.074897
530.000000	-0.074722	-0.074985	-0.075159	-0.074793	-0.074925	-0.075000	-0.075009
531.000000	-0.074799	-0.075054	-0.075165	-0.074864	-0.075095	-0.075083	-0.075142
532.000000	-0.074907	-0.075141	-0.075231	-0.074979	-0.075218	-0.075177	-0.075262
533.000000	-0.075059	-0.075291	-0.075391	-0.075153	-0.075293	-0.075306	-0.075386
534.000000	-0.075243	-0.075475	-0.075555	-0.075347	-0.075393	-0.075519	-0.075600
535.000000	-0.075438	-0.075650	-0.075679	-0.075527	-0.075547	-0.075769	-0.075870
536.000000	-0.075605	-0.075759	-0.075824	-0.075664	-0.075706	-0.075826	-0.075940
537.000000	-0.075701	-0.075784	-0.075988	-0.075739	-0.075802	-0.075678	-0.075767
538.000000	-0.075682	-0.075806	-0.075992	-0.075757	-0.075744	-0.075931	-0.075931
539.000000	-0.075576	-0.075889	-0.075799	-0.075750	-0.075578	-0.076786	-0.076662
540.000000	-0.075693	-0.075952	-0.076076	-0.075860	-0.075903	-0.076409	-0.076376
541.000000	-0.076235	-0.075934	-0.077239	-0.076162	-0.077052	-0.073639	-0.074039
542.000000	-0.076329	-0.076093	-0.077171	-0.076204	-0.076918	-0.074431	-0.074677
543.000000	-0.075063	-0.076678	-0.073721	-0.075534	-0.073405	-0.084768	-0.083372
544.000000	-0.074971	-0.076731	-0.073337	-0.075553	-0.073023	-0.085955	-0.084508
545.000000	-0.079754	-0.074397	-0.085356	-0.077767	-0.085165	-0.048505	-0.053305
546.000000	-0.081991	-0.064170	-0.090945	-0.069586	-0.090905	0.014927	0.001554
547.000000	-0.066223	-0.038328	-0.050964	-0.028688	-0.050896	0.059169	0.045378
548.000000	-0.038289	-0.007965	0.018259	0.027338	0.018516	0.061819	0.056457
549.000000	-0.027992	-0.005089	0.038068	0.036314	0.038406	0.027313	0.028765
550.000000	-0.045659	-0.037001	-0.015435	-0.017624	-0.015218	-0.027912	-0.026314
551.000000	-0.068073	-0.069291	-0.072294	-0.071670	-0.072190	-0.070388	-0.070653
552.000000	-0.077486	-0.078591	-0.084605	-0.083545	-0.084465	-0.080757	-0.081265
553.000000	-0.076193	-0.076451	-0.076443	-0.076122	-0.076211	-0.076506	-0.076510
554.000000	-0.069806	-0.075769	-0.074265	-0.074185	-0.073987	-0.075268	-0.075165
555.000000	-0.065458	-0.076627	-0.076689	-0.076467	-0.076427	-0.076673	-0.076689
556.000000	-0.068724	-0.076780	-0.077472	-0.077158	-0.077276	-0.077129	-0.077116
557.000000	-0.075219	-0.076502	-0.076814	-0.076488	-0.076680	-0.076789	-0.076674
558.000000	-0.078109	-0.076707	-0.076737	-0.076394	-0.076606	-0.076846	-0.076745
559.000000	-0.077185	-0.076862	-0.076921	-0.076567	-0.076760	-0.076919	-0.076918
560.000000	-0.075407	-0.075927	-0.076114	-0.075816	-0.075955	-0.076053	-0.076111
561.000000	-0.075269	-0.075465	-0.075748	-0.075525	-0.075622	-0.075719	-0.075767
562.000000	-0.078637	-0.078541	-0.078816	-0.078579	-0.078710	-0.078779	-0.078791
563.000000	-0.080901	-0.080945	-0.081145	-0.080816	-0.081024	-0.081034	-0.081018
564.000000	-0.071424	-0.071606	-0.071799	-0.071429	-0.071627	-0.071640	-0.071626
565.000000	-0.060536	-0.060656	-0.060941	-0.060625	-0.060701	-0.060797	-0.060812
566.000000	-0.088620	-0.088674	-0.089018	-0.088766	-0.088743	-0.088908	-0.088951
567.000000	-0.159149	-0.159248	-0.159549	-0.159309	-0.159292	-0.159459	-0.159510
568.000000	-0.194783	-0.194924	-0.195177	-0.194909	-0.194942	-0.195081	-0.195139
569.000000	-0.146125	-0.146219	-0.146486	-0.146176	-0.146249	-0.146368	-0.146442
570.000000	-0.078775	-0.078796	-0.079088	-0.078750	-0.078867	-0.078968	-0.079050
571.000000	-0.060997	-0.060994	-0.061264	-0.060937	-0.061110	-0.061189	-0.061254
572.000000	-0.074392	-0.074425	-0.074653	-0.074348	-0.074547	-0.074610	-0.074655
573.000000	-0.081002	-0.081111	-0.081320	-0.081021	-0.081168	-0.081232	-0.081287
574.000000	-0.077724	-0.077893	-0.078117	-0.077803	-0.077882	-0.077956	-0.078032
575.000000	-0.075350	-0.075499	-0.075763	-0.075426	-0.075511	-0.075591	-0.075665
576.000000	-0.076071	-0.076144	-0.076442	-0.076094	-0.076245	-0.076304	-0.076369
577.000000	-0.076891	-0.076910	-0.077192	-0.076871	-0.077071	-0.077060	-0.077144
578.000000	-0.076806	-0.076814	-0.077036	-0.076772	-0.076967	-0.076891	-0.077002
579.000000	-0.076601	-0.076609	-0.076776	-0.076568	-0.076710	-0.076683	-0.076759
580.000000	-0.076544	-0.076555	-0.076700	-0.076515	-0.076585	-0.076711	-0.076700
581.000000	-0.076183	-0.076219	-0.076381	-0.076158	-0.076201	-0.076413	-0.076375
582.000000	-0.075718	-0.075803	-0.076004	-0.075695	-0.075773	-0.075931	-0.075967
583.000000	-0.076578	-0.076714	-0.076928	-0.076573	-0.076677	-0.076756	-0.076866
584.000000	-0.078439	-0.078606	-0.078788	-0.078471	-0.078554	-0.078617	-0.078732
585.000000	-0.076071	-0.076258	-0.076418	-0.076134	-0.076214	-0.076285	-0.076374
586.000000	-0.069584	-0.069786	-0.069982	-0.069651	-0.069795	-0.069855	-0.069932
587.000000	-0.082832	-0.083035	-0.083272	-0.082896	-0.083089	-0.083143	-0.083209
588.000000	-0.134407	-0.134592	-0.134812	-0.134480	-0.134620	-0.134700	-0.134743
589.000000	-0.178745	-0.178909	-0.179081	-0.178823	-0.178869	-0.178968	-0.179007
590.000000	-0.156697	-0.156864	-0.157012	-0.156758	-0.156768	-0.156829	-0.156923
591.000000	-0.095157	-0.095325	-0.095523	-0.095211	-0.095216	-0.095267	-0.095377
592.000000	-0.062418	-0.062542	-0.062890	-0.062529	-0.062476	-0.062679	-0.062623
593.000000	-0.068421	-0.068480	-0.068897	-0.068530	-0.068484	-0.068807	-0.068606
594.000000	-0.079334	-0.079378	-0.079471	-0.079156	-0.079418	-0.079420	-0.079526
595.000000	-0.079281	-0.079366	-0.079154	-0.078909	-0.079387	-0.079041	-0.079499
596.000000	-0.072918	-0.073025	-0.073688	-0.073442	-0.072995	-0.073538	-0.073112
597.000000	-0.065954	-0.066041	-0.067865	-0.067535	-0.065961	-0.067752	-0.066083
598.000000	-0.064146	-0.064228	-0.063412	-0.063025	-0.064142	-0.063320	-0.064284
599.000000	-0.069430	-0.069549	-0.061676	-0.061324	-0.069510	-0.061540	-0.069683
600.000000	-0.075259	-0.075408	-0.063739	-0.063448	-0.075409	-0.063561	-0.075579
601.000000	-0.076292	-0.076428	-0.069448	-0.069178	-0.076414	-0.069284	-0.076522
602.000000	-0.074811	-0.074930	-0.074751	-0.074446	-0.074874	-0.074608	-0.074944
603.000000	-0.074012	-0.074146	-0.075912	-0.075519	-0.074059	-0.075747	-0.074187
604.000000	-0.073964	-0.074096	-0.074612	-0.074130	-0.074024	-0.074416	-0.074210
605.000000	-0.073873	-0.073929	-0.073812	-0.073302	-0.073932	-0.073632	-0.074061
606.000000	-0.073565	-0.073551	-0.073765	-0.073295	-0.073623	-0.073634	-0.073652
607.000000	-0.073147	-0.073193	-0.073576	-0.073190	-0.073237	-0.073488	-0.073263
608.000000	-0.072709	-0.072903	-0.073099	-0.072794	-0.072855	-0.073026	-0.072946
609.000000	-0.072332	-0.072608	-0.072668	-0.072376	-0.072521	-0.072573	-0.072611
610.000000	-0.072050	-0.072288	-0.072397	-0.072059	-0.072235	-0.072263	-0.072267
611.000000	-0.071856	-0.071976	-0.072189	-0.071825	-0.071959	-0.072043	-0.072012
612.000000	-0.071698	-0.071697	-0.071973	-0.071624	-0.071678	-0.071842	-0.071847
613.000000	-0.071474	-0.071460	-0.071717	-0.071376	-0.071408	-0.071572	-0.071643
614.000000	-0.071163	-0.071267	-0.071439	-0.071079	-0.071170	-0.071236	-0.071354
615.000000	-0.070917	-0.071098	-0.071240	-0.070884	-0.070989	-0.071005	-0.071109
616.000000	-0.070824	-0.070943	-0.071170	-0.070864	-0.070875	-0.070976	-0.070992
617.000000	-0.070765	-0.070821	-0.071117	-0.070849	-0.070793	-0.070990	-0.070920
618.000000	-0.070626	-0.070741	-0.070978	-0.070688	-0.070706	-0.070895	-0.070806
619.000000	-0.070466	-0.070651	-0.070800	-0.070462	-0.070595	-0.070730	-0.070679
620.000000	-0.070374	-0.070503	-0.070654	-0.070300	-0.070455	-0.070570	-0.070584
621.000000	-0.070318	-0.070355	-0.070543	-0.070212	-0.070316	-0.070434	-0.070518
622.000000	-0.070232	-0.070292	-0.070445	-0.070168	-0.070216	-0.070318	-0.070457
623.000000	-0.070110	-0.070270	-0.070339	-0.070097	-0.070130	-0.070222	-0.070371
624.000000	-0.069979	-0.070182	-0.070211	-0.069923	-0.070006	-0.070144	-0.070225
625.000000	-0.069846	-0.070023	-0.070073	-0.069692	-0.069869	-0.070065	-0.070048
626.000000	-0.069709	-0.069868	-0.069964	-0.069548	-0.069796	-0.069949	-0.069909
627.000000	-0.069577	-0.069740	-0.069889	-0.069507	-0.069773	-0.069793	-0.069810
628.000000	-0.069477	-0.069606	-0.069824	-0.069445	-0.069684	-0.069630	-0.069674
629.000000	-0.069402	-0.069450	-0.069739	-0.069316	-0.069490	-0.069490	-0.069486
630.000000	-0.069297	-0.069293	-0.069604	-0.069201	-0.069287	-0.069400	-0.069328
631.000000	-0.069140	-0.069155	-0.069426	-0.069147	-0.069148	-0.069357	-0.069248
632.000000	-0.068993	-0.069056	-0.069297	-0.069086	-0.069073	-0.069296	-0.069192
633.000000	-0.068905	-0.069003	-0.069271	-0.068967	-0.069044	-0.069171	-0.069116
634.000000	-0.068833	-0.068953	-0.069228	-0.068835	-0.069012	-0.069019	-0.069043
635.000000	-0.068728	-0.068862	-0.069053	-0.068734	-0.068929	-0.068886	-0.068998
636.000000	-0.068594	-0.068733	-0.068832	-0.068614	-0.068775	-0.068772	-0.068926
637.000000	-0.068447	-0.068577	-0.068690	-0.068411	-0.068545	-0.068655	-0.068765
638.000000	-0.068281	-0.068394	-0.068579	-0.068177	-0.068311	-0.068510	-0.068559
639.000000	-0.068085	-0.068184	-0.068390	-0.068012	-0.068165	-0.068313	-0.068396
640.000000	-0.067914	-0.068006	-0.068206	-0.067946	-0.068105	-0.068138	-0.068300
641.000000	-0.067856	-0.067954	-0.068222	-0.067967	-0.068065	-0.068113	-0.068252
642.000000	-0.067893	-0.068001	-0.068388	-0.068012	-0.068024	-0.068189	-0.068215
643.000000	-0.067906	-0.068014	-0.068431	-0.067974	-0.067996	-0.068154	-0.068140
644.000000	-0.067838	-0.067936	-0.068269	-0.067843	-0.067976	-0.067970	-0.068026
645.000000	-0.067718	-0.067815	-0.068070	-0.067733	-0.067924	-0.067824	-0.067944
646.000000	-0.067601	-0.067716	-0.067971	-0.067715	-0.067846	-0.067830	-0.067938
647.000000	-0.067573	-0.067721	-0.068011	-0.067770	-0.067826	-0.067935	-0.068011
648.000000	-0.067684	-0.067859	-0.068181	-0.067860	-0.067911	-0.068070	-0.068135
649.000000	-0.067865	-0.068023	-0.068356	-0.067928	-0.068023	-0.068165	-0.068229
650.000000	-0.068030	-0.068105	-0.068423	-0.067932	-0.068085	-0.068177	-0.068227
651.000000	-0.068086	-0.068089	-0.068388	-0.067910	-0.068097	-0.068159	-0.068167
652.000000	-0.067964	-0.067987	-0.068283	-0.067901	-0.068069	-0.068165	-0.068101
653.000000	-0.067733	-0.067834	-0.068126	-0.067842	-0.067970	-0.068087	-0.067998
654.000000	-0.067500	-0.067665	-0.067931	-0.067646	-0.067760	-0.067790	-0.067807
655.000000	-0.067278	-0.067467	-0.067695	-0.067350	-0.067453	-0.067397	-0.067551
656.000000	-0.067035	-0.067206	-0.067410	-0.067055	-0.067098	-0.067150	-0.067286
657.000000	-0.066814	-0.066940	-0.067146	-0.066831	-0.066816	-0.067075	-0.067066
658.000000	-0.066714	-0.066794	-0.067020	-0.066719	-0.066773	-0.067031	-0.066936
659.000000	-0.066739	-0.066790	-0.067045	-0.066705	-0.066916	-0.066964	-0.066897
660.000000	-0.066789	-0.066836	-0.067116	-0.066716	-0.066958	-0.066913	-0.066899
661.000000	-0.066784	-0.066853	-0.067147	-0.066701	-0.066796	-0.066893	-0.066900
662.000000	-0.066681	-0.066789	-0.067086	-0.066649	-0.066618	-0.066872	-0.066867
663.000000	-0.066476	-0.066625	-0.066920	-0.066555	-0.066536	-0.066811	-0.066773
664.000000	-0.066256	-0.066411	-0.066706	-0.066416	-0.066454	-0.066654	-0.066603
665.000000	-0.066075	-0.066180	-0.066485	-0.066220	-0.066277	-0.066371	-0.066351
666.000000	-0.065844	-0.065899	-0.066205	-0.065920	-0.065990	-0.066010	-0.066043
667.000000	-0.065490	-0.065542	-0.065826	-0.065496	-0.065615	-0.065630	-0.065713
668.000000	-0.065132	-0.065190	-0.065450	-0.065098	-0.065261	-0.065283	-0.065419
669.000000	-0.064912	-0.064937	-0.065192	-0.064886	-0.065035	-0.065009	-0.065206
670.000000	-0.064746	-0.064731	-0.064992	-0.064755	-0.064859	-0.064784	-0.065002
671.000000	-0.064476	-0.064474	-0.064730	-0.064509	-0.064594	-0.064558	-0.064696
672.000000	-0.064122	-0.064192	-0.064436	-0.064169	-0.064277	-0.064312	-0.064337
673.000000	-0.063810	-0.063980	-0.064230	-0.063884	-0.064053	-0.064051	-0.064061
674.000000	-0.063606	-0.063850	-0.064121	-0.063712	-0.063943	-0.063826	-0.063910
675.000000	-0.063518	-0.063736	-0.064026	-0.063627	-0.063866	-0.063726	-0.063837
676.000000	-0.063517	-0.063611	-0.063922	-0.063601	-0.063786	-0.063749	-0.063805
677.000000	-0.063531	-0.063500	-0.063859	-0.063610	-0.063722	-0.063778	-0.063791
678.000000	-0.063522	-0.063444	-0.063860	-0.063627	-0.063690	-0.063752	-0.063784
679.000000	-0.063521	-0.063501	-0.063884	-0.063632	-0.063693	-0.063726	-0.063786
680.000000	-0.063529	-0.063661	-0.063887	-0.063605	-0.063714	-0.063731	-0.063790
681.000000	-0.063465	-0.063735	-0.063828	-0.063523	-0.063696	-0.063716	-0.063753
682.000000	-0.063292	-0.063599	-0.063701	-0.063392	-0.063609	-0.063648	-0.063660
683.000000	-0.063193	-0.063451	-0.063635	-0.063312	-0.063543	-0.063600	-0.063615
684.000000	-0.063342	-0.063508	-0.063749	-0.063379	-0.063588	-0.063645	-0.063715
685.000000	-0.063593	-0.063680	-0.063947	-0.063541	-0.063694	-0.063749	-0.063865
686.000000	-0.063720	-0.063792	-0.064074	-0.063697	-0.063766	-0.063844	-0.063925
687.000000	-0.063694	-0.063787	-0.064068	-0.063745	-0.063761	-0.063871	-0.063884
688.000000	-0.063577	-0.063669	-0.063919	-0.063601	-0.063665	-0.063786	-0.063792
689.000000	-0.063443	-0.063494	-0.063727	-0.063368	-0.063526	-0.063644	-0.063691
690.000000	-0.063362	-0.063345	-0.063659	-0.063275	-0.063438	-0.063564	-0.063619
691.000000	-0.063357	-0.063296	-0.063721	-0.063361	-0.063433	-0.063582	-0.063601
692.000000	-0.063398	-0.063398	-0.063771	-0.063480	-0.063484	-0.063650	-0.063646
693.000000	-0.063457	-0.063607	-0.063759	-0.063544	-0.063566	-0.063730	-0.063728
694.000000	-0.063507	-0.063739	-0.063777	-0.063558	-0.063667	-0.063801	-0.063766
695.000000	-0.063536	-0.063711	-0.063866	-0.063543	-0.063752	-0.063852	-0.063739
696.000000	-0.063549	-0.063649	-0.063958	-0.063551	-0.063752	-0.063891	-0.063744
697.000000	-0.063569	-0.063666	-0.064008	-0.063617	-0.063661	-0.063933	-0.063846
698.000000	-0.063662	-0.063771	-0.064077	-0.063728	-0.063662	-0.064012	-0.063990
699.000000	-0.063867	-0.063945	-0.064216	-0.063864	-0.063896	-0.064147	-0.064115
700.000000	-0.064084	-0.064112	-0.064345	-0.064017	-0.064189	-0.064293	-0.064227
701.000000	-0.064200	-0.064199	-0.064382	-0.064174	-0.064329	-0.064398	-0.064347
702.000000	-0.064250	-0.064218	-0.064407	-0.064293	-0.064355	-0.064464	-0.064470
703.000000	-0.064317	-0.064215	-0.064542	-0.064330	-0.064387	-0.064510	-0.064580
704.000000	-0.064379	-0.064236	-0.064704	-0.064315	-0.064429	-0.064534	-0.064638
705.000000	-0.064365	-0.064319	-0.064716	-0.064314	-0.064424	-0.064524	-0.064595
706.000000	-0.064277	-0.064425	-0.064596	-0.064328	-0.064366	-0.064484	-0.064495
707.000000	-0.064170	-0.064459	-0.064508	-0.064310	-0.064287	-0.064432	-0.064446
708.000000	-0.064086	-0.064390	-0.064511	-0.064239	-0.064218	-0.064377	-0.064458
709.000000	-0.064046	-0.064259	-0.064544	-0.064122	-0.064192	-0.064313	-0.064428
710.000000	-0.064033	-0.064099	-0.064544	-0.063971	-0.064192	-0.064246	-0.064324
711.000000	-0.063974	-0.063927	-0.064455	-0.063806	-0.064122	-0.064202	-0.064222
712.000000	-0.063845	-0.063774	-0.064273	-0.063650	-0.063959	-0.064171	-0.064153
713.000000	-0.063742	-0.063714	-0.064107	-0.063539	-0.063844	-0.064070	-0.064036
714.000000	-0.063722	-0.063765	-0.064029	-0.063485	-0.063856	-0.063852	-0.063820
715.000000	-0.063658	-0.063768	-0.063957	-0.063430	-0.063809	-0.063623	-0.063620
716.000000	-0.063442	-0.063586	-0.063805	-0.063312	-0.063543	-0.063478	-0.063536
717.000000	-0.063218	-0.063353	-0.063612	-0.063141	-0.063232	-0.063351	-0.063471
718.000000	-0.063163	-0.063241	-0.063443	-0.062948	-0.063104	-0.063155	-0.063301
719.000000	-0.063187	-0.063170	-0.063312	-0.062773	-0.063061	-0.062993	-0.063084
720.000000	-0.063105	-0.062979	-0.063209	-0.062664	-0.062898	-0.063026	-0.062945
721.000000	-0.062979	-0.062792	-0.063175	-0.062673	-0.062728	-0.063165	-0.062932
722.000000	-0.063003	-0.062882	-0.063267	-0.062846	-0.062829	-0.063182	-0.063032
723.000000	-0.063125	-0.063119	-0.063376	-0.063049	-0.063089	-0.063010	-0.063115
724.000000	-0.063093	-0.063045	-0.063263	-0.063005	-0.063080	-0.062723	-0.062962
725.000000	-0.062847	-0.062650	-0.062931	-0.062694	-0.062778	-0.062453	-0.062594
726.000000	-0.062558	-0.062463	-0.062674	-0.062394	-0.062645	-0.062398	-0.062329
727.000000	-0.062408	-0.062695	-0.062648	-0.062303	-0.062857	-0.062582	-0.062369
728.000000	-0.062573	-0.062981	-0.062751	-0.062449	-0.063074	-0.062743	-0.062700
729.000000	-0.063087	-0.063113	-0.062941	-0.062802	-0.063105	-0.062743	-0.063215
730.000000	-0.063650	-0.063373	-0.063383	-0.063236	-0.063228	-0.062813	-0.063640
731.000000	-0.064007	-0.064009	-0.064194	-0.063644	-0.063687	-0.063148	-0.063768
732.000000	-0.064221	-0.064881	-0.065226	-0.064027	-0.064359	-0.063655	-0.063705
