[HEADER]
Format	J&M ASCII Table
Comment	0.2064 mg/L
Date	2/12/1980 5:36:46 AM
Order	Y (evenX)
TechType	UV
NumPoints	483
FirstX	250.00
LastX	732.00
XType	NMetr
YType	Absrb
ZType	Secs
NumSubFile	7
Matrix	Z vs X
[DATA]
	0.000000	5.000064	10.000192	15.000256	20.000383	25.000448	30.000511
250.000000	0.926066	0.928386	0.923681	0.928065	0.927060	0.927503	0.926866
251.000000	0.918136	0.919671	0.915159	0.919159	0.918000	0.918377	0.918720
252.000000	0.910254	0.909520	0.908983	0.910287	0.910078	0.908241	0.910760
253.000000	0.902150	0.900269	0.902846	0.902188	0.902840	0.899691	0.902796
254.000000	0.893848	0.893747	0.895042	0.895417	0.895850	0.894469	0.894924
255.000000	0.886516	0.888889	0.887219	0.889618	0.889095	0.890208	0.888329
256.000000	0.881232	0.884167	0.881302	0.884304	0.882737	0.884302	0.883986
257.000000	0.877239	0.878956	0.876744	0.879349	0.877377	0.877758	0.880450
258.000000	0.873288	0.873110	0.872336	0.874757	0.873620	0.872598	0.875736
259.000000	0.869303	0.867985	0.868404	0.870571	0.870796	0.868996	0.870356
260.000000	0.865795	0.865521	0.865966	0.866859	0.867648	0.866189	0.866038
261.000000	0.862982	0.864795	0.864479	0.863724	0.864106	0.863669	0.863291
262.000000	0.860831	0.862743	0.862226	0.861277	0.860986	0.861128	0.861657
263.000000	0.858670	0.858410	0.858523	0.858871	0.858213	0.858104	0.859895
264.000000	0.855118	0.853309	0.853907	0.855014	0.854672	0.853957	0.855928
265.000000	0.849821	0.848468	0.848881	0.849394	0.849919	0.848775	0.849457
266.000000	0.844226	0.843861	0.843786	0.843775	0.844732	0.843883	0.843271
267.000000	0.839188	0.839171	0.838712	0.839150	0.839609	0.839837	0.839058
268.000000	0.833594	0.833594	0.833154	0.834036	0.834036	0.834919	0.834922
269.000000	0.826416	0.826580	0.826612	0.827073	0.827455	0.827707	0.828911
270.000000	0.818185	0.818884	0.818976	0.818973	0.819794	0.819378	0.821082
271.000000	0.809689	0.811338	0.810314	0.810797	0.811160	0.811444	0.812024
272.000000	0.800895	0.803228	0.801228	0.802610	0.802049	0.803465	0.802519
273.000000	0.791507	0.793407	0.792416	0.794075	0.793031	0.794371	0.793315
274.000000	0.781722	0.782332	0.783526	0.784681	0.783923	0.784278	0.784065
275.000000	0.771987	0.771341	0.773633	0.773854	0.774125	0.773952	0.773834
276.000000	0.762018	0.760760	0.762558	0.761810	0.763456	0.763408	0.762545
277.000000	0.750927	0.750050	0.750775	0.749435	0.752104	0.752028	0.750866
278.000000	0.738826	0.739026	0.738884	0.737487	0.740356	0.739955	0.739373
279.000000	0.727124	0.727994	0.727616	0.726528	0.728612	0.728326	0.728495
280.000000	0.716601	0.717184	0.717308	0.716657	0.717261	0.717708	0.718237
281.000000	0.706700	0.706632	0.707535	0.707134	0.706661	0.707467	0.707830
282.000000	0.696915	0.696370	0.697876	0.697464	0.697021	0.697167	0.697020
283.000000	0.687327	0.686502	0.688173	0.688141	0.688130	0.687325	0.687294
284.000000	0.678073	0.677119	0.678380	0.679591	0.679665	0.678439	0.679785
285.000000	0.669080	0.668206	0.668755	0.671141	0.671138	0.670182	0.672666
286.000000	0.660262	0.659736	0.659658	0.662040	0.662149	0.662028	0.663710
287.000000	0.651879	0.651774	0.651604	0.653127	0.653246	0.653706	0.653685
288.000000	0.644287	0.644399	0.645052	0.645753	0.645290	0.645105	0.644527
289.000000	0.637252	0.637329	0.639050	0.639231	0.638096	0.636762	0.636801
290.000000	0.630178	0.630071	0.631819	0.631655	0.630829	0.629569	0.630176
291.000000	0.622852	0.622549	0.623365	0.623008	0.623152	0.623302	0.624016
292.000000	0.615428	0.615082	0.615370	0.615067	0.615225	0.616684	0.617426
293.000000	0.608102	0.607913	0.608471	0.608469	0.607451	0.609308	0.610186
294.000000	0.601103	0.601159	0.601738	0.602165	0.600545	0.602039	0.603038
295.000000	0.594489	0.594750	0.594630	0.595489	0.594686	0.595373	0.596374
296.000000	0.587960	0.588247	0.587656	0.588854	0.588879	0.588839	0.589710
297.000000	0.581285	0.581353	0.581203	0.582535	0.582341	0.582065	0.582685
298.000000	0.574608	0.574365	0.574864	0.575957	0.575422	0.575389	0.575679
299.000000	0.568077	0.567632	0.568208	0.568628	0.568611	0.569160	0.569107
300.000000	0.561510	0.561184	0.561479	0.561297	0.561957	0.563064	0.562827
301.000000	0.554682	0.554930	0.555048	0.554923	0.555380	0.556642	0.556545
302.000000	0.547810	0.548612	0.548657	0.549076	0.548828	0.549839	0.550114
303.000000	0.541288	0.541930	0.541808	0.542752	0.542275	0.542803	0.543462
304.000000	0.535007	0.535024	0.534769	0.535949	0.535776	0.535791	0.536626
305.000000	0.528529	0.528330	0.528314	0.529351	0.529443	0.529119	0.529713
306.000000	0.521854	0.522048	0.522431	0.523057	0.523198	0.522844	0.522864
307.000000	0.515447	0.516120	0.516294	0.516547	0.516774	0.516748	0.516242
308.000000	0.509449	0.510298	0.509596	0.509707	0.510168	0.510651	0.509919
309.000000	0.503481	0.504062	0.502877	0.503079	0.503794	0.504448	0.503823
310.000000	0.497294	0.497244	0.496520	0.497000	0.497857	0.498121	0.497875
311.000000	0.491026	0.490532	0.490385	0.491210	0.492013	0.491839	0.492018
312.000000	0.484821	0.484462	0.484329	0.485409	0.485957	0.485719	0.486198
313.000000	0.478653	0.478629	0.478448	0.479447	0.479776	0.479615	0.480383
314.000000	0.472484	0.472564	0.472827	0.473262	0.473628	0.473386	0.474533
315.000000	0.466427	0.466546	0.467206	0.467094	0.467575	0.467242	0.468571
316.000000	0.460616	0.461021	0.461274	0.461237	0.461639	0.461466	0.462433
317.000000	0.454898	0.455659	0.455238	0.455545	0.455758	0.455942	0.456289
318.000000	0.449001	0.449789	0.449535	0.449677	0.449839	0.450366	0.450412
319.000000	0.443074	0.443512	0.444006	0.443691	0.443961	0.444663	0.444772
320.000000	0.437564	0.437502	0.438068	0.437941	0.438332	0.438934	0.439124
321.000000	0.432408	0.431949	0.431783	0.432478	0.432950	0.433269	0.433387
322.000000	0.426974	0.426486	0.425943	0.427013	0.427582	0.427740	0.427675
323.000000	0.421060	0.420888	0.420796	0.421404	0.422092	0.422293	0.422060
324.000000	0.415221	0.415216	0.415636	0.415783	0.416516	0.416673	0.416533
325.000000	0.409845	0.409582	0.410046	0.410273	0.410964	0.410835	0.411075
326.000000	0.404729	0.404160	0.404537	0.404914	0.405674	0.405293	0.405668
327.000000	0.399611	0.399060	0.399542	0.399723	0.400747	0.400410	0.400312
328.000000	0.394341	0.394095	0.394676	0.394672	0.395685	0.395637	0.395075
329.000000	0.388857	0.389061	0.389485	0.389719	0.390037	0.390367	0.390027
330.000000	0.383482	0.384026	0.384240	0.384798	0.384443	0.384896	0.385149
331.000000	0.378615	0.379145	0.379410	0.379841	0.379799	0.379793	0.380386
332.000000	0.374089	0.374375	0.374874	0.374851	0.375629	0.375077	0.375690
333.000000	0.369452	0.369579	0.370209	0.369877	0.370785	0.370474	0.371010
334.000000	0.364626	0.364768	0.365373	0.365054	0.365368	0.365857	0.366305
335.000000	0.359835	0.360069	0.360630	0.360583	0.360468	0.361223	0.361547
336.000000	0.355135	0.355464	0.356075	0.356416	0.356286	0.356575	0.356778
337.000000	0.350375	0.350758	0.351593	0.352212	0.351938	0.351917	0.352125
338.000000	0.345581	0.345963	0.347047	0.347745	0.347066	0.347312	0.347607
339.000000	0.341106	0.341465	0.342280	0.343017	0.342344	0.342917	0.343046
340.000000	0.337099	0.337416	0.337301	0.338137	0.338198	0.338757	0.338362
341.000000	0.333080	0.333255	0.332557	0.333430	0.334129	0.334479	0.333779
342.000000	0.328621	0.328532	0.328393	0.329118	0.329650	0.329813	0.329488
343.000000	0.323907	0.323719	0.324468	0.324864	0.324914	0.325061	0.325330
344.000000	0.319247	0.319393	0.320331	0.320284	0.320202	0.320595	0.321089
345.000000	0.314757	0.315329	0.315918	0.315597	0.315598	0.316318	0.316695
346.000000	0.310466	0.311045	0.311331	0.311214	0.311106	0.311978	0.312160
347.000000	0.306292	0.306561	0.306801	0.307125	0.306759	0.307574	0.307679
348.000000	0.302096	0.302173	0.302609	0.303083	0.302596	0.303248	0.303537
349.000000	0.297908	0.297959	0.298640	0.298969	0.298574	0.299059	0.299614
350.000000	0.293896	0.293811	0.294449	0.294774	0.294580	0.294992	0.295457
351.000000	0.289997	0.289695	0.289968	0.290523	0.290542	0.290965	0.291008
352.000000	0.285860	0.285681	0.285610	0.286283	0.286445	0.286824	0.286705
353.000000	0.281380	0.281754	0.281548	0.282075	0.282316	0.282523	0.282734
354.000000	0.276943	0.277730	0.277466	0.277839	0.278256	0.278225	0.278756
355.000000	0.272820	0.273517	0.273169	0.273569	0.274300	0.274065	0.274536
356.000000	0.268828	0.269314	0.268950	0.269433	0.270285	0.270039	0.270286
357.000000	0.264774	0.265298	0.265069	0.265558	0.266078	0.266116	0.266233
358.000000	0.260746	0.261338	0.261309	0.261773	0.261829	0.262243	0.262352
359.000000	0.256875	0.257267	0.257383	0.257876	0.257738	0.258374	0.258551
360.000000	0.253076	0.253213	0.253415	0.253964	0.253843	0.254525	0.254755
361.000000	0.249198	0.249390	0.249663	0.250226	0.250105	0.250733	0.250893
362.000000	0.245295	0.245654	0.246024	0.246522	0.246386	0.246944	0.246927
363.000000	0.241535	0.241666	0.242199	0.242533	0.242503	0.243058	0.242843
364.000000	0.237908	0.237533	0.238235	0.238390	0.238579	0.239154	0.238821
365.000000	0.234251	0.233750	0.234486	0.234606	0.234997	0.235465	0.235199
366.000000	0.230566	0.230463	0.231056	0.231324	0.231770	0.232007	0.231993
367.000000	0.227076	0.227354	0.227714	0.228190	0.228422	0.228509	0.228795
368.000000	0.223793	0.224134	0.224264	0.224890	0.224717	0.224818	0.225338
369.000000	0.220304	0.220625	0.220617	0.221243	0.220940	0.221038	0.221683
370.000000	0.216371	0.216800	0.216783	0.217247	0.217336	0.217306	0.217916
371.000000	0.212394	0.213026	0.213026	0.213347	0.213873	0.213766	0.214099
372.000000	0.208777	0.209624	0.209587	0.209930	0.210474	0.210507	0.210326
373.000000	0.205459	0.206421	0.206400	0.206744	0.207093	0.207374	0.206844
374.000000	0.202253	0.203137	0.203317	0.203424	0.203700	0.204170	0.203860
375.000000	0.199013	0.199712	0.200175	0.200000	0.200312	0.200854	0.200988
376.000000	0.195633	0.196189	0.196829	0.196655	0.196974	0.197462	0.197663
377.000000	0.192290	0.192759	0.193428	0.193461	0.193767	0.194089	0.194055
378.000000	0.189312	0.189689	0.190283	0.190416	0.190788	0.190864	0.190768
379.000000	0.186642	0.186950	0.187394	0.187490	0.187984	0.187832	0.187928
380.000000	0.183873	0.184239	0.184475	0.184631	0.185170	0.184963	0.185220
381.000000	0.180888	0.181371	0.181414	0.181788	0.182239	0.182182	0.182414
382.000000	0.177962	0.178325	0.178343	0.178921	0.179197	0.179358	0.179409
383.000000	0.175206	0.175173	0.175362	0.175997	0.176084	0.176422	0.176249
384.000000	0.172359	0.172152	0.172481	0.172998	0.172997	0.173434	0.173232
385.000000	0.169259	0.169414	0.169683	0.169954	0.170011	0.170463	0.170532
386.000000	0.166169	0.166797	0.166910	0.167018	0.167126	0.167555	0.167872
387.000000	0.163353	0.164117	0.164112	0.164311	0.164336	0.164743	0.165000
388.000000	0.160741	0.161324	0.161309	0.161703	0.161686	0.162025	0.162137
389.000000	0.158187	0.158436	0.158550	0.159036	0.159214	0.159397	0.159588
390.000000	0.155645	0.155713	0.155932	0.156436	0.156836	0.156920	0.157299
391.000000	0.153120	0.153465	0.153558	0.154119	0.154426	0.154666	0.155071
392.000000	0.150666	0.151429	0.151374	0.151947	0.151996	0.152474	0.152745
393.000000	0.148368	0.149017	0.149231	0.149577	0.149638	0.150056	0.150205
394.000000	0.146227	0.146330	0.147104	0.147069	0.147418	0.147496	0.147634
395.000000	0.144173	0.144093	0.145078	0.144847	0.145368	0.145218	0.145479
396.000000	0.142129	0.142427	0.143076	0.142966	0.143391	0.143308	0.143722
397.000000	0.140008	0.140614	0.140801	0.140970	0.141217	0.141384	0.141709
398.000000	0.137769	0.138278	0.138222	0.138645	0.138775	0.139220	0.139190
399.000000	0.135464	0.135834	0.135859	0.136314	0.136408	0.136968	0.136790
400.000000	0.133167	0.133643	0.134021	0.134234	0.134362	0.134788	0.134942
401.000000	0.131004	0.131637	0.132188	0.132275	0.132456	0.132732	0.133186
402.000000	0.129077	0.129695	0.129901	0.130279	0.130488	0.130816	0.131069
403.000000	0.127340	0.127814	0.127650	0.128280	0.128532	0.128969	0.128902
404.000000	0.125706	0.126013	0.126054	0.126367	0.126719	0.127110	0.127130
405.000000	0.124087	0.124228	0.124737	0.124599	0.125029	0.125256	0.125603
406.000000	0.122399	0.122377	0.122966	0.123007	0.123375	0.123455	0.123949
407.000000	0.120625	0.120555	0.120856	0.121458	0.121677	0.121684	0.122125
408.000000	0.118788	0.118955	0.119031	0.119726	0.119867	0.119879	0.120293
409.000000	0.116934	0.117472	0.117551	0.117830	0.118038	0.118096	0.118531
410.000000	0.115134	0.115727	0.115954	0.116012	0.116422	0.116504	0.116838
411.000000	0.113456	0.113732	0.114131	0.114400	0.115038	0.115108	0.115219
412.000000	0.111971	0.112029	0.112474	0.112955	0.113609	0.113695	0.113689
413.000000	0.110637	0.110835	0.111142	0.111589	0.111993	0.112146	0.112223
414.000000	0.109200	0.109655	0.109784	0.110139	0.110349	0.110570	0.110713
415.000000	0.107521	0.108121	0.108161	0.108538	0.108826	0.109077	0.109123
416.000000	0.105878	0.106493	0.106558	0.107031	0.107440	0.107712	0.107646
417.000000	0.104538	0.105063	0.105255	0.105822	0.106155	0.106474	0.106434
418.000000	0.103375	0.103732	0.104089	0.104676	0.104833	0.105209	0.105260
419.000000	0.102184	0.102333	0.102819	0.103297	0.103348	0.103760	0.103855
420.000000	0.100968	0.100976	0.101519	0.101816	0.101861	0.102249	0.102393
421.000000	0.099807	0.099863	0.100367	0.100516	0.100622	0.100900	0.101202
422.000000	0.098642	0.098887	0.099259	0.099380	0.099546	0.099717	0.100197
423.000000	0.097339	0.097764	0.097927	0.098203	0.098347	0.098570	0.099043
424.000000	0.095975	0.096494	0.096469	0.096963	0.097032	0.097432	0.097733
425.000000	0.094816	0.095336	0.095317	0.095804	0.095873	0.096367	0.096557
426.000000	0.093880	0.094360	0.094509	0.094761	0.094945	0.095366	0.095581
427.000000	0.092848	0.093376	0.093553	0.093716	0.094054	0.094310	0.094566
428.000000	0.091591	0.092257	0.092226	0.092601	0.093057	0.093152	0.093384
429.000000	0.090393	0.091034	0.090898	0.091475	0.091942	0.091993	0.092178
430.000000	0.089450	0.089780	0.089865	0.090387	0.090743	0.090924	0.091067
431.000000	0.088557	0.088648	0.089000	0.089320	0.089589	0.089942	0.090034
432.000000	0.087510	0.087736	0.088126	0.088258	0.088583	0.089026	0.089042
433.000000	0.086434	0.086856	0.087196	0.087239	0.087658	0.088126	0.088086
434.000000	0.085504	0.085789	0.086204	0.086304	0.086714	0.087192	0.087170
435.000000	0.084624	0.084653	0.085202	0.085397	0.085763	0.086205	0.086258
436.000000	0.083605	0.083683	0.084259	0.084437	0.084855	0.085169	0.085310
437.000000	0.082517	0.082844	0.083352	0.083480	0.083953	0.084167	0.084345
438.000000	0.081574	0.081951	0.082401	0.082662	0.082976	0.083321	0.083419
439.000000	0.080793	0.081005	0.081436	0.081940	0.081974	0.082572	0.082560
440.000000	0.080011	0.080178	0.080578	0.081119	0.081114	0.081704	0.081770
441.000000	0.079169	0.079496	0.079845	0.080169	0.080406	0.080699	0.081019
442.000000	0.078340	0.078793	0.079122	0.079286	0.079653	0.079801	0.080241
443.000000	0.077559	0.077976	0.078320	0.078550	0.078761	0.079094	0.079402
444.000000	0.076770	0.077120	0.077430	0.077799	0.077865	0.078324	0.078540
445.000000	0.075930	0.076293	0.076471	0.076922	0.077072	0.077339	0.077684
446.000000	0.075077	0.075493	0.075530	0.076016	0.076360	0.076364	0.076818
447.000000	0.074258	0.074709	0.074696	0.075197	0.075682	0.075622	0.075938
448.000000	0.073520	0.073944	0.074017	0.074479	0.075000	0.075018	0.075138
449.000000	0.072894	0.073204	0.073512	0.073846	0.074283	0.074392	0.074511
450.000000	0.072353	0.072523	0.073063	0.073259	0.073546	0.073729	0.073970
451.000000	0.071843	0.071935	0.072517	0.072676	0.072818	0.073069	0.073373
452.000000	0.071300	0.071405	0.071870	0.072095	0.072146	0.072459	0.072713
453.000000	0.070663	0.070853	0.071205	0.071538	0.071574	0.071941	0.072067
454.000000	0.069919	0.070203	0.070509	0.070954	0.071043	0.071431	0.071441
455.000000	0.069101	0.069388	0.069694	0.070233	0.070402	0.070741	0.070776
456.000000	0.068289	0.068491	0.068816	0.069382	0.069651	0.069884	0.070062
457.000000	0.067612	0.067783	0.068114	0.068563	0.068974	0.069125	0.069349
458.000000	0.067096	0.067362	0.067668	0.067883	0.068440	0.068587	0.068681
459.000000	0.066567	0.066983	0.067240	0.067339	0.067884	0.068095	0.068093
460.000000	0.065918	0.066456	0.066654	0.066884	0.067201	0.067510	0.067591
461.000000	0.065270	0.065828	0.065993	0.066387	0.066519	0.066881	0.067111
462.000000	0.064735	0.065181	0.065366	0.065758	0.065962	0.066267	0.066593
463.000000	0.064242	0.064576	0.064825	0.065131	0.065481	0.065665	0.066050
464.000000	0.063690	0.064050	0.064387	0.064657	0.064987	0.065055	0.065503
465.000000	0.063089	0.063534	0.063946	0.064233	0.064412	0.064455	0.064926
466.000000	0.062490	0.062930	0.063367	0.063680	0.063712	0.063891	0.064282
467.000000	0.061932	0.062259	0.062688	0.063032	0.062995	0.063369	0.063636
468.000000	0.061441	0.061614	0.062044	0.062435	0.062443	0.062884	0.063099
469.000000	0.061000	0.061066	0.061490	0.061921	0.062063	0.062424	0.062655
470.000000	0.060559	0.060665	0.061017	0.061425	0.061718	0.061972	0.062186
471.000000	0.060100	0.060359	0.060605	0.060938	0.061331	0.061507	0.061659
472.000000	0.059649	0.059978	0.060228	0.060520	0.060894	0.061007	0.061146
473.000000	0.059205	0.059440	0.059834	0.060155	0.060409	0.060475	0.060681
474.000000	0.058720	0.058837	0.059329	0.059691	0.059888	0.059959	0.060224
475.000000	0.058178	0.058272	0.058701	0.059066	0.059360	0.059499	0.059753
476.000000	0.057650	0.057844	0.058163	0.058483	0.058901	0.059094	0.059319
477.000000	0.057195	0.057587	0.057862	0.058107	0.058548	0.058727	0.058951
478.000000	0.056766	0.057297	0.057578	0.057794	0.058156	0.058338	0.058562
479.000000	0.056301	0.056767	0.057062	0.057359	0.057583	0.057874	0.058056
480.000000	0.055820	0.056128	0.056433	0.056824	0.056950	0.057384	0.057496
481.000000	0.055367	0.055611	0.055917	0.056284	0.056456	0.056946	0.056991
482.000000	0.054955	0.055261	0.055533	0.055815	0.056093	0.056527	0.056561
483.000000	0.054583	0.055023	0.055187	0.055475	0.055751	0.056048	0.056180
484.000000	0.054224	0.054782	0.054828	0.055211	0.055391	0.055546	0.055809
485.000000	0.053840	0.054384	0.054439	0.054889	0.055032	0.055146	0.055406
486.000000	0.053444	0.053858	0.054024	0.054486	0.054681	0.054859	0.054992
487.000000	0.053110	0.053431	0.053609	0.054106	0.054331	0.054569	0.054663
488.000000	0.052847	0.053173	0.053216	0.053794	0.053976	0.054214	0.054430
489.000000	0.052553	0.052886	0.052862	0.053479	0.053615	0.053839	0.054156
490.000000	0.052159	0.052438	0.052537	0.053098	0.053244	0.053468	0.053755
491.000000	0.051692	0.051915	0.052170	0.052613	0.052841	0.053065	0.053287
492.000000	0.051214	0.051432	0.051721	0.052047	0.052408	0.052616	0.052837
493.000000	0.050848	0.051093	0.051299	0.051619	0.052037	0.052231	0.052501
494.000000	0.050676	0.050946	0.051010	0.051505	0.051805	0.052004	0.052336
495.000000	0.050482	0.050774	0.050782	0.051429	0.051597	0.051793	0.052167
496.000000	0.050000	0.050318	0.050493	0.051022	0.051254	0.051409	0.051780
497.000000	0.049368	0.049761	0.050141	0.050415	0.050792	0.050929	0.051262
498.000000	0.048908	0.049474	0.049777	0.049970	0.050316	0.050551	0.050843
499.000000	0.048657	0.049377	0.049422	0.049730	0.049911	0.050291	0.050555
500.000000	0.048442	0.049075	0.049075	0.049513	0.049644	0.050032	0.050287
501.000000	0.048200	0.048545	0.048761	0.049255	0.049475	0.049751	0.050007
502.000000	0.047984	0.048155	0.048533	0.049024	0.049255	0.049529	0.049769
503.000000	0.047794	0.048025	0.048365	0.048817	0.048925	0.049360	0.049562
504.000000	0.047540	0.047866	0.048117	0.048518	0.048571	0.049108	0.049270
505.000000	0.047181	0.047510	0.047731	0.048091	0.048258	0.048711	0.048857
506.000000	0.046799	0.047130	0.047368	0.047695	0.047982	0.048306	0.048474
507.000000	0.046476	0.046877	0.047140	0.047452	0.047735	0.048008	0.048234
508.000000	0.046232	0.046689	0.046924	0.047264	0.047536	0.047791	0.048045
509.000000	0.046056	0.046469	0.046589	0.047015	0.047387	0.047593	0.047794
510.000000	0.045844	0.046155	0.046196	0.046703	0.047171	0.047331	0.047470
511.000000	0.045489	0.045720	0.045857	0.046361	0.046768	0.046941	0.047100
512.000000	0.045092	0.045289	0.045610	0.046027	0.046309	0.046521	0.046747
513.000000	0.044829	0.045040	0.045457	0.045734	0.046022	0.046235	0.046479
514.000000	0.044641	0.044896	0.045318	0.045473	0.045858	0.046057	0.046268
515.000000	0.044324	0.044621	0.045069	0.045204	0.045589	0.045843	0.046023
516.000000	0.043897	0.044222	0.044720	0.044934	0.045212	0.045555	0.045727
517.000000	0.043598	0.043933	0.044413	0.044710	0.044936	0.045266	0.045429
518.000000	0.043480	0.043818	0.044200	0.044527	0.044810	0.045012	0.045158
519.000000	0.043336	0.043686	0.044007	0.044297	0.044659	0.044772	0.044917
520.000000	0.043047	0.043429	0.043782	0.043987	0.044389	0.044537	0.044695
521.000000	0.042719	0.043138	0.043537	0.043672	0.044114	0.044315	0.044472
522.000000	0.042448	0.042897	0.043287	0.043416	0.043920	0.044108	0.044237
523.000000	0.042234	0.042679	0.043028	0.043218	0.043742	0.043879	0.044013
524.000000	0.042058	0.042449	0.042760	0.043057	0.043504	0.043599	0.043818
525.000000	0.041908	0.042221	0.042520	0.042893	0.043216	0.043305	0.043617
526.000000	0.041764	0.042014	0.042340	0.042687	0.042908	0.043049	0.043369
527.000000	0.041583	0.041792	0.042153	0.042437	0.042618	0.042835	0.043107
528.000000	0.041317	0.041507	0.041869	0.042160	0.042377	0.042648	0.042887
529.000000	0.041025	0.041223	0.041549	0.041911	0.042187	0.042476	0.042708
530.000000	0.040822	0.041067	0.041341	0.041761	0.042030	0.042305	0.042538
531.000000	0.040693	0.041013	0.041246	0.041696	0.041874	0.042117	0.042360
532.000000	0.040509	0.040902	0.041134	0.041624	0.041676	0.041893	0.042176
533.000000	0.040232	0.040672	0.040951	0.041467	0.041442	0.041638	0.041978
534.000000	0.039939	0.040398	0.040736	0.041174	0.041239	0.041393	0.041746
535.000000	0.039689	0.040131	0.040520	0.040776	0.041086	0.041187	0.041484
536.000000	0.039493	0.039879	0.040295	0.040462	0.040912	0.041019	0.041242
537.000000	0.039345	0.039650	0.040061	0.040342	0.040674	0.040874	0.041052
538.000000	0.039213	0.039471	0.039843	0.040280	0.040442	0.040701	0.040896
539.000000	0.039059	0.039352	0.039658	0.040135	0.040273	0.040465	0.040743
540.000000	0.038867	0.039224	0.039480	0.039902	0.040113	0.040226	0.040560
541.000000	0.038630	0.039018	0.039279	0.039618	0.039894	0.040052	0.040324
542.000000	0.038383	0.038781	0.039071	0.039354	0.039652	0.039912	0.040073
543.000000	0.038173	0.038592	0.038884	0.039181	0.039450	0.039744	0.039863
544.000000	0.038006	0.038430	0.038714	0.039063	0.039286	0.039561	0.039710
545.000000	0.037863	0.038227	0.038538	0.038908	0.039121	0.039412	0.039601
546.000000	0.037735	0.038009	0.038375	0.038716	0.038954	0.039291	0.039495
547.000000	0.037614	0.037877	0.038271	0.038558	0.038820	0.039149	0.039325
548.000000	0.037481	0.037821	0.038200	0.038445	0.038711	0.038973	0.039096
549.000000	0.037304	0.037715	0.038051	0.038316	0.038579	0.038788	0.038892
550.000000	0.037096	0.037508	0.037805	0.038153	0.038416	0.038615	0.038754
551.000000	0.036946	0.037287	0.037598	0.038008	0.038286	0.038467	0.038645
552.000000	0.036881	0.037112	0.037495	0.037900	0.038204	0.038335	0.038530
553.000000	0.036765	0.036950	0.037359	0.037756	0.038068	0.038167	0.038382
554.000000	0.036514	0.036777	0.037102	0.037533	0.037813	0.037945	0.038205
555.000000	0.036301	0.036647	0.036898	0.037346	0.037586	0.037800	0.038105
556.000000	0.036281	0.036592	0.036899	0.037290	0.037514	0.037829	0.038139
557.000000	0.036190	0.036439	0.036839	0.037162	0.037382	0.037763	0.038019
558.000000	0.035739	0.036028	0.036426	0.036751	0.036961	0.037320	0.037459
559.000000	0.035495	0.035886	0.036222	0.036583	0.036783	0.037074	0.037124
560.000000	0.036268	0.036694	0.037022	0.037366	0.037578	0.037831	0.037948
561.000000	0.036558	0.036893	0.037252	0.037564	0.037782	0.038061	0.038303
562.000000	0.033551	0.033664	0.033992	0.034376	0.034535	0.034903	0.035099
563.000000	0.031267	0.031292	0.031528	0.032030	0.032133	0.032563	0.032604
564.000000	0.040164	0.040749	0.040936	0.041367	0.041600	0.041895	0.042027
565.000000	0.050494	0.051672	0.051910	0.052165	0.052582	0.052674	0.053038
566.000000	0.023488	0.023076	0.023454	0.023969	0.024042	0.024416	0.024383
567.000000	-0.045174	-0.048264	-0.047766	-0.046732	-0.047286	-0.046332	-0.047138
568.000000	-0.084244	-0.082948	-0.082646	-0.082552	-0.082000	-0.081941	-0.081425
569.000000	-0.044063	-0.031617	-0.031786	-0.034032	-0.030732	-0.033001	-0.029146
570.000000	0.031277	0.033028	0.033255	0.033311	0.033857	0.033966	0.034539
571.000000	0.090834	0.041167	0.042008	0.051196	0.040915	0.050306	0.037857
572.000000	0.133040	0.040880	0.032846	0.037532	0.032634	0.037245	0.031366
573.000000	0.166589	0.097193	0.062783	0.029938	0.069630	0.035557	0.083560
574.000000	0.174262	0.161056	0.104186	0.033130	0.118175	0.044765	0.147028
575.000000	0.132482	0.145454	0.100005	0.038517	0.112109	0.048501	0.135465
576.000000	0.067129	0.072865	0.060909	0.043544	0.064684	0.046594	0.070308
577.000000	0.031915	0.029231	0.036965	0.049080	0.035159	0.048155	0.035118
578.000000	0.036015	0.034541	0.039937	0.050516	0.034436	0.050244	0.042465
579.000000	0.049559	0.050661	0.047846	0.039048	0.031415	0.039968	0.043249
580.000000	0.052528	0.053528	0.048544	0.028681	0.026801	0.029458	0.032374
581.000000	0.039027	0.039258	0.043580	0.061542	0.062236	0.061969	0.061669
582.000000	0.020830	0.021009	0.036645	0.135174	0.136059	0.135742	0.135231
583.000000	0.039646	0.040080	0.033713	0.164381	0.164714	0.165171	0.165556
584.000000	0.107870	0.108429	0.038069	0.103672	0.103891	0.104423	0.104963
585.000000	0.153495	0.154022	0.045382	0.033282	0.033592	0.033865	0.034184
586.000000	0.116014	0.116408	0.047605	0.023150	0.023411	0.023611	0.023890
587.000000	0.032017	0.032305	0.027024	0.025054	0.025233	0.025497	0.025828
588.000000	-0.042345	-0.042028	-0.026979	-0.020122	-0.019886	-0.019584	-0.019307
589.000000	-0.073967	-0.073572	-0.070053	-0.068242	-0.067892	-0.067602	-0.067427
590.000000	-0.043890	-0.043509	-0.047211	-0.048582	-0.048214	-0.047958	-0.047801
591.000000	0.014587	0.014902	0.013854	0.013603	0.013926	0.014143	0.014352
592.000000	0.044105	0.044427	0.045812	0.046606	0.046945	0.047129	0.047374
593.000000	0.038370	0.038764	0.039577	0.040112	0.040525	0.040693	0.040937
594.000000	0.029210	0.029626	0.029655	0.029796	0.030252	0.030431	0.030661
595.000000	0.029843	0.030215	0.030383	0.030510	0.030945	0.031156	0.031380
596.000000	0.032489	0.032843	0.033272	0.033509	0.033901	0.034138	0.034377
597.000000	0.032510	0.032906	0.033277	0.033577	0.033928	0.034174	0.034442
598.000000	0.031676	0.032119	0.032373	0.032701	0.033020	0.033257	0.033539
599.000000	0.031480	0.031932	0.032197	0.032547	0.032843	0.033052	0.033327
600.000000	0.031596	0.032017	0.032326	0.032711	0.032988	0.033145	0.033443
601.000000	0.031595	0.031961	0.032249	0.032688	0.032948	0.033040	0.033416
602.000000	0.031523	0.031844	0.032063	0.032548	0.032807	0.032894	0.033322
603.000000	0.031489	0.031805	0.031954	0.032444	0.032725	0.032927	0.033297
604.000000	0.031449	0.031767	0.031934	0.032365	0.032654	0.032997	0.033256
605.000000	0.031328	0.031618	0.031955	0.032262	0.032502	0.032898	0.033072
606.000000	0.031171	0.031440	0.031946	0.032158	0.032324	0.032704	0.032849
607.000000	0.031069	0.031386	0.031834	0.032106	0.032232	0.032604	0.032769
608.000000	0.031014	0.031411	0.031657	0.032084	0.032233	0.032607	0.032797
609.000000	0.030938	0.031345	0.031520	0.032027	0.032264	0.032609	0.032763
610.000000	0.030833	0.031176	0.031449	0.031919	0.032266	0.032546	0.032624
611.000000	0.030744	0.031034	0.031396	0.031789	0.032189	0.032402	0.032454
612.000000	0.030695	0.030980	0.031338	0.031674	0.032045	0.032227	0.032331
613.000000	0.030674	0.030969	0.031284	0.031618	0.031931	0.032161	0.032332
614.000000	0.030643	0.030948	0.031234	0.031614	0.031883	0.032215	0.032437
615.000000	0.030520	0.030859	0.031163	0.031564	0.031807	0.032149	0.032441
616.000000	0.030285	0.030685	0.031058	0.031413	0.031648	0.031836	0.032231
617.000000	0.030100	0.030526	0.030952	0.031255	0.031486	0.031540	0.031985
618.000000	0.030098	0.030468	0.030874	0.031177	0.031405	0.031495	0.031881
619.000000	0.030173	0.030454	0.030803	0.031141	0.031388	0.031564	0.031876
620.000000	0.030176	0.030403	0.030718	0.031084	0.031393	0.031551	0.031876
621.000000	0.030090	0.030318	0.030649	0.030996	0.031359	0.031467	0.031834
622.000000	0.029949	0.030229	0.030640	0.030892	0.031234	0.031395	0.031723
623.000000	0.029809	0.030157	0.030647	0.030812	0.031090	0.031350	0.031602
624.000000	0.029732	0.030115	0.030585	0.030806	0.031055	0.031311	0.031568
625.000000	0.029710	0.030074	0.030457	0.030822	0.031101	0.031259	0.031587
626.000000	0.029681	0.029978	0.030330	0.030731	0.031086	0.031178	0.031531
627.000000	0.029622	0.029833	0.030233	0.030542	0.030974	0.031076	0.031381
628.000000	0.029560	0.029717	0.030148	0.030408	0.030847	0.030994	0.031237
629.000000	0.029502	0.029676	0.030072	0.030397	0.030752	0.030945	0.031156
630.000000	0.029430	0.029699	0.030021	0.030428	0.030669	0.030902	0.031111
631.000000	0.029331	0.029744	0.029991	0.030422	0.030584	0.030839	0.031074
632.000000	0.029217	0.029708	0.029936	0.030329	0.030504	0.030749	0.031016
633.000000	0.029102	0.029534	0.029828	0.030138	0.030438	0.030638	0.030924
634.000000	0.029001	0.029346	0.029722	0.029954	0.030370	0.030558	0.030828
635.000000	0.028920	0.029270	0.029675	0.029879	0.030289	0.030545	0.030758
636.000000	0.028849	0.029272	0.029648	0.029856	0.030209	0.030532	0.030705
637.000000	0.028775	0.029275	0.029584	0.029802	0.030148	0.030443	0.030651
638.000000	0.028715	0.029255	0.029510	0.029748	0.030106	0.030340	0.030606
639.000000	0.028693	0.029212	0.029482	0.029772	0.030069	0.030338	0.030586
640.000000	0.028682	0.029131	0.029451	0.029820	0.030021	0.030367	0.030553
641.000000	0.028624	0.028987	0.029309	0.029764	0.029940	0.030251	0.030444
642.000000	0.028520	0.028816	0.029090	0.029609	0.029835	0.030019	0.030278
643.000000	0.028432	0.028703	0.028959	0.029482	0.029745	0.029885	0.030148
644.000000	0.028388	0.028685	0.028968	0.029436	0.029687	0.029909	0.030099
645.000000	0.028379	0.028731	0.029024	0.029421	0.029656	0.029939	0.030102
646.000000	0.028383	0.028781	0.029048	0.029394	0.029627	0.029884	0.030120
647.000000	0.028366	0.028730	0.029016	0.029330	0.029543	0.029783	0.030111
648.000000	0.028310	0.028539	0.028927	0.029223	0.029388	0.029686	0.030049
649.000000	0.028242	0.028361	0.028836	0.029113	0.029271	0.029628	0.029945
650.000000	0.028190	0.028326	0.028794	0.029041	0.029281	0.029628	0.029829
651.000000	0.028146	0.028370	0.028802	0.029020	0.029348	0.029649	0.029768
652.000000	0.028097	0.028391	0.028841	0.029050	0.029381	0.029645	0.029816
653.000000	0.028039	0.028384	0.028836	0.029081	0.029360	0.029620	0.029877
654.000000	0.027971	0.028371	0.028709	0.029055	0.029296	0.029587	0.029824
655.000000	0.027913	0.028337	0.028527	0.028984	0.029235	0.029539	0.029705
656.000000	0.027891	0.028251	0.028425	0.028917	0.029230	0.029458	0.029659
657.000000	0.027887	0.028144	0.028411	0.028865	0.029246	0.029360	0.029678
658.000000	0.027853	0.028092	0.028399	0.028809	0.029185	0.029292	0.029650
659.000000	0.027783	0.028092	0.028362	0.028762	0.029071	0.029273	0.029555
660.000000	0.027716	0.028053	0.028334	0.028765	0.029054	0.029300	0.029472
661.000000	0.027671	0.027960	0.028326	0.028807	0.029147	0.029343	0.029435
662.000000	0.027635	0.027906	0.028316	0.028804	0.029143	0.029340	0.029400
663.000000	0.027594	0.027930	0.028286	0.028714	0.028950	0.029254	0.029344
664.000000	0.027543	0.027932	0.028233	0.028596	0.028770	0.029111	0.029294
665.000000	0.027483	0.027845	0.028171	0.028517	0.028756	0.028955	0.029273
666.000000	0.027440	0.027753	0.028150	0.028506	0.028798	0.028866	0.029267
667.000000	0.027426	0.027740	0.028200	0.028562	0.028763	0.028901	0.029258
668.000000	0.027380	0.027735	0.028216	0.028563	0.028675	0.028972	0.029219
669.000000	0.027245	0.027646	0.028085	0.028388	0.028596	0.028968	0.029129
670.000000	0.027127	0.027533	0.027913	0.028173	0.028528	0.028913	0.029020
671.000000	0.027179	0.027509	0.027876	0.028135	0.028452	0.028878	0.028943
672.000000	0.027317	0.027547	0.027925	0.028225	0.028407	0.028854	0.028918
673.000000	0.027322	0.027541	0.027882	0.028242	0.028453	0.028789	0.028948
674.000000	0.027187	0.027484	0.027740	0.028157	0.028551	0.028710	0.028993
675.000000	0.027077	0.027455	0.027640	0.028095	0.028569	0.028708	0.028984
676.000000	0.027052	0.027459	0.027619	0.028086	0.028476	0.028762	0.028899
677.000000	0.027029	0.027414	0.027583	0.028050	0.028368	0.028712	0.028782
678.000000	0.026951	0.027294	0.027484	0.027953	0.028287	0.028501	0.028660
679.000000	0.026820	0.027181	0.027364	0.027864	0.028182	0.028262	0.028534
680.000000	0.026673	0.027139	0.027278	0.027831	0.028036	0.028120	0.028431
681.000000	0.026637	0.027153	0.027296	0.027835	0.027952	0.028120	0.028451
682.000000	0.026778	0.027186	0.027438	0.027846	0.027994	0.028255	0.028629
683.000000	0.026909	0.027158	0.027529	0.027838	0.028028	0.028356	0.028739
684.000000	0.026837	0.027008	0.027408	0.027786	0.027919	0.028264	0.028564
685.000000	0.026644	0.026824	0.027206	0.027681	0.027767	0.028071	0.028274
686.000000	0.026488	0.026730	0.027125	0.027531	0.027729	0.027942	0.028136
687.000000	0.026404	0.026746	0.027147	0.027424	0.027785	0.027929	0.028164
688.000000	0.026365	0.026831	0.027156	0.027475	0.027833	0.028024	0.028251
689.000000	0.026369	0.026925	0.027142	0.027605	0.027839	0.028156	0.028326
690.000000	0.026423	0.026951	0.027163	0.027613	0.027814	0.028208	0.028344
691.000000	0.026491	0.026907	0.027204	0.027488	0.027782	0.028155	0.028306
692.000000	0.026492	0.026865	0.027177	0.027410	0.027773	0.028058	0.028249
693.000000	0.026423	0.026841	0.027079	0.027439	0.027789	0.027973	0.028200
694.000000	0.026396	0.026775	0.027024	0.027456	0.027785	0.027942	0.028164
695.000000	0.026451	0.026657	0.027058	0.027404	0.027738	0.027970	0.028151
696.000000	0.026474	0.026578	0.027074	0.027363	0.027669	0.027991	0.028181
697.000000	0.026387	0.026591	0.027003	0.027385	0.027602	0.027949	0.028242
698.000000	0.026257	0.026606	0.026929	0.027387	0.027549	0.027846	0.028224
699.000000	0.026163	0.026541	0.026935	0.027297	0.027511	0.027709	0.028056
700.000000	0.026127	0.026467	0.026986	0.027175	0.027453	0.027635	0.027897
701.000000	0.026148	0.026474	0.027020	0.027101	0.027344	0.027708	0.027925
702.000000	0.026172	0.026533	0.027003	0.027077	0.027256	0.027822	0.028047
703.000000	0.026136	0.026578	0.026921	0.027075	0.027286	0.027818	0.028089
704.000000	0.026084	0.026598	0.026818	0.027087	0.027379	0.027720	0.028044
705.000000	0.026108	0.026614	0.026766	0.027112	0.027411	0.027643	0.027994
706.000000	0.026175	0.026632	0.026753	0.027118	0.027388	0.027633	0.027975
707.000000	0.026160	0.026643	0.026710	0.027056	0.027412	0.027678	0.027986
708.000000	0.026067	0.026628	0.026652	0.026971	0.027492	0.027735	0.027989
709.000000	0.026037	0.026557	0.026687	0.027006	0.027536	0.027725	0.027910
710.000000	0.026117	0.026453	0.026833	0.027186	0.027500	0.027649	0.027791
711.000000	0.026205	0.026422	0.026966	0.027346	0.027417	0.027633	0.027853
712.000000	0.026229	0.026496	0.027005	0.027376	0.027337	0.027725	0.028148
713.000000	0.026204	0.026537	0.026992	0.027319	0.027329	0.027781	0.028322
714.000000	0.026170	0.026459	0.026982	0.027253	0.027425	0.027720	0.028148
715.000000	0.026190	0.026422	0.027022	0.027297	0.027532	0.027716	0.027955
716.000000	0.026302	0.026566	0.027129	0.027518	0.027562	0.027922	0.028067
717.000000	0.026397	0.026749	0.027194	0.027709	0.027558	0.028128	0.028279
718.000000	0.026356	0.026787	0.027110	0.027647	0.027596	0.028089	0.028296
719.000000	0.026295	0.026774	0.027025	0.027522	0.027715	0.027997	0.028246
720.000000	0.026398	0.026892	0.027155	0.027652	0.027926	0.028186	0.028392
721.000000	0.026595	0.026992	0.027323	0.027874	0.028061	0.028488	0.028632
722.000000	0.026670	0.026753	0.027147	0.027763	0.027874	0.028467	0.028659
723.000000	0.026615	0.026338	0.026798	0.027437	0.027498	0.028177	0.028524
724.000000	0.026593	0.026305	0.026894	0.027454	0.027379	0.028079	0.028569
725.000000	0.026623	0.026696	0.027428	0.027863	0.027630	0.028272	0.028792
726.000000	0.026549	0.026933	0.027644	0.028106	0.027961	0.028425	0.028775
727.000000	0.026363	0.026796	0.027276	0.027946	0.028151	0.028374	0.028441
728.000000	0.026320	0.026713	0.026940	0.027741	0.028144	0.028284	0.028311
729.000000	0.026551	0.026966	0.027050	0.027747	0.027970	0.028283	0.028657
730.000000	0.026836	0.027349	0.027345	0.027843	0.027836	0.028350	0.029035
731.000000	0.026977	0.027652	0.027549	0.027893	0.027906	0.028449	0.029048
732.000000	0.027017	0.027887	0.027674	0.027904	0.028108	0.028561	0.028814
