[HEADER]
Format	J&M ASCII Table
Comment	
Date	5/27/2023 10:03:43 AM
Order	Y (evenX)
TechType	UV
NumPoints	483
FirstX	250.00
LastX	732.00
XType	NMetr
YType	Absrb
ZType	Secs
NumSubFile	7
Matrix	Z vs X
[DATA]
	0.000000	5.000128	10.000192	15.000256	20.000383	25.000448	30.000511
250.000000	0.003212	0.002536	0.002338	0.002188	0.001737	0.001614	0.001398
251.000000	-0.004468	-0.005038	-0.005159	-0.005447	-0.005766	-0.005988	-0.005998
252.000000	-0.011520	-0.011791	-0.011975	-0.012525	-0.012526	-0.013004	-0.012748
253.000000	-0.018072	-0.018201	-0.018454	-0.019078	-0.018889	-0.019450	-0.019142
254.000000	-0.024272	-0.024634	-0.024852	-0.025179	-0.025137	-0.025400	-0.025407
255.000000	-0.030173	-0.030747	-0.030882	-0.030949	-0.031075	-0.031025	-0.031332
256.000000	-0.035783	-0.036148	-0.036229	-0.036482	-0.036467	-0.036475	-0.036680
257.000000	-0.040970	-0.041007	-0.041070	-0.041655	-0.041422	-0.041683	-0.041566
258.000000	-0.045586	-0.045645	-0.045717	-0.046293	-0.046133	-0.046513	-0.046207
259.000000	-0.049767	-0.050038	-0.050170	-0.050433	-0.050534	-0.050869	-0.050609
260.000000	-0.053769	-0.053992	-0.054271	-0.054214	-0.054432	-0.054685	-0.054673
261.000000	-0.057510	-0.057472	-0.057881	-0.057680	-0.057814	-0.058006	-0.058252
262.000000	-0.060655	-0.060570	-0.060884	-0.060807	-0.060807	-0.060963	-0.061183
263.000000	-0.063284	-0.063408	-0.063440	-0.063660	-0.063588	-0.063705	-0.063654
264.000000	-0.065951	-0.066142	-0.066025	-0.066408	-0.066387	-0.066396	-0.066256
265.000000	-0.068852	-0.068847	-0.068832	-0.069119	-0.069242	-0.069106	-0.069183
266.000000	-0.071531	-0.071447	-0.071552	-0.071676	-0.071867	-0.071743	-0.071926
267.000000	-0.073685	-0.073855	-0.073922	-0.073973	-0.074078	-0.074181	-0.074126
268.000000	-0.075571	-0.075976	-0.075931	-0.075976	-0.076020	-0.076245	-0.075975
269.000000	-0.077459	-0.077774	-0.077644	-0.077698	-0.077857	-0.077858	-0.077719
270.000000	-0.079307	-0.079447	-0.079277	-0.079291	-0.079584	-0.079370	-0.079476
271.000000	-0.081012	-0.081190	-0.081021	-0.080907	-0.081168	-0.081140	-0.081287
272.000000	-0.082536	-0.082829	-0.082690	-0.082476	-0.082624	-0.082919	-0.082928
273.000000	-0.083879	-0.084090	-0.083994	-0.083864	-0.083988	-0.084275	-0.084122
274.000000	-0.085116	-0.085106	-0.085071	-0.085134	-0.085303	-0.085320	-0.085108
275.000000	-0.086367	-0.086240	-0.086289	-0.086459	-0.086612	-0.086461	-0.086399
276.000000	-0.087669	-0.087610	-0.087703	-0.087843	-0.087921	-0.087790	-0.087981
277.000000	-0.088988	-0.089125	-0.089095	-0.089153	-0.089196	-0.089122	-0.089399
278.000000	-0.090244	-0.090575	-0.090322	-0.090305	-0.090381	-0.090353	-0.090484
279.000000	-0.091300	-0.091615	-0.091348	-0.091293	-0.091395	-0.091489	-0.091457
280.000000	-0.092139	-0.092212	-0.092226	-0.092183	-0.092264	-0.092541	-0.092466
281.000000	-0.092982	-0.092932	-0.093156	-0.093163	-0.093215	-0.093529	-0.093479
282.000000	-0.093991	-0.094140	-0.094271	-0.094346	-0.094371	-0.094475	-0.094467
283.000000	-0.095071	-0.095415	-0.095470	-0.095585	-0.095478	-0.095421	-0.095476
284.000000	-0.096107	-0.096333	-0.096614	-0.096705	-0.096312	-0.096389	-0.096527
285.000000	-0.097092	-0.097068	-0.097595	-0.097612	-0.097058	-0.097298	-0.097481
286.000000	-0.098041	-0.097909	-0.098335	-0.098265	-0.097968	-0.098056	-0.098187
287.000000	-0.098895	-0.098771	-0.098871	-0.098818	-0.098923	-0.098696	-0.098759
288.000000	-0.099578	-0.099432	-0.099303	-0.099489	-0.099673	-0.099309	-0.099408
289.000000	-0.100174	-0.099960	-0.099824	-0.100281	-0.100257	-0.099986	-0.100139
290.000000	-0.100860	-0.100604	-0.100675	-0.101062	-0.100890	-0.100816	-0.100836
291.000000	-0.101668	-0.101418	-0.101756	-0.101791	-0.101618	-0.101729	-0.101501
292.000000	-0.102487	-0.102265	-0.102648	-0.102520	-0.102325	-0.102508	-0.102249
293.000000	-0.103215	-0.103025	-0.103201	-0.103223	-0.102963	-0.103073	-0.103077
294.000000	-0.103766	-0.103606	-0.103659	-0.103761	-0.103580	-0.103545	-0.103808
295.000000	-0.104177	-0.104033	-0.104196	-0.104129	-0.104208	-0.104047	-0.104350
296.000000	-0.104733	-0.104576	-0.104775	-0.104625	-0.104829	-0.104682	-0.104819
297.000000	-0.105590	-0.105390	-0.105347	-0.105424	-0.105424	-0.105468	-0.105313
298.000000	-0.106379	-0.106183	-0.105901	-0.106187	-0.105996	-0.106144	-0.105809
299.000000	-0.106736	-0.106650	-0.106421	-0.106574	-0.106536	-0.106482	-0.106266
300.000000	-0.106822	-0.106885	-0.106821	-0.106751	-0.106953	-0.106657	-0.106668
301.000000	-0.106941	-0.107088	-0.107024	-0.107004	-0.107157	-0.106936	-0.107017
302.000000	-0.107227	-0.107349	-0.107193	-0.107365	-0.107297	-0.107322	-0.107365
303.000000	-0.107716	-0.107698	-0.107575	-0.107749	-0.107608	-0.107700	-0.107780
304.000000	-0.108248	-0.108094	-0.108082	-0.108079	-0.108047	-0.108023	-0.108198
305.000000	-0.108535	-0.108443	-0.108397	-0.108293	-0.108383	-0.108290	-0.108468
306.000000	-0.108571	-0.108702	-0.108503	-0.108422	-0.108554	-0.108522	-0.108593
307.000000	-0.108644	-0.108872	-0.108687	-0.108593	-0.108682	-0.108754	-0.108731
308.000000	-0.108878	-0.108985	-0.109027	-0.108848	-0.108848	-0.109001	-0.108949
309.000000	-0.109129	-0.109117	-0.109255	-0.109092	-0.109057	-0.109241	-0.109159
310.000000	-0.109298	-0.109303	-0.109240	-0.109273	-0.109303	-0.109456	-0.109307
311.000000	-0.109450	-0.109487	-0.109227	-0.109452	-0.109564	-0.109633	-0.109450
312.000000	-0.109645	-0.109617	-0.109424	-0.109677	-0.109815	-0.109770	-0.109637
313.000000	-0.109852	-0.109713	-0.109730	-0.109892	-0.110008	-0.109896	-0.109850
314.000000	-0.110030	-0.109814	-0.109994	-0.110036	-0.110112	-0.110040	-0.110066
315.000000	-0.110174	-0.109986	-0.110199	-0.110165	-0.110208	-0.110202	-0.110298
316.000000	-0.110296	-0.110290	-0.110370	-0.110363	-0.110398	-0.110372	-0.110563
317.000000	-0.110458	-0.110642	-0.110530	-0.110637	-0.110637	-0.110535	-0.110810
318.000000	-0.110740	-0.110898	-0.110701	-0.110955	-0.110817	-0.110682	-0.110961
319.000000	-0.111092	-0.111086	-0.110942	-0.111277	-0.111002	-0.110892	-0.111072
320.000000	-0.111372	-0.111361	-0.111323	-0.111557	-0.111375	-0.111305	-0.111299
321.000000	-0.111511	-0.111673	-0.111718	-0.111739	-0.111842	-0.111809	-0.111629
322.000000	-0.111525	-0.111753	-0.111780	-0.111751	-0.111996	-0.112014	-0.111869
323.000000	-0.111499	-0.111588	-0.111490	-0.111640	-0.111763	-0.111829	-0.111932
324.000000	-0.111610	-0.111610	-0.111395	-0.111644	-0.111632	-0.111670	-0.111926
325.000000	-0.111911	-0.112042	-0.111791	-0.111895	-0.111895	-0.111829	-0.111973
326.000000	-0.112116	-0.112493	-0.112227	-0.112227	-0.112226	-0.112175	-0.112174
327.000000	-0.112015	-0.112604	-0.112297	-0.112464	-0.112317	-0.112524	-0.112557
328.000000	-0.111889	-0.112473	-0.112182	-0.112560	-0.112285	-0.112722	-0.112876
329.000000	-0.112054	-0.112297	-0.112166	-0.112521	-0.112313	-0.112667	-0.112884
330.000000	-0.112356	-0.112193	-0.112302	-0.112471	-0.112396	-0.112507	-0.112700
331.000000	-0.112502	-0.112235	-0.112554	-0.112555	-0.112473	-0.112464	-0.112566
332.000000	-0.112504	-0.112381	-0.112800	-0.112704	-0.112564	-0.112561	-0.112574
333.000000	-0.112534	-0.112525	-0.112882	-0.112748	-0.112732	-0.112716	-0.112733
334.000000	-0.112667	-0.112692	-0.112843	-0.112756	-0.112938	-0.112901	-0.112969
335.000000	-0.112891	-0.113003	-0.112882	-0.112983	-0.113061	-0.113129	-0.113148
336.000000	-0.113111	-0.113365	-0.113027	-0.113357	-0.113067	-0.113324	-0.113216
337.000000	-0.113138	-0.113431	-0.113106	-0.113423	-0.113028	-0.113302	-0.113217
338.000000	-0.112938	-0.113128	-0.113054	-0.113043	-0.113003	-0.113055	-0.113185
339.000000	-0.112762	-0.112881	-0.113017	-0.112685	-0.113022	-0.112889	-0.113125
340.000000	-0.112773	-0.112968	-0.113073	-0.112669	-0.113068	-0.112980	-0.113042
341.000000	-0.112840	-0.113135	-0.113076	-0.112781	-0.113017	-0.113076	-0.112958
342.000000	-0.112823	-0.113129	-0.112912	-0.112793	-0.112803	-0.112961	-0.112892
343.000000	-0.112745	-0.113033	-0.112743	-0.112784	-0.112668	-0.112845	-0.112851
344.000000	-0.112669	-0.112986	-0.112759	-0.112869	-0.112856	-0.112978	-0.112838
345.000000	-0.112665	-0.112975	-0.112882	-0.112930	-0.113113	-0.113174	-0.112849
346.000000	-0.112787	-0.112930	-0.112941	-0.112783	-0.113040	-0.113120	-0.112875
347.000000	-0.112910	-0.112817	-0.112870	-0.112538	-0.112739	-0.112884	-0.112874
348.000000	-0.112820	-0.112627	-0.112670	-0.112456	-0.112578	-0.112741	-0.112793
349.000000	-0.112548	-0.112405	-0.112416	-0.112533	-0.112604	-0.112711	-0.112628
350.000000	-0.112334	-0.112239	-0.112241	-0.112543	-0.112587	-0.112596	-0.112418
351.000000	-0.112278	-0.112189	-0.112188	-0.112424	-0.112476	-0.112381	-0.112251
352.000000	-0.112296	-0.112276	-0.112187	-0.112323	-0.112455	-0.112289	-0.112268
353.000000	-0.112302	-0.112451	-0.112188	-0.112311	-0.112557	-0.112387	-0.112460
354.000000	-0.112225	-0.112537	-0.112193	-0.112282	-0.112514	-0.112433	-0.112529
355.000000	-0.112037	-0.112411	-0.112200	-0.112152	-0.112174	-0.112264	-0.112296
356.000000	-0.111836	-0.112127	-0.112170	-0.111933	-0.111790	-0.112028	-0.111981
357.000000	-0.111702	-0.111770	-0.112056	-0.111660	-0.111600	-0.111879	-0.111803
358.000000	-0.111569	-0.111408	-0.111791	-0.111391	-0.111476	-0.111754	-0.111665
359.000000	-0.111355	-0.111110	-0.111344	-0.111187	-0.111239	-0.111560	-0.111428
360.000000	-0.111148	-0.110995	-0.110942	-0.111076	-0.111033	-0.111348	-0.111195
361.000000	-0.111091	-0.111169	-0.110879	-0.111070	-0.111095	-0.111215	-0.111148
362.000000	-0.111151	-0.111423	-0.111039	-0.111098	-0.111307	-0.111178	-0.111217
363.000000	-0.111196	-0.111377	-0.111080	-0.111047	-0.111355	-0.111193	-0.111192
364.000000	-0.111148	-0.111052	-0.110935	-0.110946	-0.111188	-0.111180	-0.111067
365.000000	-0.110983	-0.110820	-0.110784	-0.110946	-0.110994	-0.111024	-0.111016
366.000000	-0.110725	-0.110766	-0.110682	-0.111001	-0.110845	-0.110720	-0.111033
367.000000	-0.110463	-0.110593	-0.110518	-0.110807	-0.110653	-0.110405	-0.110872
368.000000	-0.110244	-0.110198	-0.110247	-0.110298	-0.110403	-0.110188	-0.110450
369.000000	-0.110033	-0.109898	-0.109985	-0.109889	-0.110238	-0.110103	-0.110017
370.000000	-0.109828	-0.109917	-0.109837	-0.109878	-0.110241	-0.110146	-0.109797
371.000000	-0.109740	-0.110075	-0.109835	-0.110073	-0.110274	-0.110223	-0.109832
372.000000	-0.109846	-0.110155	-0.109959	-0.110232	-0.110200	-0.110245	-0.110084
373.000000	-0.109990	-0.110083	-0.110017	-0.110262	-0.110073	-0.110211	-0.110292
374.000000	-0.109981	-0.109850	-0.109823	-0.110128	-0.109979	-0.110138	-0.110189
375.000000	-0.109829	-0.109608	-0.109529	-0.109895	-0.109900	-0.109990	-0.109872
376.000000	-0.109631	-0.109550	-0.109407	-0.109665	-0.109780	-0.109728	-0.109580
377.000000	-0.109491	-0.109617	-0.109450	-0.109486	-0.109659	-0.109498	-0.109432
378.000000	-0.109507	-0.109599	-0.109484	-0.109370	-0.109627	-0.109546	-0.109464
379.000000	-0.109619	-0.109464	-0.109476	-0.109323	-0.109638	-0.109801	-0.109577
380.000000	-0.109621	-0.109348	-0.109513	-0.109350	-0.109524	-0.109912	-0.109557
381.000000	-0.109434	-0.109290	-0.109578	-0.109388	-0.109260	-0.109732	-0.109365
382.000000	-0.109156	-0.109196	-0.109509	-0.109290	-0.109021	-0.109409	-0.109201
383.000000	-0.108900	-0.109049	-0.109271	-0.109051	-0.108934	-0.109109	-0.109180
384.000000	-0.108780	-0.109003	-0.109099	-0.108949	-0.109015	-0.109001	-0.109217
385.000000	-0.108851	-0.109130	-0.109147	-0.109139	-0.109218	-0.109140	-0.109223
386.000000	-0.108978	-0.109201	-0.109251	-0.109307	-0.109360	-0.109254	-0.109149
387.000000	-0.109024	-0.109023	-0.109233	-0.109169	-0.109293	-0.109108	-0.108990
388.000000	-0.109004	-0.108801	-0.109127	-0.108959	-0.109131	-0.108906	-0.108887
389.000000	-0.108967	-0.108801	-0.109020	-0.108993	-0.109040	-0.108924	-0.108988
390.000000	-0.108931	-0.108939	-0.108971	-0.109158	-0.109027	-0.109089	-0.109191
391.000000	-0.108900	-0.108997	-0.109014	-0.109180	-0.109028	-0.109187	-0.109300
392.000000	-0.108840	-0.108916	-0.109044	-0.109035	-0.108967	-0.109109	-0.109243
393.000000	-0.108703	-0.108737	-0.108883	-0.108854	-0.108770	-0.108823	-0.109029
394.000000	-0.108543	-0.108591	-0.108601	-0.108750	-0.108540	-0.108485	-0.108781
395.000000	-0.108509	-0.108674	-0.108497	-0.108807	-0.108542	-0.108418	-0.108720
396.000000	-0.108576	-0.108906	-0.108583	-0.108926	-0.108737	-0.108611	-0.108823
397.000000	-0.108490	-0.108829	-0.108472	-0.108766	-0.108687	-0.108593	-0.108742
398.000000	-0.108168	-0.108300	-0.108025	-0.108241	-0.108244	-0.108188	-0.108349
399.000000	-0.107907	-0.107844	-0.107643	-0.107791	-0.107908	-0.107855	-0.108002
400.000000	-0.107902	-0.107834	-0.107616	-0.107731	-0.108009	-0.107906	-0.107956
401.000000	-0.107914	-0.107959	-0.107708	-0.107809	-0.108162	-0.108012	-0.108011
402.000000	-0.107722	-0.107879	-0.107657	-0.107748	-0.107989	-0.107845	-0.107949
403.000000	-0.107521	-0.107688	-0.107529	-0.107624	-0.107730	-0.107624	-0.107860
404.000000	-0.107571	-0.107573	-0.107463	-0.107593	-0.107742	-0.107665	-0.107889
405.000000	-0.107719	-0.107543	-0.107504	-0.107682	-0.107953	-0.107843	-0.107966
406.000000	-0.107670	-0.107533	-0.107642	-0.107855	-0.108119	-0.107870	-0.107941
407.000000	-0.107511	-0.107530	-0.107768	-0.107956	-0.108100	-0.107742	-0.107804
408.000000	-0.107550	-0.107552	-0.107712	-0.107770	-0.107833	-0.107628	-0.107636
409.000000	-0.107750	-0.107546	-0.107487	-0.107384	-0.107421	-0.107568	-0.107478
410.000000	-0.107755	-0.107400	-0.107271	-0.107160	-0.107116	-0.107485	-0.107335
411.000000	-0.107482	-0.107154	-0.107161	-0.107217	-0.107052	-0.107382	-0.107247
412.000000	-0.107230	-0.107058	-0.107145	-0.107341	-0.107192	-0.107374	-0.107305
413.000000	-0.107169	-0.107194	-0.107185	-0.107367	-0.107420	-0.107485	-0.107493
414.000000	-0.107161	-0.107289	-0.107206	-0.107276	-0.107493	-0.107539	-0.107581
415.000000	-0.107088	-0.107152	-0.107157	-0.107101	-0.107280	-0.107417	-0.107429
416.000000	-0.106986	-0.106949	-0.107067	-0.106984	-0.107029	-0.107229	-0.107228
417.000000	-0.106911	-0.106867	-0.106970	-0.107034	-0.106981	-0.107103	-0.107167
418.000000	-0.106870	-0.106893	-0.106881	-0.107125	-0.107019	-0.107029	-0.107145
419.000000	-0.106856	-0.106954	-0.106805	-0.107091	-0.106953	-0.106964	-0.107010
420.000000	-0.106824	-0.106966	-0.106745	-0.106936	-0.106810	-0.106895	-0.106817
421.000000	-0.106722	-0.106849	-0.106701	-0.106733	-0.106693	-0.106822	-0.106695
422.000000	-0.106534	-0.106630	-0.106624	-0.106519	-0.106589	-0.106707	-0.106630
423.000000	-0.106274	-0.106406	-0.106443	-0.106311	-0.106418	-0.106497	-0.106518
424.000000	-0.106042	-0.106250	-0.106223	-0.106144	-0.106230	-0.106261	-0.106370
425.000000	-0.106008	-0.106217	-0.106147	-0.106070	-0.106195	-0.106175	-0.106295
426.000000	-0.106131	-0.106248	-0.106201	-0.106067	-0.106284	-0.106224	-0.106285
427.000000	-0.106085	-0.106139	-0.106108	-0.106014	-0.106196	-0.106144	-0.106175
428.000000	-0.105764	-0.105831	-0.105782	-0.105858	-0.105830	-0.105854	-0.105912
429.000000	-0.105523	-0.105573	-0.105552	-0.105690	-0.105512	-0.105673	-0.105690
430.000000	-0.105593	-0.105531	-0.105627	-0.105578	-0.105473	-0.105791	-0.105643
431.000000	-0.105697	-0.105534	-0.105725	-0.105481	-0.105532	-0.105891	-0.105643
432.000000	-0.105557	-0.105409	-0.105573	-0.105359	-0.105483	-0.105682	-0.105557
433.000000	-0.105298	-0.105250	-0.105319	-0.105265	-0.105359	-0.105394	-0.105433
434.000000	-0.105125	-0.105198	-0.105189	-0.105261	-0.105246	-0.105335	-0.105360
435.000000	-0.105053	-0.105201	-0.105139	-0.105278	-0.105163	-0.105368	-0.105328
436.000000	-0.105011	-0.105134	-0.105030	-0.105206	-0.105098	-0.105199	-0.105290
437.000000	-0.104948	-0.104973	-0.104880	-0.105062	-0.105023	-0.104890	-0.105197
438.000000	-0.104826	-0.104753	-0.104794	-0.104943	-0.104902	-0.104708	-0.105006
439.000000	-0.104667	-0.104546	-0.104766	-0.104860	-0.104746	-0.104688	-0.104777
440.000000	-0.104552	-0.104449	-0.104687	-0.104754	-0.104612	-0.104663	-0.104657
441.000000	-0.104502	-0.104464	-0.104542	-0.104620	-0.104541	-0.104580	-0.104678
442.000000	-0.104464	-0.104469	-0.104434	-0.104530	-0.104559	-0.104547	-0.104707
443.000000	-0.104399	-0.104396	-0.104411	-0.104508	-0.104628	-0.104595	-0.104647
444.000000	-0.104316	-0.104292	-0.104388	-0.104477	-0.104607	-0.104588	-0.104481
445.000000	-0.104234	-0.104202	-0.104307	-0.104376	-0.104415	-0.104446	-0.104247
446.000000	-0.104192	-0.104128	-0.104216	-0.104219	-0.104196	-0.104305	-0.104105
447.000000	-0.104211	-0.104063	-0.104165	-0.104039	-0.104089	-0.104285	-0.104172
448.000000	-0.104199	-0.103999	-0.104111	-0.103911	-0.104058	-0.104283	-0.104288
449.000000	-0.104060	-0.103926	-0.103999	-0.103891	-0.104024	-0.104161	-0.104247
450.000000	-0.103845	-0.103823	-0.103836	-0.103876	-0.103961	-0.103954	-0.104053
451.000000	-0.103656	-0.103669	-0.103654	-0.103717	-0.103859	-0.103760	-0.103796
452.000000	-0.103503	-0.103508	-0.103490	-0.103486	-0.103723	-0.103614	-0.103578
453.000000	-0.103342	-0.103417	-0.103382	-0.103373	-0.103558	-0.103515	-0.103498
454.000000	-0.103170	-0.103370	-0.103308	-0.103375	-0.103387	-0.103437	-0.103502
455.000000	-0.103018	-0.103253	-0.103196	-0.103319	-0.103236	-0.103331	-0.103404
456.000000	-0.102883	-0.103047	-0.103039	-0.103143	-0.103112	-0.103179	-0.103163
457.000000	-0.102714	-0.102848	-0.102911	-0.102922	-0.102991	-0.102994	-0.102927
458.000000	-0.102518	-0.102729	-0.102840	-0.102728	-0.102862	-0.102815	-0.102787
459.000000	-0.102415	-0.102700	-0.102773	-0.102600	-0.102750	-0.102713	-0.102712
460.000000	-0.102457	-0.102728	-0.102663	-0.102542	-0.102658	-0.102716	-0.102664
461.000000	-0.102489	-0.102683	-0.102512	-0.102468	-0.102533	-0.102704	-0.102618
462.000000	-0.102372	-0.102472	-0.102334	-0.102314	-0.102342	-0.102578	-0.102552
463.000000	-0.102163	-0.102207	-0.102156	-0.102166	-0.102169	-0.102394	-0.102434
464.000000	-0.101964	-0.102034	-0.102007	-0.102122	-0.102106	-0.102237	-0.102244
465.000000	-0.101816	-0.101938	-0.101909	-0.102092	-0.102069	-0.102117	-0.102045
466.000000	-0.101729	-0.101848	-0.101871	-0.101938	-0.101929	-0.102013	-0.101923
467.000000	-0.101672	-0.101749	-0.101835	-0.101707	-0.101731	-0.101909	-0.101863
468.000000	-0.101594	-0.101659	-0.101709	-0.101545	-0.101615	-0.101791	-0.101797
469.000000	-0.101490	-0.101590	-0.101528	-0.101486	-0.101600	-0.101677	-0.101705
470.000000	-0.101397	-0.101552	-0.101431	-0.101473	-0.101610	-0.101607	-0.101612
471.000000	-0.101329	-0.101518	-0.101425	-0.101454	-0.101578	-0.101570	-0.101525
472.000000	-0.101269	-0.101424	-0.101363	-0.101394	-0.101458	-0.101498	-0.101433
473.000000	-0.101208	-0.101261	-0.101206	-0.101295	-0.101281	-0.101374	-0.101341
474.000000	-0.101156	-0.101126	-0.101118	-0.101220	-0.101209	-0.101285	-0.101289
475.000000	-0.101105	-0.101077	-0.101174	-0.101195	-0.101302	-0.101269	-0.101278
476.000000	-0.101002	-0.101046	-0.101174	-0.101131	-0.101323	-0.101216	-0.101216
477.000000	-0.100820	-0.100979	-0.100960	-0.100967	-0.101096	-0.101050	-0.101043
478.000000	-0.100677	-0.100941	-0.100728	-0.100825	-0.100853	-0.100908	-0.100889
479.000000	-0.100688	-0.100996	-0.100698	-0.100825	-0.100856	-0.100932	-0.100890
480.000000	-0.100757	-0.101015	-0.100760	-0.100844	-0.100948	-0.100982	-0.100934
481.000000	-0.100725	-0.100828	-0.100706	-0.100693	-0.100852	-0.100843	-0.100842
482.000000	-0.100591	-0.100507	-0.100529	-0.100436	-0.100593	-0.100570	-0.100634
483.000000	-0.100432	-0.100249	-0.100327	-0.100257	-0.100355	-0.100350	-0.100431
484.000000	-0.100241	-0.100078	-0.100117	-0.100162	-0.100168	-0.100197	-0.100249
485.000000	-0.099950	-0.099885	-0.099853	-0.100020	-0.099953	-0.099990	-0.100027
486.000000	-0.099617	-0.099667	-0.099582	-0.099815	-0.099723	-0.099739	-0.099788
487.000000	-0.099442	-0.099541	-0.099450	-0.099662	-0.099601	-0.099598	-0.099654
488.000000	-0.099474	-0.099541	-0.099489	-0.099609	-0.099619	-0.099606	-0.099647
489.000000	-0.099510	-0.099547	-0.099533	-0.099584	-0.099646	-0.099598	-0.099613
490.000000	-0.099416	-0.099483	-0.099476	-0.099533	-0.099600	-0.099488	-0.099477
491.000000	-0.099284	-0.099399	-0.099400	-0.099476	-0.099533	-0.099422	-0.099382
492.000000	-0.099199	-0.099335	-0.099362	-0.099423	-0.099482	-0.099496	-0.099425
493.000000	-0.099104	-0.099221	-0.099244	-0.099299	-0.099341	-0.099500	-0.099422
494.000000	-0.098933	-0.098994	-0.098944	-0.099044	-0.099023	-0.099227	-0.099193
495.000000	-0.098756	-0.098751	-0.098651	-0.098785	-0.098713	-0.098876	-0.098890
496.000000	-0.098670	-0.098620	-0.098611	-0.098684	-0.098641	-0.098738	-0.098748
497.000000	-0.098616	-0.098538	-0.098690	-0.098670	-0.098693	-0.098738	-0.098712
498.000000	-0.098470	-0.098358	-0.098590	-0.098569	-0.098597	-0.098634	-0.098596
499.000000	-0.098256	-0.098124	-0.098316	-0.098378	-0.098346	-0.098406	-0.098390
500.000000	-0.098104	-0.098006	-0.098089	-0.098221	-0.098121	-0.098194	-0.098208
501.000000	-0.098018	-0.098008	-0.097966	-0.098118	-0.097998	-0.098049	-0.098084
502.000000	-0.097872	-0.097951	-0.097830	-0.097985	-0.097936	-0.097929	-0.097958
503.000000	-0.097621	-0.097753	-0.097619	-0.097784	-0.097861	-0.097789	-0.097790
504.000000	-0.097352	-0.097479	-0.097368	-0.097558	-0.097666	-0.097590	-0.097572
505.000000	-0.097142	-0.097209	-0.097130	-0.097345	-0.097332	-0.097337	-0.097330
506.000000	-0.097019	-0.097015	-0.096987	-0.097160	-0.097043	-0.097128	-0.097146
507.000000	-0.096978	-0.096935	-0.096970	-0.097011	-0.096940	-0.097033	-0.097074
508.000000	-0.096932	-0.096898	-0.096948	-0.096900	-0.096913	-0.096979	-0.097027
509.000000	-0.096798	-0.096819	-0.096796	-0.096820	-0.096833	-0.096882	-0.096911
510.000000	-0.096592	-0.096676	-0.096584	-0.096705	-0.096699	-0.096735	-0.096728
511.000000	-0.096360	-0.096470	-0.096425	-0.096491	-0.096550	-0.096559	-0.096510
512.000000	-0.096158	-0.096249	-0.096288	-0.096257	-0.096392	-0.096386	-0.096303
513.000000	-0.096035	-0.096079	-0.096086	-0.096132	-0.096221	-0.096251	-0.096153
514.000000	-0.095943	-0.095952	-0.095856	-0.096082	-0.096039	-0.096123	-0.096040
515.000000	-0.095775	-0.095818	-0.095717	-0.095966	-0.095860	-0.095931	-0.095906
516.000000	-0.095531	-0.095642	-0.095645	-0.095754	-0.095691	-0.095677	-0.095720
517.000000	-0.095319	-0.095412	-0.095484	-0.095524	-0.095537	-0.095434	-0.095485
518.000000	-0.095176	-0.095165	-0.095214	-0.095322	-0.095387	-0.095238	-0.095244
519.000000	-0.095036	-0.095006	-0.095012	-0.095148	-0.095214	-0.095081	-0.095093
520.000000	-0.094856	-0.094963	-0.094946	-0.094995	-0.095007	-0.094950	-0.095051
521.000000	-0.094657	-0.094904	-0.094841	-0.094843	-0.094797	-0.094834	-0.094970
522.000000	-0.094471	-0.094731	-0.094582	-0.094683	-0.094611	-0.094724	-0.094759
523.000000	-0.094330	-0.094512	-0.094333	-0.094523	-0.094467	-0.094604	-0.094550
524.000000	-0.094257	-0.094326	-0.094250	-0.094373	-0.094369	-0.094466	-0.094473
525.000000	-0.094204	-0.094196	-0.094239	-0.094230	-0.094287	-0.094332	-0.094452
526.000000	-0.094116	-0.094115	-0.094157	-0.094090	-0.094187	-0.094225	-0.094367
527.000000	-0.094008	-0.094037	-0.094019	-0.093961	-0.094075	-0.094120	-0.094184
528.000000	-0.093914	-0.093903	-0.093893	-0.093852	-0.093974	-0.093978	-0.093914
529.000000	-0.093778	-0.093738	-0.093730	-0.093756	-0.093893	-0.093828	-0.093680
530.000000	-0.093507	-0.093615	-0.093425	-0.093654	-0.093832	-0.093731	-0.093655
531.000000	-0.093309	-0.093525	-0.093274	-0.093539	-0.093750	-0.093666	-0.093761
532.000000	-0.093631	-0.093387	-0.093882	-0.093414	-0.093580	-0.093536	-0.093702
533.000000	-0.093932	-0.093215	-0.094378	-0.093302	-0.093349	-0.093353	-0.093444
534.000000	-0.092447	-0.093143	-0.092074	-0.093247	-0.093209	-0.093257	-0.093287
535.000000	-0.090282	-0.093142	-0.088795	-0.093185	-0.093149	-0.093225	-0.093284
536.000000	-0.093872	-0.092872	-0.094737	-0.092855	-0.092846	-0.092927	-0.092993
537.000000	-0.102109	-0.092341	-0.108043	-0.092320	-0.092319	-0.092379	-0.092369
538.000000	-0.092332	-0.092578	-0.092460	-0.092567	-0.092578	-0.092613	-0.092544
539.000000	-0.051328	-0.093866	-0.027061	-0.093839	-0.093887	-0.093914	-0.093892
540.000000	-0.017640	-0.092849	0.025506	-0.092813	-0.092891	-0.092915	-0.092984
541.000000	-0.032084	-0.086651	-0.000712	-0.086651	-0.086715	-0.086723	-0.086842
542.000000	-0.071429	-0.080742	-0.066045	-0.080798	-0.080821	-0.080804	-0.080931
543.000000	-0.092781	-0.082607	-0.098705	-0.082693	-0.082683	-0.082644	-0.082764
544.000000	-0.093071	-0.089403	-0.095417	-0.089487	-0.089475	-0.089417	-0.089513
545.000000	-0.090285	-0.093072	-0.089000	-0.093133	-0.093163	-0.093088	-0.093126
546.000000	-0.090760	-0.092286	-0.090162	-0.092323	-0.092395	-0.092319	-0.092300
547.000000	-0.091530	-0.090993	-0.092024	-0.091027	-0.091059	-0.091014	-0.091014
548.000000	-0.091278	-0.090905	-0.091579	-0.090954	-0.090887	-0.090893	-0.090976
549.000000	-0.090818	-0.091063	-0.090716	-0.091113	-0.091030	-0.091047	-0.091180
550.000000	-0.090650	-0.090880	-0.090573	-0.090905	-0.090930	-0.090907	-0.091009
551.000000	-0.090575	-0.090602	-0.090645	-0.090597	-0.090722	-0.090669	-0.090710
552.000000	-0.090414	-0.090432	-0.090502	-0.090406	-0.090532	-0.090500	-0.090498
553.000000	-0.090183	-0.090289	-0.090222	-0.090247	-0.090316	-0.090328	-0.090330
554.000000	-0.089951	-0.090108	-0.089964	-0.090055	-0.090061	-0.090108	-0.090169
555.000000	-0.089887	-0.090041	-0.089897	-0.089990	-0.089952	-0.090012	-0.090131
556.000000	-0.090056	-0.090166	-0.090074	-0.090136	-0.090089	-0.090138	-0.090254
557.000000	-0.089875	-0.089933	-0.089909	-0.089922	-0.089909	-0.089934	-0.089998
558.000000	-0.088834	-0.088872	-0.088898	-0.088853	-0.088910	-0.088917	-0.088919
559.000000	-0.088735	-0.088791	-0.088844	-0.088758	-0.088873	-0.088878	-0.088856
560.000000	-0.091902	-0.091999	-0.092064	-0.091989	-0.092081	-0.092105	-0.092147
561.000000	-0.092844	-0.092973	-0.093028	-0.092999	-0.093024	-0.093070	-0.093206
562.000000	-0.081704	-0.081807	-0.081820	-0.081820	-0.081841	-0.081881	-0.082017
563.000000	-0.073833	-0.073872	-0.073831	-0.073830	-0.073919	-0.073925	-0.073969
564.000000	-0.108869	-0.108893	-0.108840	-0.108826	-0.108973	-0.108942	-0.108937
565.000000	-0.178679	-0.178755	-0.178740	-0.178724	-0.178865	-0.178820	-0.178850
566.000000	-0.205717	-0.205830	-0.205841	-0.205864	-0.205934	-0.205918	-0.205973
567.000000	-0.155948	-0.156035	-0.156032	-0.156130	-0.156091	-0.156139	-0.156162
568.000000	-0.095953	-0.095994	-0.095987	-0.096131	-0.096021	-0.096111	-0.096112
569.000000	-0.080068	-0.080081	-0.080112	-0.080232	-0.080138	-0.080212	-0.080246
570.000000	-0.087837	-0.087837	-0.087898	-0.087977	-0.087940	-0.087976	-0.088044
571.000000	-0.090805	-0.090801	-0.090837	-0.090910	-0.090913	-0.090934	-0.090985
572.000000	-0.088397	-0.088395	-0.088403	-0.088475	-0.088479	-0.088509	-0.088535
573.000000	-0.087094	-0.087105	-0.087143	-0.087172	-0.087139	-0.087191	-0.087240
574.000000	-0.087456	-0.087475	-0.087570	-0.087546	-0.087494	-0.087551	-0.087647
575.000000	-0.087681	-0.087685	-0.087798	-0.087767	-0.087783	-0.087800	-0.087913
576.000000	-0.087396	-0.087384	-0.087471	-0.087481	-0.087582	-0.087556	-0.087649
577.000000	-0.087088	-0.087099	-0.087156	-0.087216	-0.087279	-0.087284	-0.087352
578.000000	-0.086926	-0.086997	-0.087028	-0.087121	-0.087060	-0.087143	-0.087192
579.000000	-0.086786	-0.086909	-0.086912	-0.087004	-0.086921	-0.087017	-0.087051
580.000000	-0.086595	-0.086736	-0.086717	-0.086780	-0.086807	-0.086828	-0.086850
581.000000	-0.086356	-0.086476	-0.086468	-0.086516	-0.086609	-0.086565	-0.086580
582.000000	-0.086154	-0.086228	-0.086267	-0.086326	-0.086367	-0.086318	-0.086329
583.000000	-0.086216	-0.086254	-0.086331	-0.086386	-0.086397	-0.086356	-0.086363
584.000000	-0.086440	-0.086478	-0.086550	-0.086567	-0.086656	-0.086600	-0.086603
585.000000	-0.085835	-0.085886	-0.085928	-0.085928	-0.086081	-0.086022	-0.086039
586.000000	-0.084193	-0.084248	-0.084258	-0.084306	-0.084402	-0.084380	-0.084435
587.000000	-0.084888	-0.084934	-0.084932	-0.085049	-0.085055	-0.085071	-0.085143
588.000000	-0.090731	-0.090755	-0.090782	-0.090927	-0.090923	-0.090933	-0.090961
589.000000	-0.096198	-0.096195	-0.096267	-0.096390	-0.096432	-0.096423	-0.096394
590.000000	-0.093912	-0.093886	-0.093987	-0.094046	-0.094123	-0.094133	-0.094104
591.000000	-0.086874	-0.086837	-0.086933	-0.086932	-0.087013	-0.087061	-0.087080
592.000000	-0.083084	-0.083051	-0.083108	-0.083110	-0.083171	-0.083225	-0.083284
593.000000	-0.083549	-0.083543	-0.083553	-0.083600	-0.083642	-0.083669	-0.083728
594.000000	-0.084063	-0.084111	-0.084117	-0.084169	-0.084237	-0.084236	-0.084244
595.000000	-0.083409	-0.083524	-0.083567	-0.083577	-0.083700	-0.083693	-0.083623
596.000000	-0.083689	-0.083854	-0.083915	-0.083905	-0.084043	-0.084050	-0.083946
597.000000	-0.084598	-0.084776	-0.084815	-0.084838	-0.084933	-0.084965	-0.084896
598.000000	-0.081911	-0.082060	-0.082080	-0.082153	-0.082213	-0.082255	-0.082246
599.000000	-0.074822	-0.074913	-0.074945	-0.075051	-0.075123	-0.075147	-0.075185
600.000000	-0.070846	-0.070889	-0.070935	-0.071060	-0.071138	-0.071150	-0.071206
601.000000	-0.075121	-0.075154	-0.075195	-0.075325	-0.075368	-0.075394	-0.075438
602.000000	-0.081400	-0.081425	-0.081469	-0.081576	-0.081598	-0.081633	-0.081667
603.000000	-0.082853	-0.082841	-0.082918	-0.082968	-0.083033	-0.083043	-0.083096
604.000000	-0.081084	-0.081055	-0.081162	-0.081165	-0.081289	-0.081259	-0.081339
605.000000	-0.079827	-0.079858	-0.079949	-0.079963	-0.080092	-0.080045	-0.080129
606.000000	-0.079565	-0.079683	-0.079752	-0.079798	-0.079895	-0.079859	-0.079920
607.000000	-0.079384	-0.079522	-0.079629	-0.079664	-0.079739	-0.079743	-0.079765
608.000000	-0.079033	-0.079130	-0.079293	-0.079289	-0.079368	-0.079417	-0.079402
609.000000	-0.078686	-0.078744	-0.078877	-0.078871	-0.078974	-0.079043	-0.079015
610.000000	-0.078391	-0.078416	-0.078462	-0.078498	-0.078621	-0.078685	-0.078662
611.000000	-0.078075	-0.078024	-0.078067	-0.078145	-0.078245	-0.078314	-0.078281
612.000000	-0.077732	-0.077584	-0.077725	-0.077820	-0.077865	-0.077953	-0.077886
613.000000	-0.077445	-0.077307	-0.077487	-0.077575	-0.077605	-0.077694	-0.077595
614.000000	-0.077256	-0.077261	-0.077361	-0.077419	-0.077499	-0.077564	-0.077459
615.000000	-0.077112	-0.077225	-0.077263	-0.077268	-0.077391	-0.077445	-0.077389
616.000000	-0.076970	-0.077048	-0.077131	-0.077077	-0.077178	-0.077257	-0.077303
617.000000	-0.076822	-0.076849	-0.076971	-0.076917	-0.076958	-0.077053	-0.077175
618.000000	-0.076672	-0.076748	-0.076806	-0.076849	-0.076827	-0.076895	-0.077003
619.000000	-0.076531	-0.076689	-0.076666	-0.076789	-0.076745	-0.076776	-0.076836
620.000000	-0.076409	-0.076589	-0.076574	-0.076645	-0.076649	-0.076673	-0.076722
621.000000	-0.076316	-0.076466	-0.076492	-0.076482	-0.076545	-0.076575	-0.076641
622.000000	-0.076254	-0.076366	-0.076369	-0.076405	-0.076462	-0.076473	-0.076545
623.000000	-0.076184	-0.076257	-0.076222	-0.076368	-0.076387	-0.076359	-0.076429
624.000000	-0.076049	-0.076078	-0.076100	-0.076254	-0.076286	-0.076228	-0.076304
625.000000	-0.075890	-0.075882	-0.076025	-0.076080	-0.076176	-0.076111	-0.076192
626.000000	-0.075817	-0.075807	-0.075996	-0.075966	-0.076108	-0.076067	-0.076118
627.000000	-0.075826	-0.075832	-0.075959	-0.075929	-0.076058	-0.076074	-0.076059
628.000000	-0.075779	-0.075765	-0.075814	-0.075863	-0.075918	-0.076020	-0.075948
629.000000	-0.075623	-0.075555	-0.075557	-0.075726	-0.075677	-0.075858	-0.075771
630.000000	-0.075444	-0.075383	-0.075345	-0.075580	-0.075476	-0.075652	-0.075608
631.000000	-0.075300	-0.075341	-0.075261	-0.075454	-0.075391	-0.075454	-0.075500
632.000000	-0.075161	-0.075262	-0.075193	-0.075271	-0.075324	-0.075276	-0.075378
633.000000	-0.075007	-0.075030	-0.075048	-0.075005	-0.075194	-0.075121	-0.075194
634.000000	-0.074886	-0.074803	-0.074889	-0.074826	-0.075049	-0.075004	-0.075021
635.000000	-0.074834	-0.074740	-0.074791	-0.074875	-0.074947	-0.074926	-0.074934
636.000000	-0.074776	-0.074745	-0.074734	-0.074953	-0.074851	-0.074848	-0.074894
637.000000	-0.074616	-0.074662	-0.074673	-0.074798	-0.074708	-0.074720	-0.074832
638.000000	-0.074400	-0.074488	-0.074556	-0.074490	-0.074528	-0.074545	-0.074698
639.000000	-0.074224	-0.074290	-0.074342	-0.074243	-0.074350	-0.074352	-0.074459
640.000000	-0.074106	-0.074113	-0.074093	-0.074112	-0.074204	-0.074174	-0.074189
641.000000	-0.074013	-0.073988	-0.073933	-0.074046	-0.074106	-0.074047	-0.074021
642.000000	-0.073924	-0.073916	-0.073866	-0.073999	-0.074034	-0.073964	-0.073972
643.000000	-0.073838	-0.073872	-0.073789	-0.073932	-0.073929	-0.073883	-0.073955
644.000000	-0.073758	-0.073846	-0.073688	-0.073850	-0.073806	-0.073809	-0.073926
645.000000	-0.073691	-0.073848	-0.073671	-0.073811	-0.073775	-0.073810	-0.073899
646.000000	-0.073645	-0.073861	-0.073757	-0.073823	-0.073856	-0.073884	-0.073877
647.000000	-0.073617	-0.073823	-0.073781	-0.073793	-0.073890	-0.073885	-0.073823
648.000000	-0.073598	-0.073714	-0.073658	-0.073673	-0.073783	-0.073732	-0.073734
649.000000	-0.073570	-0.073646	-0.073555	-0.073570	-0.073661	-0.073570	-0.073692
650.000000	-0.073519	-0.073703	-0.073611	-0.073575	-0.073644	-0.073529	-0.073758
651.000000	-0.073479	-0.073765	-0.073701	-0.073625	-0.073660	-0.073563	-0.073836
652.000000	-0.073472	-0.073689	-0.073653	-0.073620	-0.073609	-0.073581	-0.073809
653.000000	-0.073404	-0.073484	-0.073449	-0.073502	-0.073468	-0.073496	-0.073635
654.000000	-0.073155	-0.073213	-0.073124	-0.073236	-0.073246	-0.073238	-0.073309
655.000000	-0.072772	-0.072908	-0.072759	-0.072880	-0.072954	-0.072877	-0.072914
656.000000	-0.072386	-0.072583	-0.072455	-0.072540	-0.072608	-0.072555	-0.072570
657.000000	-0.072071	-0.072275	-0.072234	-0.072273	-0.072269	-0.072319	-0.072304
658.000000	-0.071862	-0.072041	-0.072064	-0.072097	-0.072031	-0.072150	-0.072076
659.000000	-0.071763	-0.071909	-0.071939	-0.072003	-0.071931	-0.072033	-0.071902
660.000000	-0.071752	-0.071883	-0.071887	-0.071954	-0.071936	-0.071965	-0.071852
661.000000	-0.071769	-0.071910	-0.071884	-0.071905	-0.071972	-0.071918	-0.071902
662.000000	-0.071695	-0.071860	-0.071831	-0.071810	-0.071901	-0.071825	-0.071880
663.000000	-0.071482	-0.071659	-0.071658	-0.071642	-0.071665	-0.071650	-0.071685
664.000000	-0.071236	-0.071363	-0.071379	-0.071420	-0.071385	-0.071439	-0.071398
665.000000	-0.071028	-0.071040	-0.071034	-0.071154	-0.071151	-0.071221	-0.071106
666.000000	-0.070762	-0.070725	-0.070707	-0.070816	-0.070883	-0.070936	-0.070828
667.000000	-0.070351	-0.070441	-0.070462	-0.070394	-0.070506	-0.070541	-0.070559
668.000000	-0.069921	-0.070172	-0.070214	-0.069975	-0.070126	-0.070146	-0.070257
669.000000	-0.069630	-0.069894	-0.069857	-0.069661	-0.069872	-0.069882	-0.069883
670.000000	-0.069431	-0.069604	-0.069460	-0.069422	-0.069676	-0.069699	-0.069537
671.000000	-0.069208	-0.069313	-0.069154	-0.069186	-0.069404	-0.069486	-0.069354
672.000000	-0.068970	-0.069068	-0.068978	-0.068971	-0.069107	-0.069249	-0.069276
673.000000	-0.068805	-0.068938	-0.068916	-0.068848	-0.068944	-0.069063	-0.069137
674.000000	-0.068739	-0.068908	-0.068913	-0.068829	-0.068927	-0.068955	-0.068943
675.000000	-0.068750	-0.068894	-0.068881	-0.068870	-0.068943	-0.068906	-0.068844
676.000000	-0.068783	-0.068857	-0.068791	-0.068918	-0.068912	-0.068886	-0.068862
677.000000	-0.068751	-0.068816	-0.068688	-0.068905	-0.068805	-0.068849	-0.068849
678.000000	-0.068628	-0.068770	-0.068607	-0.068810	-0.068645	-0.068781	-0.068744
679.000000	-0.068491	-0.068674	-0.068562	-0.068696	-0.068539	-0.068725	-0.068648
680.000000	-0.068414	-0.068534	-0.068563	-0.068622	-0.068556	-0.068712	-0.068633
681.000000	-0.068427	-0.068501	-0.068612	-0.068610	-0.068650	-0.068720	-0.068666
682.000000	-0.068532	-0.068669	-0.068697	-0.068665	-0.068759	-0.068729	-0.068711
683.000000	-0.068664	-0.068867	-0.068781	-0.068743	-0.068838	-0.068747	-0.068778
684.000000	-0.068754	-0.068906	-0.068821	-0.068795	-0.068858	-0.068782	-0.068873
685.000000	-0.068796	-0.068812	-0.068810	-0.068793	-0.068842	-0.068815	-0.068920
686.000000	-0.068807	-0.068683	-0.068756	-0.068722	-0.068829	-0.068822	-0.068836
687.000000	-0.068800	-0.068605	-0.068706	-0.068650	-0.068809	-0.068814	-0.068706
688.000000	-0.068782	-0.068650	-0.068714	-0.068669	-0.068757	-0.068818	-0.068686
689.000000	-0.068730	-0.068753	-0.068753	-0.068742	-0.068695	-0.068823	-0.068754
690.000000	-0.068608	-0.068762	-0.068739	-0.068743	-0.068683	-0.068795	-0.068774
691.000000	-0.068491	-0.068689	-0.068684	-0.068690	-0.068744	-0.068767	-0.068751
692.000000	-0.068561	-0.068704	-0.068698	-0.068736	-0.068869	-0.068841	-0.068822
693.000000	-0.068803	-0.068840	-0.068793	-0.068901	-0.069008	-0.068998	-0.068990
694.000000	-0.068930	-0.068936	-0.068848	-0.069021	-0.069066	-0.069062	-0.069064
695.000000	-0.068830	-0.068913	-0.068814	-0.069013	-0.069014	-0.068971	-0.068976
696.000000	-0.068763	-0.068883	-0.068805	-0.068984	-0.068962	-0.068903	-0.068927
697.000000	-0.068895	-0.068923	-0.068886	-0.069011	-0.068984	-0.068974	-0.069041
698.000000	-0.069002	-0.068960	-0.068939	-0.069024	-0.069002	-0.069044	-0.069150
699.000000	-0.068885	-0.068926	-0.068866	-0.068960	-0.068950	-0.068990	-0.069100
700.000000	-0.068738	-0.068903	-0.068797	-0.068890	-0.068907	-0.068929	-0.069003
701.000000	-0.068797	-0.068983	-0.068875	-0.068898	-0.068964	-0.069003	-0.069006
702.000000	-0.068935	-0.069066	-0.068974	-0.068930	-0.069054	-0.069106	-0.069060
703.000000	-0.068921	-0.069007	-0.068900	-0.068897	-0.069063	-0.069064	-0.069056
704.000000	-0.068796	-0.068880	-0.068742	-0.068838	-0.069014	-0.068924	-0.068998
705.000000	-0.068738	-0.068866	-0.068725	-0.068849	-0.068995	-0.068846	-0.068951
706.000000	-0.068717	-0.068884	-0.068800	-0.068865	-0.068961	-0.068833	-0.068907
707.000000	-0.068555	-0.068668	-0.068710	-0.068707	-0.068778	-0.068769	-0.068805
708.000000	-0.068275	-0.068266	-0.068449	-0.068405	-0.068500	-0.068638	-0.068650
709.000000	-0.068120	-0.068067	-0.068276	-0.068220	-0.068387	-0.068527	-0.068520
710.000000	-0.068116	-0.068147	-0.068244	-0.068206	-0.068435	-0.068437	-0.068405
711.000000	-0.067953	-0.068091	-0.068074	-0.068088	-0.068229	-0.068223	-0.068154
712.000000	-0.067477	-0.067674	-0.067623	-0.067717	-0.067604	-0.067821	-0.067715
713.000000	-0.066941	-0.067174	-0.067105	-0.067275	-0.067010	-0.067372	-0.067278
714.000000	-0.066553	-0.066819	-0.066699	-0.066918	-0.066774	-0.066995	-0.066973
715.000000	-0.066215	-0.066475	-0.066327	-0.066583	-0.066582	-0.066656	-0.066658
716.000000	-0.065797	-0.065983	-0.065885	-0.066183	-0.066099	-0.066294	-0.066185
717.000000	-0.065295	-0.065392	-0.065378	-0.065711	-0.065473	-0.065842	-0.065632
718.000000	-0.064736	-0.064797	-0.064840	-0.065179	-0.064949	-0.065253	-0.065127
719.000000	-0.064119	-0.064231	-0.064286	-0.064567	-0.064502	-0.064601	-0.064655
720.000000	-0.063438	-0.063696	-0.063722	-0.063855	-0.064005	-0.064003	-0.064154
721.000000	-0.062745	-0.063167	-0.063164	-0.063140	-0.063429	-0.063458	-0.063625
722.000000	-0.062122	-0.062604	-0.062631	-0.062578	-0.062805	-0.062901	-0.063105
723.000000	-0.061531	-0.061949	-0.062079	-0.062084	-0.062133	-0.062298	-0.062590
724.000000	-0.060840	-0.061137	-0.061419	-0.061375	-0.061394	-0.061647	-0.062044
725.000000	-0.060116	-0.060284	-0.060672	-0.060520	-0.060692	-0.061003	-0.061434
726.000000	-0.059658	-0.059714	-0.059996	-0.060006	-0.060277	-0.060478	-0.060744
727.000000	-0.059473	-0.059463	-0.059459	-0.059914	-0.060142	-0.060102	-0.060042
728.000000	-0.059056	-0.059068	-0.058976	-0.059614	-0.059844	-0.059756	-0.059539
729.000000	-0.058224	-0.058355	-0.058539	-0.058845	-0.059205	-0.059399	-0.059352
730.000000	-0.057666	-0.057951	-0.058370	-0.058365	-0.058778	-0.059196	-0.059338
731.000000	-0.057944	-0.058364	-0.058629	-0.058805	-0.059016	-0.059277	-0.059353
732.000000	-0.058754	-0.059291	-0.059145	-0.059828	-0.059677	-0.059531	-0.059370
