[HEADER]
Format	J&M ASCII Table
Comment	
Date	5/27/2023 10:24:29 AM
Order	Y (evenX)
TechType	UV
NumPoints	483
FirstX	250.00
LastX	732.00
XType	NMetr
YType	Absrb
ZType	Secs
NumSubFile	7
Matrix	Z vs X
[DATA]
	0.000000	5.000128	10.000192	15.000256	20.000383	25.000448	30.000511
250.000000	0.528500	0.528375	0.528411	0.527911	0.527089	0.527446	0.526762
251.000000	0.528633	0.528424	0.528383	0.527761	0.526974	0.527353	0.526978
252.000000	0.529391	0.529271	0.528896	0.528400	0.528064	0.528041	0.527723
253.000000	0.530395	0.530400	0.529723	0.529273	0.529520	0.529061	0.528607
254.000000	0.531352	0.531394	0.530697	0.529992	0.530682	0.530089	0.529394
255.000000	0.532512	0.532518	0.532023	0.531095	0.532016	0.531531	0.530617
256.000000	0.534197	0.534111	0.533942	0.533147	0.534092	0.533800	0.532819
257.000000	0.536476	0.536118	0.536435	0.535763	0.536697	0.536483	0.535677
258.000000	0.539303	0.538387	0.539376	0.538326	0.539390	0.538977	0.538622
259.000000	0.542399	0.541125	0.542450	0.540988	0.542068	0.541508	0.541516
260.000000	0.545389	0.544673	0.545272	0.544253	0.544803	0.544675	0.544434
261.000000	0.548264	0.548612	0.547911	0.547941	0.547711	0.548268	0.547375
262.000000	0.551284	0.551964	0.550771	0.551354	0.550921	0.551468	0.550271
263.000000	0.554406	0.554524	0.553883	0.554149	0.554209	0.553999	0.553122
264.000000	0.557229	0.556988	0.556850	0.556411	0.556945	0.556218	0.555995
265.000000	0.559503	0.559544	0.559314	0.558254	0.558835	0.558250	0.558659
266.000000	0.561265	0.561450	0.561023	0.559806	0.560180	0.559767	0.560370
267.000000	0.562566	0.562276	0.561924	0.561121	0.561245	0.560628	0.560811
268.000000	0.563419	0.562636	0.562441	0.562051	0.562051	0.561272	0.560882
269.000000	0.563788	0.563056	0.562871	0.562430	0.562518	0.561991	0.561328
270.000000	0.563465	0.563049	0.562707	0.562134	0.562323	0.562114	0.561517
271.000000	0.562255	0.562008	0.561389	0.561079	0.561159	0.560906	0.560617
272.000000	0.560320	0.560117	0.559236	0.559345	0.559209	0.558707	0.558687
273.000000	0.557933	0.557811	0.556846	0.557055	0.556809	0.556206	0.556108
274.000000	0.555076	0.554968	0.554201	0.554168	0.553945	0.553375	0.553036
275.000000	0.551579	0.551181	0.550944	0.550556	0.550415	0.549808	0.549502
276.000000	0.547563	0.546715	0.547029	0.546341	0.546293	0.545628	0.545645
277.000000	0.543394	0.542402	0.542684	0.541856	0.541882	0.541410	0.541682
278.000000	0.539181	0.538412	0.538099	0.537270	0.537318	0.537277	0.537513
279.000000	0.534694	0.534058	0.533405	0.532535	0.532503	0.532755	0.532630
280.000000	0.529720	0.528926	0.528568	0.527593	0.527412	0.527570	0.526909
281.000000	0.524125	0.523233	0.523260	0.522398	0.522182	0.521893	0.521007
282.000000	0.517972	0.517275	0.517352	0.516950	0.516888	0.515954	0.515426
283.000000	0.511864	0.511394	0.511395	0.511388	0.511392	0.510003	0.509988
284.000000	0.506326	0.505837	0.505873	0.505832	0.505595	0.504254	0.504449
285.000000	0.501097	0.500423	0.500450	0.500226	0.499757	0.498747	0.498804
286.000000	0.495768	0.494907	0.494684	0.494514	0.494211	0.493473	0.493147
287.000000	0.490425	0.489476	0.489009	0.488995	0.489105	0.488433	0.487769
288.000000	0.485336	0.484458	0.484148	0.484067	0.484472	0.483620	0.482989
289.000000	0.480422	0.479691	0.479787	0.479445	0.479925	0.478829	0.478489
290.000000	0.475400	0.474722	0.474978	0.474442	0.474843	0.473749	0.473571
291.000000	0.470299	0.469534	0.469638	0.469031	0.469299	0.468399	0.468263
292.000000	0.465453	0.464524	0.464498	0.463815	0.464024	0.463111	0.463270
293.000000	0.460946	0.459895	0.459840	0.459102	0.459331	0.458170	0.458787
294.000000	0.456505	0.455549	0.455264	0.454750	0.454922	0.453773	0.454251
295.000000	0.451941	0.451318	0.450562	0.450546	0.450488	0.449828	0.449403
296.000000	0.447290	0.446931	0.446023	0.446196	0.445801	0.445643	0.444732
297.000000	0.442617	0.442232	0.441811	0.441531	0.440785	0.440755	0.440549
298.000000	0.437976	0.437476	0.437473	0.436803	0.435808	0.435654	0.436294
299.000000	0.433419	0.432931	0.432595	0.432269	0.431235	0.430892	0.431428
300.000000	0.428980	0.428530	0.427562	0.427800	0.426963	0.426407	0.426354
301.000000	0.424661	0.424111	0.422924	0.423176	0.422754	0.421965	0.421675
302.000000	0.420254	0.419569	0.418602	0.418385	0.418407	0.417527	0.417270
303.000000	0.415488	0.414842	0.414240	0.413522	0.413764	0.413129	0.412710
304.000000	0.410600	0.410081	0.409764	0.408764	0.408970	0.408677	0.408018
305.000000	0.406153	0.405569	0.405296	0.404329	0.404367	0.403992	0.403522
306.000000	0.402096	0.401257	0.400840	0.400116	0.399965	0.399154	0.399171
307.000000	0.397736	0.396752	0.396275	0.395692	0.395427	0.394506	0.394528
308.000000	0.392849	0.391945	0.391593	0.390921	0.390678	0.390161	0.389547
309.000000	0.387971	0.387180	0.386969	0.386137	0.386068	0.385860	0.384800
310.000000	0.383450	0.382673	0.382474	0.381572	0.381732	0.381364	0.380532
311.000000	0.379050	0.378261	0.377913	0.377138	0.377236	0.376550	0.376115
312.000000	0.374502	0.373751	0.373130	0.372672	0.372242	0.371403	0.371061
313.000000	0.369703	0.369020	0.368232	0.367910	0.367027	0.366229	0.365792
314.000000	0.364637	0.364011	0.363355	0.362660	0.361943	0.361328	0.360825
315.000000	0.359584	0.358927	0.358459	0.357270	0.357048	0.356584	0.356106
316.000000	0.354856	0.354017	0.353458	0.352212	0.352286	0.351767	0.351408
317.000000	0.350202	0.349164	0.348377	0.347485	0.347490	0.346875	0.346629
318.000000	0.345122	0.344088	0.343296	0.342850	0.342458	0.342012	0.341738
319.000000	0.339686	0.338838	0.338251	0.338099	0.337241	0.337133	0.336762
320.000000	0.334388	0.333709	0.333246	0.333060	0.332084	0.332082	0.331772
321.000000	0.329435	0.328809	0.328315	0.327915	0.327164	0.326918	0.326822
322.000000	0.324700	0.324032	0.323524	0.323233	0.322577	0.321937	0.321941
323.000000	0.320075	0.319318	0.318910	0.319079	0.318262	0.317285	0.317197
324.000000	0.315505	0.314694	0.314456	0.314668	0.313908	0.312847	0.312722
325.000000	0.310921	0.310142	0.310073	0.309544	0.309305	0.308471	0.308475
326.000000	0.306209	0.305514	0.305513	0.304253	0.304538	0.303986	0.303982
327.000000	0.301333	0.300726	0.300628	0.299348	0.299736	0.299291	0.298949
328.000000	0.296575	0.296005	0.295739	0.294836	0.295015	0.294585	0.294009
329.000000	0.292200	0.291586	0.291191	0.290586	0.290465	0.290088	0.289814
330.000000	0.287940	0.287328	0.286799	0.286430	0.286049	0.285746	0.285867
331.000000	0.283382	0.282974	0.282235	0.282198	0.281684	0.281413	0.281358
332.000000	0.278594	0.278493	0.277605	0.277788	0.277298	0.277017	0.276512
333.000000	0.273894	0.273971	0.273231	0.273154	0.272830	0.272534	0.272069
334.000000	0.269347	0.269410	0.269055	0.268467	0.268314	0.268071	0.268007
335.000000	0.264810	0.264747	0.264722	0.264064	0.263858	0.263832	0.263700
336.000000	0.260320	0.260148	0.260225	0.259997	0.259585	0.259750	0.259103
337.000000	0.256129	0.256040	0.255974	0.255981	0.255623	0.255439	0.254879
338.000000	0.252366	0.252511	0.252203	0.251911	0.251957	0.250953	0.251312
339.000000	0.248923	0.249019	0.248791	0.248042	0.248319	0.247139	0.247946
340.000000	0.245643	0.245209	0.245542	0.244538	0.244587	0.244382	0.244423
341.000000	0.242299	0.241364	0.242165	0.241229	0.241096	0.241630	0.240829
342.000000	0.238724	0.237777	0.238447	0.237919	0.238046	0.237963	0.237285
343.000000	0.235050	0.234368	0.234567	0.234513	0.234801	0.233928	0.233753
344.000000	0.231469	0.230995	0.230782	0.230979	0.230729	0.230311	0.230194
345.000000	0.228117	0.227736	0.227210	0.227530	0.226546	0.227114	0.226781
346.000000	0.225076	0.224727	0.223910	0.224433	0.223356	0.224045	0.223733
347.000000	0.222151	0.221859	0.220888	0.221536	0.220942	0.220933	0.220906
348.000000	0.219013	0.218891	0.218113	0.218473	0.218364	0.217686	0.217961
349.000000	0.215730	0.215807	0.215468	0.215304	0.215374	0.214484	0.214924
350.000000	0.212707	0.212778	0.212771	0.212447	0.212316	0.211717	0.212119
351.000000	0.210022	0.209865	0.209956	0.209914	0.209392	0.209380	0.209539
352.000000	0.207342	0.206986	0.207102	0.207198	0.206595	0.206973	0.206756
353.000000	0.204500	0.204125	0.204272	0.204103	0.203885	0.204208	0.203600
354.000000	0.201694	0.201401	0.201486	0.201064	0.201186	0.201256	0.200431
355.000000	0.199083	0.198876	0.198777	0.198427	0.198467	0.198317	0.197579
356.000000	0.196616	0.196421	0.196225	0.196123	0.195836	0.195545	0.195147
357.000000	0.194223	0.193927	0.193868	0.193990	0.193396	0.193055	0.193124
358.000000	0.191890	0.191513	0.191533	0.191801	0.191121	0.190822	0.191190
359.000000	0.189608	0.189309	0.189040	0.189350	0.188938	0.188762	0.188996
360.000000	0.187269	0.187135	0.186522	0.186702	0.186695	0.186608	0.186557
361.000000	0.184746	0.184708	0.184208	0.184026	0.184241	0.184068	0.184030
362.000000	0.182118	0.182066	0.182038	0.181481	0.181736	0.181366	0.181521
363.000000	0.179585	0.179430	0.179785	0.179199	0.179508	0.179002	0.179099
364.000000	0.177203	0.176912	0.177416	0.177071	0.177448	0.176944	0.176763
365.000000	0.174908	0.174526	0.175069	0.174775	0.175071	0.174688	0.174449
366.000000	0.172687	0.172319	0.172821	0.172325	0.172386	0.172186	0.172174
367.000000	0.170597	0.170387	0.170659	0.170176	0.170059	0.169995	0.170068
368.000000	0.168611	0.168654	0.168535	0.168441	0.168327	0.168289	0.168143
369.000000	0.166527	0.166708	0.166340	0.166528	0.166547	0.166447	0.166186
370.000000	0.164214	0.164306	0.164019	0.164065	0.164230	0.164052	0.164016
371.000000	0.161799	0.161799	0.161703	0.161526	0.161624	0.161526	0.161621
372.000000	0.159429	0.159535	0.159516	0.159367	0.159063	0.159307	0.159055
373.000000	0.157142	0.157403	0.157397	0.157317	0.156684	0.157220	0.156529
374.000000	0.154947	0.155202	0.155254	0.154986	0.154544	0.154970	0.154256
375.000000	0.152856	0.152989	0.153088	0.152565	0.152507	0.152597	0.152200
376.000000	0.150872	0.150903	0.150931	0.150441	0.150371	0.150274	0.150218
377.000000	0.148852	0.148849	0.148725	0.148507	0.148091	0.148071	0.148141
378.000000	0.146581	0.146593	0.146361	0.146368	0.145733	0.146000	0.145803
379.000000	0.144168	0.144161	0.143926	0.144011	0.143464	0.144012	0.143342
380.000000	0.142006	0.141813	0.141676	0.141769	0.141542	0.142008	0.141162
381.000000	0.140190	0.139711	0.139723	0.139813	0.139934	0.139951	0.139374
382.000000	0.138410	0.137868	0.137975	0.138074	0.138219	0.137884	0.137688
383.000000	0.136472	0.136188	0.136274	0.136427	0.136186	0.135837	0.135877
384.000000	0.134463	0.134373	0.134360	0.134666	0.134080	0.133799	0.133889
385.000000	0.132480	0.132253	0.132132	0.132665	0.132106	0.131771	0.131772
386.000000	0.130560	0.130096	0.129996	0.130568	0.130185	0.129808	0.129803
387.000000	0.128707	0.128167	0.128300	0.128531	0.128224	0.127945	0.128180
388.000000	0.126846	0.126364	0.126720	0.126570	0.126282	0.126097	0.126555
389.000000	0.124897	0.124511	0.124832	0.124652	0.124446	0.124172	0.124515
390.000000	0.122895	0.122649	0.122786	0.122712	0.122655	0.122275	0.122287
391.000000	0.120928	0.120898	0.120952	0.120688	0.120807	0.120580	0.120330
392.000000	0.119130	0.119287	0.119328	0.118741	0.118991	0.119072	0.118718
393.000000	0.117646	0.117778	0.117683	0.117157	0.117406	0.117614	0.117274
394.000000	0.116321	0.116252	0.115948	0.115866	0.115981	0.116048	0.115799
395.000000	0.114730	0.114521	0.114203	0.114477	0.114403	0.114210	0.114082
396.000000	0.112831	0.112631	0.112540	0.112845	0.112617	0.112210	0.112182
397.000000	0.111107	0.110937	0.111059	0.111170	0.110926	0.110529	0.110525
398.000000	0.109771	0.109572	0.109728	0.109579	0.109468	0.109332	0.109273
399.000000	0.108435	0.108177	0.108250	0.108002	0.108008	0.108105	0.108024
400.000000	0.106818	0.106535	0.106485	0.106394	0.106391	0.106504	0.106490
401.000000	0.105174	0.105001	0.104841	0.104844	0.104841	0.104922	0.104925
402.000000	0.103760	0.103882	0.103673	0.103438	0.103562	0.103741	0.103596
403.000000	0.102403	0.102783	0.102665	0.102132	0.102369	0.102677	0.102369
404.000000	0.100857	0.101217	0.101375	0.100846	0.101009	0.101317	0.101024
405.000000	0.099238	0.099431	0.099859	0.099553	0.099529	0.099685	0.099504
406.000000	0.097801	0.097946	0.098374	0.098245	0.098099	0.097988	0.097842
407.000000	0.096607	0.096816	0.097013	0.096941	0.096776	0.096435	0.096270
408.000000	0.095595	0.095802	0.095765	0.095672	0.095550	0.095219	0.095121
409.000000	0.094611	0.094754	0.094556	0.094420	0.094395	0.094252	0.094260
410.000000	0.093428	0.093609	0.093258	0.093122	0.093271	0.093192	0.093133
411.000000	0.092022	0.092342	0.091878	0.091790	0.092119	0.091910	0.091613
412.000000	0.090653	0.090973	0.090612	0.090540	0.090853	0.090582	0.090166
413.000000	0.089478	0.089579	0.089536	0.089436	0.089496	0.089331	0.089062
414.000000	0.088411	0.088339	0.088470	0.088416	0.088276	0.088135	0.088088
415.000000	0.087363	0.087343	0.087281	0.087404	0.087321	0.086973	0.087046
416.000000	0.086317	0.086379	0.086072	0.086321	0.086379	0.085880	0.085945
417.000000	0.085269	0.085245	0.084954	0.085115	0.085209	0.084870	0.084829
418.000000	0.084203	0.084042	0.083902	0.083874	0.083937	0.083850	0.083732
419.000000	0.083108	0.082931	0.082857	0.082709	0.082766	0.082721	0.082676
420.000000	0.082008	0.081919	0.081821	0.081649	0.081711	0.081568	0.081655
421.000000	0.080947	0.080951	0.080821	0.080684	0.080707	0.080543	0.080647
422.000000	0.079991	0.080019	0.079872	0.079794	0.079758	0.079668	0.079672
423.000000	0.079213	0.079145	0.078978	0.078950	0.078900	0.078878	0.078772
424.000000	0.078487	0.078291	0.078104	0.078084	0.078082	0.078067	0.077908
425.000000	0.077512	0.077371	0.077174	0.077091	0.077177	0.077090	0.076972
426.000000	0.076284	0.076371	0.076192	0.076014	0.076183	0.075975	0.075952
427.000000	0.075199	0.075376	0.075257	0.075094	0.075269	0.074981	0.074968
428.000000	0.074431	0.074421	0.074414	0.074396	0.074475	0.074205	0.074064
429.000000	0.073660	0.073425	0.073574	0.073612	0.073554	0.073396	0.073126
430.000000	0.072659	0.072346	0.072664	0.072545	0.072370	0.072380	0.072084
431.000000	0.071635	0.071306	0.071679	0.071432	0.071186	0.071308	0.071059
432.000000	0.070796	0.070416	0.070645	0.070517	0.070255	0.070346	0.070165
433.000000	0.070000	0.069628	0.069654	0.069714	0.069473	0.069453	0.069357
434.000000	0.069052	0.068855	0.068797	0.068869	0.068658	0.068548	0.068551
435.000000	0.068032	0.068061	0.068016	0.067974	0.067805	0.067655	0.067704
436.000000	0.067125	0.067234	0.067199	0.067079	0.066974	0.066835	0.066799
437.000000	0.066340	0.066402	0.066346	0.066205	0.066191	0.066079	0.065916
438.000000	0.065588	0.065610	0.065515	0.065357	0.065459	0.065337	0.065187
439.000000	0.064839	0.064844	0.064701	0.064547	0.064743	0.064570	0.064565
440.000000	0.064119	0.064034	0.063836	0.063792	0.063984	0.063752	0.063845
441.000000	0.063407	0.063187	0.062937	0.063074	0.063160	0.062901	0.062977
442.000000	0.062617	0.062407	0.062134	0.062330	0.062307	0.062090	0.062111
443.000000	0.061750	0.061720	0.061477	0.061540	0.061472	0.061346	0.061351
444.000000	0.060978	0.061000	0.060850	0.060774	0.060711	0.060607	0.060688
445.000000	0.060388	0.060168	0.060167	0.060080	0.060045	0.059838	0.060072
446.000000	0.059769	0.059350	0.059477	0.059412	0.059381	0.059122	0.059382
447.000000	0.058940	0.058664	0.058829	0.058728	0.058640	0.058526	0.058542
448.000000	0.058072	0.058070	0.058182	0.058051	0.057898	0.057975	0.057713
449.000000	0.057389	0.057489	0.057481	0.057416	0.057252	0.057364	0.057080
450.000000	0.056842	0.056876	0.056744	0.056785	0.056648	0.056678	0.056559
451.000000	0.056282	0.056207	0.056020	0.056100	0.055991	0.055937	0.055977
452.000000	0.055669	0.055520	0.055346	0.055383	0.055301	0.055194	0.055341
453.000000	0.055026	0.054886	0.054752	0.054701	0.054668	0.054520	0.054759
454.000000	0.054366	0.054298	0.054208	0.054097	0.054094	0.053926	0.054222
455.000000	0.053699	0.053683	0.053640	0.053591	0.053510	0.053377	0.053618
456.000000	0.053046	0.053030	0.053033	0.053107	0.052885	0.052833	0.052934
457.000000	0.052445	0.052408	0.052448	0.052461	0.052240	0.052252	0.052277
458.000000	0.051911	0.051837	0.051904	0.051636	0.051616	0.051635	0.051697
459.000000	0.051406	0.051234	0.051331	0.050940	0.051070	0.051066	0.051116
460.000000	0.050891	0.050570	0.050696	0.050551	0.050619	0.050589	0.050488
461.000000	0.050338	0.049971	0.050094	0.050215	0.050154	0.050124	0.049880
462.000000	0.049736	0.049541	0.049602	0.049687	0.049587	0.049591	0.049359
463.000000	0.049135	0.049171	0.049151	0.049075	0.048984	0.049015	0.048902
464.000000	0.048593	0.048720	0.048649	0.048547	0.048440	0.048445	0.048465
465.000000	0.048110	0.048195	0.048105	0.048082	0.047958	0.047928	0.048001
466.000000	0.047661	0.047658	0.047565	0.047599	0.047505	0.047500	0.047474
467.000000	0.047212	0.047164	0.047058	0.047082	0.047070	0.047104	0.046940
468.000000	0.046725	0.046760	0.046606	0.046559	0.046648	0.046640	0.046498
469.000000	0.046218	0.046397	0.046177	0.046046	0.046215	0.046115	0.046122
470.000000	0.045758	0.045952	0.045702	0.045555	0.045728	0.045621	0.045679
471.000000	0.045353	0.045411	0.045194	0.045103	0.045192	0.045185	0.045141
472.000000	0.044937	0.044890	0.044773	0.044714	0.044673	0.044750	0.044610
473.000000	0.044472	0.044439	0.044448	0.044357	0.044194	0.044275	0.044144
474.000000	0.043970	0.043973	0.044032	0.043908	0.043697	0.043755	0.043711
475.000000	0.043469	0.043452	0.043444	0.043331	0.043175	0.043223	0.043287
476.000000	0.043056	0.042996	0.042937	0.042847	0.042758	0.042788	0.042877
477.000000	0.042779	0.042684	0.042696	0.042618	0.042533	0.042516	0.042490
478.000000	0.042496	0.042357	0.042467	0.042428	0.042314	0.042257	0.042139
479.000000	0.042061	0.041856	0.041965	0.042027	0.041899	0.041850	0.041824
480.000000	0.041583	0.041364	0.041373	0.041514	0.041377	0.041384	0.041472
481.000000	0.041233	0.041139	0.041001	0.041092	0.040926	0.041019	0.041001
482.000000	0.040951	0.041026	0.040769	0.040744	0.040564	0.040710	0.040493
483.000000	0.040565	0.040670	0.040403	0.040345	0.040225	0.040313	0.040110
484.000000	0.040093	0.040117	0.039922	0.039940	0.039904	0.039859	0.039844
485.000000	0.039699	0.039713	0.039566	0.039697	0.039642	0.039507	0.039559
486.000000	0.039424	0.039508	0.039363	0.039565	0.039399	0.039272	0.039202
487.000000	0.039170	0.039213	0.039099	0.039249	0.039044	0.038996	0.038818
488.000000	0.038874	0.038725	0.038692	0.038682	0.038564	0.038614	0.038449
489.000000	0.038540	0.038273	0.038306	0.038196	0.038148	0.038221	0.038130
490.000000	0.038174	0.037988	0.038030	0.037973	0.037891	0.037880	0.037867
491.000000	0.037778	0.037701	0.037727	0.037755	0.037624	0.037545	0.037599
492.000000	0.037368	0.037273	0.037296	0.037325	0.037208	0.037182	0.037274
493.000000	0.037015	0.036841	0.036867	0.036846	0.036767	0.036858	0.036897
494.000000	0.036770	0.036557	0.036577	0.036517	0.036441	0.036627	0.036488
495.000000	0.036509	0.036319	0.036307	0.036248	0.036152	0.036346	0.036070
496.000000	0.036079	0.035960	0.035881	0.035877	0.035768	0.035841	0.035664
497.000000	0.035563	0.035508	0.035380	0.035442	0.035337	0.035252	0.035292
498.000000	0.035151	0.035079	0.035001	0.035068	0.034987	0.034850	0.034973
499.000000	0.034845	0.034712	0.034725	0.034746	0.034712	0.034620	0.034659
500.000000	0.034512	0.034385	0.034379	0.034369	0.034406	0.034336	0.034261
501.000000	0.034116	0.034064	0.033949	0.033934	0.034031	0.033939	0.033800
502.000000	0.033729	0.033702	0.033585	0.033552	0.033622	0.033541	0.033417
503.000000	0.033406	0.033319	0.033347	0.033268	0.033223	0.033204	0.033161
504.000000	0.033174	0.033033	0.033148	0.033029	0.032878	0.032905	0.032939
505.000000	0.033001	0.032860	0.032897	0.032772	0.032598	0.032603	0.032666
506.000000	0.032732	0.032575	0.032529	0.032446	0.032319	0.032246	0.032312
507.000000	0.032263	0.032031	0.032029	0.032023	0.031984	0.031812	0.031872
508.000000	0.031698	0.031456	0.031538	0.031562	0.031601	0.031385	0.031411
509.000000	0.031169	0.031086	0.031181	0.031128	0.031190	0.031046	0.030989
510.000000	0.030723	0.030811	0.030850	0.030753	0.030770	0.030734	0.030583
511.000000	0.030370	0.030445	0.030393	0.030443	0.030359	0.030358	0.030154
512.000000	0.030059	0.029987	0.029880	0.030111	0.029948	0.029920	0.029732
513.000000	0.029711	0.029522	0.029468	0.029636	0.029521	0.029463	0.029371
514.000000	0.029333	0.029101	0.029135	0.029090	0.029102	0.029030	0.029046
515.000000	0.028985	0.028744	0.028743	0.028664	0.028743	0.028655	0.028683
516.000000	0.028659	0.028434	0.028308	0.028384	0.028429	0.028328	0.028277
517.000000	0.028286	0.028119	0.027989	0.028112	0.028084	0.027996	0.027887
518.000000	0.027850	0.027767	0.027796	0.027772	0.027677	0.027628	0.027539
519.000000	0.027412	0.027380	0.027525	0.027377	0.027237	0.027224	0.027206
520.000000	0.027006	0.026976	0.027078	0.026956	0.026804	0.026799	0.026862
521.000000	0.026609	0.026595	0.026606	0.026556	0.026431	0.026389	0.026502
522.000000	0.026209	0.026255	0.026226	0.026203	0.026135	0.026021	0.026128
523.000000	0.025846	0.025902	0.025866	0.025848	0.025829	0.025684	0.025757
524.000000	0.025547	0.025487	0.025449	0.025443	0.025429	0.025356	0.025401
525.000000	0.025234	0.025051	0.025027	0.025016	0.024958	0.025008	0.025029
526.000000	0.024821	0.024652	0.024676	0.024611	0.024472	0.024617	0.024611
527.000000	0.024381	0.024306	0.024362	0.024256	0.024064	0.024222	0.024182
528.000000	0.024038	0.024008	0.024017	0.023962	0.023828	0.023876	0.023797
529.000000	0.023773	0.023715	0.023630	0.023680	0.023669	0.023571	0.023438
530.000000	0.023481	0.023365	0.023232	0.023326	0.023387	0.023259	0.023047
531.000000	0.023135	0.022975	0.022869	0.022912	0.022971	0.022916	0.022656
532.000000	0.022776	0.022628	0.022601	0.022535	0.022580	0.022535	0.022373
533.000000	0.022432	0.022342	0.022408	0.022219	0.022275	0.022146	0.022201
534.000000	0.022112	0.022048	0.022165	0.021901	0.021991	0.021817	0.022008
535.000000	0.021815	0.021714	0.021823	0.021563	0.021681	0.021569	0.021719
536.000000	0.021525	0.021384	0.021475	0.021289	0.021350	0.021331	0.021380
537.000000	0.021226	0.021092	0.021184	0.021109	0.021011	0.021047	0.021038
538.000000	0.020909	0.020819	0.020879	0.020879	0.020684	0.020729	0.020714
539.000000	0.020577	0.020549	0.020504	0.020493	0.020386	0.020405	0.020417
540.000000	0.020267	0.020303	0.020139	0.020108	0.020117	0.020128	0.020146
541.000000	0.020012	0.020098	0.019875	0.019897	0.019867	0.019933	0.019894
542.000000	0.019771	0.019866	0.019652	0.019754	0.019623	0.019739	0.019633
543.000000	0.019481	0.019521	0.019370	0.019490	0.019367	0.019434	0.019333
544.000000	0.019157	0.019113	0.019042	0.019135	0.019083	0.019038	0.019012
545.000000	0.018849	0.018757	0.018745	0.018831	0.018761	0.018643	0.018714
546.000000	0.018575	0.018476	0.018489	0.018593	0.018436	0.018306	0.018441
547.000000	0.018316	0.018219	0.018229	0.018335	0.018171	0.018052	0.018170
548.000000	0.018064	0.017978	0.017960	0.018034	0.017965	0.017866	0.017904
549.000000	0.017821	0.017793	0.017717	0.017740	0.017736	0.017690	0.017686
550.000000	0.017590	0.017654	0.017508	0.017481	0.017460	0.017484	0.017509
551.000000	0.017376	0.017464	0.017292	0.017236	0.017215	0.017248	0.017285
552.000000	0.017185	0.017182	0.017058	0.017003	0.017046	0.017001	0.016987
553.000000	0.017022	0.016928	0.016878	0.016826	0.016904	0.016798	0.016731
554.000000	0.016852	0.016765	0.016767	0.016701	0.016706	0.016647	0.016574
555.000000	0.016501	0.016492	0.016496	0.016429	0.016311	0.016364	0.016267
556.000000	0.015907	0.015984	0.015933	0.015907	0.015699	0.015859	0.015666
557.000000	0.015770	0.015811	0.015737	0.015748	0.015557	0.015746	0.015513
558.000000	0.016685	0.016485	0.016499	0.016493	0.016461	0.016553	0.016474
559.000000	0.016371	0.016174	0.016187	0.016168	0.016208	0.016209	0.016239
560.000000	0.011924	0.012524	0.012181	0.012248	0.011980	0.012088	0.011825
561.000000	0.010362	0.011192	0.010761	0.010847	0.010433	0.010633	0.010239
562.000000	0.024248	0.022309	0.023175	0.022902	0.023529	0.023350	0.024076
563.000000	0.034058	0.030167	0.031931	0.031393	0.032807	0.032273	0.033844
564.000000	-0.010487	-0.005826	-0.008079	-0.007575	-0.009394	-0.008854	-0.010714
565.000000	-0.091273	-0.076822	-0.083649	-0.081930	-0.087503	-0.085632	-0.091485
566.000000	-0.091166	-0.102161	-0.097026	-0.098419	-0.094344	-0.095765	-0.091379
567.000000	0.027877	-0.046900	-0.011829	-0.021055	0.007287	-0.002509	0.027636
568.000000	0.125277	0.018335	0.068495	0.055317	0.095931	0.081905	0.125044
569.000000	0.098478	0.035643	0.065097	0.057339	0.081229	0.073009	0.098317
570.000000	0.027063	0.025215	0.026050	0.025776	0.026498	0.026288	0.026951
571.000000	0.002178	0.016404	0.009715	0.011389	0.005979	0.007831	0.002016
572.000000	0.011104	0.013161	0.012214	0.012374	0.011571	0.011759	0.010882
573.000000	0.016401	0.012433	0.014347	0.013778	0.015296	0.014657	0.016221
574.000000	0.013638	0.012595	0.013152	0.012952	0.013397	0.013149	0.013535
575.000000	0.011638	0.012693	0.012246	0.012259	0.011889	0.011961	0.011524
576.000000	0.012148	0.012521	0.012363	0.012214	0.012067	0.012092	0.011959
577.000000	0.012652	0.012318	0.012495	0.012210	0.012372	0.012292	0.012431
578.000000	0.012374	0.012153	0.012279	0.012076	0.012266	0.012143	0.012191
579.000000	0.012106	0.011939	0.011936	0.012032	0.012134	0.011976	0.011974
580.000000	0.012079	0.011769	0.011731	0.012038	0.012050	0.011896	0.011970
581.000000	0.011769	0.011957	0.011950	0.011723	0.011666	0.011689	0.011634
582.000000	0.011267	0.012247	0.012298	0.011266	0.011172	0.011400	0.011066
583.000000	0.011839	0.011352	0.011436	0.011858	0.011768	0.011568	0.011614
584.000000	0.013304	0.009536	0.009604	0.013266	0.013212	0.012109	0.013132
585.000000	0.011389	0.011395	0.011427	0.011271	0.011239	0.011197	0.011261
586.000000	0.006375	0.019143	0.019147	0.005009	0.006155	0.010901	0.006212
587.000000	0.018744	0.023064	0.023045	0.009093	0.018468	0.029496	0.018514
588.000000	0.064278	0.013850	0.013804	0.035636	0.063982	0.079665	0.064017
589.000000	0.102874	0.001379	0.001328	0.060339	0.102601	0.118654	0.102613
590.000000	0.082714	0.000475	0.000466	0.050835	0.082503	0.092792	0.082457
591.000000	0.027946	0.008145	0.008191	0.020370	0.027796	0.030058	0.027713
592.000000	-0.000782	0.012643	0.012700	0.004187	-0.000932	-0.002488	-0.000945
593.000000	0.004765	0.011723	0.011749	0.007349	0.004578	0.003774	0.004675
594.000000	0.013593	0.010281	0.010289	0.012309	0.013409	0.013743	0.013482
595.000000	0.012827	0.010348	0.010364	0.011792	0.012688	0.012859	0.012614
596.000000	0.010099	0.010688	0.010715	0.010159	0.009967	0.009786	0.009827
597.000000	0.009956	0.010590	0.010622	0.010019	0.009767	0.009666	0.009713
598.000000	0.010645	0.010404	0.010447	0.010413	0.010402	0.010479	0.010440
599.000000	0.010697	0.010392	0.010453	0.010505	0.010451	0.010546	0.010489
600.000000	0.010444	0.010433	0.010485	0.010411	0.010244	0.010297	0.010241
601.000000	0.010321	0.010405	0.010400	0.010326	0.010198	0.010248	0.010163
602.000000	0.010303	0.010349	0.010281	0.010289	0.010257	0.010276	0.010163
603.000000	0.010289	0.010320	0.010228	0.010298	0.010288	0.010187	0.010087
604.000000	0.010268	0.010300	0.010211	0.010290	0.010272	0.010070	0.010005
605.000000	0.010248	0.010251	0.010165	0.010197	0.010219	0.010068	0.010026
606.000000	0.010188	0.010151	0.010087	0.010056	0.010119	0.010093	0.010052
607.000000	0.010035	0.009989	0.009998	0.009942	0.009960	0.009968	0.009907
608.000000	0.009833	0.009807	0.009891	0.009843	0.009772	0.009736	0.009643
609.000000	0.009687	0.009678	0.009748	0.009698	0.009612	0.009577	0.009454
610.000000	0.009616	0.009606	0.009593	0.009528	0.009502	0.009536	0.009395
611.000000	0.009558	0.009537	0.009488	0.009434	0.009434	0.009536	0.009397
612.000000	0.009480	0.009448	0.009432	0.009408	0.009378	0.009496	0.009383
613.000000	0.009388	0.009358	0.009328	0.009307	0.009286	0.009341	0.009275
614.000000	0.009285	0.009262	0.009142	0.009087	0.009137	0.009070	0.009061
615.000000	0.009160	0.009103	0.008963	0.008902	0.008959	0.008828	0.008845
616.000000	0.009011	0.008861	0.008853	0.008849	0.008783	0.008703	0.008705
617.000000	0.008860	0.008629	0.008761	0.008810	0.008628	0.008595	0.008612
618.000000	0.008730	0.008490	0.008635	0.008668	0.008508	0.008417	0.008522
619.000000	0.008608	0.008415	0.008492	0.008467	0.008417	0.008253	0.008421
620.000000	0.008476	0.008351	0.008363	0.008285	0.008345	0.008204	0.008301
621.000000	0.008319	0.008266	0.008249	0.008147	0.008264	0.008198	0.008149
622.000000	0.008129	0.008145	0.008146	0.008057	0.008147	0.008115	0.007961
623.000000	0.007959	0.008029	0.008061	0.008001	0.008005	0.007987	0.007807
624.000000	0.007885	0.007984	0.008005	0.007957	0.007873	0.007921	0.007783
625.000000	0.007860	0.007957	0.007936	0.007883	0.007755	0.007872	0.007828
626.000000	0.007740	0.007813	0.007777	0.007733	0.007641	0.007687	0.007758
627.000000	0.007540	0.007572	0.007553	0.007530	0.007536	0.007396	0.007551
628.000000	0.007442	0.007426	0.007401	0.007380	0.007472	0.007238	0.007371
629.000000	0.007484	0.007426	0.007365	0.007322	0.007432	0.007275	0.007289
630.000000	0.007462	0.007394	0.007329	0.007279	0.007330	0.007275	0.007221
631.000000	0.007286	0.007234	0.007224	0.007203	0.007145	0.007115	0.007122
632.000000	0.007162	0.007088	0.007104	0.007124	0.007020	0.006966	0.007057
633.000000	0.007222	0.007062	0.007016	0.007060	0.007045	0.006958	0.007056
634.000000	0.007223	0.007041	0.006921	0.006942	0.007043	0.006953	0.006978
635.000000	0.006934	0.006899	0.006782	0.006720	0.006850	0.006802	0.006708
636.000000	0.006559	0.006675	0.006648	0.006499	0.006608	0.006592	0.006417
637.000000	0.006396	0.006455	0.006581	0.006410	0.006519	0.006463	0.006328
638.000000	0.006433	0.006309	0.006551	0.006431	0.006535	0.006417	0.006378
639.000000	0.006527	0.006283	0.006488	0.006472	0.006507	0.006400	0.006391
640.000000	0.006572	0.006319	0.006396	0.006464	0.006418	0.006360	0.006327
641.000000	0.006497	0.006292	0.006320	0.006358	0.006333	0.006255	0.006233
642.000000	0.006327	0.006193	0.006266	0.006195	0.006257	0.006119	0.006151
643.000000	0.006179	0.006116	0.006198	0.006094	0.006136	0.006053	0.006110
644.000000	0.006087	0.006081	0.006095	0.006071	0.005972	0.006059	0.006090
645.000000	0.005984	0.006007	0.005959	0.006007	0.005844	0.006009	0.005998
646.000000	0.005862	0.005875	0.005819	0.005860	0.005791	0.005855	0.005829
647.000000	0.005846	0.005797	0.005764	0.005757	0.005781	0.005713	0.005745
648.000000	0.005980	0.005831	0.005824	0.005772	0.005774	0.005668	0.005822
649.000000	0.006051	0.005849	0.005868	0.005794	0.005739	0.005685	0.005868
650.000000	0.005894	0.005753	0.005788	0.005724	0.005667	0.005709	0.005722
651.000000	0.005687	0.005656	0.005665	0.005611	0.005617	0.005696	0.005540
652.000000	0.005645	0.005689	0.005605	0.005536	0.005641	0.005615	0.005506
653.000000	0.005698	0.005745	0.005588	0.005522	0.005640	0.005514	0.005546
654.000000	0.005686	0.005658	0.005556	0.005566	0.005487	0.005461	0.005508
655.000000	0.005606	0.005480	0.005524	0.005600	0.005284	0.005445	0.005416
656.000000	0.005529	0.005371	0.005538	0.005532	0.005241	0.005422	0.005374
657.000000	0.005486	0.005376	0.005568	0.005403	0.005364	0.005381	0.005382
658.000000	0.005475	0.005452	0.005527	0.005355	0.005502	0.005345	0.005357
659.000000	0.005492	0.005529	0.005424	0.005402	0.005559	0.005331	0.005299
660.000000	0.005534	0.005513	0.005369	0.005429	0.005499	0.005354	0.005301
661.000000	0.005583	0.005401	0.005403	0.005389	0.005357	0.005394	0.005379
662.000000	0.005602	0.005330	0.005460	0.005349	0.005271	0.005382	0.005435
663.000000	0.005567	0.005366	0.005484	0.005348	0.005303	0.005297	0.005402
664.000000	0.005483	0.005389	0.005469	0.005350	0.005329	0.005228	0.005301
665.000000	0.005366	0.005310	0.005413	0.005319	0.005252	0.005229	0.005177
666.000000	0.005258	0.005196	0.005321	0.005238	0.005134	0.005196	0.005109
667.000000	0.005191	0.005124	0.005205	0.005110	0.005054	0.005040	0.005149
668.000000	0.005143	0.005063	0.005103	0.004997	0.005027	0.004875	0.005182
669.000000	0.005082	0.004965	0.005053	0.004965	0.005042	0.004847	0.005077
670.000000	0.005035	0.004885	0.004999	0.004983	0.005057	0.004895	0.004903
671.000000	0.005040	0.004912	0.004861	0.004984	0.005017	0.004885	0.004800
672.000000	0.005046	0.004968	0.004707	0.004933	0.004922	0.004814	0.004752
673.000000	0.004952	0.004888	0.004687	0.004822	0.004802	0.004757	0.004652
674.000000	0.004778	0.004688	0.004757	0.004678	0.004676	0.004713	0.004495
675.000000	0.004651	0.004533	0.004713	0.004565	0.004555	0.004624	0.004362
676.000000	0.004605	0.004483	0.004530	0.004502	0.004460	0.004495	0.004305
677.000000	0.004563	0.004464	0.004411	0.004457	0.004426	0.004413	0.004338
678.000000	0.004504	0.004433	0.004446	0.004420	0.004454	0.004407	0.004427
679.000000	0.004516	0.004418	0.004512	0.004423	0.004486	0.004389	0.004458
680.000000	0.004611	0.004428	0.004504	0.004458	0.004462	0.004302	0.004368
681.000000	0.004583	0.004412	0.004409	0.004409	0.004342	0.004192	0.004235
682.000000	0.004295	0.004328	0.004242	0.004202	0.004125	0.004107	0.004133
683.000000	0.003979	0.004211	0.004062	0.003974	0.003945	0.004050	0.004053
684.000000	0.003890	0.004106	0.003934	0.003879	0.003931	0.004014	0.003974
685.000000	0.003966	0.004025	0.003909	0.003891	0.004014	0.003992	0.003910
686.000000	0.004046	0.003968	0.004013	0.003930	0.004068	0.003978	0.003883
687.000000	0.004064	0.003917	0.004143	0.003959	0.004053	0.003955	0.003901
688.000000	0.004005	0.003850	0.004144	0.003959	0.003969	0.003904	0.003957
689.000000	0.003913	0.003805	0.004041	0.003938	0.003868	0.003859	0.003992
690.000000	0.003872	0.003855	0.003973	0.003920	0.003830	0.003884	0.003917
691.000000	0.003876	0.003941	0.003957	0.003896	0.003844	0.003932	0.003749
692.000000	0.003833	0.003877	0.003893	0.003825	0.003815	0.003852	0.003611
693.000000	0.003741	0.003673	0.003763	0.003724	0.003727	0.003647	0.003577
694.000000	0.003722	0.003607	0.003679	0.003694	0.003691	0.003544	0.003645
695.000000	0.003817	0.003775	0.003696	0.003763	0.003747	0.003644	0.003772
696.000000	0.003889	0.003886	0.003746	0.003815	0.003790	0.003776	0.003839
697.000000	0.003845	0.003751	0.003771	0.003784	0.003755	0.003802	0.003785
698.000000	0.003765	0.003590	0.003789	0.003789	0.003739	0.003765	0.003739
699.000000	0.003737	0.003619	0.003818	0.003920	0.003826	0.003727	0.003808
700.000000	0.003770	0.003759	0.003832	0.004015	0.003927	0.003703	0.003881
701.000000	0.003845	0.003870	0.003803	0.003898	0.003933	0.003695	0.003828
702.000000	0.003916	0.003921	0.003767	0.003728	0.003883	0.003721	0.003725
703.000000	0.003930	0.003926	0.003772	0.003750	0.003862	0.003792	0.003709
704.000000	0.003895	0.003894	0.003792	0.003866	0.003857	0.003849	0.003738
705.000000	0.003846	0.003841	0.003765	0.003813	0.003812	0.003801	0.003685
706.000000	0.003848	0.003826	0.003753	0.003686	0.003777	0.003714	0.003619
707.000000	0.003978	0.003941	0.003905	0.003842	0.003876	0.003766	0.003753
708.000000	0.004195	0.004124	0.004157	0.004228	0.004069	0.003939	0.004024
709.000000	0.004326	0.004149	0.004219	0.004348	0.004133	0.004006	0.004081
710.000000	0.004321	0.004001	0.004053	0.004085	0.004030	0.003925	0.003868
711.000000	0.004322	0.003985	0.004019	0.003927	0.004014	0.003955	0.003808
712.000000	0.004440	0.004263	0.004299	0.004156	0.004229	0.004226	0.004119
713.000000	0.004692	0.004614	0.004607	0.004497	0.004536	0.004532	0.004497
714.000000	0.005038	0.004845	0.004720	0.004702	0.004798	0.004707	0.004683
715.000000	0.005308	0.005003	0.004788	0.004831	0.005002	0.004830	0.004788
716.000000	0.005376	0.005169	0.004987	0.004988	0.005166	0.005008	0.004954
717.000000	0.005440	0.005343	0.005272	0.005222	0.005337	0.005232	0.005145
718.000000	0.005734	0.005518	0.005553	0.005555	0.005566	0.005473	0.005291
719.000000	0.006111	0.005786	0.005856	0.005920	0.005828	0.005750	0.005441
720.000000	0.006299	0.006258	0.006243	0.006222	0.006070	0.006098	0.005683
721.000000	0.006412	0.006808	0.006618	0.006445	0.006259	0.006460	0.005987
722.000000	0.006772	0.007180	0.006807	0.006619	0.006378	0.006729	0.006260
723.000000	0.007372	0.007365	0.006907	0.006843	0.006535	0.006924	0.006556
724.000000	0.007929	0.007557	0.007236	0.007259	0.006927	0.007165	0.007046
725.000000	0.008262	0.007832	0.007770	0.007785	0.007504	0.007489	0.007678
726.000000	0.008326	0.008115	0.008078	0.008077	0.007920	0.007831	0.008135
727.000000	0.008289	0.008386	0.008063	0.008073	0.008084	0.008152	0.008278
728.000000	0.008653	0.008734	0.008220	0.008212	0.008356	0.008465	0.008282
729.000000	0.009570	0.009165	0.008795	0.008711	0.008897	0.008764	0.008294
730.000000	0.010286	0.009465	0.009311	0.009146	0.009305	0.008979	0.008326
731.000000	0.010180	0.009471	0.009355	0.009151	0.009244	0.009062	0.008371
732.000000	0.009547	0.009293	0.009089	0.008876	0.008883	0.009064	0.008421
