[HEADER]
Format	J&M ASCII Table
Comment	
Date	5/27/2023 10:28:31 AM
Order	Y (evenX)
TechType	UV
NumPoints	483
FirstX	250.00
LastX	732.00
XType	NMetr
YType	Absrb
ZType	Secs
NumSubFile	7
Matrix	Z vs X
[DATA]
	0.000000	5.000128	10.000192	15.000256	20.000383	25.000448	30.000511
250.000000	0.515310	0.514220	0.514942	0.514591	0.514134	0.513394	0.514046
251.000000	0.515271	0.514539	0.515056	0.514422	0.514318	0.513279	0.514057
252.000000	0.515986	0.515579	0.515466	0.514863	0.515318	0.514327	0.514661
253.000000	0.517005	0.516558	0.516131	0.515708	0.516346	0.515722	0.515485
254.000000	0.517977	0.516961	0.517056	0.516763	0.516862	0.516791	0.516269
255.000000	0.519182	0.517627	0.518473	0.518056	0.517622	0.517851	0.517377
256.000000	0.520972	0.519478	0.520578	0.519677	0.519464	0.519376	0.519204
257.000000	0.523337	0.522295	0.523117	0.521772	0.522128	0.521521	0.521543
258.000000	0.526126	0.525491	0.525721	0.524475	0.525020	0.524298	0.524037
259.000000	0.529009	0.528667	0.528334	0.527628	0.527856	0.527445	0.526786
260.000000	0.531600	0.531547	0.531063	0.530931	0.530533	0.530580	0.530080
261.000000	0.534016	0.534198	0.533978	0.534179	0.533200	0.533591	0.533556
262.000000	0.536750	0.536937	0.537109	0.537250	0.536188	0.536575	0.536373
263.000000	0.539866	0.539832	0.540204	0.540054	0.539383	0.539436	0.538524
264.000000	0.542926	0.542654	0.542692	0.542539	0.542161	0.541859	0.540956
265.000000	0.545494	0.545105	0.544396	0.544629	0.544175	0.543674	0.543813
266.000000	0.547187	0.546793	0.545825	0.546203	0.545588	0.544976	0.545790
267.000000	0.547930	0.547558	0.547261	0.547190	0.546616	0.545888	0.546179
268.000000	0.548422	0.547854	0.548232	0.547665	0.547478	0.546536	0.546159
269.000000	0.549156	0.548061	0.548313	0.547710	0.548211	0.546951	0.546725
270.000000	0.549338	0.547880	0.547729	0.547338	0.548112	0.546799	0.546961
271.000000	0.548059	0.546927	0.546797	0.546517	0.546513	0.545739	0.545712
272.000000	0.545741	0.545348	0.545374	0.545049	0.544080	0.543972	0.543289
273.000000	0.543229	0.543434	0.543169	0.542704	0.541867	0.541859	0.540516
274.000000	0.540556	0.540887	0.540182	0.539617	0.539675	0.539296	0.537706
275.000000	0.537300	0.537117	0.536588	0.536124	0.536620	0.535931	0.534857
276.000000	0.533428	0.532482	0.532614	0.532366	0.532600	0.531831	0.531679
277.000000	0.529239	0.528141	0.528532	0.528310	0.528194	0.527427	0.527655
278.000000	0.524934	0.524389	0.524375	0.523876	0.523701	0.523029	0.522846
279.000000	0.520570	0.520391	0.519874	0.518932	0.519039	0.518778	0.518050
280.000000	0.516075	0.515616	0.514854	0.513533	0.514090	0.514485	0.513583
281.000000	0.511153	0.510241	0.509359	0.508099	0.508718	0.509353	0.508763
282.000000	0.505585	0.504526	0.503546	0.502926	0.502932	0.503013	0.503129
283.000000	0.499461	0.498757	0.497844	0.497832	0.497170	0.496514	0.497181
284.000000	0.493038	0.493147	0.492571	0.492609	0.491809	0.490874	0.491464
285.000000	0.487068	0.487585	0.487329	0.487298	0.486603	0.485846	0.485948
286.000000	0.482261	0.481940	0.481668	0.482013	0.481235	0.480895	0.480488
287.000000	0.478048	0.476591	0.476153	0.476870	0.476078	0.475932	0.475251
288.000000	0.473392	0.472054	0.471669	0.471956	0.471714	0.471039	0.470492
289.000000	0.468189	0.467859	0.467736	0.467033	0.467731	0.466104	0.465941
290.000000	0.462930	0.462958	0.463052	0.461685	0.463114	0.460912	0.461018
291.000000	0.457811	0.457379	0.457561	0.456146	0.457708	0.455710	0.455819
292.000000	0.452750	0.452168	0.452393	0.451259	0.452183	0.451167	0.451071
293.000000	0.447858	0.447769	0.448012	0.447231	0.446992	0.447265	0.446917
294.000000	0.443532	0.443725	0.443892	0.443336	0.442239	0.443003	0.442647
295.000000	0.439795	0.439589	0.439573	0.439010	0.437860	0.437904	0.437858
296.000000	0.435836	0.435086	0.434897	0.434163	0.433494	0.432746	0.432929
297.000000	0.431084	0.430135	0.429849	0.428920	0.428886	0.428169	0.428198
298.000000	0.426053	0.425219	0.424751	0.423910	0.424233	0.423888	0.423585
299.000000	0.421359	0.420790	0.419946	0.419671	0.419763	0.419508	0.418962
300.000000	0.417030	0.416601	0.415539	0.415796	0.415428	0.415023	0.414416
301.000000	0.412894	0.412232	0.411516	0.411658	0.411084	0.410527	0.410059
302.000000	0.408642	0.407623	0.407485	0.407179	0.406555	0.405974	0.405681
303.000000	0.403945	0.402887	0.402936	0.402538	0.401679	0.401275	0.400960
304.000000	0.399056	0.398221	0.398073	0.397896	0.396715	0.396596	0.396081
305.000000	0.394611	0.393866	0.393580	0.393392	0.392197	0.392263	0.391566
306.000000	0.390634	0.389768	0.389483	0.388970	0.388118	0.388152	0.387439
307.000000	0.386516	0.385567	0.385129	0.384379	0.383908	0.383673	0.383206
308.000000	0.382003	0.381099	0.380326	0.379596	0.379338	0.378720	0.378659
309.000000	0.377428	0.376514	0.375634	0.374967	0.374733	0.373954	0.374060
310.000000	0.373026	0.371954	0.371389	0.370682	0.370314	0.369721	0.369575
311.000000	0.368691	0.367478	0.367269	0.366499	0.365944	0.365507	0.365061
312.000000	0.364249	0.363077	0.362926	0.362163	0.361465	0.360868	0.360383
313.000000	0.359461	0.358543	0.358235	0.357562	0.356797	0.356032	0.355596
314.000000	0.354188	0.353692	0.353183	0.352672	0.351918	0.351306	0.350786
315.000000	0.348934	0.348712	0.348131	0.347772	0.347010	0.346647	0.345996
316.000000	0.344320	0.343883	0.343490	0.343180	0.342300	0.341911	0.341256
317.000000	0.340098	0.339192	0.339045	0.338709	0.337804	0.337131	0.336602
318.000000	0.335611	0.334483	0.334290	0.333935	0.333422	0.332420	0.332064
319.000000	0.330703	0.329706	0.329181	0.328826	0.328944	0.327742	0.327502
320.000000	0.325605	0.324894	0.324028	0.323652	0.324093	0.322955	0.322666
321.000000	0.320584	0.320091	0.319094	0.318694	0.318968	0.318122	0.317673
322.000000	0.315928	0.315350	0.314582	0.314230	0.314090	0.313536	0.313046
323.000000	0.311636	0.310710	0.310437	0.310216	0.309678	0.309242	0.308922
324.000000	0.307221	0.306185	0.306196	0.306073	0.305428	0.304860	0.304761
325.000000	0.302424	0.301742	0.301573	0.301431	0.301070	0.300217	0.300198
326.000000	0.297643	0.297233	0.296821	0.296544	0.296550	0.295739	0.295457
327.000000	0.293220	0.292569	0.292212	0.291718	0.291899	0.291736	0.290808
328.000000	0.288905	0.287936	0.287775	0.287091	0.287357	0.287758	0.286369
329.000000	0.284385	0.283547	0.283469	0.282726	0.283127	0.283295	0.282188
330.000000	0.279784	0.279380	0.279173	0.278455	0.278910	0.278554	0.278113
331.000000	0.275354	0.275316	0.274756	0.274068	0.274300	0.273960	0.273939
332.000000	0.271058	0.271120	0.270265	0.269707	0.269558	0.269534	0.269644
333.000000	0.266708	0.266521	0.265834	0.265679	0.265273	0.265089	0.265296
334.000000	0.262227	0.261697	0.261447	0.261818	0.261360	0.260601	0.260898
335.000000	0.257637	0.257180	0.256972	0.257588	0.257205	0.256181	0.256401
336.000000	0.253116	0.253141	0.252477	0.252992	0.252666	0.251961	0.251951
337.000000	0.249015	0.249316	0.248276	0.248679	0.248175	0.248088	0.247926
338.000000	0.245473	0.245546	0.244532	0.244964	0.244095	0.244586	0.244439
339.000000	0.242229	0.241905	0.241129	0.241515	0.240599	0.241263	0.241120
340.000000	0.238998	0.238430	0.237917	0.238034	0.237655	0.237933	0.237685
341.000000	0.235527	0.235000	0.234736	0.234474	0.234736	0.234474	0.234211
342.000000	0.231698	0.231509	0.231449	0.230863	0.231376	0.230841	0.230792
343.000000	0.227901	0.228012	0.228020	0.227364	0.227681	0.227252	0.227378
344.000000	0.224559	0.224597	0.224473	0.224139	0.223906	0.223946	0.223909
345.000000	0.221509	0.221308	0.221057	0.221119	0.220357	0.220882	0.220493
346.000000	0.218393	0.218167	0.218068	0.218156	0.217313	0.217918	0.217285
347.000000	0.215205	0.215141	0.215371	0.215166	0.214640	0.214939	0.214293
348.000000	0.212134	0.212170	0.212595	0.212110	0.211975	0.211860	0.211435
349.000000	0.209271	0.209250	0.209653	0.209067	0.209168	0.208764	0.208649
350.000000	0.206619	0.206428	0.206694	0.206212	0.206257	0.205870	0.205891
351.000000	0.204075	0.203702	0.203802	0.203556	0.203341	0.203215	0.203157
352.000000	0.201408	0.201002	0.200974	0.200898	0.200598	0.200598	0.200500
353.000000	0.198545	0.198317	0.198210	0.198146	0.198088	0.197929	0.197923
354.000000	0.195721	0.195753	0.195533	0.195429	0.195657	0.195349	0.195333
355.000000	0.193105	0.193344	0.192961	0.192855	0.193182	0.192944	0.192689
356.000000	0.190594	0.190884	0.190495	0.190399	0.190690	0.190591	0.190111
357.000000	0.188097	0.188236	0.188144	0.188029	0.188237	0.188180	0.187720
358.000000	0.185771	0.185704	0.185949	0.185776	0.185886	0.185799	0.185495
359.000000	0.183770	0.183615	0.183919	0.183659	0.183671	0.183561	0.183370
360.000000	0.181805	0.181688	0.181784	0.181492	0.181422	0.181374	0.181204
361.000000	0.179466	0.179443	0.179211	0.179046	0.178922	0.179079	0.178847
362.000000	0.176888	0.176913	0.176421	0.176452	0.176332	0.176682	0.176356
363.000000	0.174514	0.174432	0.173940	0.174042	0.174019	0.174278	0.173910
364.000000	0.172400	0.172119	0.171834	0.171841	0.171960	0.171916	0.171559
365.000000	0.170255	0.169902	0.169760	0.169607	0.169793	0.169594	0.169240
366.000000	0.168040	0.167763	0.167585	0.167340	0.167459	0.167360	0.167015
367.000000	0.166053	0.165765	0.165470	0.165359	0.165307	0.165325	0.165115
368.000000	0.164325	0.163846	0.163481	0.163716	0.163460	0.163458	0.163506
369.000000	0.162331	0.161705	0.161469	0.161917	0.161561	0.161460	0.161636
370.000000	0.159765	0.159179	0.159323	0.159621	0.159353	0.159158	0.159186
371.000000	0.157115	0.156579	0.157107	0.157115	0.157021	0.156838	0.156663
372.000000	0.154861	0.154222	0.154895	0.154727	0.154771	0.154763	0.154559
373.000000	0.152824	0.152094	0.152674	0.152482	0.152576	0.152743	0.152633
374.000000	0.150693	0.150098	0.150420	0.150331	0.150355	0.150515	0.150507
375.000000	0.148491	0.148201	0.148205	0.148260	0.148132	0.148168	0.148239
376.000000	0.146364	0.146383	0.146129	0.146262	0.145967	0.145926	0.146047
377.000000	0.144328	0.144475	0.144183	0.144263	0.143838	0.143852	0.143930
378.000000	0.142315	0.142238	0.142292	0.142154	0.141678	0.141901	0.141761
379.000000	0.140267	0.139805	0.140378	0.139948	0.139513	0.139959	0.139613
380.000000	0.138136	0.137635	0.138362	0.137770	0.137456	0.137849	0.137740
381.000000	0.135980	0.135851	0.136245	0.135712	0.135573	0.135600	0.136120
382.000000	0.133995	0.134105	0.134128	0.133824	0.133868	0.133506	0.134364
383.000000	0.132212	0.132175	0.132074	0.132068	0.132245	0.131685	0.132266
384.000000	0.130325	0.130135	0.130044	0.130243	0.130422	0.129871	0.130022
385.000000	0.128147	0.128094	0.128033	0.128222	0.128242	0.127891	0.127849
386.000000	0.125972	0.126152	0.126149	0.126158	0.125978	0.125963	0.125871
387.000000	0.124095	0.124362	0.124468	0.124221	0.123919	0.124285	0.124143
388.000000	0.122431	0.122571	0.122821	0.122443	0.122082	0.122642	0.122459
389.000000	0.120799	0.120609	0.121001	0.120800	0.120395	0.120758	0.120586
390.000000	0.119087	0.118586	0.119048	0.119156	0.118712	0.118760	0.118593
391.000000	0.117230	0.116723	0.117102	0.117348	0.116881	0.116923	0.116677
392.000000	0.115394	0.115153	0.115299	0.115466	0.115083	0.115279	0.114972
393.000000	0.113872	0.113937	0.113758	0.113749	0.113682	0.113706	0.113563
394.000000	0.112583	0.112802	0.112372	0.112216	0.112544	0.112116	0.112308
395.000000	0.111104	0.111181	0.110827	0.110683	0.111088	0.110464	0.110857
396.000000	0.109348	0.109055	0.109099	0.109084	0.109199	0.108797	0.109128
397.000000	0.107687	0.107146	0.107552	0.107520	0.107410	0.107295	0.107403
398.000000	0.106301	0.105815	0.106317	0.106043	0.105970	0.106002	0.105859
399.000000	0.104920	0.104602	0.105002	0.104586	0.104486	0.104675	0.104426
400.000000	0.103367	0.103155	0.103359	0.103114	0.102714	0.103160	0.103025
401.000000	0.101893	0.101728	0.101735	0.101729	0.101080	0.101652	0.101650
402.000000	0.100711	0.100572	0.100457	0.100503	0.099982	0.100342	0.100294
403.000000	0.099517	0.099424	0.099266	0.099268	0.099116	0.099101	0.098893
404.000000	0.097949	0.097948	0.097808	0.097832	0.098034	0.097740	0.097394
405.000000	0.096276	0.096307	0.096258	0.096289	0.096673	0.096280	0.095927
406.000000	0.094992	0.094854	0.094980	0.094849	0.095139	0.094826	0.094681
407.000000	0.093997	0.093643	0.093926	0.093584	0.093617	0.093473	0.093580
408.000000	0.092835	0.092547	0.092797	0.092477	0.092329	0.092302	0.092399
409.000000	0.091444	0.091481	0.091531	0.091408	0.091260	0.091260	0.091105
410.000000	0.090128	0.090406	0.090283	0.090173	0.090174	0.090176	0.089853
411.000000	0.088992	0.089277	0.089109	0.088762	0.088945	0.088971	0.088689
412.000000	0.087861	0.088037	0.087918	0.087432	0.087606	0.087694	0.087508
413.000000	0.086654	0.086718	0.086670	0.086340	0.086261	0.086435	0.086290
414.000000	0.085524	0.085520	0.085444	0.085409	0.085141	0.085334	0.085205
415.000000	0.084560	0.084559	0.084317	0.084530	0.084349	0.084433	0.084335
416.000000	0.083578	0.083637	0.083324	0.083577	0.083571	0.083456	0.083451
417.000000	0.082416	0.082570	0.082450	0.082461	0.082508	0.082179	0.082337
418.000000	0.081220	0.081490	0.081507	0.081284	0.081251	0.080875	0.081117
419.000000	0.080192	0.080571	0.080310	0.080180	0.079993	0.079887	0.079986
420.000000	0.079299	0.079676	0.079051	0.079136	0.078853	0.079078	0.078987
421.000000	0.078420	0.078565	0.078054	0.078087	0.077910	0.078135	0.078094
422.000000	0.077531	0.077339	0.077326	0.077082	0.077118	0.077078	0.077257
423.000000	0.076671	0.076300	0.076668	0.076232	0.076354	0.076129	0.076413
424.000000	0.075796	0.075469	0.075899	0.075475	0.075526	0.075332	0.075511
425.000000	0.074797	0.074615	0.074858	0.074594	0.074577	0.074563	0.074515
426.000000	0.073702	0.073656	0.073625	0.073559	0.073543	0.073732	0.073463
427.000000	0.072730	0.072728	0.072595	0.072587	0.072590	0.072796	0.072493
428.000000	0.071953	0.071885	0.071912	0.071770	0.071773	0.071773	0.071649
429.000000	0.071139	0.071005	0.071186	0.070920	0.070920	0.070790	0.070792
430.000000	0.070128	0.070014	0.070145	0.069915	0.069922	0.069925	0.069830
431.000000	0.069085	0.069041	0.069045	0.068919	0.068920	0.069082	0.068877
432.000000	0.068180	0.068209	0.068156	0.068086	0.068052	0.068169	0.068042
433.000000	0.067359	0.067434	0.067390	0.067317	0.067244	0.067251	0.067244
434.000000	0.066523	0.066599	0.066585	0.066470	0.066381	0.066420	0.066371
435.000000	0.065679	0.065727	0.065751	0.065600	0.065498	0.065656	0.065467
436.000000	0.064877	0.064895	0.064962	0.064834	0.064684	0.064900	0.064633
437.000000	0.064117	0.064134	0.064202	0.064123	0.063948	0.064113	0.063866
438.000000	0.063366	0.063443	0.063408	0.063321	0.063254	0.063277	0.063104
439.000000	0.062613	0.062759	0.062580	0.062445	0.062549	0.062418	0.062347
440.000000	0.061862	0.061963	0.061777	0.061656	0.061766	0.061598	0.061647
441.000000	0.061108	0.061065	0.061010	0.060981	0.060933	0.060849	0.060980
442.000000	0.060333	0.060237	0.060229	0.060275	0.060193	0.060161	0.060225
443.000000	0.059545	0.059552	0.059432	0.059477	0.059591	0.059503	0.059355
444.000000	0.058810	0.058872	0.058717	0.058709	0.058976	0.058804	0.058543
445.000000	0.058160	0.058105	0.058136	0.058055	0.058239	0.058035	0.057902
446.000000	0.057513	0.057353	0.057576	0.057448	0.057451	0.057289	0.057319
447.000000	0.056801	0.056718	0.056928	0.056808	0.056702	0.056648	0.056677
448.000000	0.056085	0.056159	0.056218	0.056146	0.056016	0.056045	0.056015
449.000000	0.055450	0.055600	0.055510	0.055487	0.055396	0.055392	0.055401
450.000000	0.054887	0.055007	0.054865	0.054830	0.054808	0.054726	0.054812
451.000000	0.054347	0.054365	0.054334	0.054165	0.054208	0.054123	0.054192
452.000000	0.053779	0.053699	0.053842	0.053520	0.053604	0.053552	0.053557
453.000000	0.053132	0.053058	0.053247	0.052939	0.053037	0.052924	0.052957
454.000000	0.052458	0.052464	0.052570	0.052401	0.052495	0.052279	0.052399
455.000000	0.051896	0.051918	0.051972	0.051834	0.051930	0.051762	0.051846
456.000000	0.051438	0.051394	0.051475	0.051222	0.051315	0.051346	0.051284
457.000000	0.050891	0.050842	0.050927	0.050625	0.050664	0.050787	0.050723
458.000000	0.050204	0.050231	0.050259	0.050073	0.050007	0.050008	0.050166
459.000000	0.049600	0.049578	0.049580	0.049533	0.049409	0.049277	0.049587
460.000000	0.049206	0.048928	0.048984	0.048986	0.048907	0.048774	0.048990
461.000000	0.048813	0.048386	0.048478	0.048478	0.048447	0.048356	0.048448
462.000000	0.048229	0.048019	0.048037	0.048042	0.047977	0.047869	0.048010
463.000000	0.047588	0.047682	0.047577	0.047626	0.047508	0.047337	0.047574
464.000000	0.047070	0.047211	0.047025	0.047165	0.047059	0.046825	0.047026
465.000000	0.046661	0.046650	0.046475	0.046666	0.046600	0.046367	0.046436
466.000000	0.046275	0.046119	0.046064	0.046163	0.046095	0.045977	0.045931
467.000000	0.045861	0.045660	0.045750	0.045667	0.045589	0.045617	0.045509
468.000000	0.045396	0.045273	0.045389	0.045176	0.045170	0.045226	0.045095
469.000000	0.044891	0.044904	0.044918	0.044692	0.044794	0.044782	0.044654
470.000000	0.044389	0.044456	0.044343	0.044215	0.044314	0.044299	0.044182
471.000000	0.043914	0.043929	0.043733	0.043747	0.043722	0.043798	0.043702
472.000000	0.043477	0.043436	0.043228	0.043282	0.043185	0.043308	0.043268
473.000000	0.043061	0.043027	0.042867	0.042817	0.042775	0.042839	0.042884
474.000000	0.042619	0.042626	0.042509	0.042347	0.042386	0.042378	0.042471
475.000000	0.042133	0.042189	0.042069	0.041893	0.041948	0.041932	0.041990
476.000000	0.041685	0.041775	0.041656	0.041538	0.041537	0.041567	0.041536
477.000000	0.041331	0.041426	0.041358	0.041324	0.041216	0.041316	0.041188
478.000000	0.040979	0.041067	0.041061	0.041110	0.040912	0.041034	0.040881
479.000000	0.040534	0.040619	0.040641	0.040747	0.040540	0.040576	0.040533
480.000000	0.040105	0.040173	0.040182	0.040302	0.040144	0.040055	0.040149
481.000000	0.039844	0.039858	0.039826	0.039903	0.039801	0.039652	0.039761
482.000000	0.039639	0.039595	0.039549	0.039538	0.039487	0.039357	0.039372
483.000000	0.039261	0.039211	0.039243	0.039122	0.039131	0.039055	0.038977
484.000000	0.038757	0.038753	0.038895	0.038703	0.038765	0.038726	0.038610
485.000000	0.038390	0.038438	0.038569	0.038422	0.038506	0.038415	0.038334
486.000000	0.038212	0.038273	0.038262	0.038257	0.038326	0.038119	0.038105
487.000000	0.038032	0.038026	0.037896	0.037995	0.038041	0.037773	0.037760
488.000000	0.037747	0.037616	0.037474	0.037562	0.037606	0.037377	0.037276
489.000000	0.037416	0.037236	0.037141	0.037115	0.037207	0.037029	0.036870
490.000000	0.037082	0.036980	0.036952	0.036764	0.036944	0.036775	0.036656
491.000000	0.036708	0.036655	0.036711	0.036451	0.036658	0.036503	0.036453
492.000000	0.036278	0.036130	0.036277	0.036118	0.036225	0.036132	0.036106
493.000000	0.035886	0.035655	0.035837	0.035783	0.035788	0.035758	0.035711
494.000000	0.035618	0.035476	0.035589	0.035474	0.035496	0.035482	0.035385
495.000000	0.035367	0.035356	0.035403	0.035167	0.035226	0.035202	0.035058
496.000000	0.034987	0.034944	0.035065	0.034829	0.034790	0.034769	0.034615
497.000000	0.034523	0.034343	0.034579	0.034467	0.034277	0.034259	0.034151
498.000000	0.034106	0.033863	0.034054	0.034106	0.033897	0.033846	0.033846
499.000000	0.033757	0.033564	0.033586	0.033729	0.033645	0.033533	0.033657
500.000000	0.033419	0.033325	0.033253	0.033292	0.033364	0.033200	0.033381
501.000000	0.033067	0.033062	0.033024	0.032826	0.033014	0.032813	0.032967
502.000000	0.032715	0.032739	0.032751	0.032440	0.032682	0.032429	0.032525
503.000000	0.032372	0.032376	0.032382	0.032173	0.032407	0.032091	0.032135
504.000000	0.032041	0.032080	0.032015	0.031948	0.032142	0.031806	0.031827
505.000000	0.031723	0.031870	0.031708	0.031690	0.031838	0.031556	0.031581
506.000000	0.031418	0.031564	0.031393	0.031346	0.031453	0.031262	0.031282
507.000000	0.031114	0.031051	0.031015	0.030898	0.030976	0.030873	0.030852
508.000000	0.030765	0.030532	0.030615	0.030446	0.030491	0.030465	0.030384
509.000000	0.030341	0.030212	0.030243	0.030088	0.030084	0.030117	0.029986
510.000000	0.029923	0.029986	0.029897	0.029800	0.029746	0.029794	0.029674
511.000000	0.029611	0.029675	0.029562	0.029524	0.029442	0.029435	0.029429
512.000000	0.029340	0.029275	0.029204	0.029201	0.029127	0.029043	0.029175
513.000000	0.028985	0.028857	0.028791	0.028784	0.028759	0.028647	0.028824
514.000000	0.028551	0.028452	0.028348	0.028334	0.028345	0.028263	0.028376
515.000000	0.028132	0.028065	0.027940	0.027975	0.027932	0.027896	0.027894
516.000000	0.027754	0.027707	0.027588	0.027699	0.027548	0.027539	0.027439
517.000000	0.027381	0.027389	0.027269	0.027361	0.027205	0.027166	0.027065
518.000000	0.027000	0.027090	0.026956	0.026927	0.026891	0.026773	0.026759
519.000000	0.026632	0.026739	0.026612	0.026514	0.026558	0.026378	0.026420
520.000000	0.026286	0.026310	0.026231	0.026188	0.026187	0.025997	0.026009
521.000000	0.025951	0.025869	0.025857	0.025878	0.025821	0.025637	0.025640
522.000000	0.025612	0.025468	0.025524	0.025520	0.025490	0.025298	0.025382
523.000000	0.025254	0.025093	0.025199	0.025113	0.025163	0.024966	0.025126
524.000000	0.024870	0.024719	0.024848	0.024677	0.024807	0.024627	0.024767
525.000000	0.024470	0.024344	0.024469	0.024271	0.024418	0.024285	0.024350
526.000000	0.024078	0.023974	0.024073	0.023951	0.024010	0.023951	0.023955
527.000000	0.023736	0.023657	0.023700	0.023691	0.023620	0.023637	0.023589
528.000000	0.023483	0.023442	0.023391	0.023431	0.023295	0.023352	0.023229
529.000000	0.023244	0.023238	0.023110	0.023128	0.023007	0.023057	0.022883
530.000000	0.022882	0.022879	0.022776	0.022756	0.022689	0.022690	0.022573
531.000000	0.022430	0.022418	0.022406	0.022368	0.022347	0.022269	0.022288
532.000000	0.022069	0.022092	0.022099	0.022081	0.022052	0.021888	0.021988
533.000000	0.021835	0.021937	0.021860	0.021892	0.021804	0.021585	0.021670
534.000000	0.021581	0.021727	0.021571	0.021640	0.021508	0.021326	0.021386
535.000000	0.021249	0.021360	0.021194	0.021263	0.021142	0.021078	0.021148
536.000000	0.020967	0.020982	0.020850	0.020891	0.020824	0.020824	0.020899
537.000000	0.020801	0.020699	0.020610	0.020613	0.020618	0.020552	0.020598
538.000000	0.020594	0.020429	0.020369	0.020354	0.020414	0.020264	0.020264
539.000000	0.020219	0.020102	0.020040	0.020047	0.020112	0.019970	0.019930
540.000000	0.019819	0.019805	0.019721	0.019750	0.019785	0.019704	0.019634
541.000000	0.019563	0.019631	0.019526	0.019535	0.019526	0.019490	0.019404
542.000000	0.019383	0.019466	0.019369	0.019335	0.019295	0.019279	0.019199
543.000000	0.019134	0.019144	0.019106	0.019051	0.019013	0.018998	0.018960
544.000000	0.018812	0.018729	0.018752	0.018723	0.018677	0.018668	0.018681
545.000000	0.018484	0.018400	0.018407	0.018465	0.018331	0.018355	0.018390
546.000000	0.018194	0.018176	0.018120	0.018265	0.018019	0.018084	0.018102
547.000000	0.017962	0.017952	0.017899	0.018020	0.017788	0.017843	0.017826
548.000000	0.017769	0.017692	0.017722	0.017720	0.017627	0.017618	0.017569
549.000000	0.017550	0.017443	0.017536	0.017458	0.017459	0.017390	0.017340
550.000000	0.017286	0.017231	0.017304	0.017267	0.017246	0.017159	0.017136
551.000000	0.017039	0.017048	0.017027	0.017065	0.017010	0.016952	0.016937
552.000000	0.016854	0.016877	0.016734	0.016816	0.016783	0.016782	0.016740
553.000000	0.016722	0.016691	0.016524	0.016616	0.016588	0.016628	0.016591
554.000000	0.016592	0.016454	0.016424	0.016505	0.016413	0.016443	0.016476
555.000000	0.016301	0.016095	0.016183	0.016260	0.016107	0.016109	0.016166
556.000000	0.015784	0.015629	0.015650	0.015744	0.015607	0.015601	0.015546
557.000000	0.015627	0.015546	0.015503	0.015582	0.015455	0.015463	0.015376
558.000000	0.016336	0.016228	0.016360	0.016334	0.016120	0.016144	0.016329
559.000000	0.016043	0.015917	0.016123	0.015992	0.015834	0.015804	0.016091
560.000000	0.012361	0.012410	0.012076	0.011989	0.012343	0.012115	0.011670
561.000000	0.011060	0.011188	0.010548	0.010595	0.011113	0.010852	0.010073
562.000000	0.022466	0.022017	0.022933	0.023012	0.021920	0.022304	0.023901
563.000000	0.030464	0.029609	0.031753	0.031743	0.029491	0.030326	0.033660
564.000000	-0.006513	-0.005466	-0.008218	-0.008286	-0.005580	-0.006668	-0.010911
565.000000	-0.078538	-0.075340	-0.083817	-0.083853	-0.075426	-0.078745	-0.091695
566.000000	-0.100933	-0.103416	-0.097230	-0.097224	-0.103485	-0.101185	-0.091586
567.000000	-0.038474	-0.055138	-0.012026	-0.012025	-0.055213	-0.038728	0.027453
568.000000	0.030354	0.006556	0.068360	0.068331	0.006491	0.030146	0.124881
569.000000	0.042651	0.028682	0.065063	0.065005	0.028667	0.042521	0.098160
570.000000	0.025347	0.024941	0.026073	0.026005	0.024953	0.025237	0.026825
571.000000	0.014785	0.017924	0.009685	0.009636	0.017888	0.014577	0.001974
572.000000	0.012969	0.013392	0.012089	0.012073	0.013284	0.012672	0.010910
573.000000	0.012888	0.012031	0.014177	0.014189	0.011897	0.012664	0.016231
574.000000	0.012644	0.012513	0.012995	0.013017	0.012386	0.012581	0.013491
575.000000	0.012470	0.012809	0.012132	0.012142	0.012684	0.012501	0.011482
576.000000	0.012406	0.012535	0.012286	0.012274	0.012408	0.012422	0.011953
577.000000	0.012367	0.012289	0.012418	0.012394	0.012178	0.012287	0.012416
578.000000	0.012271	0.012234	0.012237	0.012204	0.012131	0.012110	0.012121
579.000000	0.012050	0.012145	0.012120	0.012049	0.011973	0.011966	0.011882
580.000000	0.011825	0.011965	0.012101	0.012019	0.011734	0.011900	0.011923
581.000000	0.011952	0.011861	0.011766	0.011864	0.011855	0.011916	0.011670
582.000000	0.012215	0.011838	0.011273	0.011598	0.012160	0.011892	0.011186
583.000000	0.011351	0.011585	0.011847	0.011749	0.011319	0.011492	0.011756
584.000000	0.009623	0.011125	0.013282	0.012242	0.009550	0.010852	0.013212
585.000000	0.011555	0.011445	0.011346	0.011292	0.011405	0.011409	0.011282
586.000000	0.019299	0.012771	0.006356	0.009764	0.019078	0.014642	0.006249
587.000000	0.023163	0.011788	0.018745	0.019856	0.022914	0.021395	0.018591
588.000000	0.013881	0.005729	0.064245	0.050444	0.013674	0.031162	0.064090
589.000000	0.001391	0.000040	0.102793	0.075073	0.001246	0.036458	0.102660
590.000000	0.000567	0.001994	0.082639	0.060140	0.000433	0.028924	0.082503
591.000000	0.008346	0.008684	0.027924	0.022406	0.008200	0.014951	0.027766
592.000000	0.012859	0.012284	-0.000756	0.002774	0.012746	0.007896	-0.000922
593.000000	0.011873	0.011615	0.004809	0.006598	0.011816	0.009187	0.004649
594.000000	0.010395	0.010476	0.013613	0.012628	0.010331	0.011337	0.013454
595.000000	0.010480	0.010460	0.012799	0.012054	0.010351	0.011185	0.012634
596.000000	0.010820	0.010651	0.010046	0.010133	0.010675	0.010450	0.009886
597.000000	0.010685	0.010545	0.009924	0.010006	0.010609	0.010232	0.009781
598.000000	0.010485	0.010456	0.010673	0.010508	0.010483	0.010307	0.010524
599.000000	0.010515	0.010574	0.010794	0.010626	0.010529	0.010412	0.010618
600.000000	0.010598	0.010663	0.010566	0.010504	0.010566	0.010444	0.010406
601.000000	0.010563	0.010533	0.010395	0.010382	0.010441	0.010361	0.010331
602.000000	0.010465	0.010328	0.010332	0.010319	0.010282	0.010252	0.010332
603.000000	0.010391	0.010225	0.010349	0.010320	0.010234	0.010208	0.010284
604.000000	0.010345	0.010237	0.010381	0.010328	0.010249	0.010216	0.010215
605.000000	0.010309	0.010316	0.010358	0.010273	0.010229	0.010229	0.010188
606.000000	0.010261	0.010352	0.010267	0.010170	0.010170	0.010195	0.010150
607.000000	0.010182	0.010220	0.010124	0.010063	0.010106	0.010067	0.010012
608.000000	0.010066	0.009978	0.009968	0.009945	0.010017	0.009875	0.009800
609.000000	0.009919	0.009793	0.009855	0.009783	0.009859	0.009691	0.009618
610.000000	0.009780	0.009703	0.009790	0.009614	0.009662	0.009580	0.009508
611.000000	0.009708	0.009630	0.009732	0.009538	0.009527	0.009586	0.009460
612.000000	0.009688	0.009530	0.009640	0.009544	0.009482	0.009646	0.009431
613.000000	0.009602	0.009413	0.009471	0.009475	0.009450	0.009556	0.009351
614.000000	0.009401	0.009293	0.009235	0.009269	0.009370	0.009262	0.009196
615.000000	0.009186	0.009181	0.009047	0.009058	0.009219	0.009011	0.009049
616.000000	0.009039	0.009083	0.008969	0.008939	0.009000	0.008957	0.008955
617.000000	0.008959	0.008976	0.008910	0.008860	0.008777	0.008910	0.008843
618.000000	0.008921	0.008844	0.008776	0.008759	0.008611	0.008700	0.008655
619.000000	0.008871	0.008709	0.008598	0.008654	0.008501	0.008463	0.008474
620.000000	0.008758	0.008593	0.008434	0.008571	0.008435	0.008371	0.008398
621.000000	0.008592	0.008488	0.008312	0.008486	0.008387	0.008352	0.008370
622.000000	0.008407	0.008371	0.008244	0.008363	0.008328	0.008264	0.008289
623.000000	0.008249	0.008259	0.008206	0.008221	0.008238	0.008136	0.008165
624.000000	0.008169	0.008181	0.008154	0.008112	0.008103	0.008088	0.008068
625.000000	0.008123	0.008099	0.008053	0.008026	0.007951	0.008067	0.007991
626.000000	0.008002	0.007926	0.007879	0.007908	0.007839	0.007900	0.007872
627.000000	0.007817	0.007700	0.007683	0.007761	0.007768	0.007622	0.007714
628.000000	0.007712	0.007598	0.007602	0.007648	0.007676	0.007493	0.007595
629.000000	0.007720	0.007644	0.007651	0.007585	0.007546	0.007569	0.007534
630.000000	0.007692	0.007616	0.007640	0.007517	0.007426	0.007565	0.007464
631.000000	0.007553	0.007413	0.007473	0.007409	0.007350	0.007339	0.007346
632.000000	0.007421	0.007247	0.007296	0.007297	0.007301	0.007140	0.007227
633.000000	0.007383	0.007266	0.007222	0.007211	0.007252	0.007146	0.007144
634.000000	0.007327	0.007273	0.007151	0.007115	0.007168	0.007149	0.007076
635.000000	0.007140	0.007069	0.006977	0.006976	0.007022	0.006936	0.006994
636.000000	0.006913	0.006819	0.006794	0.006818	0.006854	0.006677	0.006884
637.000000	0.006783	0.006757	0.006736	0.006682	0.006720	0.006619	0.006750
638.000000	0.006751	0.006803	0.006772	0.006610	0.006640	0.006686	0.006642
639.000000	0.006756	0.006756	0.006802	0.006637	0.006614	0.006672	0.006627
640.000000	0.006752	0.006623	0.006775	0.006681	0.006598	0.006559	0.006645
641.000000	0.006700	0.006544	0.006668	0.006594	0.006520	0.006444	0.006568
642.000000	0.006616	0.006534	0.006514	0.006391	0.006389	0.006363	0.006410
643.000000	0.006558	0.006496	0.006384	0.006237	0.006288	0.006291	0.006318
644.000000	0.006506	0.006395	0.006300	0.006182	0.006237	0.006212	0.006321
645.000000	0.006338	0.006281	0.006208	0.006123	0.006180	0.006118	0.006291
646.000000	0.006052	0.006202	0.006102	0.006023	0.006094	0.006031	0.006175
647.000000	0.005886	0.006189	0.006058	0.005987	0.006035	0.006028	0.006089
648.000000	0.005974	0.006237	0.006109	0.006061	0.006029	0.006126	0.006099
649.000000	0.006107	0.006235	0.006143	0.006106	0.006015	0.006180	0.006106
650.000000	0.006084	0.006105	0.006067	0.006008	0.005938	0.006076	0.006017
651.000000	0.005975	0.005956	0.005955	0.005866	0.005859	0.005937	0.005886
652.000000	0.005896	0.005914	0.005902	0.005807	0.005842	0.005906	0.005790
653.000000	0.005854	0.005932	0.005886	0.005809	0.005838	0.005921	0.005745
654.000000	0.005820	0.005914	0.005852	0.005801	0.005767	0.005861	0.005739
655.000000	0.005785	0.005859	0.005812	0.005770	0.005657	0.005746	0.005743
656.000000	0.005754	0.005816	0.005811	0.005734	0.005589	0.005662	0.005721
657.000000	0.005751	0.005790	0.005837	0.005717	0.005588	0.005624	0.005690
658.000000	0.005815	0.005756	0.005831	0.005745	0.005638	0.005592	0.005710
659.000000	0.005900	0.005718	0.005788	0.005800	0.005708	0.005558	0.005767
660.000000	0.005876	0.005716	0.005757	0.005810	0.005758	0.005557	0.005771
661.000000	0.005734	0.005738	0.005765	0.005759	0.005758	0.005584	0.005695
662.000000	0.005659	0.005699	0.005804	0.005710	0.005700	0.005575	0.005605
663.000000	0.005729	0.005568	0.005841	0.005696	0.005605	0.005506	0.005548
664.000000	0.005770	0.005445	0.005806	0.005669	0.005551	0.005450	0.005509
665.000000	0.005654	0.005413	0.005662	0.005595	0.005586	0.005454	0.005468
666.000000	0.005507	0.005438	0.005508	0.005525	0.005626	0.005443	0.005422
667.000000	0.005465	0.005468	0.005436	0.005503	0.005584	0.005345	0.005371
668.000000	0.005473	0.005459	0.005397	0.005466	0.005443	0.005231	0.005313
669.000000	0.005438	0.005383	0.005317	0.005344	0.005227	0.005193	0.005249
670.000000	0.005383	0.005288	0.005223	0.005219	0.005052	0.005202	0.005181
671.000000	0.005374	0.005245	0.005180	0.005218	0.005053	0.005185	0.005114
672.000000	0.005362	0.005242	0.005166	0.005279	0.005142	0.005133	0.005059
673.000000	0.005232	0.005216	0.005113	0.005234	0.005104	0.005079	0.005029
674.000000	0.005023	0.005134	0.005013	0.005072	0.004927	0.005029	0.004995
675.000000	0.004895	0.004993	0.004911	0.004915	0.004764	0.004966	0.004902
676.000000	0.004891	0.004831	0.004827	0.004826	0.004701	0.004883	0.004762
677.000000	0.004905	0.004737	0.004754	0.004791	0.004725	0.004791	0.004672
678.000000	0.004889	0.004746	0.004705	0.004787	0.004791	0.004709	0.004670
679.000000	0.004905	0.004797	0.004736	0.004788	0.004805	0.004680	0.004678
680.000000	0.004968	0.004822	0.004842	0.004762	0.004718	0.004702	0.004637
681.000000	0.004934	0.004759	0.004847	0.004671	0.004607	0.004673	0.004564
682.000000	0.004705	0.004584	0.004639	0.004509	0.004536	0.004521	0.004479
683.000000	0.004421	0.004409	0.004411	0.004381	0.004453	0.004363	0.004385
684.000000	0.004248	0.004349	0.004370	0.004386	0.004302	0.004323	0.004287
685.000000	0.004219	0.004347	0.004410	0.004431	0.004146	0.004342	0.004232
686.000000	0.004313	0.004303	0.004349	0.004382	0.004080	0.004317	0.004266
687.000000	0.004431	0.004229	0.004233	0.004267	0.004100	0.004253	0.004320
688.000000	0.004452	0.004189	0.004207	0.004190	0.004157	0.004200	0.004281
689.000000	0.004369	0.004201	0.004255	0.004174	0.004209	0.004159	0.004183
690.000000	0.004258	0.004254	0.004257	0.004184	0.004224	0.004095	0.004156
691.000000	0.004162	0.004297	0.004186	0.004183	0.004185	0.004006	0.004177
692.000000	0.004089	0.004235	0.004113	0.004134	0.004099	0.003924	0.004073
693.000000	0.004041	0.004086	0.004082	0.004059	0.003996	0.003884	0.003844
694.000000	0.004016	0.004021	0.004100	0.004055	0.003945	0.003920	0.003734
695.000000	0.004014	0.004104	0.004142	0.004146	0.003973	0.004021	0.003849
696.000000	0.004036	0.004181	0.004120	0.004202	0.004010	0.004082	0.003996
697.000000	0.004080	0.004141	0.004002	0.004137	0.004011	0.004044	0.004027
698.000000	0.004139	0.004065	0.003939	0.004040	0.004014	0.004015	0.004015
699.000000	0.004202	0.004045	0.004046	0.004011	0.004052	0.004081	0.004041
700.000000	0.004244	0.004062	0.004164	0.004054	0.004068	0.004143	0.004065
701.000000	0.004247	0.004082	0.004115	0.004143	0.004011	0.004084	0.004033
702.000000	0.004246	0.004141	0.004015	0.004218	0.003987	0.003991	0.004003
703.000000	0.004290	0.004281	0.004061	0.004212	0.004134	0.004007	0.004060
704.000000	0.004335	0.004365	0.004189	0.004124	0.004301	0.004101	0.004147
705.000000	0.004297	0.004189	0.004211	0.003996	0.004204	0.004153	0.004140
706.000000	0.004240	0.003921	0.004171	0.003937	0.003953	0.004159	0.004066
707.000000	0.004331	0.004002	0.004284	0.004100	0.003945	0.004197	0.004065
708.000000	0.004531	0.004417	0.004509	0.004397	0.004223	0.004271	0.004143
709.000000	0.004577	0.004659	0.004524	0.004481	0.004449	0.004302	0.004164
710.000000	0.004447	0.004550	0.004284	0.004301	0.004473	0.004295	0.004121
711.000000	0.004500	0.004456	0.004184	0.004271	0.004458	0.004382	0.004214
712.000000	0.004884	0.004621	0.004454	0.004600	0.004538	0.004613	0.004524
713.000000	0.005225	0.004925	0.004897	0.004959	0.004724	0.004835	0.004842
714.000000	0.005253	0.005223	0.005292	0.005086	0.004981	0.004934	0.005007
715.000000	0.005225	0.005439	0.005527	0.005137	0.005179	0.005006	0.005133
716.000000	0.005424	0.005534	0.005567	0.005305	0.005227	0.005165	0.005352
717.000000	0.005761	0.005602	0.005634	0.005570	0.005292	0.005419	0.005624
718.000000	0.006061	0.005761	0.005964	0.005861	0.005576	0.005746	0.005870
719.000000	0.006301	0.006068	0.006388	0.006160	0.006006	0.006128	0.006079
720.000000	0.006521	0.006536	0.006604	0.006465	0.006406	0.006540	0.006271
721.000000	0.006754	0.007004	0.006706	0.006723	0.006735	0.006864	0.006515
722.000000	0.007030	0.007225	0.007005	0.006856	0.007033	0.006946	0.006896
723.000000	0.007413	0.007282	0.007510	0.007004	0.007344	0.006906	0.007341
724.000000	0.007984	0.007529	0.007975	0.007472	0.007714	0.007094	0.007651
725.000000	0.008631	0.008018	0.008285	0.008183	0.008110	0.007572	0.007806
726.000000	0.009015	0.008440	0.008495	0.008608	0.008412	0.008068	0.008010
727.000000	0.009045	0.008680	0.008686	0.008605	0.008630	0.008453	0.008353
728.000000	0.009061	0.008988	0.008982	0.008718	0.009006	0.008875	0.008725
729.000000	0.009270	0.009467	0.009386	0.009254	0.009594	0.009367	0.009011
730.000000	0.009462	0.009788	0.009622	0.009801	0.009948	0.009621	0.009135
731.000000	0.009445	0.009683	0.009478	0.009985	0.009716	0.009403	0.009059
732.000000	0.009291	0.009310	0.009097	0.009925	0.009116	0.008895	0.008867
