[HEADER]
Format	J&M ASCII Table
Comment	
Date	5/27/2023 10:17:49 AM
Order	Y (evenX)
TechType	UV
NumPoints	483
FirstX	250.00
LastX	732.00
XType	NMetr
YType	Absrb
ZType	Secs
NumSubFile	7
Matrix	Z vs X
[DATA]
	0.000000	5.000064	10.000128	15.000256	20.000320	25.000383	30.000511
250.000000	0.387242	0.386127	0.385266	0.385508	0.385094	0.384517	0.384822
251.000000	0.388030	0.387002	0.385950	0.386447	0.385782	0.385405	0.385500
252.000000	0.388442	0.387600	0.386766	0.387409	0.386392	0.386496	0.386288
253.000000	0.388577	0.387943	0.387477	0.387940	0.386824	0.387139	0.386822
254.000000	0.388521	0.388031	0.387861	0.387718	0.386968	0.386880	0.386813
255.000000	0.388214	0.387724	0.387855	0.387069	0.386715	0.386224	0.386388
256.000000	0.387583	0.386925	0.387427	0.386377	0.386011	0.385742	0.385742
257.000000	0.386653	0.385935	0.386522	0.385602	0.385093	0.385226	0.384930
258.000000	0.385487	0.385112	0.385107	0.384566	0.384236	0.384249	0.383947
259.000000	0.384132	0.384133	0.383407	0.383203	0.383172	0.382770	0.382689
260.000000	0.382622	0.382371	0.381755	0.381508	0.381388	0.380950	0.381015
261.000000	0.380868	0.379912	0.380061	0.379524	0.378970	0.378908	0.378957
262.000000	0.378693	0.377385	0.377913	0.377332	0.376456	0.376727	0.376678
263.000000	0.376009	0.374959	0.375125	0.374860	0.373989	0.374294	0.374114
264.000000	0.372838	0.372262	0.371780	0.371871	0.371251	0.371279	0.370946
265.000000	0.369240	0.369024	0.368010	0.368248	0.367992	0.367572	0.367100
266.000000	0.365331	0.365185	0.364008	0.364095	0.364126	0.363460	0.362936
267.000000	0.361199	0.360794	0.359902	0.359588	0.359694	0.359168	0.358728
268.000000	0.356847	0.356118	0.355633	0.355027	0.355027	0.354664	0.354422
269.000000	0.352242	0.351386	0.351122	0.350599	0.350392	0.349904	0.349910
270.000000	0.347268	0.346541	0.346317	0.345967	0.345627	0.344954	0.345074
271.000000	0.341844	0.341480	0.341196	0.340762	0.340507	0.339892	0.339841
272.000000	0.336240	0.336269	0.335867	0.335234	0.335116	0.334721	0.334424
273.000000	0.330811	0.331016	0.330467	0.329822	0.329633	0.329407	0.329100
274.000000	0.325428	0.325591	0.324933	0.324431	0.324043	0.323852	0.323646
275.000000	0.319699	0.319744	0.319099	0.318681	0.318226	0.317929	0.317585
276.000000	0.313599	0.313573	0.313000	0.312559	0.312223	0.311784	0.311147
277.000000	0.307415	0.307471	0.306845	0.306375	0.306213	0.305784	0.305157
278.000000	0.301330	0.301523	0.300757	0.300319	0.300286	0.300037	0.299787
279.000000	0.295380	0.295414	0.294746	0.294415	0.294410	0.294313	0.294355
280.000000	0.289521	0.289049	0.288814	0.288604	0.288529	0.288390	0.288423
281.000000	0.283584	0.282804	0.282962	0.282680	0.282549	0.282116	0.282123
282.000000	0.277510	0.276933	0.277166	0.276537	0.276427	0.275528	0.275688
283.000000	0.271597	0.271198	0.271336	0.270403	0.270273	0.269198	0.269466
284.000000	0.266071	0.265347	0.265405	0.264511	0.264228	0.263604	0.263723
285.000000	0.260541	0.259460	0.259468	0.258860	0.258453	0.258395	0.258287
286.000000	0.254584	0.253712	0.253672	0.253397	0.253081	0.253077	0.252907
287.000000	0.248772	0.248315	0.248209	0.248171	0.248017	0.247783	0.247649
288.000000	0.243998	0.243465	0.243261	0.243261	0.243077	0.242877	0.242691
289.000000	0.239923	0.238979	0.238652	0.238558	0.238212	0.238267	0.237939
290.000000	0.235462	0.234456	0.233992	0.233847	0.233463	0.233586	0.233144
291.000000	0.230550	0.229882	0.229342	0.229135	0.228892	0.228852	0.228405
292.000000	0.226091	0.225615	0.225188	0.224643	0.224583	0.224452	0.224154
293.000000	0.222429	0.221821	0.221634	0.220553	0.220622	0.220572	0.220471
294.000000	0.219064	0.218372	0.218233	0.216980	0.217099	0.217095	0.216925
295.000000	0.215661	0.215121	0.214714	0.213895	0.213959	0.213835	0.213296
296.000000	0.212350	0.211919	0.211266	0.210975	0.210848	0.210509	0.209886
297.000000	0.209276	0.208715	0.208080	0.207982	0.207547	0.207005	0.206921
298.000000	0.206443	0.205753	0.205167	0.205069	0.204390	0.203795	0.204180
299.000000	0.203827	0.203253	0.202506	0.202424	0.201728	0.201317	0.201437
300.000000	0.201400	0.201016	0.200111	0.200032	0.199461	0.199260	0.198870
301.000000	0.199139	0.198752	0.197986	0.197809	0.197354	0.197135	0.196721
302.000000	0.197043	0.196464	0.195979	0.195629	0.195262	0.194888	0.194750
303.000000	0.195112	0.194288	0.193890	0.193364	0.193097	0.192659	0.192526
304.000000	0.193270	0.192274	0.191773	0.191115	0.190970	0.190507	0.190126
305.000000	0.191387	0.190409	0.189860	0.189137	0.189121	0.188428	0.187965
306.000000	0.189445	0.188626	0.188142	0.187430	0.187458	0.186423	0.186115
307.000000	0.187541	0.186807	0.186366	0.185734	0.185550	0.184500	0.184285
308.000000	0.185721	0.184922	0.184429	0.183918	0.183307	0.182688	0.182357
309.000000	0.183947	0.183078	0.182482	0.182065	0.181185	0.181047	0.180505
310.000000	0.182158	0.181313	0.180596	0.180239	0.179431	0.179518	0.178795
311.000000	0.180260	0.179479	0.178618	0.178416	0.177706	0.177772	0.176994
312.000000	0.178185	0.177441	0.176444	0.176538	0.175706	0.175577	0.174907
313.000000	0.175982	0.175198	0.174240	0.174467	0.173528	0.173186	0.172611
314.000000	0.173711	0.172791	0.172178	0.172091	0.171322	0.170885	0.170233
315.000000	0.171365	0.170329	0.170116	0.169542	0.169049	0.168604	0.167859
316.000000	0.168917	0.167928	0.167837	0.167017	0.166620	0.166174	0.165547
317.000000	0.166384	0.165548	0.165359	0.164547	0.164061	0.163640	0.163256
318.000000	0.163800	0.163079	0.162808	0.162080	0.161452	0.161144	0.160886
319.000000	0.161143	0.160500	0.160171	0.159503	0.158840	0.158629	0.158343
320.000000	0.158351	0.157858	0.157332	0.156671	0.156249	0.155901	0.155542
321.000000	0.155512	0.155180	0.154406	0.153742	0.153710	0.153052	0.152665
322.000000	0.152881	0.152468	0.151763	0.151209	0.151265	0.150493	0.150188
323.000000	0.150531	0.149745	0.149493	0.149148	0.148870	0.148306	0.148201
324.000000	0.148215	0.147074	0.147202	0.146917	0.146344	0.146003	0.146130
325.000000	0.145715	0.144498	0.144605	0.144137	0.143591	0.143273	0.143567
326.000000	0.142952	0.142003	0.141805	0.141233	0.140755	0.140373	0.140656
327.000000	0.139941	0.139542	0.138951	0.138620	0.138000	0.137582	0.137648
328.000000	0.136971	0.136961	0.136166	0.136221	0.135439	0.134960	0.134861
329.000000	0.134315	0.134136	0.133542	0.133858	0.133119	0.132503	0.132538
330.000000	0.131756	0.131266	0.131008	0.131413	0.130794	0.130145	0.130351
331.000000	0.128957	0.128638	0.128448	0.128805	0.128161	0.127799	0.127835
332.000000	0.126084	0.126245	0.125850	0.126047	0.125369	0.125392	0.125125
333.000000	0.123550	0.123922	0.123253	0.123207	0.122796	0.122866	0.122657
334.000000	0.121305	0.121531	0.120697	0.120434	0.120475	0.120289	0.120407
335.000000	0.118933	0.118963	0.118218	0.117935	0.118165	0.117827	0.117983
336.000000	0.116384	0.116346	0.115885	0.115742	0.115829	0.115564	0.115376
337.000000	0.114049	0.114084	0.113804	0.113678	0.113684	0.113484	0.113040
338.000000	0.112119	0.112296	0.111990	0.111679	0.111821	0.111544	0.111173
339.000000	0.110391	0.110576	0.110292	0.109899	0.110087	0.109665	0.109491
340.000000	0.108673	0.108649	0.108579	0.108364	0.108336	0.107804	0.107777
341.000000	0.106910	0.106715	0.106812	0.106715	0.106519	0.106029	0.106127
342.000000	0.105083	0.104960	0.104982	0.104674	0.104623	0.104372	0.104601
343.000000	0.103218	0.103215	0.103121	0.102566	0.102738	0.102648	0.102936
344.000000	0.101362	0.101282	0.101274	0.100786	0.100965	0.100677	0.100878
345.000000	0.099611	0.099367	0.099470	0.099227	0.099321	0.098672	0.098767
346.000000	0.098062	0.097784	0.097731	0.097621	0.097783	0.096961	0.097117
347.000000	0.096591	0.096389	0.096075	0.095978	0.096256	0.095532	0.095842
348.000000	0.094961	0.094789	0.094513	0.094461	0.094611	0.094176	0.094527
349.000000	0.093205	0.092986	0.093014	0.093057	0.092907	0.092764	0.093041
350.000000	0.091577	0.091306	0.091509	0.091605	0.091355	0.091231	0.091497
351.000000	0.090147	0.089870	0.090007	0.090048	0.089981	0.089596	0.089951
352.000000	0.088751	0.088530	0.088612	0.088466	0.088579	0.087976	0.088383
353.000000	0.087276	0.087165	0.087316	0.086921	0.087030	0.086472	0.086800
354.000000	0.085731	0.085746	0.085889	0.085432	0.085412	0.085150	0.085274
355.000000	0.084176	0.084279	0.084236	0.084006	0.083818	0.084005	0.083860
356.000000	0.082779	0.082856	0.082705	0.082630	0.082330	0.082853	0.082553
357.000000	0.081661	0.081555	0.081586	0.081304	0.081015	0.081547	0.081336
358.000000	0.080672	0.080338	0.080609	0.080101	0.079875	0.080205	0.080181
359.000000	0.079601	0.079142	0.079416	0.079073	0.078871	0.078982	0.079049
360.000000	0.078314	0.077944	0.078061	0.077979	0.077809	0.077766	0.077839
361.000000	0.076738	0.076734	0.076745	0.076512	0.076467	0.076367	0.076444
362.000000	0.075087	0.075493	0.075487	0.074904	0.075010	0.074893	0.074974
363.000000	0.073731	0.074192	0.074198	0.073680	0.073814	0.073619	0.073660
364.000000	0.072686	0.072863	0.072847	0.072804	0.072827	0.072562	0.072528
365.000000	0.071660	0.071584	0.071456	0.071753	0.071625	0.071516	0.071432
366.000000	0.070583	0.070443	0.070152	0.070386	0.070220	0.070405	0.070318
367.000000	0.069676	0.069532	0.069185	0.069079	0.069192	0.069333	0.069270
368.000000	0.068976	0.068798	0.068569	0.068062	0.068705	0.068357	0.068310
369.000000	0.068122	0.067904	0.067851	0.067222	0.068062	0.067420	0.067341
370.000000	0.066876	0.066653	0.066707	0.066396	0.066767	0.066445	0.066277
371.000000	0.065473	0.065324	0.065329	0.065394	0.065188	0.065324	0.065106
372.000000	0.064176	0.064200	0.063979	0.064104	0.063769	0.064011	0.063852
373.000000	0.063000	0.063200	0.062826	0.062787	0.062609	0.062766	0.062633
374.000000	0.061903	0.062166	0.061970	0.061748	0.061696	0.061869	0.061572
375.000000	0.060910	0.061105	0.061246	0.060897	0.060889	0.061163	0.060665
376.000000	0.060058	0.060083	0.060393	0.059993	0.060010	0.060329	0.059849
377.000000	0.059239	0.059074	0.059348	0.058957	0.059009	0.059281	0.059017
378.000000	0.058266	0.058002	0.058173	0.057812	0.057920	0.058084	0.058042
379.000000	0.057180	0.056923	0.056963	0.056689	0.056844	0.056890	0.056938
380.000000	0.056227	0.056015	0.055842	0.055805	0.055938	0.055925	0.055847
381.000000	0.055471	0.055318	0.054870	0.055169	0.055196	0.055192	0.054887
382.000000	0.054730	0.054686	0.054026	0.054509	0.054396	0.054391	0.054141
383.000000	0.053880	0.053964	0.053261	0.053662	0.053435	0.053372	0.053552
384.000000	0.052942	0.053006	0.052491	0.052707	0.052480	0.052311	0.052788
385.000000	0.051962	0.051796	0.051662	0.051743	0.051650	0.051364	0.051669
386.000000	0.050997	0.050682	0.050835	0.050837	0.050837	0.050521	0.050529
387.000000	0.050091	0.049955	0.050059	0.050027	0.049927	0.049737	0.049686
388.000000	0.049198	0.049326	0.049265	0.049253	0.048969	0.048947	0.048947
389.000000	0.048265	0.048418	0.048362	0.048433	0.048049	0.048094	0.048027
390.000000	0.047351	0.047336	0.047391	0.047539	0.047189	0.047207	0.047005
391.000000	0.046554	0.046379	0.046447	0.046574	0.046388	0.046351	0.046104
392.000000	0.045849	0.045679	0.045618	0.045655	0.045669	0.045594	0.045403
393.000000	0.045139	0.045246	0.044981	0.044959	0.045059	0.044998	0.044888
394.000000	0.044376	0.044840	0.044435	0.044440	0.044443	0.044453	0.044413
395.000000	0.043557	0.044003	0.043718	0.043856	0.043578	0.043699	0.043723
396.000000	0.042733	0.042777	0.042808	0.043100	0.042523	0.042721	0.042791
397.000000	0.042019	0.041882	0.042009	0.042264	0.041745	0.041843	0.041909
398.000000	0.041449	0.041610	0.041451	0.041432	0.041409	0.041227	0.041243
399.000000	0.040879	0.041322	0.040873	0.040650	0.041029	0.040664	0.040667
400.000000	0.040220	0.040554	0.040120	0.039961	0.040271	0.040007	0.040069
401.000000	0.039619	0.039698	0.039475	0.039405	0.039483	0.039406	0.039480
402.000000	0.039194	0.039165	0.039178	0.038995	0.039002	0.038994	0.038934
403.000000	0.038761	0.038752	0.038890	0.038604	0.038562	0.038558	0.038361
404.000000	0.038091	0.038131	0.038195	0.038083	0.037804	0.037846	0.037681
405.000000	0.037249	0.037317	0.037296	0.037415	0.036895	0.036973	0.036977
406.000000	0.036425	0.036472	0.036619	0.036646	0.036202	0.036201	0.036387
407.000000	0.035758	0.035765	0.036151	0.035924	0.035734	0.035616	0.035893
408.000000	0.035347	0.035356	0.035617	0.035446	0.035281	0.035192	0.035383
409.000000	0.035093	0.035141	0.034987	0.035137	0.034790	0.034854	0.034837
410.000000	0.034716	0.034778	0.034460	0.034679	0.034361	0.034488	0.034322
411.000000	0.034098	0.034128	0.034031	0.033960	0.033988	0.033989	0.033815
412.000000	0.033339	0.033332	0.033404	0.033156	0.033522	0.033271	0.033173
413.000000	0.032575	0.032571	0.032519	0.032430	0.032891	0.032402	0.032402
414.000000	0.031989	0.032059	0.031813	0.031873	0.032197	0.031762	0.031822
415.000000	0.031665	0.031856	0.031568	0.031513	0.031553	0.031549	0.031607
416.000000	0.031384	0.031556	0.031435	0.031218	0.031055	0.031332	0.031386
417.000000	0.030937	0.030815	0.031040	0.030843	0.030740	0.030711	0.030817
418.000000	0.030401	0.029965	0.030428	0.030318	0.030394	0.029955	0.030147
419.000000	0.029912	0.029447	0.029758	0.029621	0.029793	0.029451	0.029718
420.000000	0.029465	0.029167	0.029173	0.028946	0.029108	0.029104	0.029402
421.000000	0.028997	0.028820	0.028791	0.028550	0.028654	0.028641	0.028900
422.000000	0.028527	0.028361	0.028542	0.028367	0.028399	0.028111	0.028287
423.000000	0.028114	0.027902	0.028238	0.028135	0.028103	0.027750	0.027854
424.000000	0.027717	0.027473	0.027798	0.027738	0.027679	0.027512	0.027603
425.000000	0.027200	0.027027	0.027234	0.027197	0.027180	0.027088	0.027267
426.000000	0.026581	0.026591	0.026634	0.026602	0.026667	0.026444	0.026755
427.000000	0.026083	0.026294	0.026173	0.026126	0.026197	0.025916	0.026222
428.000000	0.025800	0.026126	0.025885	0.025822	0.025779	0.025644	0.025758
429.000000	0.025546	0.025799	0.025528	0.025497	0.025331	0.025339	0.025292
430.000000	0.025164	0.025159	0.024953	0.025020	0.024818	0.024807	0.024778
431.000000	0.024680	0.024531	0.024382	0.024529	0.024378	0.024270	0.024307
432.000000	0.024161	0.024215	0.024031	0.024160	0.024116	0.023947	0.023956
433.000000	0.023712	0.024016	0.023772	0.023822	0.023855	0.023702	0.023666
434.000000	0.023421	0.023641	0.023416	0.023389	0.023389	0.023334	0.023343
435.000000	0.023168	0.023086	0.022969	0.022902	0.022818	0.022888	0.022958
436.000000	0.022767	0.022470	0.022518	0.022467	0.022357	0.022501	0.022516
437.000000	0.022247	0.021930	0.022097	0.022117	0.022036	0.022170	0.022067
438.000000	0.021767	0.021608	0.021709	0.021837	0.021777	0.021815	0.021691
439.000000	0.021403	0.021448	0.021361	0.021589	0.021514	0.021441	0.021386
440.000000	0.021152	0.021224	0.021062	0.021312	0.021200	0.021123	0.021081
441.000000	0.020964	0.020862	0.020787	0.020980	0.020822	0.020862	0.020738
442.000000	0.020730	0.020500	0.020462	0.020611	0.020420	0.020559	0.020364
443.000000	0.020391	0.020210	0.020076	0.020233	0.020035	0.020163	0.019989
444.000000	0.019995	0.019915	0.019740	0.019884	0.019709	0.019721	0.019683
445.000000	0.019597	0.019554	0.019525	0.019586	0.019459	0.019298	0.019467
446.000000	0.019251	0.019164	0.019337	0.019309	0.019220	0.018984	0.019221
447.000000	0.018989	0.018801	0.019079	0.019022	0.018937	0.018830	0.018853
448.000000	0.018775	0.018537	0.018743	0.018708	0.018641	0.018710	0.018494
449.000000	0.018555	0.018419	0.018356	0.018365	0.018377	0.018474	0.018297
450.000000	0.018303	0.018328	0.018009	0.018059	0.018126	0.018114	0.018162
451.000000	0.018009	0.018090	0.017803	0.017865	0.017846	0.017682	0.017907
452.000000	0.017688	0.017720	0.017675	0.017706	0.017552	0.017279	0.017552
453.000000	0.017369	0.017338	0.017474	0.017421	0.017290	0.017021	0.017235
454.000000	0.017062	0.017022	0.017178	0.017021	0.017067	0.016894	0.016979
455.000000	0.016760	0.016811	0.016883	0.016667	0.016852	0.016766	0.016710
456.000000	0.016471	0.016655	0.016607	0.016416	0.016611	0.016557	0.016417
457.000000	0.016224	0.016395	0.016268	0.016196	0.016310	0.016249	0.016171
458.000000	0.016021	0.015989	0.015856	0.015957	0.015964	0.015871	0.015985
459.000000	0.015819	0.015608	0.015498	0.015700	0.015675	0.015525	0.015754
460.000000	0.015587	0.015369	0.015281	0.015436	0.015496	0.015278	0.015421
461.000000	0.015341	0.015172	0.015143	0.015172	0.015313	0.015087	0.015088
462.000000	0.015097	0.014917	0.015009	0.014914	0.015028	0.014893	0.014850
463.000000	0.014836	0.014659	0.014871	0.014663	0.014721	0.014664	0.014656
464.000000	0.014539	0.014472	0.014730	0.014419	0.014496	0.014390	0.014436
465.000000	0.014246	0.014327	0.014548	0.014216	0.014314	0.014157	0.014222
466.000000	0.014017	0.014163	0.014282	0.014089	0.014090	0.014070	0.014074
467.000000	0.013869	0.013970	0.013963	0.013981	0.013840	0.014028	0.013940
468.000000	0.013788	0.013771	0.013661	0.013788	0.013632	0.013825	0.013705
469.000000	0.013695	0.013558	0.013393	0.013515	0.013451	0.013482	0.013388
470.000000	0.013464	0.013297	0.013136	0.013256	0.013224	0.013202	0.013111
471.000000	0.013108	0.013014	0.012905	0.013038	0.012955	0.013035	0.012923
472.000000	0.012807	0.012801	0.012767	0.012807	0.012744	0.012838	0.012784
473.000000	0.012625	0.012667	0.012697	0.012544	0.012608	0.012549	0.012635
474.000000	0.012402	0.012459	0.012515	0.012299	0.012404	0.012266	0.012401
475.000000	0.012063	0.012109	0.012142	0.012102	0.012072	0.012068	0.012077
476.000000	0.011804	0.011804	0.011803	0.011915	0.011804	0.011944	0.011832
477.000000	0.011772	0.011696	0.011684	0.011710	0.011747	0.011856	0.011795
478.000000	0.011764	0.011652	0.011628	0.011546	0.011712	0.011721	0.011810
479.000000	0.011554	0.011506	0.011442	0.011474	0.011486	0.011467	0.011692
480.000000	0.011258	0.011299	0.011196	0.011414	0.011181	0.011180	0.011471
481.000000	0.011091	0.011136	0.011039	0.011246	0.011001	0.010985	0.011248
482.000000	0.011025	0.011002	0.010940	0.010993	0.010911	0.010875	0.011033
483.000000	0.010911	0.010828	0.010783	0.010749	0.010755	0.010773	0.010792
484.000000	0.010741	0.010638	0.010579	0.010582	0.010548	0.010654	0.010557
485.000000	0.010618	0.010528	0.010438	0.010530	0.010426	0.010535	0.010413
486.000000	0.010537	0.010496	0.010377	0.010543	0.010399	0.010420	0.010348
487.000000	0.010366	0.010430	0.010312	0.010470	0.010327	0.010300	0.010246
488.000000	0.010093	0.010283	0.010201	0.010267	0.010154	0.010168	0.010056
489.000000	0.009912	0.010124	0.010080	0.010073	0.009975	0.010025	0.009844
490.000000	0.009913	0.009988	0.009970	0.009963	0.009846	0.009873	0.009670
491.000000	0.009899	0.009796	0.009823	0.009822	0.009700	0.009726	0.009557
492.000000	0.009712	0.009508	0.009617	0.009575	0.009493	0.009595	0.009513
493.000000	0.009486	0.009286	0.009454	0.009380	0.009332	0.009480	0.009515
494.000000	0.009378	0.009281	0.009419	0.009390	0.009318	0.009372	0.009527
495.000000	0.009312	0.009339	0.009387	0.009425	0.009327	0.009234	0.009449
496.000000	0.009154	0.009231	0.009187	0.009234	0.009182	0.009026	0.009188
497.000000	0.008940	0.008999	0.008918	0.008918	0.008946	0.008800	0.008842
498.000000	0.008785	0.008811	0.008793	0.008735	0.008787	0.008650	0.008600
499.000000	0.008699	0.008693	0.008770	0.008697	0.008726	0.008576	0.008498
500.000000	0.008610	0.008572	0.008632	0.008641	0.008671	0.008509	0.008463
501.000000	0.008503	0.008434	0.008374	0.008515	0.008582	0.008414	0.008429
502.000000	0.008423	0.008327	0.008218	0.008379	0.008470	0.008289	0.008338
503.000000	0.008380	0.008280	0.008241	0.008287	0.008355	0.008167	0.008191
504.000000	0.008333	0.008287	0.008283	0.008261	0.008267	0.008138	0.008072
505.000000	0.008249	0.008315	0.008235	0.008282	0.008209	0.008204	0.008024
506.000000	0.008128	0.008276	0.008129	0.008233	0.008130	0.008169	0.007988
507.000000	0.007981	0.008115	0.008008	0.008041	0.007987	0.007912	0.007908
508.000000	0.007850	0.007898	0.007873	0.007816	0.007797	0.007651	0.007791
509.000000	0.007767	0.007709	0.007728	0.007678	0.007594	0.007605	0.007661
510.000000	0.007686	0.007568	0.007604	0.007613	0.007443	0.007660	0.007558
511.000000	0.007551	0.007472	0.007530	0.007566	0.007404	0.007618	0.007515
512.000000	0.007389	0.007401	0.007457	0.007493	0.007408	0.007465	0.007471
513.000000	0.007263	0.007327	0.007307	0.007363	0.007340	0.007264	0.007329
514.000000	0.007185	0.007241	0.007125	0.007207	0.007205	0.007093	0.007136
515.000000	0.007138	0.007152	0.007038	0.007088	0.007088	0.007032	0.007024
516.000000	0.007106	0.007065	0.007042	0.007012	0.007015	0.007054	0.007000
517.000000	0.007079	0.006988	0.007010	0.006920	0.006955	0.007030	0.006948
518.000000	0.007043	0.006911	0.006896	0.006801	0.006874	0.006916	0.006831
519.000000	0.006978	0.006804	0.006772	0.006709	0.006742	0.006789	0.006723
520.000000	0.006874	0.006661	0.006687	0.006661	0.006567	0.006692	0.006663
521.000000	0.006744	0.006536	0.006629	0.006588	0.006431	0.006587	0.006589
522.000000	0.006603	0.006464	0.006572	0.006449	0.006387	0.006451	0.006459
523.000000	0.006475	0.006404	0.006476	0.006319	0.006369	0.006336	0.006320
524.000000	0.006370	0.006317	0.006315	0.006264	0.006305	0.006285	0.006219
525.000000	0.006251	0.006209	0.006160	0.006221	0.006196	0.006238	0.006126
526.000000	0.006076	0.006107	0.006088	0.006110	0.006065	0.006124	0.005999
527.000000	0.005908	0.006034	0.006073	0.005982	0.005949	0.005988	0.005871
528.000000	0.005840	0.006007	0.006050	0.005930	0.005886	0.005914	0.005799
529.000000	0.005841	0.005967	0.005982	0.005913	0.005848	0.005879	0.005770
530.000000	0.005813	0.005816	0.005854	0.005816	0.005769	0.005798	0.005734
531.000000	0.005743	0.005603	0.005695	0.005650	0.005655	0.005657	0.005678
532.000000	0.005692	0.005503	0.005572	0.005532	0.005573	0.005509	0.005625
533.000000	0.005667	0.005543	0.005499	0.005502	0.005532	0.005390	0.005570
534.000000	0.005605	0.005563	0.005423	0.005486	0.005470	0.005308	0.005476
535.000000	0.005488	0.005485	0.005329	0.005439	0.005359	0.005268	0.005349
536.000000	0.005385	0.005403	0.005274	0.005371	0.005249	0.005264	0.005273
537.000000	0.005332	0.005376	0.005283	0.005293	0.005177	0.005278	0.005283
538.000000	0.005264	0.005322	0.005264	0.005206	0.005119	0.005264	0.005249
539.000000	0.005131	0.005174	0.005150	0.005113	0.005054	0.005185	0.005076
540.000000	0.005019	0.005025	0.005035	0.005045	0.005002	0.005082	0.004909
541.000000	0.005020	0.004981	0.005022	0.005032	0.004983	0.005001	0.004913
542.000000	0.005063	0.004986	0.005034	0.005029	0.004955	0.004941	0.004979
543.000000	0.005024	0.004933	0.004939	0.004976	0.004866	0.004878	0.004920
544.000000	0.004897	0.004811	0.004758	0.004856	0.004728	0.004788	0.004746
545.000000	0.004737	0.004661	0.004590	0.004686	0.004589	0.004648	0.004572
546.000000	0.004592	0.004525	0.004484	0.004523	0.004476	0.004502	0.004459
547.000000	0.004504	0.004436	0.004447	0.004452	0.004398	0.004444	0.004421
548.000000	0.004469	0.004410	0.004457	0.004473	0.004352	0.004465	0.004425
549.000000	0.004434	0.004434	0.004458	0.004485	0.004320	0.004442	0.004388
550.000000	0.004374	0.004472	0.004423	0.004438	0.004295	0.004336	0.004286
551.000000	0.004319	0.004443	0.004369	0.004366	0.004289	0.004255	0.004200
552.000000	0.004295	0.004325	0.004312	0.004309	0.004303	0.004263	0.004185
553.000000	0.004311	0.004231	0.004256	0.004298	0.004309	0.004298	0.004223
554.000000	0.004338	0.004225	0.004184	0.004315	0.004263	0.004270	0.004250
555.000000	0.004207	0.004116	0.004016	0.004172	0.004071	0.004052	0.004097
556.000000	0.003845	0.003791	0.003751	0.003778	0.003731	0.003637	0.003700
557.000000	0.003829	0.003810	0.003887	0.003749	0.003771	0.003688	0.003674
558.000000	0.004661	0.004664	0.004802	0.004632	0.004617	0.004753	0.004561
559.000000	0.004531	0.004517	0.004636	0.004556	0.004472	0.004674	0.004510
560.000000	0.001108	0.001016	0.001060	0.001097	0.001058	0.000692	0.001123
561.000000	-0.000068	-0.000171	-0.000194	-0.000076	-0.000084	-0.000694	-0.000062
562.000000	0.010941	0.011103	0.011107	0.011229	0.010953	0.012192	0.010941
563.000000	0.018755	0.019134	0.019172	0.019231	0.018780	0.021364	0.018771
564.000000	-0.016405	-0.016678	-0.016855	-0.016865	-0.016362	-0.019648	-0.016358
565.000000	-0.086436	-0.087518	-0.087916	-0.087956	-0.086377	-0.096405	-0.086367
566.000000	-0.113668	-0.112790	-0.112459	-0.112469	-0.113634	-0.106190	-0.113622
567.000000	-0.064004	-0.057557	-0.056041	-0.055981	-0.064040	-0.012768	-0.064020
568.000000	-0.004125	0.007679	0.007250	0.007325	-0.004203	0.069167	-0.004155
569.000000	0.011563	0.025115	0.018273	0.018255	0.011517	0.054560	0.011609
570.000000	0.003587	0.014902	0.003830	0.003715	0.003577	0.004733	0.003684
571.000000	0.000473	0.006337	-0.001020	-0.001136	0.000433	-0.009359	0.000493
572.000000	0.002757	0.003328	0.002512	0.002444	0.002668	0.001337	0.002673
573.000000	0.003897	0.002787	0.004267	0.004216	0.003803	0.006627	0.003811
574.000000	0.003343	0.003077	0.003392	0.003345	0.003269	0.004025	0.003301
575.000000	0.002937	0.003243	0.002751	0.002739	0.002860	0.002099	0.002863
576.000000	0.003045	0.003122	0.002928	0.002952	0.002943	0.002603	0.002888
577.000000	0.003143	0.003017	0.003134	0.003122	0.003032	0.003191	0.002965
578.000000	0.003053	0.003021	0.003096	0.002994	0.002972	0.003077	0.002947
579.000000	0.002909	0.003038	0.003002	0.002855	0.002908	0.002886	0.002920
580.000000	0.002878	0.003029	0.002967	0.002853	0.002919	0.002907	0.002940
581.000000	0.003154	0.003032	0.002989	0.002936	0.002994	0.002951	0.003013
582.000000	0.003449	0.003008	0.002988	0.002985	0.003034	0.002902	0.003051
583.000000	0.002619	0.002769	0.002759	0.002781	0.002806	0.002825	0.002814
584.000000	0.000999	0.002428	0.002402	0.002425	0.002408	0.002788	0.002390
585.000000	0.003003	0.002916	0.002853	0.002874	0.002843	0.002821	0.002770
586.000000	0.010701	0.004388	0.004281	0.004316	0.004329	0.002927	0.004173
587.000000	0.014531	0.003478	0.003358	0.003410	0.003472	0.003027	0.003276
588.000000	0.005368	-0.002600	-0.002670	-0.002618	-0.002561	0.003036	-0.002695
589.000000	-0.006947	-0.008302	-0.008289	-0.008273	-0.008253	0.002968	-0.008291
590.000000	-0.007702	-0.006233	-0.006156	-0.006215	-0.006220	0.002870	-0.006232
591.000000	0.000082	0.000640	0.000732	0.000614	0.000597	0.002795	0.000559
592.000000	0.004676	0.004341	0.004386	0.004312	0.004276	0.002791	0.004232
593.000000	0.003850	0.003682	0.003661	0.003690	0.003648	0.002831	0.003617
594.000000	0.002512	0.002562	0.002537	0.002591	0.002602	0.002829	0.002547
595.000000	0.002681	0.002611	0.002652	0.002631	0.002729	0.002770	0.002617
596.000000	0.003084	0.002891	0.002993	0.002902	0.003018	0.002723	0.002882
597.000000	0.003009	0.002868	0.002980	0.002890	0.002915	0.002736	0.002815
598.000000	0.002860	0.002829	0.002892	0.002873	0.002770	0.002819	0.002713
599.000000	0.002930	0.002960	0.002943	0.003028	0.002828	0.002949	0.002791
600.000000	0.003053	0.003077	0.003039	0.003157	0.002930	0.003036	0.002920
601.000000	0.003069	0.003032	0.003075	0.003098	0.002931	0.003022	0.002968
602.000000	0.003032	0.002962	0.003060	0.002980	0.002905	0.002976	0.002949
603.000000	0.003027	0.003010	0.003028	0.002959	0.002942	0.002977	0.002905
604.000000	0.003078	0.003100	0.003019	0.003031	0.003001	0.002994	0.002878
605.000000	0.003181	0.003106	0.003063	0.003142	0.003015	0.002976	0.002904
606.000000	0.003244	0.003053	0.003103	0.003208	0.002989	0.002925	0.002953
607.000000	0.003147	0.003029	0.003053	0.003142	0.002964	0.002867	0.002971
608.000000	0.002950	0.003017	0.002944	0.002993	0.002937	0.002816	0.002949
609.000000	0.002816	0.002941	0.002874	0.002888	0.002883	0.002773	0.002910
610.000000	0.002803	0.002832	0.002864	0.002864	0.002826	0.002751	0.002871
611.000000	0.002865	0.002814	0.002862	0.002866	0.002833	0.002769	0.002838
612.000000	0.002932	0.002891	0.002837	0.002844	0.002892	0.002811	0.002816
613.000000	0.002911	0.002902	0.002790	0.002757	0.002884	0.002813	0.002800
614.000000	0.002774	0.002779	0.002731	0.002618	0.002761	0.002746	0.002771
615.000000	0.002626	0.002644	0.002686	0.002544	0.002628	0.002644	0.002691
616.000000	0.002545	0.002587	0.002659	0.002590	0.002558	0.002548	0.002544
617.000000	0.002504	0.002553	0.002602	0.002618	0.002504	0.002487	0.002390
618.000000	0.002464	0.002485	0.002480	0.002511	0.002420	0.002476	0.002290
619.000000	0.002416	0.002429	0.002368	0.002385	0.002361	0.002477	0.002272
620.000000	0.002362	0.002432	0.002347	0.002376	0.002383	0.002445	0.002336
621.000000	0.002314	0.002434	0.002370	0.002408	0.002422	0.002377	0.002391
622.000000	0.002287	0.002349	0.002351	0.002350	0.002381	0.002288	0.002329
623.000000	0.002285	0.002241	0.002303	0.002254	0.002287	0.002218	0.002215
624.000000	0.002300	0.002240	0.002286	0.002263	0.002232	0.002211	0.002192
625.000000	0.002292	0.002291	0.002274	0.002323	0.002218	0.002226	0.002232
626.000000	0.002197	0.002204	0.002179	0.002238	0.002179	0.002155	0.002172
627.000000	0.002041	0.001990	0.002020	0.002021	0.002106	0.002017	0.002009
628.000000	0.001944	0.001886	0.001932	0.001924	0.002053	0.001962	0.001914
629.000000	0.001962	0.001969	0.001960	0.002017	0.002037	0.002031	0.001942
630.000000	0.002045	0.002049	0.001993	0.002074	0.002021	0.002078	0.001950
631.000000	0.002127	0.002009	0.001968	0.001969	0.001978	0.002022	0.001867
632.000000	0.002141	0.001951	0.001954	0.001863	0.001933	0.001970	0.001815
633.000000	0.002049	0.001958	0.001996	0.001882	0.001899	0.001994	0.001877
634.000000	0.001922	0.001937	0.001989	0.001900	0.001834	0.001973	0.001932
635.000000	0.001834	0.001800	0.001841	0.001787	0.001710	0.001795	0.001852
636.000000	0.001780	0.001636	0.001644	0.001646	0.001616	0.001575	0.001695
637.000000	0.001733	0.001569	0.001537	0.001626	0.001657	0.001479	0.001570
638.000000	0.001710	0.001572	0.001547	0.001692	0.001761	0.001520	0.001518
639.000000	0.001739	0.001557	0.001646	0.001735	0.001792	0.001636	0.001546
640.000000	0.001781	0.001522	0.001757	0.001718	0.001733	0.001728	0.001606
641.000000	0.001755	0.001516	0.001773	0.001651	0.001645	0.001679	0.001617
642.000000	0.001653	0.001550	0.001691	0.001585	0.001571	0.001538	0.001578
643.000000	0.001534	0.001601	0.001604	0.001601	0.001536	0.001497	0.001563
644.000000	0.001444	0.001627	0.001548	0.001678	0.001527	0.001586	0.001571
645.000000	0.001407	0.001562	0.001478	0.001659	0.001482	0.001621	0.001508
646.000000	0.001429	0.001424	0.001392	0.001507	0.001394	0.001525	0.001375
647.000000	0.001477	0.001387	0.001364	0.001414	0.001364	0.001449	0.001354
648.000000	0.001520	0.001528	0.001428	0.001498	0.001443	0.001488	0.001526
649.000000	0.001541	0.001632	0.001487	0.001596	0.001523	0.001523	0.001650
650.000000	0.001534	0.001525	0.001460	0.001559	0.001511	0.001449	0.001530
651.000000	0.001512	0.001389	0.001420	0.001465	0.001475	0.001354	0.001358
652.000000	0.001496	0.001443	0.001454	0.001426	0.001500	0.001351	0.001369
653.000000	0.001492	0.001577	0.001496	0.001436	0.001543	0.001420	0.001453
654.000000	0.001501	0.001591	0.001442	0.001449	0.001522	0.001494	0.001406
655.000000	0.001513	0.001492	0.001333	0.001442	0.001447	0.001523	0.001281
656.000000	0.001510	0.001395	0.001276	0.001408	0.001375	0.001474	0.001252
657.000000	0.001483	0.001355	0.001284	0.001369	0.001346	0.001394	0.001337
658.000000	0.001426	0.001377	0.001296	0.001360	0.001389	0.001385	0.001433
659.000000	0.001372	0.001445	0.001318	0.001386	0.001474	0.001455	0.001491
660.000000	0.001392	0.001518	0.001422	0.001416	0.001517	0.001503	0.001519
661.000000	0.001488	0.001560	0.001590	0.001441	0.001495	0.001490	0.001520
662.000000	0.001557	0.001539	0.001663	0.001487	0.001474	0.001474	0.001481
663.000000	0.001541	0.001457	0.001572	0.001560	0.001489	0.001487	0.001412
664.000000	0.001487	0.001388	0.001466	0.001613	0.001489	0.001490	0.001371
665.000000	0.001447	0.001388	0.001464	0.001607	0.001438	0.001454	0.001394
666.000000	0.001436	0.001414	0.001497	0.001543	0.001395	0.001416	0.001435
667.000000	0.001451	0.001420	0.001482	0.001436	0.001413	0.001410	0.001437
668.000000	0.001451	0.001407	0.001434	0.001333	0.001429	0.001392	0.001394
669.000000	0.001393	0.001387	0.001391	0.001285	0.001369	0.001312	0.001323
670.000000	0.001325	0.001353	0.001376	0.001288	0.001287	0.001224	0.001286
671.000000	0.001325	0.001293	0.001400	0.001312	0.001278	0.001212	0.001353
672.000000	0.001363	0.001222	0.001431	0.001318	0.001308	0.001242	0.001427
673.000000	0.001350	0.001173	0.001414	0.001265	0.001267	0.001208	0.001323
674.000000	0.001274	0.001147	0.001357	0.001176	0.001170	0.001115	0.001103
675.000000	0.001187	0.001127	0.001319	0.001121	0.001135	0.001057	0.001032
676.000000	0.001130	0.001099	0.001309	0.001119	0.001181	0.001076	0.001158
677.000000	0.001123	0.001065	0.001276	0.001114	0.001203	0.001141	0.001264
678.000000	0.001163	0.001040	0.001213	0.001091	0.001158	0.001215	0.001241
679.000000	0.001216	0.001067	0.001189	0.001109	0.001120	0.001254	0.001208
680.000000	0.001245	0.001155	0.001227	0.001183	0.001131	0.001232	0.001237
681.000000	0.001211	0.001213	0.001210	0.001212	0.001125	0.001167	0.001233
682.000000	0.001100	0.001169	0.001060	0.001121	0.001050	0.001081	0.001118
683.000000	0.000988	0.001058	0.000903	0.000991	0.000983	0.000989	0.000971
684.000000	0.000951	0.000940	0.000874	0.000923	0.001001	0.000908	0.000890
685.000000	0.000963	0.000863	0.000901	0.000918	0.001049	0.000874	0.000890
686.000000	0.000969	0.000863	0.000863	0.000942	0.001038	0.000922	0.000954
687.000000	0.000971	0.000889	0.000815	0.000958	0.000977	0.000990	0.001028
688.000000	0.000993	0.000858	0.000880	0.000930	0.000921	0.000979	0.001043
689.000000	0.001016	0.000797	0.001024	0.000884	0.000907	0.000916	0.000998
690.000000	0.000992	0.000804	0.001107	0.000888	0.000955	0.000908	0.000937
691.000000	0.000912	0.000863	0.001065	0.000915	0.001015	0.000954	0.000880
692.000000	0.000807	0.000850	0.000918	0.000852	0.000973	0.000946	0.000827
693.000000	0.000738	0.000769	0.000742	0.000714	0.000828	0.000865	0.000798
694.000000	0.000809	0.000801	0.000683	0.000697	0.000743	0.000817	0.000840
695.000000	0.001007	0.000984	0.000789	0.000860	0.000799	0.000846	0.000954
696.000000	0.001105	0.001051	0.000897	0.000963	0.000901	0.000864	0.001040
697.000000	0.000978	0.000861	0.000895	0.000865	0.000973	0.000823	0.001032
698.000000	0.000870	0.000720	0.000870	0.000795	0.001043	0.000819	0.000994
699.000000	0.000990	0.000889	0.000917	0.000949	0.001138	0.000936	0.000994
700.000000	0.001152	0.001119	0.001017	0.001146	0.001189	0.001071	0.001026
701.000000	0.001122	0.001107	0.001120	0.001156	0.001128	0.001106	0.001068
702.000000	0.001028	0.000985	0.001200	0.001050	0.001037	0.001083	0.001084
703.000000	0.001099	0.001015	0.001238	0.000998	0.001039	0.001093	0.001047
704.000000	0.001252	0.001140	0.001233	0.001013	0.001097	0.001114	0.000998
705.000000	0.001248	0.001143	0.001197	0.001028	0.001095	0.001072	0.001016
706.000000	0.001145	0.001057	0.001179	0.001049	0.001064	0.001025	0.001122
707.000000	0.001210	0.001104	0.001257	0.001135	0.001140	0.001129	0.001287
708.000000	0.001424	0.001293	0.001398	0.001245	0.001279	0.001331	0.001422
709.000000	0.001453	0.001400	0.001449	0.001229	0.001244	0.001361	0.001372
710.000000	0.001248	0.001364	0.001384	0.001098	0.001030	0.001184	0.001172
711.000000	0.001218	0.001382	0.001375	0.001112	0.001009	0.001137	0.001143
712.000000	0.001554	0.001549	0.001518	0.001406	0.001361	0.001403	0.001438
713.000000	0.001902	0.001698	0.001705	0.001799	0.001799	0.001755	0.001792
714.000000	0.001994	0.001715	0.001842	0.002102	0.002060	0.001981	0.001974
715.000000	0.002059	0.001758	0.001973	0.002238	0.002152	0.002065	0.002023
716.000000	0.002336	0.001984	0.002153	0.002193	0.002152	0.002056	0.002035
717.000000	0.002662	0.002304	0.002368	0.002150	0.002225	0.002089	0.002127
718.000000	0.002801	0.002579	0.002587	0.002313	0.002515	0.002304	0.002394
719.000000	0.002835	0.002830	0.002796	0.002636	0.002883	0.002672	0.002753
720.000000	0.002961	0.003129	0.002991	0.002971	0.003098	0.003091	0.003059
721.000000	0.003200	0.003425	0.003174	0.003236	0.003195	0.003433	0.003261
722.000000	0.003468	0.003604	0.003350	0.003393	0.003362	0.003567	0.003371
723.000000	0.003716	0.003721	0.003605	0.003531	0.003649	0.003563	0.003507
724.000000	0.003921	0.003975	0.004075	0.003838	0.003985	0.003658	0.003866
725.000000	0.004118	0.004338	0.004652	0.004277	0.004278	0.003910	0.004313
726.000000	0.004399	0.004520	0.004935	0.004547	0.004422	0.004169	0.004329
727.000000	0.004790	0.004495	0.004854	0.004568	0.004489	0.004413	0.003912
728.000000	0.005195	0.004697	0.004922	0.004661	0.004853	0.004852	0.003954
729.000000	0.005530	0.005299	0.005388	0.004990	0.005601	0.005509	0.004848
730.000000	0.005754	0.005755	0.005753	0.005272	0.006073	0.005913	0.005601
731.000000	0.005853	0.005612	0.005588	0.005259	0.005740	0.005695	0.005365
732.000000	0.005879	0.005083	0.005080	0.005054	0.004898	0.005089	0.004482
