[HEADER]
Format	J&M ASCII Table
Comment	
Date	5/27/2023 10:30:34 AM
Order	Y (evenX)
TechType	UV
NumPoints	483
FirstX	250.00
LastX	732.00
XType	NMetr
YType	Absrb
ZType	Secs
NumSubFile	7
Matrix	Z vs X
[DATA]
	0.000000	5.000064	10.000192	15.000256	20.000320	25.000448	30.000511
250.000000	0.009415	0.009964	0.009566	0.009623	0.009992	0.009767	0.009880
251.000000	0.009523	0.009987	0.009635	0.009566	0.009991	0.009823	0.009814
252.000000	0.009806	0.009934	0.009815	0.009838	0.010029	0.010017	0.010042
253.000000	0.009976	0.009762	0.009907	0.010117	0.010041	0.010181	0.010248
254.000000	0.009825	0.009488	0.009778	0.010135	0.009982	0.010183	0.010179
255.000000	0.009566	0.009334	0.009622	0.009984	0.009902	0.010111	0.009983
256.000000	0.009450	0.009494	0.009650	0.009814	0.009856	0.010080	0.009864
257.000000	0.009437	0.009749	0.009767	0.009674	0.009807	0.010074	0.009848
258.000000	0.009402	0.009787	0.009791	0.009582	0.009704	0.010041	0.009902
259.000000	0.009337	0.009682	0.009709	0.009602	0.009639	0.009973	0.009946
260.000000	0.009299	0.009695	0.009594	0.009813	0.009769	0.009889	0.009895
261.000000	0.009390	0.009877	0.009579	0.010156	0.010105	0.009900	0.009860
262.000000	0.009744	0.010118	0.009835	0.010466	0.010541	0.010173	0.010095
263.000000	0.010254	0.010314	0.010278	0.010627	0.010890	0.010614	0.010540
264.000000	0.010540	0.010374	0.010536	0.010589	0.010878	0.010828	0.010771
265.000000	0.010441	0.010281	0.010450	0.010388	0.010486	0.010656	0.010618
266.000000	0.010187	0.010149	0.010257	0.010206	0.010134	0.010358	0.010368
267.000000	0.010003	0.010069	0.010157	0.010169	0.010113	0.010163	0.010264
268.000000	0.010004	0.010059	0.010168	0.010223	0.010278	0.010114	0.010333
269.000000	0.010217	0.010110	0.010256	0.010285	0.010442	0.010198	0.010525
270.000000	0.010376	0.010161	0.010281	0.010280	0.010530	0.010311	0.010642
271.000000	0.010220	0.010153	0.010132	0.010164	0.010509	0.010347	0.010508
272.000000	0.009963	0.010132	0.010013	0.010074	0.010425	0.010342	0.010314
273.000000	0.009958	0.010172	0.010203	0.010188	0.010345	0.010377	0.010352
274.000000	0.010125	0.010225	0.010504	0.010367	0.010242	0.010406	0.010495
275.000000	0.010144	0.010178	0.010463	0.010310	0.010040	0.010314	0.010387
276.000000	0.009940	0.010015	0.010073	0.009992	0.009781	0.010097	0.010032
277.000000	0.009654	0.009797	0.009705	0.009635	0.009598	0.009843	0.009734
278.000000	0.009441	0.009592	0.009554	0.009403	0.009545	0.009619	0.009662
279.000000	0.009466	0.009472	0.009572	0.009385	0.009563	0.009458	0.009797
280.000000	0.009688	0.009433	0.009654	0.009517	0.009573	0.009362	0.009987
281.000000	0.009670	0.009338	0.009614	0.009467	0.009473	0.009277	0.009863
282.000000	0.009175	0.009094	0.009337	0.009058	0.009200	0.009146	0.009255
283.000000	0.008647	0.008792	0.008943	0.008644	0.008798	0.008937	0.008649
284.000000	0.008508	0.008531	0.008573	0.008548	0.008350	0.008640	0.008489
285.000000	0.008519	0.008312	0.008307	0.008530	0.008006	0.008326	0.008515
286.000000	0.008330	0.008121	0.008187	0.008270	0.007900	0.008087	0.008341
287.000000	0.008081	0.008032	0.008142	0.007988	0.007904	0.007973	0.008089
288.000000	0.008087	0.008138	0.008059	0.008083	0.007802	0.007997	0.008059
289.000000	0.008222	0.008256	0.007877	0.008317	0.007602	0.007996	0.008119
290.000000	0.008094	0.008047	0.007577	0.008076	0.007450	0.007702	0.007873
291.000000	0.007662	0.007532	0.007208	0.007380	0.007362	0.007183	0.007322
292.000000	0.007215	0.007072	0.006879	0.006848	0.007227	0.006820	0.006843
293.000000	0.006939	0.006869	0.006698	0.006745	0.007034	0.006757	0.006643
294.000000	0.006857	0.006874	0.006753	0.006796	0.006917	0.006792	0.006665
295.000000	0.006885	0.006962	0.006974	0.006773	0.006913	0.006747	0.006781
296.000000	0.006749	0.006888	0.006952	0.006621	0.006824	0.006549	0.006759
297.000000	0.006301	0.006520	0.006449	0.006344	0.006523	0.006197	0.006459
298.000000	0.005889	0.006140	0.005899	0.006074	0.006201	0.005887	0.006082
299.000000	0.005857	0.006036	0.005758	0.005948	0.006064	0.005809	0.005864
300.000000	0.006049	0.006123	0.005924	0.005998	0.006078	0.005931	0.005880
301.000000	0.006180	0.006212	0.006137	0.006202	0.006133	0.006144	0.006122
302.000000	0.006160	0.006205	0.006237	0.006351	0.006112	0.006254	0.006335
303.000000	0.005998	0.006062	0.006127	0.006171	0.005909	0.006057	0.006178
304.000000	0.005789	0.005852	0.005902	0.005776	0.005639	0.005691	0.005772
305.000000	0.005685	0.005716	0.005783	0.005534	0.005561	0.005525	0.005551
306.000000	0.005718	0.005698	0.005820	0.005568	0.005704	0.005627	0.005624
307.000000	0.005793	0.005734	0.005883	0.005732	0.005858	0.005749	0.005758
308.000000	0.005837	0.005759	0.005883	0.005887	0.005901	0.005760	0.005806
309.000000	0.005818	0.005716	0.005807	0.005913	0.005864	0.005726	0.005766
310.000000	0.005743	0.005613	0.005670	0.005770	0.005786	0.005695	0.005671
311.000000	0.005687	0.005596	0.005541	0.005586	0.005683	0.005637	0.005591
312.000000	0.005705	0.005746	0.005477	0.005477	0.005573	0.005530	0.005575
313.000000	0.005726	0.005829	0.005478	0.005434	0.005487	0.005437	0.005579
314.000000	0.005672	0.005617	0.005519	0.005420	0.005444	0.005417	0.005545
315.000000	0.005552	0.005280	0.005530	0.005417	0.005389	0.005421	0.005450
316.000000	0.005411	0.005097	0.005441	0.005407	0.005262	0.005375	0.005294
317.000000	0.005291	0.005137	0.005330	0.005356	0.005152	0.005291	0.005166
318.000000	0.005233	0.005351	0.005334	0.005221	0.005212	0.005222	0.005184
319.000000	0.005178	0.005534	0.005354	0.005029	0.005294	0.005180	0.005275
320.000000	0.004999	0.005377	0.005128	0.004860	0.005046	0.005142	0.005222
321.000000	0.004749	0.004941	0.004733	0.004793	0.004566	0.005108	0.005038
322.000000	0.004674	0.004700	0.004627	0.004910	0.004459	0.005097	0.004987
323.000000	0.004853	0.004845	0.004932	0.005164	0.004876	0.005107	0.005142
324.000000	0.005068	0.005067	0.005190	0.005308	0.005186	0.005102	0.005237
325.000000	0.005141	0.005127	0.005094	0.005198	0.004990	0.005059	0.005108
326.000000	0.005060	0.005061	0.004850	0.004990	0.004640	0.004992	0.004921
327.000000	0.004863	0.004952	0.004694	0.004842	0.004510	0.004924	0.004843
328.000000	0.004670	0.004875	0.004709	0.004739	0.004624	0.004876	0.004865
329.000000	0.004601	0.004887	0.004907	0.004643	0.004899	0.004866	0.004927
330.000000	0.004645	0.004907	0.005103	0.004638	0.005112	0.004887	0.004925
331.000000	0.004741	0.004821	0.005076	0.004819	0.005028	0.004917	0.004753
332.000000	0.004801	0.004679	0.004876	0.005015	0.004783	0.004866	0.004493
333.000000	0.004731	0.004608	0.004700	0.004926	0.004694	0.004623	0.004323
334.000000	0.004530	0.004588	0.004567	0.004582	0.004736	0.004285	0.004289
335.000000	0.004275	0.004481	0.004363	0.004277	0.004613	0.004110	0.004334
336.000000	0.004065	0.004305	0.004133	0.004157	0.004310	0.004164	0.004370
337.000000	0.004020	0.004257	0.004121	0.004190	0.004158	0.004273	0.004280
338.000000	0.004157	0.004400	0.004383	0.004320	0.004307	0.004318	0.004091
339.000000	0.004315	0.004547	0.004636	0.004476	0.004570	0.004290	0.004084
340.000000	0.004364	0.004556	0.004680	0.004581	0.004748	0.004222	0.004369
341.000000	0.004312	0.004466	0.004621	0.004544	0.004699	0.004234	0.004544
342.000000	0.004202	0.004343	0.004573	0.004326	0.004371	0.004395	0.004286
343.000000	0.004137	0.004228	0.004468	0.004087	0.004020	0.004517	0.003939
344.000000	0.004202	0.004150	0.004231	0.004006	0.003924	0.004396	0.003927
345.000000	0.004303	0.004105	0.004033	0.004064	0.003999	0.004153	0.004121
346.000000	0.004288	0.004072	0.004105	0.004168	0.004039	0.004016	0.004208
347.000000	0.004168	0.004047	0.004330	0.004210	0.004032	0.004016	0.004150
348.000000	0.004049	0.004033	0.004406	0.004094	0.004071	0.004075	0.004069
349.000000	0.003984	0.004035	0.004307	0.003923	0.004151	0.004146	0.004059
350.000000	0.003988	0.004062	0.004243	0.003969	0.004192	0.004210	0.004190
351.000000	0.004016	0.004101	0.004265	0.004237	0.004180	0.004248	0.004392
352.000000	0.003947	0.004113	0.004221	0.004394	0.004191	0.004240	0.004428
353.000000	0.003781	0.004084	0.004067	0.004270	0.004217	0.004169	0.004200
354.000000	0.003738	0.004048	0.003988	0.004019	0.004084	0.004030	0.003885
355.000000	0.003923	0.004037	0.004097	0.003812	0.003746	0.003860	0.003669
356.000000	0.004063	0.004062	0.004250	0.003749	0.003560	0.003811	0.003683
357.000000	0.003939	0.004130	0.004306	0.003884	0.003815	0.003990	0.003979
358.000000	0.003831	0.004248	0.004326	0.004113	0.004222	0.004240	0.004301
359.000000	0.004061	0.004404	0.004394	0.004297	0.004393	0.004358	0.004369
360.000000	0.004356	0.004467	0.004412	0.004344	0.004313	0.004305	0.004245
361.000000	0.004256	0.004283	0.004228	0.004197	0.004118	0.004120	0.004115
362.000000	0.003910	0.003973	0.003925	0.003957	0.003926	0.003921	0.003999
363.000000	0.003804	0.003815	0.003720	0.003810	0.003841	0.003861	0.003822
364.000000	0.003952	0.003842	0.003675	0.003795	0.003858	0.003918	0.003631
365.000000	0.003950	0.003877	0.003714	0.003823	0.003871	0.003912	0.003577
366.000000	0.003734	0.003869	0.003785	0.003857	0.003866	0.003815	0.003702
367.000000	0.003698	0.003943	0.003872	0.003937	0.003943	0.003804	0.003901
368.000000	0.004002	0.004124	0.003963	0.004080	0.004117	0.003952	0.004078
369.000000	0.004311	0.004228	0.004051	0.004244	0.004231	0.004118	0.004169
370.000000	0.004354	0.004132	0.004123	0.004374	0.004171	0.004171	0.004139
371.000000	0.004209	0.003956	0.004140	0.004394	0.004019	0.004082	0.004018
372.000000	0.004010	0.003839	0.004081	0.004259	0.003875	0.003875	0.003856
373.000000	0.003864	0.003837	0.003993	0.004072	0.003792	0.003726	0.003733
374.000000	0.003854	0.003967	0.003942	0.003963	0.003802	0.003814	0.003728
375.000000	0.003949	0.004143	0.003964	0.003966	0.003888	0.004049	0.003819
376.000000	0.004075	0.004244	0.004073	0.004068	0.004008	0.004235	0.003945
377.000000	0.004140	0.004262	0.004181	0.004148	0.004105	0.004256	0.004041
378.000000	0.004058	0.004250	0.004149	0.004027	0.004115	0.004051	0.004043
379.000000	0.003898	0.004224	0.003999	0.003787	0.004043	0.003728	0.003943
380.000000	0.003871	0.004167	0.003899	0.003741	0.003961	0.003539	0.003792
381.000000	0.004017	0.004109	0.003923	0.003954	0.003935	0.003604	0.003680
382.000000	0.004144	0.004149	0.004011	0.004160	0.004022	0.003855	0.003754
383.000000	0.004130	0.004284	0.004094	0.004187	0.004190	0.004151	0.004003
384.000000	0.004022	0.004305	0.004100	0.004092	0.004238	0.004236	0.004097
385.000000	0.003895	0.004095	0.003998	0.003966	0.004057	0.003980	0.003846
386.000000	0.003854	0.003861	0.003860	0.003924	0.003860	0.003654	0.003579
387.000000	0.003954	0.003814	0.003765	0.004028	0.003848	0.003537	0.003609
388.000000	0.004008	0.003901	0.003716	0.004080	0.003916	0.003614	0.003764
389.000000	0.003811	0.003998	0.003697	0.003865	0.003891	0.003776	0.003771
390.000000	0.003532	0.003962	0.003690	0.003548	0.003751	0.003854	0.003616
391.000000	0.003469	0.003674	0.003677	0.003430	0.003544	0.003676	0.003400
392.000000	0.003622	0.003347	0.003656	0.003516	0.003384	0.003413	0.003244
393.000000	0.003804	0.003382	0.003633	0.003631	0.003415	0.003426	0.003277
394.000000	0.003888	0.003718	0.003608	0.003652	0.003561	0.003637	0.003446
395.000000	0.003805	0.003868	0.003574	0.003513	0.003550	0.003572	0.003531
396.000000	0.003596	0.003689	0.003558	0.003318	0.003353	0.003217	0.003484
397.000000	0.003448	0.003511	0.003633	0.003396	0.003277	0.003192	0.003482
398.000000	0.003476	0.003534	0.003782	0.003813	0.003466	0.003721	0.003603
399.000000	0.003635	0.003621	0.003802	0.004081	0.003698	0.004162	0.003681
400.000000	0.003849	0.003646	0.003603	0.003890	0.003802	0.004063	0.003624
401.000000	0.004012	0.003627	0.003493	0.003630	0.003881	0.003825	0.003621
402.000000	0.004044	0.003601	0.003733	0.003692	0.004037	0.003877	0.003835
403.000000	0.004013	0.003569	0.004043	0.003866	0.004139	0.004053	0.004056
404.000000	0.004009	0.003527	0.004047	0.003838	0.004026	0.004062	0.004026
405.000000	0.003997	0.003522	0.003812	0.003728	0.003793	0.003912	0.003877
406.000000	0.003899	0.003614	0.003588	0.003818	0.003638	0.003738	0.003878
407.000000	0.003774	0.003756	0.003547	0.004041	0.003609	0.003659	0.004006
408.000000	0.003759	0.003837	0.003797	0.004124	0.003659	0.003775	0.004057
409.000000	0.003856	0.003828	0.004187	0.004034	0.003767	0.003985	0.003983
410.000000	0.003942	0.003781	0.004336	0.003961	0.003926	0.004003	0.003880
411.000000	0.003941	0.003735	0.004140	0.003963	0.004079	0.003775	0.003776
412.000000	0.003854	0.003710	0.003889	0.003916	0.004092	0.003566	0.003606
413.000000	0.003723	0.003724	0.003770	0.003773	0.003941	0.003540	0.003393
414.000000	0.003670	0.003785	0.003717	0.003662	0.003827	0.003624	0.003354
415.000000	0.003765	0.003884	0.003674	0.003687	0.003882	0.003714	0.003597
416.000000	0.003905	0.003959	0.003699	0.003801	0.003960	0.003707	0.003852
417.000000	0.003979	0.003959	0.003832	0.003931	0.003913	0.003542	0.003859
418.000000	0.003993	0.003906	0.003941	0.003994	0.003811	0.003372	0.003723
419.000000	0.003978	0.003842	0.003875	0.003925	0.003768	0.003376	0.003630
420.000000	0.003904	0.003757	0.003716	0.003771	0.003768	0.003523	0.003618
421.000000	0.003729	0.003627	0.003631	0.003629	0.003747	0.003698	0.003662
422.000000	0.003564	0.003517	0.003670	0.003554	0.003720	0.003825	0.003753
423.000000	0.003607	0.003539	0.003805	0.003573	0.003747	0.003856	0.003887
424.000000	0.003798	0.003640	0.003950	0.003668	0.003794	0.003782	0.003992
425.000000	0.003846	0.003621	0.003969	0.003777	0.003737	0.003629	0.003936
426.000000	0.003698	0.003463	0.003854	0.003849	0.003582	0.003491	0.003747
427.000000	0.003628	0.003391	0.003771	0.003849	0.003502	0.003547	0.003665
428.000000	0.003744	0.003504	0.003785	0.003774	0.003567	0.003800	0.003769
429.000000	0.003795	0.003623	0.003754	0.003681	0.003615	0.003905	0.003791
430.000000	0.003619	0.003606	0.003589	0.003620	0.003530	0.003659	0.003565
431.000000	0.003446	0.003517	0.003446	0.003586	0.003411	0.003378	0.003342
432.000000	0.003490	0.003442	0.003469	0.003563	0.003373	0.003370	0.003357
433.000000	0.003598	0.003404	0.003560	0.003517	0.003421	0.003490	0.003461
434.000000	0.003557	0.003404	0.003576	0.003419	0.003520	0.003503	0.003438
435.000000	0.003423	0.003400	0.003513	0.003332	0.003588	0.003437	0.003342
436.000000	0.003353	0.003345	0.003434	0.003344	0.003531	0.003418	0.003326
437.000000	0.003361	0.003296	0.003407	0.003400	0.003422	0.003451	0.003382
438.000000	0.003377	0.003364	0.003505	0.003370	0.003425	0.003472	0.003407
439.000000	0.003385	0.003518	0.003673	0.003306	0.003524	0.003467	0.003395
440.000000	0.003423	0.003601	0.003746	0.003420	0.003543	0.003465	0.003423
441.000000	0.003483	0.003559	0.003674	0.003691	0.003445	0.003458	0.003490
442.000000	0.003497	0.003485	0.003565	0.003787	0.003377	0.003384	0.003489
443.000000	0.003447	0.003452	0.003501	0.003593	0.003411	0.003260	0.003403
444.000000	0.003417	0.003481	0.003508	0.003442	0.003445	0.003255	0.003397
445.000000	0.003468	0.003562	0.003574	0.003545	0.003414	0.003452	0.003550
446.000000	0.003558	0.003616	0.003617	0.003645	0.003389	0.003643	0.003646
447.000000	0.003631	0.003581	0.003571	0.003504	0.003442	0.003630	0.003498
448.000000	0.003645	0.003508	0.003504	0.003337	0.003518	0.003494	0.003293
449.000000	0.003574	0.003471	0.003502	0.003413	0.003541	0.003372	0.003273
450.000000	0.003492	0.003476	0.003550	0.003577	0.003520	0.003299	0.003389
451.000000	0.003498	0.003500	0.003595	0.003535	0.003492	0.003274	0.003486
452.000000	0.003539	0.003512	0.003602	0.003357	0.003476	0.003302	0.003511
453.000000	0.003480	0.003476	0.003550	0.003312	0.003478	0.003395	0.003479
454.000000	0.003353	0.003407	0.003457	0.003424	0.003497	0.003506	0.003434
455.000000	0.003334	0.003363	0.003371	0.003503	0.003527	0.003542	0.003446
456.000000	0.003441	0.003365	0.003325	0.003467	0.003551	0.003480	0.003507
457.000000	0.003486	0.003385	0.003332	0.003385	0.003535	0.003380	0.003504
458.000000	0.003398	0.003398	0.003382	0.003309	0.003480	0.003302	0.003394
459.000000	0.003338	0.003390	0.003423	0.003248	0.003447	0.003286	0.003269
460.000000	0.003401	0.003355	0.003421	0.003212	0.003466	0.003339	0.003207
461.000000	0.003442	0.003305	0.003387	0.003222	0.003469	0.003386	0.003195
462.000000	0.003337	0.003256	0.003344	0.003285	0.003398	0.003365	0.003209
463.000000	0.003225	0.003244	0.003328	0.003330	0.003311	0.003309	0.003242
464.000000	0.003270	0.003293	0.003362	0.003289	0.003281	0.003279	0.003282
465.000000	0.003392	0.003354	0.003393	0.003245	0.003299	0.003310	0.003308
466.000000	0.003432	0.003358	0.003348	0.003323	0.003326	0.003422	0.003290
467.000000	0.003369	0.003329	0.003253	0.003445	0.003333	0.003520	0.003240
468.000000	0.003266	0.003341	0.003184	0.003433	0.003304	0.003459	0.003186
469.000000	0.003176	0.003377	0.003168	0.003288	0.003233	0.003270	0.003152
470.000000	0.003146	0.003343	0.003189	0.003161	0.003129	0.003136	0.003157
471.000000	0.003177	0.003238	0.003222	0.003128	0.003040	0.003124	0.003190
472.000000	0.003213	0.003166	0.003231	0.003167	0.003061	0.003161	0.003205
473.000000	0.003203	0.003170	0.003202	0.003224	0.003185	0.003180	0.003169
474.000000	0.003104	0.003180	0.003144	0.003195	0.003230	0.003143	0.003082
475.000000	0.002936	0.003143	0.003086	0.003048	0.003098	0.003043	0.002962
476.000000	0.002875	0.003091	0.003092	0.002956	0.002955	0.002955	0.002873
477.000000	0.003035	0.003059	0.003191	0.003044	0.002948	0.002943	0.002866
478.000000	0.003197	0.003043	0.003258	0.003147	0.003009	0.002982	0.002903
479.000000	0.003125	0.003033	0.003170	0.003082	0.003034	0.003030	0.002934
480.000000	0.002968	0.003044	0.003042	0.002978	0.003045	0.003087	0.002948
481.000000	0.002981	0.003094	0.003051	0.003044	0.003098	0.003160	0.002948
482.000000	0.003105	0.003150	0.003153	0.003187	0.003167	0.003198	0.002950
483.000000	0.003123	0.003151	0.003196	0.003172	0.003189	0.003127	0.002975
484.000000	0.003047	0.003105	0.003157	0.003030	0.003176	0.003001	0.003035
485.000000	0.003062	0.003074	0.003120	0.002995	0.003201	0.002961	0.003130
486.000000	0.003187	0.003076	0.003120	0.003100	0.003253	0.003023	0.003224
487.000000	0.003255	0.003081	0.003133	0.003152	0.003227	0.003056	0.003244
488.000000	0.003196	0.003077	0.003146	0.003081	0.003103	0.003006	0.003167
489.000000	0.003123	0.003086	0.003158	0.003036	0.002999	0.002958	0.003067
490.000000	0.003106	0.003110	0.003165	0.003095	0.002989	0.002967	0.002996
491.000000	0.003072	0.003097	0.003146	0.003122	0.003003	0.002978	0.002953
492.000000	0.002973	0.003023	0.003094	0.003018	0.002979	0.002955	0.002934
493.000000	0.002917	0.002987	0.003062	0.002941	0.002965	0.002981	0.002960
494.000000	0.003006	0.003081	0.003095	0.003046	0.003011	0.003125	0.003044
495.000000	0.003114	0.003200	0.003140	0.003182	0.003052	0.003239	0.003100
496.000000	0.003063	0.003191	0.003121	0.003125	0.003000	0.003136	0.003032
497.000000	0.002901	0.003076	0.003053	0.002958	0.002909	0.002936	0.002914
498.000000	0.002786	0.002962	0.002996	0.002898	0.002896	0.002891	0.002899
499.000000	0.002779	0.002914	0.002972	0.002950	0.002950	0.002993	0.002960
500.000000	0.002869	0.002962	0.002975	0.002965	0.002970	0.003045	0.002948
501.000000	0.002988	0.003051	0.002998	0.002907	0.002928	0.002995	0.002857
502.000000	0.003010	0.003041	0.003033	0.002859	0.002874	0.002945	0.002833
503.000000	0.002926	0.002921	0.003069	0.002881	0.002861	0.002957	0.002918
504.000000	0.002908	0.002886	0.003089	0.002990	0.002946	0.003019	0.002989
505.000000	0.003029	0.003020	0.003084	0.003145	0.003114	0.003095	0.002976
506.000000	0.003113	0.003137	0.003048	0.003192	0.003194	0.003111	0.002948
507.000000	0.003029	0.003090	0.002991	0.003040	0.003079	0.003025	0.002964
508.000000	0.002905	0.002985	0.002959	0.002866	0.002926	0.002924	0.002980
509.000000	0.002884	0.002951	0.002991	0.002854	0.002905	0.002898	0.002949
510.000000	0.002911	0.002967	0.003042	0.002949	0.002961	0.002925	0.002913
511.000000	0.002883	0.002974	0.003052	0.003032	0.002982	0.002951	0.002932
512.000000	0.002813	0.002955	0.003008	0.003051	0.002957	0.002962	0.002975
513.000000	0.002762	0.002916	0.002921	0.002993	0.002919	0.002960	0.002974
514.000000	0.002763	0.002891	0.002840	0.002914	0.002897	0.002946	0.002935
515.000000	0.002826	0.002927	0.002833	0.002911	0.002911	0.002924	0.002907
516.000000	0.002913	0.002993	0.002898	0.002974	0.002954	0.002899	0.002905
517.000000	0.002943	0.002975	0.002962	0.002993	0.002990	0.002883	0.002905
518.000000	0.002907	0.002861	0.002986	0.002935	0.002993	0.002868	0.002894
519.000000	0.002898	0.002774	0.002978	0.002887	0.002950	0.002824	0.002867
520.000000	0.002954	0.002787	0.002950	0.002891	0.002879	0.002751	0.002836
521.000000	0.002979	0.002847	0.002906	0.002891	0.002861	0.002719	0.002845
522.000000	0.002910	0.002899	0.002853	0.002851	0.002933	0.002764	0.002904
523.000000	0.002824	0.002924	0.002807	0.002822	0.002993	0.002805	0.002926
524.000000	0.002796	0.002913	0.002778	0.002852	0.002943	0.002766	0.002842
525.000000	0.002777	0.002851	0.002756	0.002885	0.002836	0.002707	0.002743
526.000000	0.002704	0.002741	0.002728	0.002853	0.002755	0.002707	0.002746
527.000000	0.002656	0.002675	0.002722	0.002793	0.002738	0.002742	0.002812
528.000000	0.002751	0.002764	0.002778	0.002778	0.002798	0.002747	0.002846
529.000000	0.002903	0.002916	0.002853	0.002800	0.002881	0.002723	0.002834
530.000000	0.002908	0.002928	0.002861	0.002802	0.002896	0.002702	0.002807
531.000000	0.002773	0.002813	0.002807	0.002790	0.002833	0.002705	0.002798
532.000000	0.002687	0.002769	0.002779	0.002817	0.002750	0.002739	0.002836
533.000000	0.002705	0.002839	0.002803	0.002878	0.002699	0.002790	0.002903
534.000000	0.002708	0.002856	0.002823	0.002890	0.002711	0.002828	0.002922
535.000000	0.002651	0.002767	0.002815	0.002828	0.002790	0.002834	0.002870
536.000000	0.002645	0.002750	0.002817	0.002783	0.002885	0.002828	0.002827
537.000000	0.002748	0.002893	0.002852	0.002808	0.002948	0.002821	0.002843
538.000000	0.002840	0.002998	0.002883	0.002825	0.002940	0.002797	0.002869
539.000000	0.002820	0.002902	0.002880	0.002775	0.002852	0.002752	0.002856
540.000000	0.002780	0.002784	0.002866	0.002747	0.002782	0.002746	0.002848
541.000000	0.002830	0.002852	0.002872	0.002840	0.002827	0.002831	0.002891
542.000000	0.002909	0.002985	0.002888	0.002975	0.002917	0.002932	0.002923
543.000000	0.002899	0.002965	0.002887	0.003021	0.002930	0.002936	0.002860
544.000000	0.002810	0.002823	0.002851	0.002961	0.002854	0.002852	0.002727
545.000000	0.002714	0.002720	0.002768	0.002844	0.002738	0.002749	0.002613
546.000000	0.002654	0.002711	0.002678	0.002735	0.002638	0.002669	0.002571
547.000000	0.002643	0.002762	0.002658	0.002712	0.002619	0.002628	0.002625
548.000000	0.002670	0.002827	0.002705	0.002770	0.002679	0.002625	0.002739
549.000000	0.002695	0.002844	0.002729	0.002815	0.002747	0.002645	0.002804
550.000000	0.002695	0.002801	0.002702	0.002801	0.002783	0.002676	0.002779
551.000000	0.002685	0.002760	0.002707	0.002773	0.002807	0.002722	0.002731
552.000000	0.002686	0.002762	0.002783	0.002771	0.002838	0.002778	0.002717
553.000000	0.002737	0.002785	0.002848	0.002798	0.002874	0.002809	0.002748
554.000000	0.002835	0.002783	0.002830	0.002836	0.002899	0.002787	0.002797
555.000000	0.002839	0.002683	0.002750	0.002812	0.002841	0.002702	0.002722
556.000000	0.002654	0.002467	0.002660	0.002680	0.002661	0.002578	0.002461
557.000000	0.002589	0.002472	0.002661	0.002616	0.002567	0.002591	0.002495
558.000000	0.002945	0.002982	0.002815	0.002790	0.002763	0.002874	0.003246
559.000000	0.002876	0.002924	0.002730	0.002754	0.002784	0.002797	0.003207
560.000000	0.001272	0.000927	0.001934	0.001919	0.001990	0.001577	0.000438
561.000000	0.000794	0.000312	0.001748	0.001655	0.001725	0.001234	-0.000509
562.000000	0.006208	0.007023	0.004486	0.004434	0.004443	0.005337	0.008553
563.000000	0.010014	0.011795	0.006344	0.006423	0.006346	0.008197	0.015026
564.000000	-0.007099	-0.009274	-0.002357	-0.002281	-0.002383	-0.004795	-0.013708
565.000000	-0.040798	-0.050868	-0.019377	-0.019477	-0.019528	-0.030330	-0.070409
566.000000	-0.052416	-0.065229	-0.025168	-0.025387	-0.025397	-0.039087	-0.089959
567.000000	-0.025627	-0.032183	-0.011510	-0.011664	-0.011692	-0.018712	-0.044858
568.000000	0.004430	0.004889	0.003742	0.003692	0.003647	0.004073	0.005720
569.000000	0.009698	0.011360	0.006348	0.006325	0.006304	0.007967	0.014543
570.000000	0.002858	0.002916	0.002800	0.002768	0.002768	0.002711	0.003028
571.000000	0.000516	0.000086	0.001578	0.001563	0.001537	0.001010	-0.000813
572.000000	0.002151	0.002199	0.002403	0.002426	0.002366	0.002351	0.002051
573.000000	0.003006	0.003334	0.002827	0.002893	0.002842	0.002977	0.003498
574.000000	0.002665	0.002909	0.002632	0.002728	0.002704	0.002625	0.002840
575.000000	0.002443	0.002483	0.002485	0.002588	0.002560	0.002422	0.002351
576.000000	0.002575	0.002459	0.002532	0.002612	0.002562	0.002558	0.002497
577.000000	0.002654	0.002537	0.002597	0.002625	0.002590	0.002664	0.002651
578.000000	0.002578	0.002578	0.002612	0.002582	0.002582	0.002628	0.002578
579.000000	0.002517	0.002593	0.002605	0.002554	0.002536	0.002569	0.002407
580.000000	0.002554	0.002608	0.002609	0.002576	0.002494	0.002569	0.002336
581.000000	0.002648	0.002659	0.002660	0.002640	0.002551	0.002652	0.002632
582.000000	0.002685	0.002691	0.002695	0.002666	0.002656	0.002726	0.003025
583.000000	0.002439	0.002489	0.002474	0.002459	0.002487	0.002498	0.002284
584.000000	0.002020	0.002148	0.002085	0.002131	0.002081	0.002043	0.000683
585.000000	0.002448	0.002614	0.002521	0.002625	0.002479	0.002438	0.002670
586.000000	0.003950	0.004062	0.003990	0.004106	0.003940	0.003960	0.010352
587.000000	0.003106	0.003144	0.003118	0.003200	0.003074	0.003156	0.014178
588.000000	-0.002940	-0.002915	-0.002912	-0.002892	-0.002956	-0.002877	0.005024
589.000000	-0.008638	-0.008602	-0.008583	-0.008612	-0.008622	-0.008595	-0.007282
590.000000	-0.006559	-0.006558	-0.006522	-0.006545	-0.006528	-0.006562	-0.008041
591.000000	0.000315	0.000253	0.000305	0.000314	0.000348	0.000256	-0.000282
592.000000	0.003975	0.003883	0.003946	0.003944	0.004017	0.003868	0.004265
593.000000	0.003258	0.003176	0.003243	0.003213	0.003319	0.003135	0.003389
594.000000	0.002123	0.002059	0.002136	0.002140	0.002202	0.002046	0.002032
595.000000	0.002196	0.002152	0.002248	0.002332	0.002283	0.002210	0.002214
596.000000	0.002454	0.002466	0.002585	0.002667	0.002538	0.002552	0.002630
597.000000	0.002337	0.002427	0.002568	0.002544	0.002415	0.002478	0.002543
598.000000	0.002193	0.002304	0.002461	0.002367	0.002290	0.002348	0.002346
599.000000	0.002263	0.002305	0.002470	0.002419	0.002405	0.002411	0.002333
600.000000	0.002382	0.002353	0.002512	0.002514	0.002542	0.002500	0.002378
601.000000	0.002395	0.002357	0.002499	0.002482	0.002507	0.002463	0.002351
602.000000	0.002350	0.002323	0.002436	0.002394	0.002396	0.002392	0.002307
603.000000	0.002326	0.002278	0.002356	0.002355	0.002337	0.002394	0.002319
604.000000	0.002338	0.002277	0.002315	0.002398	0.002350	0.002428	0.002375
605.000000	0.002379	0.002365	0.002357	0.002520	0.002412	0.002419	0.002437
606.000000	0.002397	0.002463	0.002414	0.002611	0.002460	0.002372	0.002472
607.000000	0.002329	0.002447	0.002374	0.002533	0.002423	0.002328	0.002459
608.000000	0.002226	0.002346	0.002262	0.002353	0.002329	0.002307	0.002402
609.000000	0.002205	0.002287	0.002185	0.002270	0.002270	0.002316	0.002331
610.000000	0.002275	0.002307	0.002189	0.002320	0.002294	0.002353	0.002296
611.000000	0.002344	0.002359	0.002267	0.002394	0.002409	0.002406	0.002365
612.000000	0.002366	0.002399	0.002376	0.002422	0.002555	0.002451	0.002504
613.000000	0.002358	0.002381	0.002429	0.002398	0.002589	0.002450	0.002542
614.000000	0.002335	0.002309	0.002403	0.002346	0.002469	0.002400	0.002424
615.000000	0.002299	0.002273	0.002387	0.002341	0.002342	0.002368	0.002333
616.000000	0.002253	0.002322	0.002432	0.002408	0.002315	0.002391	0.002386
617.000000	0.002210	0.002357	0.002455	0.002422	0.002324	0.002406	0.002455
618.000000	0.002186	0.002298	0.002387	0.002295	0.002302	0.002359	0.002416
619.000000	0.002191	0.002230	0.002313	0.002180	0.002290	0.002311	0.002335
620.000000	0.002228	0.002255	0.002333	0.002250	0.002342	0.002332	0.002305
621.000000	0.002277	0.002335	0.002394	0.002417	0.002421	0.002380	0.002338
622.000000	0.002307	0.002388	0.002404	0.002511	0.002463	0.002387	0.002406
623.000000	0.002328	0.002422	0.002378	0.002508	0.002481	0.002380	0.002458
624.000000	0.002367	0.002485	0.002388	0.002465	0.002522	0.002433	0.002433
625.000000	0.002399	0.002546	0.002430	0.002408	0.002558	0.002507	0.002355
626.000000	0.002363	0.002511	0.002438	0.002343	0.002502	0.002477	0.002312
627.000000	0.002286	0.002390	0.002405	0.002297	0.002376	0.002365	0.002325
628.000000	0.002286	0.002304	0.002391	0.002324	0.002318	0.002359	0.002341
629.000000	0.002388	0.002308	0.002417	0.002417	0.002374	0.002497	0.002331
630.000000	0.002462	0.002342	0.002442	0.002478	0.002427	0.002579	0.002317
631.000000	0.002437	0.002371	0.002443	0.002464	0.002412	0.002502	0.002320
632.000000	0.002404	0.002426	0.002438	0.002477	0.002405	0.002439	0.002355
633.000000	0.002434	0.002515	0.002443	0.002571	0.002458	0.002513	0.002415
634.000000	0.002456	0.002530	0.002439	0.002584	0.002476	0.002578	0.002424
635.000000	0.002395	0.002383	0.002404	0.002378	0.002370	0.002485	0.002324
636.000000	0.002309	0.002212	0.002346	0.002158	0.002230	0.002336	0.002218
637.000000	0.002288	0.002192	0.002284	0.002186	0.002181	0.002289	0.002235
638.000000	0.002330	0.002294	0.002266	0.002359	0.002231	0.002332	0.002326
639.000000	0.002394	0.002400	0.002341	0.002434	0.002334	0.002380	0.002372
640.000000	0.002431	0.002472	0.002443	0.002384	0.002433	0.002396	0.002345
641.000000	0.002391	0.002516	0.002437	0.002328	0.002468	0.002369	0.002279
642.000000	0.002308	0.002518	0.002332	0.002327	0.002438	0.002334	0.002232
643.000000	0.002289	0.002437	0.002272	0.002385	0.002392	0.002356	0.002282
644.000000	0.002346	0.002299	0.002298	0.002454	0.002357	0.002430	0.002403
645.000000	0.002367	0.002215	0.002315	0.002417	0.002327	0.002460	0.002435
646.000000	0.002311	0.002249	0.002285	0.002266	0.002305	0.002416	0.002328
647.000000	0.002293	0.002362	0.002297	0.002202	0.002310	0.002402	0.002251
648.000000	0.002382	0.002496	0.002393	0.002339	0.002353	0.002475	0.002312
649.000000	0.002487	0.002560	0.002469	0.002487	0.002414	0.002523	0.002396
650.000000	0.002516	0.002497	0.002437	0.002480	0.002472	0.002459	0.002398
651.000000	0.002474	0.002401	0.002392	0.002415	0.002501	0.002379	0.002389
652.000000	0.002391	0.002382	0.002440	0.002425	0.002481	0.002398	0.002457
653.000000	0.002309	0.002422	0.002491	0.002455	0.002430	0.002449	0.002521
654.000000	0.002269	0.002456	0.002409	0.002399	0.002379	0.002414	0.002461
655.000000	0.002259	0.002436	0.002270	0.002307	0.002337	0.002312	0.002312
656.000000	0.002248	0.002328	0.002247	0.002301	0.002304	0.002229	0.002192
657.000000	0.002225	0.002182	0.002328	0.002361	0.002276	0.002196	0.002145
658.000000	0.002201	0.002111	0.002362	0.002363	0.002247	0.002203	0.002160
659.000000	0.002183	0.002144	0.002319	0.002288	0.002231	0.002223	0.002210
660.000000	0.002171	0.002218	0.002296	0.002233	0.002261	0.002220	0.002257
661.000000	0.002168	0.002282	0.002318	0.002243	0.002321	0.002184	0.002280
662.000000	0.002179	0.002309	0.002295	0.002277	0.002316	0.002152	0.002291
663.000000	0.002208	0.002289	0.002190	0.002288	0.002214	0.002141	0.002288
664.000000	0.002252	0.002244	0.002105	0.002241	0.002125	0.002127	0.002242
665.000000	0.002300	0.002203	0.002117	0.002135	0.002131	0.002096	0.002146
666.000000	0.002302	0.002177	0.002174	0.002073	0.002175	0.002092	0.002074
667.000000	0.002222	0.002170	0.002205	0.002137	0.002183	0.002143	0.002090
668.000000	0.002113	0.002147	0.002189	0.002218	0.002148	0.002167	0.002119
669.000000	0.002042	0.002076	0.002127	0.002183	0.002088	0.002078	0.002072
670.000000	0.002018	0.001993	0.002092	0.002096	0.002055	0.001992	0.002004
671.000000	0.002026	0.001962	0.002172	0.002092	0.002107	0.002083	0.002019
672.000000	0.002056	0.001989	0.002290	0.002147	0.002189	0.002265	0.002083
673.000000	0.002100	0.002039	0.002284	0.002149	0.002184	0.002302	0.002083
674.000000	0.002131	0.002079	0.002163	0.002082	0.002091	0.002179	0.002020
675.000000	0.002104	0.002069	0.002083	0.002013	0.002013	0.002067	0.001995
676.000000	0.002027	0.002009	0.002100	0.001988	0.002002	0.002047	0.002034
677.000000	0.001971	0.001942	0.002143	0.002018	0.002039	0.002081	0.002077
678.000000	0.001983	0.001916	0.002167	0.002103	0.002095	0.002130	0.002100
679.000000	0.002072	0.001985	0.002185	0.002225	0.002116	0.002163	0.002151
680.000000	0.002203	0.002142	0.002194	0.002335	0.002079	0.002160	0.002241
681.000000	0.002255	0.002234	0.002144	0.002317	0.002037	0.002123	0.002276
682.000000	0.002147	0.002152	0.002013	0.002111	0.002034	0.002061	0.002188
683.000000	0.001996	0.002035	0.001921	0.001908	0.002050	0.001992	0.002061
684.000000	0.001939	0.002038	0.001980	0.001906	0.002055	0.001940	0.001998
685.000000	0.001966	0.002116	0.002109	0.002035	0.002062	0.001943	0.001996
686.000000	0.002026	0.002167	0.002176	0.002149	0.002091	0.002031	0.002021
687.000000	0.002090	0.002177	0.002179	0.002198	0.002126	0.002124	0.002066
688.000000	0.002140	0.002177	0.002180	0.002184	0.002134	0.002101	0.002134
689.000000	0.002173	0.002180	0.002206	0.002157	0.002131	0.002017	0.002196
690.000000	0.002197	0.002192	0.002263	0.002191	0.002162	0.002034	0.002202
691.000000	0.002192	0.002188	0.002302	0.002246	0.002190	0.002136	0.002150
692.000000	0.002116	0.002119	0.002220	0.002173	0.002102	0.002129	0.002086
693.000000	0.001999	0.002013	0.002043	0.001981	0.001927	0.001988	0.002039
694.000000	0.001983	0.002009	0.001974	0.001904	0.001894	0.001927	0.002013
695.000000	0.002100	0.002130	0.002079	0.002036	0.002072	0.002034	0.002004
696.000000	0.002167	0.002159	0.002141	0.002178	0.002194	0.002123	0.001998
697.000000	0.002070	0.001990	0.002025	0.002182	0.002089	0.002070	0.001986
698.000000	0.001966	0.001890	0.001916	0.002140	0.001966	0.002015	0.001990
699.000000	0.002002	0.002079	0.001981	0.002153	0.002025	0.002088	0.002025
700.000000	0.002106	0.002311	0.002086	0.002192	0.002157	0.002189	0.002063
701.000000	0.002159	0.002282	0.002060	0.002200	0.002198	0.002188	0.002074
702.000000	0.002130	0.002097	0.001964	0.002173	0.002170	0.002140	0.002077
703.000000	0.002025	0.001987	0.001932	0.002126	0.002149	0.002149	0.002099
704.000000	0.001906	0.001952	0.001942	0.002055	0.002112	0.002159	0.002099
705.000000	0.001861	0.001882	0.001893	0.001954	0.001990	0.002044	0.002006
706.000000	0.001896	0.001804	0.001828	0.001872	0.001867	0.001874	0.001873
707.000000	0.001958	0.001854	0.001892	0.001899	0.001931	0.001865	0.001847
708.000000	0.001980	0.001985	0.002041	0.001993	0.002103	0.002009	0.001909
709.000000	0.001886	0.001960	0.002027	0.001966	0.002018	0.002054	0.001864
710.000000	0.001702	0.001731	0.001800	0.001779	0.001645	0.001904	0.001678
711.000000	0.001603	0.001553	0.001624	0.001623	0.001474	0.001713	0.001568
712.000000	0.001667	0.001574	0.001652	0.001619	0.001724	0.001618	0.001651
713.000000	0.001730	0.001658	0.001734	0.001699	0.001923	0.001662	0.001775
714.000000	0.001666	0.001680	0.001738	0.001784	0.001734	0.001829	0.001811
715.000000	0.001553	0.001678	0.001721	0.001849	0.001509	0.001937	0.001807
716.000000	0.001490	0.001706	0.001749	0.001877	0.001612	0.001839	0.001824
717.000000	0.001473	0.001758	0.001770	0.001870	0.001840	0.001684	0.001823
718.000000	0.001478	0.001807	0.001720	0.001832	0.001881	0.001672	0.001753
719.000000	0.001517	0.001829	0.001659	0.001749	0.001790	0.001751	0.001668
720.000000	0.001609	0.001798	0.001684	0.001609	0.001761	0.001777	0.001655
721.000000	0.001657	0.001694	0.001750	0.001462	0.001774	0.001725	0.001655
722.000000	0.001509	0.001505	0.001729	0.001398	0.001699	0.001642	0.001533
723.000000	0.001272	0.001328	0.001615	0.001488	0.001602	0.001630	0.001350
724.000000	0.001260	0.001340	0.001505	0.001784	0.001715	0.001830	0.001320
725.000000	0.001455	0.001488	0.001436	0.002131	0.001966	0.002133	0.001446
726.000000	0.001447	0.001441	0.001375	0.002138	0.001927	0.002143	0.001482
727.000000	0.001143	0.001140	0.001303	0.001748	0.001512	0.001799	0.001370
728.000000	0.001005	0.001003	0.001233	0.001480	0.001228	0.001625	0.001398
729.000000	0.001258	0.001208	0.001144	0.001590	0.001344	0.001880	0.001663
730.000000	0.001427	0.001260	0.000938	0.001575	0.001424	0.002064	0.001739
731.000000	0.001108	0.000744	0.000545	0.001005	0.001085	0.001746	0.001281
732.000000	0.000472	-0.000134	0.000041	0.000078	0.000470	0.001100	0.000485
