[HEADER]
Format	J&M ASCII Table
Comment	
Date	2/21/2023 4:14:20 AM
Order	Y (evenX)
TechType	UV
NumPoints	483
FirstX	250.00
LastX	732.00
XType	NMetr
YType	Absrb
ZType	Secs
NumSubFile	7
Matrix	Z vs X
[DATA]
	0.000000	5.000064	10.000192	15.000256	20.000320	25.000448	30.000511
250.000000	1.052430	1.051723	1.049560	1.049600	1.048117	1.049554	1.048082
251.000000	1.026698	1.025928	1.023824	1.023630	1.022230	1.023569	1.022248
252.000000	0.999950	0.999066	0.998019	0.996209	0.995540	0.995629	0.995646
253.000000	0.974100	0.973424	0.972697	0.969920	0.969940	0.969248	0.969926
254.000000	0.950643	0.950607	0.948411	0.946751	0.946879	0.946942	0.946292
255.000000	0.928718	0.928786	0.925512	0.925417	0.925421	0.926103	0.923647
256.000000	0.907210	0.906003	0.904229	0.904259	0.904371	0.903841	0.900848
257.000000	0.886407	0.883661	0.884392	0.883479	0.883954	0.881784	0.879268
258.000000	0.866992	0.864024	0.865698	0.863858	0.864776	0.862704	0.860813
259.000000	0.848927	0.846881	0.847869	0.845669	0.846536	0.845934	0.844622
260.000000	0.831798	0.830768	0.830646	0.828889	0.828511	0.829149	0.828498
261.000000	0.815140	0.814651	0.813788	0.812926	0.810749	0.811776	0.811677
262.000000	0.798476	0.797863	0.797083	0.796781	0.793878	0.794601	0.794525
263.000000	0.781860	0.780757	0.780596	0.780295	0.778048	0.778208	0.777679
264.000000	0.765951	0.764816	0.764710	0.764277	0.762844	0.762900	0.762040
265.000000	0.750893	0.750413	0.749503	0.749076	0.747929	0.748459	0.747580
266.000000	0.735902	0.735934	0.734512	0.734175	0.733143	0.733806	0.732673
267.000000	0.720485	0.720381	0.719434	0.719175	0.718375	0.718305	0.716518
268.000000	0.705127	0.704818	0.704510	0.704202	0.703586	0.702662	0.700825
269.000000	0.690242	0.690185	0.689873	0.689322	0.688706	0.687512	0.686927
270.000000	0.675357	0.675618	0.674863	0.674058	0.673479	0.672365	0.673096
271.000000	0.659890	0.660021	0.658820	0.657931	0.657674	0.656592	0.657315
272.000000	0.643960	0.643610	0.642276	0.641319	0.641482	0.640429	0.640516
273.000000	0.627895	0.627046	0.626107	0.624853	0.625201	0.624375	0.624543
274.000000	0.611421	0.610367	0.609995	0.608378	0.608560	0.608243	0.608923
275.000000	0.593958	0.593258	0.592987	0.591310	0.591004	0.591464	0.591928
276.000000	0.575717	0.575602	0.575098	0.573614	0.572786	0.573910	0.573440
277.000000	0.557588	0.557471	0.557177	0.555730	0.554841	0.555842	0.554729
278.000000	0.540021	0.539238	0.539582	0.538086	0.537545	0.537664	0.536633
279.000000	0.522880	0.521657	0.522015	0.521077	0.520528	0.519946	0.519376
280.000000	0.505912	0.504953	0.504348	0.504675	0.503497	0.502884	0.502771
281.000000	0.488722	0.488309	0.486847	0.488066	0.486401	0.485940	0.485921
282.000000	0.471180	0.471190	0.469773	0.470769	0.469308	0.468779	0.468377
283.000000	0.453973	0.454200	0.453259	0.453516	0.452575	0.451888	0.451198
284.000000	0.437739	0.437949	0.437332	0.437053	0.436505	0.435741	0.435338
285.000000	0.422262	0.422142	0.421676	0.421223	0.420951	0.420095	0.420073
286.000000	0.407144	0.406352	0.405987	0.405697	0.405682	0.404604	0.404440
287.000000	0.392382	0.390990	0.390734	0.390693	0.390755	0.389613	0.389057
288.000000	0.378134	0.376758	0.376651	0.376621	0.376351	0.375700	0.375107
289.000000	0.364474	0.363617	0.363620	0.363363	0.362651	0.362689	0.362379
290.000000	0.351420	0.351062	0.351005	0.350487	0.349829	0.349955	0.349810
291.000000	0.339115	0.338906	0.338713	0.338032	0.337906	0.337508	0.337334
292.000000	0.327804	0.327270	0.327171	0.326482	0.326754	0.325961	0.325819
293.000000	0.317310	0.316203	0.316418	0.315850	0.316083	0.315370	0.315365
294.000000	0.306858	0.305636	0.305926	0.305465	0.305379	0.304979	0.304942
295.000000	0.296109	0.295502	0.295435	0.294991	0.294514	0.294434	0.294073
296.000000	0.285733	0.285764	0.285322	0.284902	0.284189	0.284343	0.283616
297.000000	0.276288	0.276388	0.275909	0.275585	0.274938	0.275177	0.274285
298.000000	0.267572	0.267350	0.267080	0.266828	0.266432	0.266572	0.265801
299.000000	0.259270	0.258646	0.258637	0.258357	0.258225	0.258092	0.257723
300.000000	0.251243	0.250365	0.250410	0.250152	0.250154	0.249747	0.249799
301.000000	0.243412	0.242602	0.242269	0.242270	0.242165	0.241675	0.241861
302.000000	0.235744	0.235224	0.234359	0.234687	0.234355	0.233928	0.233996
303.000000	0.228229	0.228011	0.226935	0.227348	0.226888	0.226518	0.226405
304.000000	0.220977	0.220946	0.220012	0.220243	0.219817	0.219456	0.219213
305.000000	0.214168	0.214152	0.213437	0.213391	0.213110	0.212751	0.212484
306.000000	0.207737	0.207619	0.207082	0.206783	0.206662	0.206342	0.206135
307.000000	0.201373	0.201202	0.200850	0.200391	0.200291	0.200093	0.199935
308.000000	0.195050	0.194931	0.194729	0.194264	0.194033	0.193997	0.193799
309.000000	0.189193	0.189114	0.188835	0.188577	0.188256	0.188240	0.187883
310.000000	0.183992	0.183874	0.183246	0.183363	0.183096	0.182915	0.182310
311.000000	0.179008	0.178854	0.177924	0.178314	0.178082	0.177857	0.177086
312.000000	0.173881	0.173771	0.172848	0.173188	0.172858	0.172908	0.172182
313.000000	0.168826	0.168815	0.168100	0.168139	0.167751	0.168051	0.167497
314.000000	0.164127	0.164211	0.163741	0.163377	0.163137	0.163308	0.162931
315.000000	0.159770	0.159817	0.159597	0.158930	0.158849	0.158738	0.158486
316.000000	0.155638	0.155399	0.155435	0.154751	0.154569	0.154398	0.154181
317.000000	0.151591	0.151015	0.151192	0.150661	0.150280	0.150235	0.149919
318.000000	0.147491	0.146855	0.146899	0.146435	0.146113	0.146139	0.145558
319.000000	0.143352	0.142844	0.142637	0.142136	0.142095	0.142069	0.141205
320.000000	0.139306	0.138717	0.138523	0.138046	0.138176	0.138037	0.137149
321.000000	0.135405	0.134551	0.134600	0.134248	0.134304	0.134063	0.133403
322.000000	0.131614	0.130811	0.130832	0.130599	0.130431	0.130176	0.129670
323.000000	0.127878	0.127556	0.127120	0.126978	0.126574	0.126385	0.125842
324.000000	0.124129	0.124151	0.123270	0.123313	0.122868	0.122671	0.122136
325.000000	0.120339	0.120239	0.119267	0.119574	0.119369	0.118990	0.118657
326.000000	0.116586	0.116298	0.115540	0.115820	0.115921	0.115246	0.115155
327.000000	0.112955	0.112770	0.112392	0.112132	0.112387	0.111421	0.111439
328.000000	0.109493	0.109484	0.109374	0.108613	0.108828	0.107821	0.107750
329.000000	0.106231	0.106176	0.105990	0.105340	0.105353	0.104730	0.104369
330.000000	0.103153	0.102904	0.102463	0.102199	0.102082	0.101855	0.101202
331.000000	0.100211	0.099814	0.099232	0.099023	0.099105	0.098744	0.098032
332.000000	0.097196	0.096768	0.096217	0.095789	0.096162	0.095418	0.094796
333.000000	0.093841	0.093502	0.093083	0.092552	0.092838	0.092146	0.091519
334.000000	0.090398	0.090140	0.089875	0.089385	0.089268	0.089043	0.088334
335.000000	0.087514	0.087111	0.086936	0.086375	0.086018	0.086094	0.085452
336.000000	0.085223	0.084517	0.084344	0.083563	0.083276	0.083261	0.082846
337.000000	0.082826	0.082061	0.081850	0.080946	0.080766	0.080489	0.080207
338.000000	0.080005	0.079529	0.079275	0.078479	0.078255	0.077746	0.077448
339.000000	0.077185	0.076894	0.076596	0.076054	0.075628	0.075051	0.074901
340.000000	0.074690	0.074201	0.073857	0.073600	0.072902	0.072460	0.072736
341.000000	0.072381	0.071624	0.071247	0.071152	0.070397	0.070114	0.070586
342.000000	0.070097	0.069306	0.068908	0.068768	0.068346	0.068092	0.068130
343.000000	0.067897	0.067165	0.066721	0.066530	0.066426	0.066152	0.065580
344.000000	0.065857	0.065078	0.064532	0.064494	0.064254	0.064019	0.063232
345.000000	0.063838	0.063022	0.062405	0.062509	0.061947	0.061716	0.061101
346.000000	0.061650	0.061011	0.060468	0.060370	0.059788	0.059381	0.059097
347.000000	0.059459	0.059033	0.058646	0.058167	0.057781	0.057190	0.057161
348.000000	0.057608	0.057068	0.056753	0.056143	0.055782	0.055318	0.055257
349.000000	0.055999	0.055154	0.054739	0.054324	0.053778	0.053629	0.053359
350.000000	0.054170	0.053379	0.052670	0.052549	0.051875	0.051732	0.051452
351.000000	0.052054	0.051725	0.050667	0.050764	0.050113	0.049591	0.049550
352.000000	0.050094	0.050039	0.048906	0.049052	0.048440	0.047628	0.047702
353.000000	0.048476	0.048227	0.047381	0.047393	0.046775	0.046015	0.045928
354.000000	0.046859	0.046311	0.045738	0.045569	0.044989	0.044421	0.044195
355.000000	0.045026	0.044359	0.043788	0.043489	0.043046	0.042620	0.042473
356.000000	0.043251	0.042539	0.041897	0.041473	0.041186	0.040830	0.040759
357.000000	0.041769	0.040955	0.040382	0.039801	0.039598	0.039250	0.039047
358.000000	0.040291	0.039395	0.038961	0.038276	0.038076	0.037677	0.037284
359.000000	0.038454	0.037601	0.037249	0.036606	0.036342	0.035846	0.035413
360.000000	0.036322	0.035604	0.035230	0.034720	0.034352	0.033804	0.033406
361.000000	0.034120	0.033538	0.033038	0.032635	0.032166	0.031715	0.031260
362.000000	0.031965	0.031448	0.030812	0.030407	0.029940	0.029644	0.029079
363.000000	0.029906	0.029325	0.028690	0.028114	0.027877	0.027597	0.027018
364.000000	0.027898	0.027175	0.026660	0.025860	0.025932	0.025556	0.025062
365.000000	0.025818	0.025023	0.024581	0.023770	0.023842	0.023487	0.023038
366.000000	0.023566	0.022845	0.022369	0.021779	0.021520	0.021324	0.020857
367.000000	0.021079	0.020552	0.020019	0.019579	0.019106	0.018967	0.018534
368.000000	0.018419	0.018111	0.017562	0.017067	0.016704	0.016424	0.016108
369.000000	0.015878	0.015603	0.015086	0.014570	0.014308	0.013912	0.013649
370.000000	0.013598	0.013072	0.012632	0.012283	0.011886	0.011548	0.011188
371.000000	0.011206	0.010416	0.010082	0.009882	0.009354	0.009090	0.008629
372.000000	0.008386	0.007581	0.007346	0.007087	0.006666	0.006333	0.005921
373.000000	0.005468	0.004831	0.004586	0.004198	0.003973	0.003522	0.003284
374.000000	0.002874	0.002440	0.001994	0.001604	0.001449	0.000962	0.000947
375.000000	0.000459	0.000168	-0.000484	-0.000782	-0.000970	-0.001440	-0.001311
376.000000	-0.002128	-0.002394	-0.002996	-0.003223	-0.003439	-0.003929	-0.003863
377.000000	-0.004899	-0.005186	-0.005582	-0.005786	-0.006025	-0.006559	-0.006656
378.000000	-0.007654	-0.007864	-0.008209	-0.008411	-0.008738	-0.009257	-0.009375
379.000000	-0.010240	-0.010297	-0.010794	-0.011022	-0.011441	-0.011841	-0.011880
380.000000	-0.012551	-0.012550	-0.013215	-0.013527	-0.013879	-0.014043	-0.014193
381.000000	-0.014700	-0.014792	-0.015498	-0.015911	-0.016074	-0.015970	-0.016414
382.000000	-0.017080	-0.017320	-0.017874	-0.018252	-0.018427	-0.018226	-0.018745
383.000000	-0.019793	-0.020138	-0.020394	-0.020578	-0.021053	-0.021004	-0.021219
384.000000	-0.022331	-0.022663	-0.022723	-0.022791	-0.023476	-0.023629	-0.023542
385.000000	-0.024335	-0.024534	-0.024649	-0.024828	-0.025366	-0.025613	-0.025522
386.000000	-0.026091	-0.026225	-0.026428	-0.026764	-0.027042	-0.027312	-0.027374
387.000000	-0.027929	-0.028213	-0.028334	-0.028685	-0.028850	-0.029132	-0.029319
388.000000	-0.029851	-0.030309	-0.030316	-0.030645	-0.030737	-0.031011	-0.031270
389.000000	-0.031762	-0.032180	-0.032235	-0.032652	-0.032550	-0.032778	-0.033071
390.000000	-0.033534	-0.033780	-0.033995	-0.034480	-0.034215	-0.034408	-0.034689
391.000000	-0.035037	-0.035188	-0.035523	-0.035844	-0.035699	-0.035939	-0.036150
392.000000	-0.036299	-0.036496	-0.036849	-0.036908	-0.037061	-0.037375	-0.037514
393.000000	-0.037449	-0.037803	-0.038068	-0.038098	-0.038405	-0.038703	-0.038854
394.000000	-0.038603	-0.039107	-0.039256	-0.039460	-0.039712	-0.039925	-0.040152
395.000000	-0.039863	-0.040319	-0.040468	-0.040688	-0.040849	-0.041054	-0.041302
396.000000	-0.041139	-0.041385	-0.041666	-0.041668	-0.041794	-0.042084	-0.042249
397.000000	-0.042086	-0.042300	-0.042687	-0.042557	-0.042683	-0.042977	-0.043004
398.000000	-0.042629	-0.043116	-0.043480	-0.043475	-0.043607	-0.043750	-0.043665
399.000000	-0.043252	-0.044001	-0.044227	-0.044428	-0.044547	-0.044537	-0.044490
400.000000	-0.044312	-0.045050	-0.045096	-0.045412	-0.045491	-0.045447	-0.045635
401.000000	-0.045579	-0.046127	-0.046124	-0.046426	-0.046485	-0.046483	-0.046896
402.000000	-0.046756	-0.047082	-0.047278	-0.047456	-0.047549	-0.047596	-0.048041
403.000000	-0.047722	-0.047906	-0.048348	-0.048413	-0.048533	-0.048595	-0.049002
404.000000	-0.048432	-0.048640	-0.049113	-0.049206	-0.049280	-0.049301	-0.049768
405.000000	-0.049067	-0.049382	-0.049686	-0.049885	-0.049926	-0.049916	-0.050411
406.000000	-0.049876	-0.050238	-0.050306	-0.050558	-0.050707	-0.050768	-0.051041
407.000000	-0.050845	-0.051163	-0.051065	-0.051301	-0.051607	-0.051791	-0.051773
408.000000	-0.051796	-0.052017	-0.051959	-0.052165	-0.052455	-0.052682	-0.052715
409.000000	-0.052631	-0.052780	-0.052907	-0.053088	-0.053211	-0.053375	-0.053717
410.000000	-0.053337	-0.053536	-0.053764	-0.053906	-0.053957	-0.054028	-0.054402
411.000000	-0.053970	-0.054305	-0.054474	-0.054561	-0.054716	-0.054735	-0.054770
412.000000	-0.054684	-0.055015	-0.055103	-0.055145	-0.055423	-0.055502	-0.055345
413.000000	-0.055518	-0.055644	-0.055730	-0.055748	-0.056082	-0.056312	-0.056365
414.000000	-0.056284	-0.056284	-0.056440	-0.056438	-0.056837	-0.057124	-0.057431
415.000000	-0.056872	-0.057009	-0.057271	-0.057243	-0.057750	-0.057900	-0.058217
416.000000	-0.057481	-0.057801	-0.058124	-0.058078	-0.058591	-0.058637	-0.058827
417.000000	-0.058286	-0.058609	-0.058888	-0.058850	-0.059155	-0.059328	-0.059411
418.000000	-0.059088	-0.059319	-0.059508	-0.059532	-0.059600	-0.059939	-0.059982
419.000000	-0.059645	-0.059833	-0.059969	-0.060126	-0.060159	-0.060444	-0.060520
420.000000	-0.060145	-0.060275	-0.060398	-0.060696	-0.060829	-0.060924	-0.061068
421.000000	-0.060914	-0.060842	-0.060967	-0.061321	-0.061516	-0.061495	-0.061687
422.000000	-0.061765	-0.061495	-0.061634	-0.061947	-0.062142	-0.062138	-0.062338
423.000000	-0.062217	-0.062057	-0.062235	-0.062446	-0.062645	-0.062750	-0.062927
424.000000	-0.062326	-0.062534	-0.062727	-0.062845	-0.063064	-0.063290	-0.063424
425.000000	-0.062633	-0.063102	-0.063185	-0.063319	-0.063528	-0.063771	-0.063868
426.000000	-0.063311	-0.063780	-0.063660	-0.063918	-0.064084	-0.064217	-0.064321
427.000000	-0.064023	-0.064369	-0.064163	-0.064525	-0.064658	-0.064667	-0.064878
428.000000	-0.064558	-0.064790	-0.064694	-0.065054	-0.065194	-0.065151	-0.065542
429.000000	-0.065022	-0.065220	-0.065223	-0.065506	-0.065672	-0.065684	-0.066134
430.000000	-0.065517	-0.065781	-0.065741	-0.065918	-0.066109	-0.066261	-0.066552
431.000000	-0.066022	-0.066332	-0.066297	-0.066392	-0.066608	-0.066826	-0.066981
432.000000	-0.066509	-0.066745	-0.066928	-0.067005	-0.067241	-0.067330	-0.067583
433.000000	-0.067011	-0.067141	-0.067542	-0.067651	-0.067869	-0.067816	-0.068198
434.000000	-0.067568	-0.067679	-0.068032	-0.068197	-0.068327	-0.068335	-0.068620
435.000000	-0.068128	-0.068285	-0.068429	-0.068661	-0.068685	-0.068836	-0.068928
436.000000	-0.068610	-0.068799	-0.068812	-0.069121	-0.069100	-0.069241	-0.069304
437.000000	-0.069028	-0.069209	-0.069216	-0.069551	-0.069578	-0.069617	-0.069756
438.000000	-0.069448	-0.069588	-0.069647	-0.069867	-0.070039	-0.070111	-0.070186
439.000000	-0.069889	-0.069991	-0.070114	-0.070129	-0.070480	-0.070682	-0.070594
440.000000	-0.070322	-0.070449	-0.070628	-0.070518	-0.070962	-0.071119	-0.071068
441.000000	-0.070760	-0.070955	-0.071163	-0.071061	-0.071482	-0.071398	-0.071597
442.000000	-0.071264	-0.071454	-0.071651	-0.071577	-0.071952	-0.071744	-0.072042
443.000000	-0.071819	-0.071907	-0.072058	-0.071980	-0.072328	-0.072245	-0.072360
444.000000	-0.072247	-0.072302	-0.072426	-0.072386	-0.072674	-0.072701	-0.072705
445.000000	-0.072461	-0.072642	-0.072795	-0.072872	-0.073041	-0.072984	-0.073179
446.000000	-0.072681	-0.072951	-0.073169	-0.073340	-0.073414	-0.073244	-0.073681
447.000000	-0.073103	-0.073258	-0.073546	-0.073698	-0.073776	-0.073635	-0.074101
448.000000	-0.073597	-0.073606	-0.073905	-0.074023	-0.074140	-0.074101	-0.074459
449.000000	-0.073974	-0.074020	-0.074224	-0.074406	-0.074520	-0.074540	-0.074799
450.000000	-0.074232	-0.074402	-0.074491	-0.074753	-0.074847	-0.074889	-0.075092
451.000000	-0.074440	-0.074623	-0.074706	-0.074921	-0.075042	-0.075112	-0.075289
452.000000	-0.074675	-0.074776	-0.074925	-0.075024	-0.075200	-0.075285	-0.075465
453.000000	-0.075009	-0.075071	-0.075235	-0.075317	-0.075510	-0.075543	-0.075756
454.000000	-0.075391	-0.075477	-0.075610	-0.075762	-0.075935	-0.075866	-0.076120
455.000000	-0.075662	-0.075752	-0.075928	-0.076072	-0.076244	-0.076105	-0.076360
456.000000	-0.075809	-0.075873	-0.076163	-0.076184	-0.076385	-0.076248	-0.076469
457.000000	-0.076005	-0.076091	-0.076415	-0.076321	-0.076531	-0.076460	-0.076679
458.000000	-0.076317	-0.076498	-0.076722	-0.076601	-0.076782	-0.076809	-0.077081
459.000000	-0.076594	-0.076860	-0.076996	-0.076909	-0.077074	-0.077174	-0.077479
460.000000	-0.076733	-0.077013	-0.077170	-0.077137	-0.077329	-0.077447	-0.077708
461.000000	-0.076823	-0.077081	-0.077268	-0.077268	-0.077479	-0.077619	-0.077761
462.000000	-0.076963	-0.077197	-0.077335	-0.077321	-0.077499	-0.077713	-0.077690
463.000000	-0.077177	-0.077355	-0.077429	-0.077403	-0.077545	-0.077822	-0.077669
464.000000	-0.077460	-0.077517	-0.077604	-0.077620	-0.077779	-0.078036	-0.077867
465.000000	-0.077771	-0.077701	-0.077864	-0.077930	-0.078132	-0.078302	-0.078232
466.000000	-0.078058	-0.077943	-0.078184	-0.078236	-0.078453	-0.078523	-0.078634
467.000000	-0.078295	-0.078228	-0.078490	-0.078507	-0.078695	-0.078700	-0.078986
468.000000	-0.078471	-0.078519	-0.078681	-0.078745	-0.078871	-0.078891	-0.079231
469.000000	-0.078618	-0.078798	-0.078793	-0.078966	-0.079020	-0.079125	-0.079397
470.000000	-0.078799	-0.079061	-0.078973	-0.079190	-0.079200	-0.079409	-0.079578
471.000000	-0.079021	-0.079286	-0.079251	-0.079412	-0.079411	-0.079691	-0.079800
472.000000	-0.079219	-0.079438	-0.079523	-0.079589	-0.079589	-0.079858	-0.079997
473.000000	-0.079364	-0.079527	-0.079722	-0.079714	-0.079717	-0.079897	-0.080143
474.000000	-0.079485	-0.079658	-0.079859	-0.079839	-0.079869	-0.079982	-0.080286
475.000000	-0.079618	-0.079876	-0.079967	-0.080002	-0.080083	-0.080213	-0.080458
476.000000	-0.079790	-0.080067	-0.080113	-0.080183	-0.080275	-0.080460	-0.080645
477.000000	-0.080014	-0.080149	-0.080346	-0.080361	-0.080387	-0.080606	-0.080832
478.000000	-0.080254	-0.080276	-0.080614	-0.080552	-0.080528	-0.080738	-0.081029
479.000000	-0.080465	-0.080597	-0.080848	-0.080771	-0.080809	-0.080961	-0.081242
480.000000	-0.080618	-0.080928	-0.081001	-0.080977	-0.081102	-0.081197	-0.081415
481.000000	-0.080690	-0.080996	-0.081039	-0.081113	-0.081219	-0.081318	-0.081478
482.000000	-0.080701	-0.080872	-0.080999	-0.081146	-0.081179	-0.081329	-0.081450
483.000000	-0.080688	-0.080801	-0.080949	-0.081067	-0.081111	-0.081307	-0.081396
484.000000	-0.080668	-0.080836	-0.080917	-0.080960	-0.081084	-0.081280	-0.081370
485.000000	-0.080646	-0.080879	-0.080899	-0.080979	-0.081114	-0.081237	-0.081412
486.000000	-0.080657	-0.080907	-0.080915	-0.081133	-0.081191	-0.081214	-0.081500
487.000000	-0.080775	-0.080977	-0.081007	-0.081263	-0.081282	-0.081296	-0.081544
488.000000	-0.081006	-0.081118	-0.081182	-0.081325	-0.081379	-0.081501	-0.081538
489.000000	-0.081247	-0.081305	-0.081388	-0.081473	-0.081526	-0.081739	-0.081626
490.000000	-0.081424	-0.081495	-0.081584	-0.081769	-0.081733	-0.081936	-0.081874
491.000000	-0.081542	-0.081623	-0.081769	-0.082012	-0.081910	-0.082094	-0.082137
492.000000	-0.081622	-0.081654	-0.081938	-0.082047	-0.081996	-0.082217	-0.082283
493.000000	-0.081670	-0.081685	-0.082049	-0.082014	-0.082065	-0.082292	-0.082351
494.000000	-0.081694	-0.081808	-0.082068	-0.082082	-0.082194	-0.082310	-0.082404
495.000000	-0.081696	-0.081922	-0.082036	-0.082190	-0.082299	-0.082304	-0.082439
496.000000	-0.081683	-0.081893	-0.082017	-0.082218	-0.082265	-0.082318	-0.082439
497.000000	-0.081685	-0.081814	-0.082021	-0.082177	-0.082183	-0.082345	-0.082428
498.000000	-0.081739	-0.081876	-0.082033	-0.082144	-0.082231	-0.082359	-0.082448
499.000000	-0.081840	-0.082052	-0.082052	-0.082154	-0.082381	-0.082370	-0.082502
500.000000	-0.081951	-0.082152	-0.082085	-0.082216	-0.082465	-0.082410	-0.082566
501.000000	-0.082030	-0.082118	-0.082121	-0.082294	-0.082432	-0.082460	-0.082607
502.000000	-0.082027	-0.082025	-0.082130	-0.082306	-0.082365	-0.082442	-0.082593
503.000000	-0.081955	-0.081954	-0.082126	-0.082251	-0.082324	-0.082366	-0.082542
504.000000	-0.081918	-0.081991	-0.082188	-0.082246	-0.082332	-0.082378	-0.082550
505.000000	-0.081965	-0.082144	-0.082328	-0.082345	-0.082388	-0.082527	-0.082650
506.000000	-0.082012	-0.082256	-0.082409	-0.082428	-0.082446	-0.082636	-0.082721
507.000000	-0.081989	-0.082208	-0.082337	-0.082401	-0.082468	-0.082577	-0.082675
508.000000	-0.081936	-0.082077	-0.082225	-0.082326	-0.082458	-0.082492	-0.082595
509.000000	-0.081906	-0.081970	-0.082200	-0.082281	-0.082429	-0.082529	-0.082580
510.000000	-0.081906	-0.081925	-0.082221	-0.082272	-0.082395	-0.082599	-0.082623
511.000000	-0.081924	-0.081954	-0.082206	-0.082279	-0.082365	-0.082562	-0.082679
512.000000	-0.081919	-0.081988	-0.082133	-0.082262	-0.082317	-0.082435	-0.082667
513.000000	-0.081842	-0.081936	-0.082014	-0.082175	-0.082217	-0.082305	-0.082503
514.000000	-0.081730	-0.081833	-0.081911	-0.082066	-0.082104	-0.082231	-0.082300
515.000000	-0.081671	-0.081795	-0.081915	-0.082039	-0.082059	-0.082249	-0.082288
516.000000	-0.081678	-0.081835	-0.081990	-0.082078	-0.082082	-0.082314	-0.082439
517.000000	-0.081694	-0.081865	-0.081974	-0.082052	-0.082087	-0.082304	-0.082479
518.000000	-0.081687	-0.081848	-0.081834	-0.081933	-0.082041	-0.082195	-0.082326
519.000000	-0.081670	-0.081820	-0.081717	-0.081844	-0.081977	-0.082096	-0.082180
520.000000	-0.081665	-0.081817	-0.081722	-0.081868	-0.081939	-0.082094	-0.082175
521.000000	-0.081712	-0.081857	-0.081819	-0.081984	-0.081978	-0.082206	-0.082277
522.000000	-0.081815	-0.081928	-0.081946	-0.082134	-0.082101	-0.082391	-0.082410
523.000000	-0.081871	-0.081931	-0.081988	-0.082189	-0.082200	-0.082463	-0.082448
524.000000	-0.081797	-0.081799	-0.081872	-0.082064	-0.082179	-0.082291	-0.082312
525.000000	-0.081690	-0.081672	-0.081754	-0.081926	-0.082109	-0.082108	-0.082165
526.000000	-0.081677	-0.081717	-0.081814	-0.081967	-0.082089	-0.082185	-0.082200
527.000000	-0.081732	-0.081869	-0.081963	-0.082095	-0.082111	-0.082366	-0.082333
528.000000	-0.081771	-0.081977	-0.082015	-0.082114	-0.082125	-0.082352	-0.082385
529.000000	-0.081768	-0.081983	-0.081967	-0.082037	-0.082125	-0.082198	-0.082347
530.000000	-0.081732	-0.081896	-0.081921	-0.081997	-0.082135	-0.082160	-0.082314
531.000000	-0.081717	-0.081802	-0.081934	-0.082026	-0.082166	-0.082261	-0.082322
532.000000	-0.081807	-0.081850	-0.082018	-0.082067	-0.082220	-0.082321	-0.082352
533.000000	-0.081933	-0.081984	-0.082101	-0.082069	-0.082248	-0.082282	-0.082387
534.000000	-0.081832	-0.081897	-0.082009	-0.081993	-0.082138	-0.082249	-0.082406
535.000000	-0.081559	-0.081625	-0.081791	-0.081907	-0.081950	-0.082241	-0.082364
536.000000	-0.081758	-0.081868	-0.081920	-0.082072	-0.082059	-0.082102	-0.082171
537.000000	-0.082399	-0.082610	-0.082390	-0.082413	-0.082449	-0.081870	-0.081920
538.000000	-0.081496	-0.081763	-0.081800	-0.081910	-0.081983	-0.082155	-0.082204
539.000000	-0.078575	-0.078771	-0.079783	-0.080331	-0.080345	-0.083064	-0.083113
540.000000	-0.080467	-0.080550	-0.080979	-0.081216	-0.081243	-0.082322	-0.082398
541.000000	-0.091390	-0.091428	-0.088297	-0.086767	-0.087018	-0.078560	-0.078706
542.000000	-0.088807	-0.088872	-0.086642	-0.085465	-0.085731	-0.079428	-0.079627
543.000000	-0.045316	-0.045449	-0.057223	-0.062689	-0.063375	-0.092573	-0.092730
544.000000	0.018444	0.018240	-0.009601	-0.022763	-0.036553	-0.093991	-0.094088
545.000000	0.057360	0.057115	0.031457	0.019217	-0.036376	-0.046621	-0.046779
546.000000	0.054463	0.054233	0.045970	0.041905	-0.059057	0.020543	0.020330
547.000000	0.015642	0.015498	0.018822	0.020315	-0.073939	0.028787	0.028845
548.000000	-0.039644	-0.039683	-0.037250	-0.036015	-0.072157	-0.029531	-0.029213
549.000000	-0.077637	-0.077680	-0.078628	-0.078900	-0.070103	-0.080965	-0.081461
550.000000	-0.084514	-0.084682	-0.085665	-0.085994	-0.075828	-0.088290	-0.089910
551.000000	-0.079903	-0.080144	-0.080131	-0.080046	-0.081719	-0.079837	-0.079127
552.000000	-0.079184	-0.079358	-0.079281	-0.079171	-0.082354	-0.078614	-0.071386
553.000000	-0.080571	-0.080689	-0.080877	-0.080926	-0.080821	-0.081070	-0.070174
554.000000	-0.080848	-0.081039	-0.081116	-0.081235	-0.080392	-0.081618	-0.074958
555.000000	-0.080401	-0.080673	-0.080516	-0.080651	-0.080708	-0.080908	-0.080591
556.000000	-0.080216	-0.080445	-0.080299	-0.080472	-0.080798	-0.080624	-0.082128
557.000000	-0.080280	-0.080403	-0.080422	-0.080615	-0.080651	-0.080747	-0.081003
558.000000	-0.080282	-0.080354	-0.080467	-0.080600	-0.080539	-0.080752	-0.080390
559.000000	-0.080145	-0.080243	-0.080350	-0.080403	-0.080461	-0.080570	-0.080605
560.000000	-0.079921	-0.080098	-0.080160	-0.080216	-0.080306	-0.080355	-0.080654
561.000000	-0.079818	-0.080064	-0.080093	-0.080197	-0.080210	-0.080292	-0.080476
562.000000	-0.080120	-0.080345	-0.080391	-0.080453	-0.080453	-0.080558	-0.080639
563.000000	-0.080379	-0.080518	-0.080606	-0.080551	-0.080633	-0.080723	-0.080838
564.000000	-0.079456	-0.079569	-0.079639	-0.079564	-0.079702	-0.079798	-0.079930
565.000000	-0.078326	-0.078500	-0.078486	-0.078527	-0.078645	-0.078779	-0.078852
566.000000	-0.080994	-0.081204	-0.081146	-0.081296	-0.081361	-0.081514	-0.081536
567.000000	-0.087835	-0.087995	-0.087989	-0.088147	-0.088163	-0.088297	-0.088329
568.000000	-0.091264	-0.091363	-0.091434	-0.091539	-0.091517	-0.091650	-0.091707
569.000000	-0.086426	-0.086516	-0.086629	-0.086673	-0.086627	-0.086808	-0.086869
570.000000	-0.079729	-0.079844	-0.079970	-0.079988	-0.079942	-0.080158	-0.080196
571.000000	-0.077853	-0.077995	-0.078121	-0.078173	-0.078159	-0.078336	-0.078334
572.000000	-0.079045	-0.079189	-0.079312	-0.079406	-0.079441	-0.079547	-0.079514
573.000000	-0.079637	-0.079743	-0.079865	-0.079946	-0.080024	-0.080096	-0.080067
574.000000	-0.079283	-0.079338	-0.079464	-0.079510	-0.079592	-0.079680	-0.079684
575.000000	-0.078968	-0.078998	-0.079135	-0.079188	-0.079203	-0.079350	-0.079395
576.000000	-0.078885	-0.078932	-0.079073	-0.079152	-0.079094	-0.079294	-0.079370
577.000000	-0.078758	-0.078860	-0.078976	-0.079028	-0.079009	-0.079186	-0.079273
578.000000	-0.078593	-0.078751	-0.078819	-0.078828	-0.078928	-0.079020	-0.079097
579.000000	-0.078633	-0.078789	-0.078818	-0.078886	-0.079028	-0.079063	-0.079123
580.000000	-0.078671	-0.078764	-0.078782	-0.078996	-0.079074	-0.079106	-0.079162
581.000000	-0.077944	-0.077986	-0.078017	-0.078279	-0.078321	-0.078351	-0.078442
582.000000	-0.076948	-0.076995	-0.077048	-0.077196	-0.077292	-0.077298	-0.077449
583.000000	-0.078491	-0.078574	-0.078633	-0.078666	-0.078826	-0.078829	-0.078974
584.000000	-0.082006	-0.082126	-0.082159	-0.082196	-0.082365	-0.082412	-0.082450
585.000000	-0.077501	-0.077642	-0.077650	-0.077739	-0.077879	-0.077976	-0.077941
586.000000	-0.062852	-0.062987	-0.062997	-0.063106	-0.063211	-0.063324	-0.063357
587.000000	-0.072273	-0.072393	-0.072411	-0.072513	-0.072603	-0.072705	-0.072850
588.000000	-0.134167	-0.134291	-0.134299	-0.134388	-0.134500	-0.134586	-0.134760
589.000000	-0.191806	-0.192015	-0.191996	-0.192097	-0.192231	-0.192307	-0.192431
590.000000	-0.169597	-0.170009	-0.169959	-0.170120	-0.170225	-0.170309	-0.170355
591.000000	-0.098553	-0.098931	-0.098906	-0.099097	-0.099144	-0.099280	-0.099297
592.000000	-0.061065	-0.060718	-0.060845	-0.060924	-0.060940	-0.061194	-0.061307
593.000000	-0.068378	-0.067745	-0.067970	-0.067961	-0.067983	-0.068268	-0.068451
594.000000	-0.078543	-0.080190	-0.080123	-0.080396	-0.080434	-0.080408	-0.080341
595.000000	-0.076254	-0.079720	-0.079378	-0.079919	-0.079984	-0.079695	-0.079433
596.000000	-0.076052	-0.072548	-0.073121	-0.072771	-0.072906	-0.073459	-0.074127
597.000000	-0.077562	-0.065314	-0.067091	-0.065586	-0.065816	-0.067418	-0.069208
598.000000	-0.055348	-0.063432	-0.062578	-0.063722	-0.063973	-0.062891	-0.061954
599.000000	-0.006619	-0.068538	-0.060595	-0.068789	-0.068947	-0.060914	-0.052842
600.000000	0.016562	-0.074123	-0.062375	-0.074339	-0.074391	-0.062716	-0.050830
601.000000	-0.020330	-0.074913	-0.067915	-0.075145	-0.075168	-0.068286	-0.061156
602.000000	-0.070662	-0.073214	-0.073080	-0.073495	-0.073551	-0.073481	-0.073217
603.000000	-0.084224	-0.072230	-0.074035	-0.072561	-0.072676	-0.074458	-0.076119
604.000000	-0.073876	-0.072004	-0.072497	-0.072369	-0.072535	-0.072928	-0.073271
605.000000	-0.068192	-0.071714	-0.071504	-0.072088	-0.072270	-0.071927	-0.071593
606.000000	-0.070089	-0.071278	-0.071363	-0.071626	-0.071804	-0.071778	-0.071785
607.000000	-0.071528	-0.070927	-0.071212	-0.071209	-0.071395	-0.071649	-0.071893
608.000000	-0.070740	-0.070699	-0.070862	-0.070916	-0.071104	-0.071335	-0.071479
609.000000	-0.069962	-0.070506	-0.070554	-0.070732	-0.070860	-0.071038	-0.071076
610.000000	-0.069923	-0.070288	-0.070342	-0.070579	-0.070627	-0.070807	-0.070847
611.000000	-0.069911	-0.070011	-0.070107	-0.070334	-0.070399	-0.070553	-0.070609
612.000000	-0.069623	-0.069713	-0.069833	-0.070003	-0.070182	-0.070263	-0.070317
613.000000	-0.069356	-0.069524	-0.069644	-0.069773	-0.070002	-0.070038	-0.070118
614.000000	-0.069282	-0.069481	-0.069595	-0.069724	-0.069872	-0.069927	-0.070075
615.000000	-0.069260	-0.069450	-0.069596	-0.069717	-0.069780	-0.069865	-0.070060
616.000000	-0.069191	-0.069348	-0.069574	-0.069652	-0.069719	-0.069800	-0.069983
617.000000	-0.069174	-0.069300	-0.069552	-0.069595	-0.069707	-0.069763	-0.069917
618.000000	-0.069290	-0.069403	-0.069557	-0.069611	-0.069751	-0.069780	-0.069930
619.000000	-0.069414	-0.069516	-0.069565	-0.069659	-0.069813	-0.069828	-0.069973
620.000000	-0.069400	-0.069475	-0.069546	-0.069676	-0.069847	-0.069867	-0.069976
621.000000	-0.069309	-0.069338	-0.069522	-0.069649	-0.069825	-0.069863	-0.069937
622.000000	-0.069266	-0.069238	-0.069526	-0.069586	-0.069737	-0.069793	-0.069881
623.000000	-0.069278	-0.069230	-0.069552	-0.069549	-0.069640	-0.069723	-0.069840
624.000000	-0.069290	-0.069324	-0.069570	-0.069619	-0.069622	-0.069761	-0.069853
625.000000	-0.069297	-0.069456	-0.069568	-0.069744	-0.069682	-0.069866	-0.069908
626.000000	-0.069330	-0.069509	-0.069547	-0.069770	-0.069746	-0.069885	-0.069961
627.000000	-0.069368	-0.069467	-0.069505	-0.069671	-0.069770	-0.069792	-0.069974
628.000000	-0.069332	-0.069420	-0.069433	-0.069563	-0.069738	-0.069704	-0.069920
629.000000	-0.069209	-0.069409	-0.069345	-0.069512	-0.069647	-0.069680	-0.069811
630.000000	-0.069093	-0.069384	-0.069280	-0.069494	-0.069511	-0.069672	-0.069721
631.000000	-0.069043	-0.069303	-0.069255	-0.069468	-0.069353	-0.069631	-0.069684
632.000000	-0.069010	-0.069150	-0.069218	-0.069378	-0.069215	-0.069527	-0.069635
633.000000	-0.068949	-0.068944	-0.069130	-0.069202	-0.069128	-0.069357	-0.069525
634.000000	-0.068881	-0.068805	-0.069006	-0.069048	-0.069088	-0.069214	-0.069396
635.000000	-0.068832	-0.068829	-0.068881	-0.069019	-0.069082	-0.069181	-0.069301
636.000000	-0.068814	-0.068912	-0.068815	-0.069053	-0.069088	-0.069206	-0.069247
637.000000	-0.068826	-0.068908	-0.068856	-0.069051	-0.069084	-0.069203	-0.069223
638.000000	-0.068806	-0.068824	-0.068908	-0.068982	-0.069055	-0.069145	-0.069194
639.000000	-0.068679	-0.068735	-0.068825	-0.068854	-0.068990	-0.069033	-0.069118
640.000000	-0.068495	-0.068654	-0.068657	-0.068711	-0.068909	-0.068899	-0.069012
641.000000	-0.068381	-0.068559	-0.068567	-0.068620	-0.068844	-0.068793	-0.068926
642.000000	-0.068350	-0.068455	-0.068571	-0.068569	-0.068782	-0.068710	-0.068857
643.000000	-0.068317	-0.068365	-0.068551	-0.068475	-0.068671	-0.068593	-0.068754
644.000000	-0.068255	-0.068304	-0.068461	-0.068333	-0.068510	-0.068447	-0.068623
645.000000	-0.068225	-0.068265	-0.068358	-0.068246	-0.068367	-0.068352	-0.068545
646.000000	-0.068245	-0.068242	-0.068292	-0.068261	-0.068298	-0.068350	-0.068556
647.000000	-0.068249	-0.068237	-0.068287	-0.068324	-0.068325	-0.068402	-0.068604
648.000000	-0.068205	-0.068262	-0.068350	-0.068388	-0.068441	-0.068474	-0.068647
649.000000	-0.068199	-0.068357	-0.068451	-0.068467	-0.068577	-0.068577	-0.068702
650.000000	-0.068297	-0.068531	-0.068552	-0.068571	-0.068666	-0.068706	-0.068782
651.000000	-0.068404	-0.068656	-0.068599	-0.068667	-0.068693	-0.068783	-0.068843
652.000000	-0.068397	-0.068591	-0.068541	-0.068695	-0.068647	-0.068724	-0.068829
653.000000	-0.068224	-0.068332	-0.068354	-0.068538	-0.068477	-0.068513	-0.068662
654.000000	-0.067865	-0.067926	-0.068033	-0.068084	-0.068127	-0.068163	-0.068282
655.000000	-0.067416	-0.067464	-0.067635	-0.067515	-0.067670	-0.067741	-0.067803
656.000000	-0.067023	-0.067052	-0.067246	-0.067148	-0.067239	-0.067340	-0.067424
657.000000	-0.066727	-0.066744	-0.066903	-0.066989	-0.066909	-0.067009	-0.067171
658.000000	-0.066498	-0.066553	-0.066610	-0.066820	-0.066705	-0.066768	-0.066948
659.000000	-0.066329	-0.066452	-0.066400	-0.066597	-0.066611	-0.066620	-0.066748
660.000000	-0.066249	-0.066372	-0.066340	-0.066465	-0.066570	-0.066551	-0.066660
661.000000	-0.066227	-0.066279	-0.066384	-0.066456	-0.066528	-0.066524	-0.066679
662.000000	-0.066139	-0.066183	-0.066316	-0.066412	-0.066441	-0.066462	-0.066641
663.000000	-0.065916	-0.066068	-0.066031	-0.066228	-0.066275	-0.066316	-0.066451
664.000000	-0.065621	-0.065846	-0.065690	-0.065950	-0.066019	-0.066092	-0.066175
665.000000	-0.065320	-0.065478	-0.065429	-0.065639	-0.065687	-0.065809	-0.065884
666.000000	-0.065029	-0.065119	-0.065205	-0.065350	-0.065368	-0.065512	-0.065600
667.000000	-0.064751	-0.064904	-0.064948	-0.065114	-0.065130	-0.065229	-0.065327
668.000000	-0.064466	-0.064728	-0.064639	-0.064881	-0.064874	-0.064916	-0.065036
669.000000	-0.064165	-0.064448	-0.064290	-0.064592	-0.064492	-0.064533	-0.064709
670.000000	-0.063923	-0.064160	-0.064037	-0.064325	-0.064152	-0.064211	-0.064454
671.000000	-0.063838	-0.064041	-0.064039	-0.064196	-0.064106	-0.064130	-0.064412
672.000000	-0.063837	-0.064020	-0.064162	-0.064151	-0.064229	-0.064190	-0.064467
673.000000	-0.063749	-0.063890	-0.064104	-0.064037	-0.064186	-0.064131	-0.064363
674.000000	-0.063567	-0.063669	-0.063860	-0.063848	-0.063938	-0.063940	-0.064112
675.000000	-0.063421	-0.063565	-0.063677	-0.063702	-0.063706	-0.063808	-0.063953
676.000000	-0.063380	-0.063612	-0.063645	-0.063645	-0.063615	-0.063797	-0.063960
677.000000	-0.063433	-0.063623	-0.063653	-0.063633	-0.063662	-0.063799	-0.063998
678.000000	-0.063538	-0.063530	-0.063636	-0.063633	-0.063793	-0.063764	-0.063986
679.000000	-0.063608	-0.063495	-0.063620	-0.063643	-0.063870	-0.063758	-0.063957
680.000000	-0.063596	-0.063605	-0.063631	-0.063669	-0.063828	-0.063809	-0.063940
681.000000	-0.063564	-0.063718	-0.063660	-0.063738	-0.063792	-0.063829	-0.063924
682.000000	-0.063576	-0.063719	-0.063702	-0.063857	-0.063873	-0.063762	-0.063909
683.000000	-0.063645	-0.063724	-0.063762	-0.063955	-0.064005	-0.063743	-0.063950
684.000000	-0.063763	-0.063859	-0.063843	-0.063965	-0.064099	-0.063896	-0.064089
685.000000	-0.063859	-0.064020	-0.063915	-0.063932	-0.064123	-0.064078	-0.064220
686.000000	-0.063856	-0.064047	-0.063944	-0.063925	-0.064073	-0.064088	-0.064211
687.000000	-0.063784	-0.063965	-0.063937	-0.063955	-0.063992	-0.064003	-0.064115
688.000000	-0.063720	-0.063884	-0.063923	-0.063998	-0.063949	-0.064016	-0.064065
689.000000	-0.063729	-0.063877	-0.063948	-0.064055	-0.063982	-0.064124	-0.064104
690.000000	-0.063858	-0.063983	-0.064065	-0.064134	-0.064106	-0.064192	-0.064210
691.000000	-0.064025	-0.064135	-0.064209	-0.064192	-0.064254	-0.064187	-0.064323
692.000000	-0.064021	-0.064158	-0.064206	-0.064133	-0.064284	-0.064171	-0.064349
693.000000	-0.063822	-0.064020	-0.064039	-0.063974	-0.064169	-0.064169	-0.064270
694.000000	-0.063657	-0.063882	-0.063911	-0.063878	-0.064048	-0.064141	-0.064173
695.000000	-0.063652	-0.063837	-0.063922	-0.063921	-0.064001	-0.064069	-0.064123
696.000000	-0.063703	-0.063821	-0.063949	-0.063973	-0.063965	-0.063982	-0.064121
697.000000	-0.063721	-0.063784	-0.063900	-0.063945	-0.063903	-0.063915	-0.064153
698.000000	-0.063744	-0.063766	-0.063853	-0.063918	-0.063896	-0.063896	-0.064179
699.000000	-0.063806	-0.063796	-0.063877	-0.063961	-0.063998	-0.063942	-0.064162
700.000000	-0.063839	-0.063798	-0.063887	-0.063978	-0.064065	-0.064026	-0.064114
701.000000	-0.063766	-0.063691	-0.063786	-0.063859	-0.063944	-0.064102	-0.064055
702.000000	-0.063638	-0.063543	-0.063653	-0.063673	-0.063727	-0.064086	-0.063997
703.000000	-0.063537	-0.063460	-0.063610	-0.063546	-0.063584	-0.063899	-0.063944
704.000000	-0.063434	-0.063409	-0.063600	-0.063500	-0.063531	-0.063633	-0.063842
705.000000	-0.063245	-0.063284	-0.063477	-0.063497	-0.063505	-0.063462	-0.063620
706.000000	-0.062978	-0.063070	-0.063225	-0.063438	-0.063437	-0.063373	-0.063351
707.000000	-0.062713	-0.062818	-0.062933	-0.063182	-0.063259	-0.063217	-0.063217
708.000000	-0.062444	-0.062531	-0.062631	-0.062735	-0.062934	-0.062914	-0.063157
709.000000	-0.062069	-0.062162	-0.062290	-0.062255	-0.062460	-0.062474	-0.062858
710.000000	-0.061557	-0.061690	-0.061876	-0.061823	-0.061886	-0.061945	-0.062247
711.000000	-0.060990	-0.061142	-0.061357	-0.061379	-0.061340	-0.061439	-0.061642
712.000000	-0.060418	-0.060543	-0.060727	-0.060870	-0.060871	-0.060989	-0.061215
713.000000	-0.059805	-0.059906	-0.060036	-0.060278	-0.060349	-0.060447	-0.060757
714.000000	-0.059126	-0.059240	-0.059341	-0.059597	-0.059681	-0.059736	-0.060104
715.000000	-0.058430	-0.058545	-0.058691	-0.058850	-0.058961	-0.059067	-0.059377
716.000000	-0.057746	-0.057818	-0.058100	-0.058063	-0.058282	-0.058609	-0.058705
717.000000	-0.056947	-0.057051	-0.057406	-0.057235	-0.057569	-0.058080	-0.058001
718.000000	-0.055897	-0.056228	-0.056443	-0.056362	-0.056716	-0.057140	-0.057139
719.000000	-0.054716	-0.055290	-0.055344	-0.055453	-0.055767	-0.055939	-0.056173
720.000000	-0.053624	-0.054189	-0.054346	-0.054531	-0.054826	-0.054817	-0.055227
721.000000	-0.052768	-0.053141	-0.053496	-0.053667	-0.053996	-0.053933	-0.054408
722.000000	-0.052234	-0.052489	-0.052726	-0.052953	-0.053361	-0.053322	-0.053791
723.000000	-0.051724	-0.052019	-0.051908	-0.052245	-0.052707	-0.052761	-0.053174
724.000000	-0.050644	-0.051068	-0.050875	-0.051219	-0.051590	-0.051824	-0.052138
725.000000	-0.049078	-0.049642	-0.049697	-0.049957	-0.050156	-0.050549	-0.050838
726.000000	-0.047915	-0.048548	-0.048721	-0.049029	-0.049249	-0.049526	-0.050104
727.000000	-0.047445	-0.048050	-0.048097	-0.048605	-0.049070	-0.049005	-0.050047
728.000000	-0.046892	-0.047439	-0.047617	-0.048149	-0.048685	-0.048628	-0.049517
729.000000	-0.045801	-0.046325	-0.047089	-0.047324	-0.047570	-0.048102	-0.047969
730.000000	-0.044716	-0.045291	-0.046432	-0.046428	-0.046424	-0.047426	-0.046566
731.000000	-0.044133	-0.044852	-0.045610	-0.045747	-0.045880	-0.046643	-0.046309
732.000000	-0.043884	-0.044802	-0.044691	-0.045217	-0.045742	-0.045803	-0.046803
