[HEADER]
Format	J&M ASCII Table
Comment	20 ml miliQ plus 5 ml sample
Date	2/21/2023 4:20:49 AM
Order	Y (evenX)
TechType	UV
NumPoints	483
FirstX	250.00
LastX	732.00
XType	NMetr
YType	Absrb
ZType	Secs
NumSubFile	7
Matrix	Z vs X
[DATA]
	0.000000	5.000064	10.000192	15.000256	20.000320	25.000448	30.000511
250.000000	0.464521	0.463721	0.463267	0.463555	0.463402	0.463187	0.462598
251.000000	0.452621	0.452077	0.451694	0.451821	0.451882	0.451456	0.450886
252.000000	0.440915	0.440522	0.440200	0.439826	0.440253	0.439758	0.439386
253.000000	0.430004	0.429382	0.429192	0.428601	0.429196	0.428807	0.428613
254.000000	0.420260	0.418950	0.418967	0.418847	0.419185	0.419069	0.418863
255.000000	0.411067	0.409286	0.409311	0.409689	0.409706	0.409880	0.409507
256.000000	0.401791	0.400387	0.400002	0.400223	0.400227	0.400548	0.399954
257.000000	0.392868	0.392169	0.391410	0.391253	0.391292	0.391542	0.390913
258.000000	0.385006	0.384541	0.384022	0.383968	0.383696	0.383634	0.383382
259.000000	0.378093	0.377533	0.377571	0.377877	0.377203	0.376765	0.377015
260.000000	0.371609	0.371220	0.371430	0.371697	0.371076	0.370460	0.370824
261.000000	0.365370	0.365327	0.365359	0.365274	0.365018	0.364513	0.364634
262.000000	0.359450	0.359334	0.359417	0.359319	0.359079	0.358921	0.358889
263.000000	0.353911	0.353319	0.353721	0.354012	0.353435	0.353656	0.353711
264.000000	0.348798	0.348055	0.348447	0.348900	0.348384	0.348653	0.348840
265.000000	0.344062	0.343737	0.343633	0.343779	0.343920	0.343855	0.344100
266.000000	0.339503	0.339523	0.339087	0.338918	0.339502	0.339213	0.339505
267.000000	0.334983	0.334876	0.334651	0.334489	0.334823	0.334716	0.335039
268.000000	0.330565	0.330304	0.330304	0.330305	0.330304	0.330435	0.330564
269.000000	0.326292	0.326248	0.326032	0.326155	0.326275	0.326390	0.326004
270.000000	0.321999	0.322229	0.321745	0.321973	0.322236	0.322338	0.321599
271.000000	0.317519	0.317685	0.317362	0.317724	0.317630	0.318023	0.317582
272.000000	0.313005	0.312932	0.312977	0.313375	0.312820	0.313521	0.313648
273.000000	0.308681	0.308548	0.308711	0.308886	0.308442	0.309016	0.309322
274.000000	0.304292	0.304314	0.304306	0.304210	0.304330	0.304483	0.304534
275.000000	0.299332	0.299578	0.299319	0.299299	0.299877	0.299782	0.299450
276.000000	0.293905	0.294298	0.293935	0.294233	0.294932	0.294821	0.294265
277.000000	0.288638	0.288949	0.288869	0.289195	0.289736	0.289561	0.289194
278.000000	0.283822	0.283823	0.284282	0.284251	0.284513	0.284201	0.284340
279.000000	0.279310	0.278957	0.279611	0.279308	0.279435	0.279239	0.279665
280.000000	0.274829	0.274279	0.274552	0.274329	0.274552	0.274773	0.275052
281.000000	0.269933	0.269550	0.269373	0.269402	0.269681	0.270100	0.270244
282.000000	0.264449	0.264596	0.264314	0.264559	0.264686	0.264775	0.265092
283.000000	0.259040	0.259486	0.259332	0.259630	0.259630	0.259341	0.259787
284.000000	0.254276	0.254332	0.254337	0.254476	0.254592	0.254354	0.254543
285.000000	0.249651	0.249226	0.249251	0.249250	0.249537	0.249624	0.249389
286.000000	0.244497	0.244243	0.244028	0.244169	0.244417	0.244792	0.244315
287.000000	0.239152	0.239369	0.238839	0.239319	0.239296	0.239769	0.239367
288.000000	0.234315	0.234552	0.233928	0.234718	0.234290	0.234603	0.234614
289.000000	0.229902	0.229764	0.229321	0.230231	0.229510	0.229571	0.230047
290.000000	0.225347	0.224997	0.224903	0.225637	0.225058	0.225076	0.225612
291.000000	0.220655	0.220404	0.220625	0.220981	0.220921	0.221107	0.221310
292.000000	0.216364	0.216286	0.216505	0.216550	0.216971	0.217256	0.217193
293.000000	0.212541	0.212581	0.212495	0.212445	0.213044	0.213222	0.213190
294.000000	0.208560	0.208715	0.208459	0.208489	0.208932	0.208872	0.209055
295.000000	0.204159	0.204465	0.204388	0.204572	0.204625	0.204345	0.204741
296.000000	0.199946	0.200424	0.200547	0.200774	0.200531	0.200320	0.200647
297.000000	0.196416	0.197018	0.197105	0.197180	0.196954	0.197204	0.197071
298.000000	0.193363	0.193815	0.193816	0.193810	0.193700	0.194328	0.193807
299.000000	0.190455	0.190353	0.190424	0.190652	0.190512	0.190998	0.190596
300.000000	0.187424	0.186863	0.187047	0.187586	0.187322	0.187465	0.187409
301.000000	0.184080	0.183736	0.183887	0.184476	0.184135	0.184219	0.184288
302.000000	0.180703	0.180918	0.180903	0.181327	0.181063	0.181293	0.181260
303.000000	0.177761	0.178165	0.177955	0.178216	0.178261	0.178514	0.178346
304.000000	0.175256	0.175451	0.175122	0.175302	0.175706	0.175774	0.175600
305.000000	0.172868	0.172904	0.172627	0.172788	0.173258	0.173016	0.173092
306.000000	0.170396	0.170502	0.170406	0.170571	0.170780	0.170295	0.170735
307.000000	0.167764	0.168072	0.168094	0.168234	0.168148	0.167780	0.168288
308.000000	0.165065	0.165582	0.165576	0.165660	0.165452	0.165508	0.165695
309.000000	0.162631	0.163225	0.163135	0.163217	0.163105	0.163307	0.163197
310.000000	0.160635	0.161088	0.160952	0.161131	0.161262	0.161086	0.160958
311.000000	0.158845	0.158974	0.158907	0.159206	0.159422	0.158982	0.158909
312.000000	0.157029	0.156756	0.156883	0.157254	0.157212	0.157095	0.156965
313.000000	0.155161	0.154707	0.154935	0.155311	0.155020	0.155301	0.155083
314.000000	0.153273	0.153087	0.153134	0.153447	0.153274	0.153460	0.153238
315.000000	0.151488	0.151623	0.151424	0.151664	0.151720	0.151606	0.151438
316.000000	0.149919	0.149915	0.149711	0.149936	0.149930	0.149823	0.149700
317.000000	0.148352	0.148002	0.147957	0.148198	0.147945	0.148093	0.147960
318.000000	0.146439	0.146140	0.146149	0.146370	0.146033	0.146350	0.146124
319.000000	0.144314	0.144408	0.144318	0.144462	0.144265	0.144569	0.144240
320.000000	0.142468	0.142756	0.142522	0.142548	0.142556	0.142759	0.142454
321.000000	0.140990	0.141156	0.140792	0.140687	0.140868	0.140974	0.140784
322.000000	0.139513	0.139609	0.139122	0.138918	0.139216	0.139320	0.139105
323.000000	0.137830	0.138072	0.137474	0.137242	0.137574	0.137759	0.137373
324.000000	0.136037	0.136431	0.135760	0.135587	0.135852	0.136025	0.135686
325.000000	0.134209	0.134601	0.133940	0.133889	0.134002	0.133970	0.134064
326.000000	0.132300	0.132596	0.132105	0.132104	0.132103	0.131801	0.132301
327.000000	0.130309	0.130485	0.130333	0.130229	0.130244	0.129753	0.130262
328.000000	0.128473	0.128496	0.128591	0.128387	0.128480	0.127957	0.128203
329.000000	0.127005	0.126833	0.126838	0.126696	0.126845	0.126477	0.126413
330.000000	0.125657	0.125349	0.125157	0.125074	0.125268	0.125117	0.124832
331.000000	0.124052	0.123788	0.123642	0.123374	0.123643	0.123609	0.123277
332.000000	0.122195	0.122060	0.122064	0.121550	0.121877	0.121920	0.121614
333.000000	0.120293	0.120174	0.120050	0.119620	0.119890	0.120136	0.119747
334.000000	0.118417	0.118257	0.117773	0.117705	0.117812	0.118302	0.117813
335.000000	0.116525	0.116525	0.115831	0.116006	0.115929	0.116422	0.116131
336.000000	0.114691	0.115011	0.114440	0.114574	0.114343	0.114593	0.114736
337.000000	0.113129	0.113533	0.113345	0.113279	0.112929	0.113014	0.113329
338.000000	0.111858	0.111987	0.112228	0.111979	0.111580	0.111676	0.111769
339.000000	0.110550	0.110426	0.110706	0.110531	0.110246	0.110203	0.110225
340.000000	0.109006	0.108908	0.108701	0.108887	0.108884	0.108413	0.108802
341.000000	0.107457	0.107457	0.106944	0.107252	0.107457	0.106739	0.107354
342.000000	0.106139	0.106085	0.106001	0.105817	0.105968	0.105559	0.105774
343.000000	0.105035	0.104775	0.105238	0.104561	0.104573	0.104627	0.104283
344.000000	0.104053	0.103509	0.103892	0.103411	0.103427	0.103592	0.103122
345.000000	0.103044	0.102293	0.102274	0.102286	0.102432	0.102409	0.102147
346.000000	0.101859	0.101143	0.101045	0.101115	0.101404	0.101155	0.101088
347.000000	0.100599	0.100025	0.100223	0.099934	0.100260	0.099933	0.099936
348.000000	0.099495	0.098887	0.099462	0.098833	0.098983	0.098852	0.098824
349.000000	0.098544	0.097803	0.098575	0.097828	0.097715	0.097867	0.097748
350.000000	0.097545	0.096945	0.097515	0.096870	0.096723	0.096804	0.096590
351.000000	0.096473	0.096282	0.096360	0.095951	0.096016	0.095662	0.095396
352.000000	0.095526	0.095530	0.095335	0.095113	0.095282	0.094655	0.094414
353.000000	0.094761	0.094536	0.094516	0.094345	0.094350	0.093870	0.093705
354.000000	0.093941	0.093417	0.093697	0.093534	0.093354	0.093132	0.092956
355.000000	0.092930	0.092333	0.092729	0.092620	0.092409	0.092299	0.091974
356.000000	0.091958	0.091475	0.091720	0.091718	0.091480	0.091400	0.091000
357.000000	0.091218	0.090946	0.090791	0.090929	0.090526	0.090486	0.090246
358.000000	0.090492	0.090455	0.089941	0.090171	0.089573	0.089570	0.089490
359.000000	0.089501	0.089653	0.089122	0.089309	0.088647	0.088638	0.088452
360.000000	0.088303	0.088493	0.088143	0.088191	0.087656	0.087556	0.087234
361.000000	0.087078	0.087058	0.086797	0.086694	0.086474	0.086175	0.086066
362.000000	0.085832	0.085525	0.085273	0.085032	0.085124	0.084667	0.084911
363.000000	0.084476	0.084118	0.083972	0.083607	0.083720	0.083376	0.083581
364.000000	0.083019	0.082869	0.082897	0.082452	0.082341	0.082270	0.082107
365.000000	0.081559	0.081640	0.081695	0.081275	0.081028	0.080990	0.080710
366.000000	0.080119	0.080301	0.080179	0.079875	0.079683	0.079402	0.079387
367.000000	0.078626	0.078740	0.078386	0.078181	0.078029	0.077683	0.077841
368.000000	0.077034	0.076922	0.076427	0.076238	0.076022	0.075945	0.075969
369.000000	0.075367	0.074957	0.074528	0.074296	0.074080	0.074149	0.074078
370.000000	0.073608	0.072947	0.072801	0.072507	0.072454	0.072260	0.072358
371.000000	0.071615	0.070925	0.070999	0.070694	0.070769	0.070315	0.070544
372.000000	0.069303	0.068911	0.068903	0.068687	0.068666	0.068354	0.068400
373.000000	0.066958	0.066919	0.066712	0.066618	0.066356	0.066381	0.066173
374.000000	0.064899	0.064947	0.064681	0.064658	0.064159	0.064387	0.064179
375.000000	0.063003	0.062910	0.062676	0.062718	0.062097	0.062347	0.062303
376.000000	0.060980	0.060701	0.060434	0.060614	0.060067	0.060234	0.060274
377.000000	0.058776	0.058387	0.058063	0.058336	0.058000	0.058013	0.058030
378.000000	0.056481	0.056136	0.055886	0.055984	0.055847	0.055655	0.055649
379.000000	0.054207	0.054025	0.053952	0.053671	0.053648	0.053311	0.053364
380.000000	0.052075	0.052047	0.052059	0.051520	0.051515	0.051281	0.051536
381.000000	0.050065	0.050095	0.050055	0.049548	0.049476	0.049553	0.050060
382.000000	0.047968	0.047943	0.047864	0.047636	0.047447	0.047694	0.048212
383.000000	0.045755	0.045581	0.045551	0.045717	0.045417	0.045545	0.045746
384.000000	0.043775	0.043443	0.043442	0.043848	0.043537	0.043532	0.043434
385.000000	0.042230	0.041809	0.041764	0.042087	0.041900	0.041965	0.041821
386.000000	0.040769	0.040370	0.040364	0.040452	0.040372	0.040603	0.040449
387.000000	0.039057	0.038807	0.039037	0.038932	0.038821	0.039155	0.038822
388.000000	0.037290	0.037252	0.037650	0.037429	0.037325	0.037540	0.037122
389.000000	0.035776	0.035920	0.036125	0.035849	0.035989	0.035772	0.035669
390.000000	0.034527	0.034716	0.034610	0.034309	0.034733	0.034135	0.034453
391.000000	0.033436	0.033439	0.033327	0.032997	0.033416	0.032979	0.033327
392.000000	0.032394	0.032108	0.032239	0.031907	0.032088	0.032150	0.032203
393.000000	0.031297	0.030880	0.031152	0.030911	0.030916	0.031190	0.031038
394.000000	0.030140	0.029810	0.030026	0.029943	0.029900	0.030010	0.029873
395.000000	0.029004	0.028853	0.028965	0.028999	0.028887	0.028863	0.028831
396.000000	0.027985	0.027977	0.028038	0.028106	0.027889	0.027919	0.027954
397.000000	0.027196	0.027172	0.027259	0.027334	0.027143	0.027212	0.027178
398.000000	0.026627	0.026429	0.026586	0.026686	0.026693	0.026683	0.026449
399.000000	0.026026	0.025743	0.025875	0.026025	0.026172	0.026100	0.025738
400.000000	0.025207	0.025088	0.025037	0.025248	0.025321	0.025294	0.025019
401.000000	0.024261	0.024393	0.024184	0.024398	0.024332	0.024333	0.024255
402.000000	0.023330	0.023607	0.023434	0.023536	0.023438	0.023334	0.023438
403.000000	0.022531	0.022818	0.022742	0.022696	0.022674	0.022419	0.022720
404.000000	0.021943	0.022134	0.022035	0.021903	0.022008	0.021700	0.022244
405.000000	0.021401	0.021523	0.021337	0.021194	0.021353	0.021185	0.021795
406.000000	0.020669	0.020898	0.020708	0.020604	0.020611	0.020826	0.021039
407.000000	0.019835	0.020222	0.020113	0.020048	0.019832	0.020427	0.020061
408.000000	0.019189	0.019488	0.019465	0.019380	0.019156	0.019720	0.019200
409.000000	0.018749	0.018734	0.018769	0.018638	0.018607	0.018814	0.018563
410.000000	0.018294	0.018041	0.018120	0.018023	0.018103	0.018165	0.018038
411.000000	0.017713	0.017428	0.017525	0.017557	0.017583	0.017839	0.017540
412.000000	0.017060	0.016836	0.016871	0.017009	0.017020	0.017370	0.017038
413.000000	0.016391	0.016228	0.016151	0.016291	0.016422	0.016546	0.016501
414.000000	0.015735	0.015625	0.015584	0.015628	0.015862	0.015730	0.015909
415.000000	0.015123	0.015052	0.015285	0.015170	0.015368	0.015194	0.015272
416.000000	0.014589	0.014535	0.014971	0.014753	0.014814	0.014754	0.014699
417.000000	0.014153	0.014089	0.014392	0.014212	0.014111	0.014206	0.014275
418.000000	0.013748	0.013690	0.013763	0.013656	0.013454	0.013654	0.013900
419.000000	0.013294	0.013300	0.013364	0.013235	0.013068	0.013246	0.013440
420.000000	0.012775	0.012885	0.013008	0.012845	0.012802	0.012855	0.012884
421.000000	0.012204	0.012415	0.012350	0.012300	0.012374	0.012262	0.012278
422.000000	0.011664	0.011894	0.011557	0.011690	0.011804	0.011580	0.011696
423.000000	0.011274	0.011351	0.011088	0.011270	0.011301	0.011117	0.011228
424.000000	0.010982	0.010830	0.010935	0.011011	0.010924	0.010877	0.010874
425.000000	0.010586	0.010389	0.010661	0.010626	0.010592	0.010584	0.010550
426.000000	0.010047	0.010036	0.010123	0.010048	0.010232	0.010127	0.010190
427.000000	0.009560	0.009705	0.009590	0.009507	0.009791	0.009626	0.009752
428.000000	0.009215	0.009332	0.009216	0.009130	0.009273	0.009163	0.009234
429.000000	0.008882	0.008866	0.008884	0.008809	0.008800	0.008720	0.008714
430.000000	0.008451	0.008302	0.008479	0.008451	0.008439	0.008288	0.008259
431.000000	0.007954	0.007769	0.007991	0.008095	0.008062	0.007911	0.007875
432.000000	0.007449	0.007372	0.007446	0.007774	0.007555	0.007619	0.007547
433.000000	0.007005	0.007010	0.006943	0.007378	0.007022	0.007318	0.007213
434.000000	0.006670	0.006554	0.006580	0.006798	0.006602	0.006905	0.006815
435.000000	0.006351	0.006083	0.006293	0.006185	0.006266	0.006437	0.006371
436.000000	0.005915	0.005751	0.005957	0.005774	0.005924	0.006029	0.005932
437.000000	0.005426	0.005531	0.005571	0.005520	0.005561	0.005698	0.005531
438.000000	0.005060	0.005291	0.005206	0.005217	0.005212	0.005403	0.005185
439.000000	0.004817	0.004965	0.004882	0.004817	0.004874	0.005073	0.004869
440.000000	0.004540	0.004553	0.004572	0.004415	0.004518	0.004623	0.004515
441.000000	0.004170	0.004097	0.004237	0.004060	0.004152	0.004080	0.004128
442.000000	0.003780	0.003692	0.003820	0.003734	0.003834	0.003628	0.003807
443.000000	0.003423	0.003385	0.003344	0.003429	0.003577	0.003363	0.003581
444.000000	0.003090	0.003129	0.002979	0.003159	0.003299	0.003200	0.003331
445.000000	0.002772	0.002874	0.002810	0.002921	0.002950	0.003035	0.002972
446.000000	0.002474	0.002591	0.002619	0.002649	0.002591	0.002766	0.002564
447.000000	0.002198	0.002262	0.002221	0.002289	0.002282	0.002340	0.002176
448.000000	0.001917	0.001922	0.001782	0.001900	0.001979	0.001899	0.001833
449.000000	0.001603	0.001610	0.001520	0.001559	0.001625	0.001612	0.001541
450.000000	0.001288	0.001335	0.001385	0.001294	0.001250	0.001445	0.001296
451.000000	0.001020	0.001090	0.001221	0.001103	0.000922	0.001289	0.001086
452.000000	0.000775	0.000839	0.000969	0.000926	0.000663	0.001071	0.000888
453.000000	0.000488	0.000535	0.000625	0.000673	0.000470	0.000745	0.000678
454.000000	0.000171	0.000202	0.000259	0.000353	0.000307	0.000374	0.000428
455.000000	-0.000104	-0.000074	-0.000005	0.000055	0.000109	0.000110	0.000118
456.000000	-0.000322	-0.000278	-0.000173	-0.000191	-0.000143	-0.000053	-0.000234
457.000000	-0.000543	-0.000482	-0.000425	-0.000435	-0.000410	-0.000320	-0.000561
458.000000	-0.000807	-0.000734	-0.000825	-0.000714	-0.000670	-0.000760	-0.000822
459.000000	-0.001105	-0.001020	-0.001222	-0.001023	-0.000932	-0.001163	-0.001035
460.000000	-0.001401	-0.001300	-0.001482	-0.001340	-0.001196	-0.001372	-0.001222
461.000000	-0.001592	-0.001480	-0.001592	-0.001591	-0.001424	-0.001453	-0.001396
462.000000	-0.001621	-0.001515	-0.001589	-0.001728	-0.001587	-0.001499	-0.001568
463.000000	-0.001655	-0.001589	-0.001627	-0.001824	-0.001712	-0.001574	-0.001734
464.000000	-0.001879	-0.001900	-0.001853	-0.001975	-0.001845	-0.001729	-0.001898
465.000000	-0.002222	-0.002323	-0.002194	-0.002191	-0.002045	-0.001979	-0.002121
466.000000	-0.002530	-0.002633	-0.002503	-0.002454	-0.002361	-0.002316	-0.002470
467.000000	-0.002772	-0.002822	-0.002745	-0.002741	-0.002700	-0.002674	-0.002851
468.000000	-0.002986	-0.002998	-0.002954	-0.003027	-0.002900	-0.002957	-0.003086
469.000000	-0.003211	-0.003215	-0.003165	-0.003288	-0.003005	-0.003152	-0.003186
470.000000	-0.003483	-0.003476	-0.003418	-0.003497	-0.003228	-0.003318	-0.003313
471.000000	-0.003770	-0.003736	-0.003679	-0.003646	-0.003596	-0.003496	-0.003519
472.000000	-0.003957	-0.003893	-0.003835	-0.003749	-0.003910	-0.003703	-0.003719
473.000000	-0.004009	-0.003944	-0.003868	-0.003837	-0.004073	-0.003927	-0.003872
474.000000	-0.004037	-0.004058	-0.003938	-0.003972	-0.004188	-0.004107	-0.004027
475.000000	-0.004139	-0.004315	-0.004150	-0.004184	-0.004324	-0.004217	-0.004215
476.000000	-0.004344	-0.004535	-0.004427	-0.004426	-0.004424	-0.004343	-0.004398
477.000000	-0.004642	-0.004573	-0.004681	-0.004645	-0.004452	-0.004552	-0.004541
478.000000	-0.004922	-0.004586	-0.004898	-0.004823	-0.004545	-0.004787	-0.004664
479.000000	-0.005076	-0.004764	-0.005082	-0.004957	-0.004836	-0.004974	-0.004795
480.000000	-0.005159	-0.005053	-0.005246	-0.005105	-0.005188	-0.005120	-0.004951
481.000000	-0.005272	-0.005318	-0.005402	-0.005329	-0.005391	-0.005259	-0.005138
482.000000	-0.005407	-0.005492	-0.005513	-0.005551	-0.005434	-0.005373	-0.005319
483.000000	-0.005502	-0.005549	-0.005521	-0.005631	-0.005412	-0.005420	-0.005437
484.000000	-0.005571	-0.005540	-0.005485	-0.005591	-0.005411	-0.005420	-0.005506
485.000000	-0.005681	-0.005575	-0.005546	-0.005580	-0.005510	-0.005440	-0.005593
486.000000	-0.005826	-0.005692	-0.005723	-0.005661	-0.005699	-0.005525	-0.005714
487.000000	-0.005912	-0.005852	-0.005895	-0.005798	-0.005870	-0.005692	-0.005836
488.000000	-0.005937	-0.006028	-0.006010	-0.005963	-0.005984	-0.005930	-0.005949
489.000000	-0.006052	-0.006225	-0.006144	-0.006150	-0.006121	-0.006183	-0.006097
490.000000	-0.006335	-0.006436	-0.006338	-0.006350	-0.006320	-0.006390	-0.006298
491.000000	-0.006645	-0.006616	-0.006519	-0.006545	-0.006495	-0.006491	-0.006496
492.000000	-0.006851	-0.006735	-0.006631	-0.006713	-0.006578	-0.006471	-0.006644
493.000000	-0.006971	-0.006827	-0.006730	-0.006830	-0.006638	-0.006491	-0.006755
494.000000	-0.007053	-0.006935	-0.006876	-0.006882	-0.006753	-0.006698	-0.006853
495.000000	-0.007118	-0.007041	-0.007031	-0.006926	-0.006907	-0.006951	-0.006930
496.000000	-0.007177	-0.007113	-0.007131	-0.007032	-0.007053	-0.007040	-0.006981
497.000000	-0.007252	-0.007182	-0.007194	-0.007186	-0.007178	-0.007040	-0.007055
498.000000	-0.007364	-0.007307	-0.007278	-0.007331	-0.007287	-0.007149	-0.007226
499.000000	-0.007518	-0.007487	-0.007401	-0.007466	-0.007386	-0.007378	-0.007450
500.000000	-0.007704	-0.007683	-0.007555	-0.007627	-0.007477	-0.007598	-0.007604
501.000000	-0.007878	-0.007846	-0.007706	-0.007785	-0.007571	-0.007737	-0.007656
502.000000	-0.007962	-0.007914	-0.007795	-0.007842	-0.007689	-0.007777	-0.007672
503.000000	-0.007960	-0.007905	-0.007832	-0.007806	-0.007826	-0.007763	-0.007715
504.000000	-0.008011	-0.007945	-0.007938	-0.007843	-0.007948	-0.007825	-0.007832
505.000000	-0.008180	-0.008096	-0.008153	-0.008031	-0.008037	-0.008019	-0.008021
506.000000	-0.008361	-0.008257	-0.008316	-0.008216	-0.008133	-0.008218	-0.008173
507.000000	-0.008461	-0.008337	-0.008316	-0.008280	-0.008261	-0.008316	-0.008216
508.000000	-0.008509	-0.008353	-0.008290	-0.008308	-0.008385	-0.008350	-0.008247
509.000000	-0.008559	-0.008348	-0.008387	-0.008403	-0.008472	-0.008385	-0.008369
510.000000	-0.008632	-0.008394	-0.008558	-0.008530	-0.008566	-0.008454	-0.008540
511.000000	-0.008737	-0.008549	-0.008702	-0.008624	-0.008719	-0.008578	-0.008681
512.000000	-0.008819	-0.008729	-0.008780	-0.008679	-0.008861	-0.008703	-0.008759
513.000000	-0.008807	-0.008799	-0.008786	-0.008721	-0.008880	-0.008755	-0.008769
514.000000	-0.008767	-0.008807	-0.008788	-0.008796	-0.008826	-0.008766	-0.008757
515.000000	-0.008853	-0.008922	-0.008898	-0.008954	-0.008857	-0.008831	-0.008799
516.000000	-0.009053	-0.009132	-0.009082	-0.009139	-0.008982	-0.008958	-0.008886
517.000000	-0.009196	-0.009261	-0.009173	-0.009191	-0.009072	-0.009064	-0.008927
518.000000	-0.009224	-0.009249	-0.009147	-0.009102	-0.009093	-0.009116	-0.008922
519.000000	-0.009243	-0.009211	-0.009188	-0.009087	-0.009148	-0.009154	-0.008998
520.000000	-0.009332	-0.009247	-0.009380	-0.009261	-0.009298	-0.009217	-0.009213
521.000000	-0.009487	-0.009404	-0.009570	-0.009511	-0.009488	-0.009326	-0.009456
522.000000	-0.009676	-0.009666	-0.009642	-0.009718	-0.009658	-0.009484	-0.009627
523.000000	-0.009804	-0.009855	-0.009669	-0.009822	-0.009754	-0.009632	-0.009704
524.000000	-0.009805	-0.009829	-0.009735	-0.009802	-0.009751	-0.009719	-0.009697
525.000000	-0.009797	-0.009757	-0.009826	-0.009758	-0.009749	-0.009779	-0.009698
526.000000	-0.009919	-0.009848	-0.009903	-0.009807	-0.009854	-0.009861	-0.009802
527.000000	-0.010103	-0.010017	-0.009968	-0.009930	-0.010012	-0.009950	-0.009951
528.000000	-0.010212	-0.010078	-0.010038	-0.010058	-0.010112	-0.010011	-0.010038
529.000000	-0.010253	-0.010075	-0.010121	-0.010160	-0.010164	-0.010065	-0.010070
530.000000	-0.010319	-0.010185	-0.010223	-0.010233	-0.010254	-0.010165	-0.010121
531.000000	-0.010430	-0.010403	-0.010339	-0.010302	-0.010380	-0.010309	-0.010233
532.000000	-0.010545	-0.010567	-0.010456	-0.010419	-0.010464	-0.010445	-0.010414
533.000000	-0.010634	-0.010614	-0.010558	-0.010579	-0.010490	-0.010545	-0.010614
534.000000	-0.010683	-0.010614	-0.010630	-0.010698	-0.010522	-0.010616	-0.010715
535.000000	-0.010703	-0.010622	-0.010671	-0.010736	-0.010597	-0.010665	-0.010677
536.000000	-0.010745	-0.010654	-0.010714	-0.010736	-0.010691	-0.010696	-0.010613
537.000000	-0.010829	-0.010712	-0.010775	-0.010739	-0.010780	-0.010715	-0.010618
538.000000	-0.010893	-0.010778	-0.010821	-0.010764	-0.010850	-0.010735	-0.010693
539.000000	-0.010894	-0.010840	-0.010831	-0.010819	-0.010900	-0.010770	-0.010819
540.000000	-0.010929	-0.010927	-0.010874	-0.010902	-0.010971	-0.010844	-0.010955
541.000000	-0.011090	-0.011063	-0.011017	-0.011002	-0.011095	-0.010975	-0.011056
542.000000	-0.011258	-0.011181	-0.011181	-0.011069	-0.011183	-0.011105	-0.011109
543.000000	-0.011260	-0.011196	-0.011242	-0.011053	-0.011123	-0.011157	-0.011114
544.000000	-0.011165	-0.011166	-0.011228	-0.011023	-0.011009	-0.011155	-0.011129
545.000000	-0.011159	-0.011213	-0.011238	-0.011099	-0.011038	-0.011174	-0.011230
546.000000	-0.011246	-0.011316	-0.011287	-0.011245	-0.011195	-0.011216	-0.011363
547.000000	-0.011290	-0.011347	-0.011319	-0.011303	-0.011304	-0.011232	-0.011367
548.000000	-0.011250	-0.011284	-0.011311	-0.011241	-0.011308	-0.011210	-0.011246
549.000000	-0.011203	-0.011231	-0.011281	-0.011173	-0.011288	-0.011180	-0.011187
550.000000	-0.011202	-0.011251	-0.011249	-0.011182	-0.011298	-0.011182	-0.011267
551.000000	-0.011258	-0.011323	-0.011246	-0.011281	-0.011343	-0.011267	-0.011374
552.000000	-0.011369	-0.011418	-0.011296	-0.011445	-0.011420	-0.011441	-0.011428
553.000000	-0.011515	-0.011498	-0.011415	-0.011561	-0.011526	-0.011588	-0.011473
554.000000	-0.011646	-0.011522	-0.011570	-0.011552	-0.011627	-0.011599	-0.011533
555.000000	-0.011617	-0.011442	-0.011568	-0.011515	-0.011592	-0.011439	-0.011512
556.000000	-0.011391	-0.011291	-0.011321	-0.011558	-0.011378	-0.011186	-0.011382
557.000000	-0.011593	-0.011546	-0.011496	-0.011663	-0.011544	-0.011426	-0.011616
558.000000	-0.012738	-0.012556	-0.012663	-0.011757	-0.012555	-0.012595	-0.012579
559.000000	-0.012687	-0.012463	-0.012649	-0.011675	-0.012520	-0.012551	-0.012426
560.000000	-0.008729	-0.008964	-0.008671	-0.011269	-0.009037	-0.008612	-0.008866
561.000000	-0.007410	-0.007867	-0.007300	-0.011236	-0.007898	-0.007320	-0.007734
562.000000	-0.020449	-0.019500	-0.020350	-0.012728	-0.019469	-0.020367	-0.019394
563.000000	-0.029741	-0.027762	-0.029724	-0.013750	-0.027679	-0.029642	-0.027724
564.000000	0.011521	0.008879	0.011467	-0.009304	0.008988	0.011645	0.008890
565.000000	0.092163	0.080404	0.092099	-0.001309	0.080496	0.092303	0.080447
566.000000	0.116840	0.101966	0.116826	-0.001691	0.101989	0.116972	0.102022
567.000000	0.046621	0.039054	0.046690	-0.014151	0.038978	0.046718	0.039067
568.000000	-0.027867	-0.027288	-0.027759	-0.023856	-0.027407	-0.027817	-0.027311
569.000000	-0.035501	-0.033566	-0.035439	-0.020176	-0.033621	-0.035488	-0.033569
570.000000	-0.012782	-0.012746	-0.012771	-0.012169	-0.012716	-0.012782	-0.012705
571.000000	-0.005719	-0.006249	-0.005685	-0.009963	-0.006202	-0.005698	-0.006181
572.000000	-0.011103	-0.011108	-0.011033	-0.011646	-0.011083	-0.011055	-0.011028
573.000000	-0.013771	-0.013566	-0.013727	-0.012510	-0.013556	-0.013722	-0.013480
574.000000	-0.012489	-0.012457	-0.012506	-0.012145	-0.012453	-0.012467	-0.012379
575.000000	-0.011580	-0.011632	-0.011616	-0.011858	-0.011644	-0.011597	-0.011588
576.000000	-0.011908	-0.011869	-0.011889	-0.011920	-0.011896	-0.011922	-0.011857
577.000000	-0.012252	-0.012092	-0.012106	-0.011984	-0.012115	-0.012158	-0.012067
578.000000	-0.012217	-0.012042	-0.011998	-0.012004	-0.012021	-0.012018	-0.011981
579.000000	-0.012149	-0.012174	-0.012127	-0.012190	-0.012063	-0.012095	-0.012137
580.000000	-0.012149	-0.012363	-0.012366	-0.012354	-0.012187	-0.012306	-0.012389
581.000000	-0.011986	-0.011740	-0.011702	-0.011814	-0.011699	-0.011700	-0.011717
582.000000	-0.011763	-0.010789	-0.010665	-0.011023	-0.011013	-0.010745	-0.010649
583.000000	-0.012223	-0.012485	-0.012632	-0.012514	-0.012580	-0.012528	-0.012564
584.000000	-0.013205	-0.016279	-0.016979	-0.015773	-0.015835	-0.016481	-0.016857
585.000000	-0.012027	-0.011775	-0.011900	-0.011802	-0.011801	-0.011810	-0.011778
586.000000	-0.008112	0.003253	0.005159	0.001297	0.001381	0.003809	0.005204
587.000000	-0.010615	-0.006768	-0.006043	-0.007381	-0.007261	-0.006470	-0.006054
588.000000	-0.025207	-0.069436	-0.076728	-0.063482	-0.063430	-0.071852	-0.076677
589.000000	-0.023521	-0.112550	-0.125181	-0.115759	-0.115802	-0.121732	-0.125027
590.000000	0.026923	-0.045213	-0.048552	-0.095914	-0.095968	-0.065858	-0.048385
591.000000	0.085254	0.067891	0.079675	-0.031837	-0.031831	0.038949	0.079778
592.000000	0.077762	0.089566	0.103866	0.002183	0.002253	0.066763	0.103908
593.000000	0.016363	0.022532	0.027316	-0.004536	-0.004438	0.015746	0.027327
594.000000	-0.023978	-0.026773	-0.028865	-0.015031	-0.014953	-0.023773	-0.028874
595.000000	-0.020648	-0.022666	-0.024159	-0.014000	-0.013981	-0.020476	-0.024187
596.000000	-0.008827	-0.008113	-0.007604	-0.010675	-0.010718	-0.008790	-0.007666
597.000000	-0.008451	-0.007669	-0.007191	-0.010518	-0.010595	-0.008454	-0.007286
598.000000	-0.011669	-0.011672	-0.011805	-0.011347	-0.011400	-0.011668	-0.011884
599.000000	-0.011965	-0.012088	-0.012246	-0.011359	-0.011335	-0.011960	-0.012241
600.000000	-0.010997	-0.010919	-0.010899	-0.011030	-0.010949	-0.010968	-0.010802
601.000000	-0.010789	-0.010639	-0.010661	-0.010930	-0.010860	-0.010703	-0.010515
602.000000	-0.010995	-0.010870	-0.011016	-0.010937	-0.010883	-0.010848	-0.010864
603.000000	-0.010941	-0.010832	-0.010983	-0.010836	-0.010747	-0.010763	-0.010854
604.000000	-0.010706	-0.010603	-0.010696	-0.010657	-0.010560	-0.010551	-0.010573
605.000000	-0.010562	-0.010487	-0.010568	-0.010498	-0.010513	-0.010492	-0.010398
606.000000	-0.010543	-0.010513	-0.010589	-0.010412	-0.010558	-0.010552	-0.010379
607.000000	-0.010577	-0.010590	-0.010579	-0.010429	-0.010553	-0.010563	-0.010425
608.000000	-0.010612	-0.010638	-0.010524	-0.010507	-0.010498	-0.010514	-0.010485
609.000000	-0.010608	-0.010593	-0.010520	-0.010565	-0.010482	-0.010492	-0.010536
610.000000	-0.010560	-0.010476	-0.010545	-0.010553	-0.010500	-0.010494	-0.010532
611.000000	-0.010493	-0.010387	-0.010474	-0.010457	-0.010464	-0.010444	-0.010408
612.000000	-0.010431	-0.010371	-0.010314	-0.010327	-0.010365	-0.010333	-0.010218
613.000000	-0.010402	-0.010399	-0.010254	-0.010285	-0.010305	-0.010252	-0.010168
614.000000	-0.010414	-0.010440	-0.010365	-0.010372	-0.010331	-0.010251	-0.010318
615.000000	-0.010435	-0.010466	-0.010471	-0.010454	-0.010373	-0.010298	-0.010437
616.000000	-0.010446	-0.010467	-0.010458	-0.010444	-0.010387	-0.010355	-0.010386
617.000000	-0.010484	-0.010484	-0.010452	-0.010436	-0.010419	-0.010403	-0.010355
618.000000	-0.010576	-0.010549	-0.010567	-0.010516	-0.010518	-0.010437	-0.010514
619.000000	-0.010681	-0.010646	-0.010724	-0.010643	-0.010657	-0.010487	-0.010722
620.000000	-0.010748	-0.010745	-0.010811	-0.010751	-0.010791	-0.010581	-0.010793
621.000000	-0.010772	-0.010803	-0.010826	-0.010815	-0.010868	-0.010675	-0.010755
622.000000	-0.010770	-0.010786	-0.010808	-0.010828	-0.010847	-0.010708	-0.010710
623.000000	-0.010781	-0.010748	-0.010787	-0.010818	-0.010790	-0.010717	-0.010696
624.000000	-0.010852	-0.010787	-0.010788	-0.010826	-0.010807	-0.010783	-0.010718
625.000000	-0.010964	-0.010894	-0.010818	-0.010853	-0.010885	-0.010889	-0.010773
626.000000	-0.011042	-0.010979	-0.010877	-0.010866	-0.010917	-0.010946	-0.010852
627.000000	-0.011060	-0.011005	-0.010942	-0.010862	-0.010889	-0.010939	-0.010933
628.000000	-0.011043	-0.010995	-0.010969	-0.010872	-0.010892	-0.010937	-0.010974
629.000000	-0.011017	-0.010982	-0.010950	-0.010902	-0.010947	-0.010959	-0.010966
630.000000	-0.011004	-0.011017	-0.010937	-0.010920	-0.010967	-0.010944	-0.010952
631.000000	-0.011013	-0.011101	-0.010957	-0.010907	-0.010907	-0.010871	-0.010958
632.000000	-0.011026	-0.011125	-0.010974	-0.010888	-0.010853	-0.010819	-0.010956
633.000000	-0.011023	-0.011025	-0.010960	-0.010890	-0.010874	-0.010850	-0.010931
634.000000	-0.011014	-0.010945	-0.010945	-0.010939	-0.010940	-0.010923	-0.010926
635.000000	-0.011014	-0.011021	-0.010967	-0.011044	-0.011008	-0.010985	-0.010980
636.000000	-0.011048	-0.011162	-0.011040	-0.011151	-0.011080	-0.011047	-0.011063
637.000000	-0.011132	-0.011221	-0.011161	-0.011192	-0.011163	-0.011128	-0.011128
638.000000	-0.011202	-0.011200	-0.011252	-0.011160	-0.011219	-0.011176	-0.011144
639.000000	-0.011169	-0.011164	-0.011218	-0.011072	-0.011198	-0.011116	-0.011095
640.000000	-0.011070	-0.011135	-0.011123	-0.011000	-0.011114	-0.011016	-0.011029
641.000000	-0.011020	-0.011110	-0.011128	-0.011037	-0.011027	-0.011025	-0.011032
642.000000	-0.011038	-0.011086	-0.011221	-0.011139	-0.010985	-0.011120	-0.011095
643.000000	-0.011055	-0.011059	-0.011234	-0.011137	-0.011029	-0.011121	-0.011128
644.000000	-0.011038	-0.011022	-0.011118	-0.011006	-0.011121	-0.010993	-0.011098
645.000000	-0.011008	-0.010961	-0.010986	-0.010916	-0.011127	-0.010894	-0.011063
646.000000	-0.010983	-0.010897	-0.010921	-0.010947	-0.011008	-0.010906	-0.011054
647.000000	-0.010980	-0.010918	-0.010930	-0.011001	-0.010921	-0.010946	-0.011049
648.000000	-0.011013	-0.011067	-0.011003	-0.011005	-0.010970	-0.010962	-0.011039
649.000000	-0.011101	-0.011244	-0.011119	-0.011011	-0.011083	-0.011029	-0.011065
650.000000	-0.011244	-0.011356	-0.011249	-0.011073	-0.011174	-0.011199	-0.011153
651.000000	-0.011380	-0.011407	-0.011349	-0.011182	-0.011243	-0.011362	-0.011257
652.000000	-0.011435	-0.011422	-0.011376	-0.011301	-0.011298	-0.011391	-0.011314
653.000000	-0.011373	-0.011378	-0.011326	-0.011347	-0.011300	-0.011301	-0.011279
654.000000	-0.011186	-0.011244	-0.011208	-0.011238	-0.011197	-0.011159	-0.011124
655.000000	-0.010981	-0.011062	-0.011064	-0.011045	-0.011037	-0.011022	-0.010951
656.000000	-0.010908	-0.010911	-0.010944	-0.010911	-0.010909	-0.010933	-0.010911
657.000000	-0.010930	-0.010806	-0.010853	-0.010832	-0.010828	-0.010876	-0.010958
658.000000	-0.010872	-0.010712	-0.010760	-0.010696	-0.010751	-0.010791	-0.010902
659.000000	-0.010726	-0.010640	-0.010675	-0.010532	-0.010683	-0.010688	-0.010739
660.000000	-0.010667	-0.010649	-0.010652	-0.010519	-0.010674	-0.010649	-0.010662
661.000000	-0.010732	-0.010730	-0.010692	-0.010672	-0.010721	-0.010688	-0.010723
662.000000	-0.010739	-0.010770	-0.010714	-0.010749	-0.010726	-0.010714	-0.010743
663.000000	-0.010602	-0.010707	-0.010665	-0.010636	-0.010647	-0.010670	-0.010633
664.000000	-0.010490	-0.010603	-0.010562	-0.010530	-0.010568	-0.010584	-0.010528
665.000000	-0.010531	-0.010529	-0.010446	-0.010583	-0.010550	-0.010497	-0.010537
666.000000	-0.010636	-0.010536	-0.010415	-0.010660	-0.010541	-0.010458	-0.010579
667.000000	-0.010689	-0.010639	-0.010533	-0.010617	-0.010483	-0.010491	-0.010562
668.000000	-0.010642	-0.010709	-0.010641	-0.010513	-0.010406	-0.010491	-0.010492
669.000000	-0.010491	-0.010611	-0.010561	-0.010453	-0.010358	-0.010356	-0.010410
670.000000	-0.010368	-0.010480	-0.010410	-0.010446	-0.010369	-0.010247	-0.010389
671.000000	-0.010442	-0.010535	-0.010407	-0.010462	-0.010449	-0.010401	-0.010498
672.000000	-0.010623	-0.010679	-0.010515	-0.010470	-0.010536	-0.010676	-0.010627
673.000000	-0.010682	-0.010640	-0.010550	-0.010444	-0.010527	-0.010716	-0.010570
674.000000	-0.010592	-0.010434	-0.010470	-0.010392	-0.010434	-0.010515	-0.010374
675.000000	-0.010508	-0.010323	-0.010364	-0.010351	-0.010367	-0.010368	-0.010297
676.000000	-0.010491	-0.010382	-0.010296	-0.010337	-0.010367	-0.010382	-0.010390
677.000000	-0.010478	-0.010456	-0.010306	-0.010336	-0.010381	-0.010431	-0.010440
678.000000	-0.010448	-0.010454	-0.010383	-0.010349	-0.010387	-0.010437	-0.010365
679.000000	-0.010459	-0.010426	-0.010432	-0.010399	-0.010417	-0.010430	-0.010327
680.000000	-0.010538	-0.010417	-0.010405	-0.010490	-0.010487	-0.010439	-0.010424
681.000000	-0.010621	-0.010427	-0.010384	-0.010556	-0.010557	-0.010471	-0.010536
682.000000	-0.010652	-0.010455	-0.010443	-0.010557	-0.010595	-0.010523	-0.010562
683.000000	-0.010660	-0.010522	-0.010544	-0.010570	-0.010634	-0.010572	-0.010571
684.000000	-0.010683	-0.010641	-0.010634	-0.010666	-0.010702	-0.010594	-0.010647
685.000000	-0.010689	-0.010738	-0.010695	-0.010762	-0.010734	-0.010596	-0.010736
686.000000	-0.010633	-0.010732	-0.010722	-0.010738	-0.010650	-0.010593	-0.010747
687.000000	-0.010573	-0.010671	-0.010737	-0.010654	-0.010528	-0.010592	-0.010687
688.000000	-0.010605	-0.010662	-0.010770	-0.010642	-0.010511	-0.010598	-0.010609
689.000000	-0.010722	-0.010712	-0.010823	-0.010717	-0.010619	-0.010644	-0.010590
690.000000	-0.010843	-0.010767	-0.010883	-0.010809	-0.010785	-0.010777	-0.010715
691.000000	-0.010889	-0.010789	-0.010913	-0.010858	-0.010920	-0.010923	-0.010886
692.000000	-0.010789	-0.010765	-0.010861	-0.010821	-0.010913	-0.010900	-0.010831
693.000000	-0.010577	-0.010704	-0.010739	-0.010711	-0.010773	-0.010697	-0.010546
694.000000	-0.010430	-0.010648	-0.010642	-0.010620	-0.010669	-0.010547	-0.010402
695.000000	-0.010438	-0.010612	-0.010619	-0.010596	-0.010675	-0.010561	-0.010548
696.000000	-0.010501	-0.010557	-0.010611	-0.010587	-0.010651	-0.010587	-0.010660
697.000000	-0.010530	-0.010470	-0.010576	-0.010555	-0.010514	-0.010514	-0.010519
698.000000	-0.010535	-0.010436	-0.010535	-0.010535	-0.010412	-0.010437	-0.010364
699.000000	-0.010533	-0.010515	-0.010518	-0.010550	-0.010474	-0.010446	-0.010424
700.000000	-0.010508	-0.010600	-0.010525	-0.010536	-0.010592	-0.010476	-0.010565
701.000000	-0.010446	-0.010569	-0.010545	-0.010431	-0.010621	-0.010442	-0.010594
702.000000	-0.010394	-0.010469	-0.010554	-0.010321	-0.010569	-0.010393	-0.010539
703.000000	-0.010409	-0.010397	-0.010522	-0.010334	-0.010500	-0.010417	-0.010498
704.000000	-0.010449	-0.010370	-0.010468	-0.010409	-0.010455	-0.010486	-0.010484
705.000000	-0.010422	-0.010360	-0.010431	-0.010399	-0.010459	-0.010514	-0.010462
706.000000	-0.010335	-0.010342	-0.010405	-0.010305	-0.010492	-0.010500	-0.010427
707.000000	-0.010266	-0.010295	-0.010349	-0.010244	-0.010494	-0.010511	-0.010399
708.000000	-0.010224	-0.010203	-0.010252	-0.010234	-0.010426	-0.010500	-0.010341
709.000000	-0.010137	-0.010056	-0.010135	-0.010178	-0.010272	-0.010300	-0.010157
710.000000	-0.009970	-0.009860	-0.010000	-0.010028	-0.010039	-0.009916	-0.009842
711.000000	-0.009746	-0.009649	-0.009823	-0.009818	-0.009775	-0.009616	-0.009532
712.000000	-0.009488	-0.009432	-0.009580	-0.009567	-0.009515	-0.009518	-0.009308
713.000000	-0.009219	-0.009180	-0.009248	-0.009250	-0.009258	-0.009372	-0.009110
714.000000	-0.008968	-0.008895	-0.008849	-0.008878	-0.009007	-0.009004	-0.008886
715.000000	-0.008795	-0.008709	-0.008544	-0.008587	-0.008799	-0.008633	-0.008672
716.000000	-0.008723	-0.008703	-0.008449	-0.008476	-0.008642	-0.008473	-0.008497
717.000000	-0.008561	-0.008607	-0.008351	-0.008354	-0.008418	-0.008350	-0.008269
718.000000	-0.008112	-0.008121	-0.007999	-0.007992	-0.008000	-0.008022	-0.007883
719.000000	-0.007533	-0.007446	-0.007511	-0.007475	-0.007508	-0.007533	-0.007374
720.000000	-0.007112	-0.006962	-0.007141	-0.007015	-0.007145	-0.007047	-0.006843
721.000000	-0.006964	-0.006783	-0.006924	-0.006750	-0.006958	-0.006746	-0.006488
722.000000	-0.007079	-0.006845	-0.006765	-0.006759	-0.006894	-0.006791	-0.006536
723.000000	-0.007146	-0.006907	-0.006593	-0.006855	-0.006795	-0.006889	-0.006751
724.000000	-0.006627	-0.006586	-0.006359	-0.006638	-0.006427	-0.006385	-0.006531
725.000000	-0.005695	-0.005949	-0.006086	-0.006116	-0.005878	-0.005418	-0.005902
726.000000	-0.005359	-0.005589	-0.005880	-0.005775	-0.005610	-0.005065	-0.005639
727.000000	-0.005844	-0.005677	-0.005742	-0.005762	-0.005740	-0.005658	-0.005971
728.000000	-0.005988	-0.005628	-0.005491	-0.005617	-0.005773	-0.006214	-0.006150
729.000000	-0.005149	-0.005110	-0.005065	-0.005087	-0.005419	-0.006018	-0.005723
730.000000	-0.004219	-0.004543	-0.004709	-0.004544	-0.005019	-0.005304	-0.005168
731.000000	-0.004012	-0.004316	-0.004629	-0.004324	-0.004885	-0.004384	-0.004938
732.000000	-0.004296	-0.004322	-0.004725	-0.004322	-0.004933	-0.003379	-0.004937
