[HEADER]
Format	J&M ASCII Table
Comment	
Date	2/21/2023 4:40:15 AM
Order	Y (evenX)
TechType	UV
NumPoints	483
FirstX	250.00
LastX	732.00
XType	NMetr
YType	Absrb
ZType	Secs
NumSubFile	7
Matrix	Z vs X
[DATA]
	0.000000	5.000128	10.000192	15.000256	20.000383	25.000448	30.000511
250.000000	1.601408	1.603030	1.602901	1.602903	1.605966	1.598844	1.598552
251.000000	1.589825	1.589242	1.586329	1.585737	1.591839	1.580268	1.583370
252.000000	1.572022	1.568123	1.566170	1.560252	1.569651	1.555493	1.559159
253.000000	1.552641	1.547409	1.547481	1.537039	1.547325	1.534628	1.537100
254.000000	1.535794	1.533379	1.533819	1.524156	1.531274	1.525101	1.525636
255.000000	1.520987	1.523119	1.521020	1.515464	1.518336	1.520159	1.517952
256.000000	1.507406	1.512505	1.505015	1.503808	1.504608	1.511563	1.506092
257.000000	1.497951	1.501722	1.491410	1.493338	1.493513	1.499781	1.493982
258.000000	1.496053	1.492536	1.487863	1.490945	1.490098	1.488406	1.488677
259.000000	1.498760	1.487725	1.491207	1.493926	1.491827	1.482548	1.489319
260.000000	1.500062	1.490151	1.493101	1.494983	1.492573	1.487377	1.491148
261.000000	1.497750	1.496027	1.491680	1.492498	1.491237	1.497269	1.492346
262.000000	1.492615	1.496678	1.490070	1.489239	1.490554	1.498663	1.493384
263.000000	1.486875	1.490789	1.490003	1.487082	1.491020	1.489990	1.494471
264.000000	1.484247	1.485538	1.491457	1.486730	1.490483	1.483513	1.495440
265.000000	1.485122	1.484532	1.492766	1.487015	1.487838	1.484334	1.495306
266.000000	1.484122	1.484536	1.489658	1.483721	1.484012	1.484161	1.491737
267.000000	1.478387	1.482628	1.480783	1.475259	1.480014	1.477769	1.484116
268.000000	1.472931	1.478388	1.472927	1.467532	1.476566	1.471123	1.476558
269.000000	1.471747	1.472059	1.471135	1.465158	1.473477	1.469441	1.472139
270.000000	1.469856	1.464941	1.468430	1.462979	1.467115	1.467987	1.466837
271.000000	1.461281	1.458135	1.456870	1.454720	1.454217	1.460615	1.455935
272.000000	1.447705	1.449844	1.441061	1.442293	1.439154	1.447800	1.441331
273.000000	1.433412	1.437411	1.429405	1.430285	1.428360	1.432459	1.427115
274.000000	1.419149	1.420805	1.419802	1.418465	1.419413	1.416408	1.413818
275.000000	1.403640	1.401543	1.404439	1.403907	1.405075	1.400707	1.399885
276.000000	1.386188	1.381550	1.382578	1.385625	1.384145	1.384389	1.383495
277.000000	1.366666	1.363046	1.359599	1.364375	1.360669	1.364843	1.362737
278.000000	1.346606	1.346652	1.339062	1.342257	1.338397	1.343117	1.339872
279.000000	1.329593	1.330944	1.321948	1.322983	1.320457	1.324949	1.322421
280.000000	1.316126	1.314450	1.307432	1.307546	1.307118	1.312007	1.312132
281.000000	1.300608	1.295853	1.291590	1.291598	1.293318	1.297689	1.299191
282.000000	1.279418	1.274992	1.272077	1.272387	1.275542	1.277421	1.277249
283.000000	1.256563	1.254969	1.252072	1.253466	1.256440	1.255087	1.253612
284.000000	1.236415	1.238135	1.234622	1.237836	1.238762	1.234980	1.235663
285.000000	1.218889	1.220884	1.217758	1.220999	1.220811	1.216458	1.220276
286.000000	1.202645	1.199081	1.198711	1.197874	1.200341	1.197827	1.202279
287.000000	1.186256	1.176571	1.178926	1.174000	1.179970	1.179683	1.182778
288.000000	1.168431	1.159930	1.161395	1.158486	1.163914	1.163438	1.165244
289.000000	1.149914	1.147669	1.146118	1.149004	1.150654	1.148560	1.149303
290.000000	1.132679	1.133357	1.131218	1.136217	1.135196	1.133328	1.132247
291.000000	1.117074	1.116006	1.116009	1.118541	1.117221	1.117428	1.114457
292.000000	1.101889	1.099820	1.100953	1.101788	1.100843	1.101877	1.099223
293.000000	1.086288	1.085964	1.085952	1.087876	1.086994	1.086570	1.086819
294.000000	1.070050	1.071069	1.070068	1.072863	1.071922	1.069769	1.073144
295.000000	1.053542	1.053891	1.053394	1.055028	1.054107	1.051539	1.056174
296.000000	1.038266	1.038321	1.038317	1.038205	1.037419	1.035961	1.038907
297.000000	1.025101	1.026923	1.026158	1.025178	1.024670	1.025412	1.023918
298.000000	1.012489	1.015954	1.013930	1.013174	1.013132	1.015227	1.010416
299.000000	0.998810	1.001552	0.998788	0.999131	0.999691	1.000746	0.997134
300.000000	0.984518	0.985435	0.982848	0.984037	0.984743	0.984255	0.983757
301.000000	0.970608	0.970693	0.969273	0.969885	0.969695	0.969658	0.970280
302.000000	0.957238	0.957572	0.957382	0.956685	0.955331	0.956689	0.956809
303.000000	0.944175	0.945000	0.944825	0.943552	0.942089	0.943262	0.943486
304.000000	0.931174	0.932205	0.931150	0.930099	0.929741	0.929210	0.930291
305.000000	0.918005	0.918673	0.917239	0.916322	0.917601	0.915700	0.917097
306.000000	0.904789	0.904855	0.903806	0.902683	0.905309	0.903227	0.904093
307.000000	0.892012	0.892178	0.891355	0.890118	0.892852	0.891556	0.891787
308.000000	0.879968	0.881118	0.879959	0.878918	0.880429	0.880394	0.880267
309.000000	0.868631	0.870639	0.869050	0.868362	0.868536	0.869403	0.868949
310.000000	0.858019	0.860046	0.858280	0.858018	0.857560	0.858516	0.857649
311.000000	0.848314	0.849718	0.847916	0.848313	0.847582	0.848291	0.847213
312.000000	0.839418	0.839985	0.838164	0.839454	0.838418	0.839024	0.838164
313.000000	0.830172	0.830483	0.828716	0.830477	0.829106	0.829791	0.829391
314.000000	0.819637	0.820833	0.819273	0.820468	0.818850	0.819726	0.819767
315.000000	0.809316	0.811387	0.810216	0.810190	0.808683	0.809711	0.810028
316.000000	0.801209	0.802653	0.802039	0.800837	0.800025	0.801000	0.801350
317.000000	0.794495	0.794342	0.794230	0.792439	0.792353	0.792957	0.793273
318.000000	0.787034	0.785810	0.785841	0.784448	0.784253	0.784105	0.784600
319.000000	0.778542	0.777224	0.777042	0.776629	0.775895	0.774846	0.775581
320.000000	0.770128	0.769334	0.768828	0.768983	0.768605	0.766952	0.767521
321.000000	0.762263	0.761992	0.761372	0.761458	0.762221	0.760382	0.760486
322.000000	0.754666	0.754046	0.753909	0.753925	0.754912	0.753055	0.753136
323.000000	0.747085	0.745291	0.746078	0.746228	0.746102	0.744313	0.744836
324.000000	0.739385	0.737156	0.738257	0.738164	0.737422	0.735999	0.736223
325.000000	0.731446	0.730373	0.730637	0.729764	0.729873	0.729115	0.727902
326.000000	0.723169	0.723578	0.722790	0.721639	0.722408	0.722023	0.720106
327.000000	0.714562	0.715559	0.714409	0.714196	0.714097	0.713384	0.712850
328.000000	0.706029	0.706858	0.706009	0.706747	0.705622	0.704481	0.705554
329.000000	0.697976	0.698333	0.698158	0.698523	0.697860	0.696869	0.697636
330.000000	0.690275	0.690290	0.690639	0.689801	0.690570	0.690068	0.689312
331.000000	0.682628	0.682781	0.682985	0.681211	0.683141	0.682944	0.681064
332.000000	0.674966	0.675379	0.675106	0.673090	0.675249	0.675178	0.673104
333.000000	0.667344	0.667443	0.667118	0.665590	0.666767	0.666918	0.665479
334.000000	0.659729	0.659021	0.659127	0.658423	0.658139	0.658518	0.657941
335.000000	0.652021	0.650720	0.651233	0.650963	0.650245	0.650496	0.650029
336.000000	0.644276	0.642942	0.643513	0.643073	0.643272	0.643094	0.641872
337.000000	0.636729	0.635820	0.636025	0.635206	0.636572	0.636224	0.634302
338.000000	0.629400	0.629178	0.628767	0.627704	0.629631	0.629532	0.627599
339.000000	0.621903	0.622322	0.621645	0.620658	0.622256	0.622230	0.621009
340.000000	0.614146	0.614895	0.614580	0.613987	0.614490	0.614012	0.613953
341.000000	0.606908	0.607558	0.607557	0.607233	0.606909	0.605939	0.606586
342.000000	0.600755	0.600868	0.600584	0.600084	0.599979	0.598931	0.599196
343.000000	0.594846	0.594312	0.593700	0.593064	0.593369	0.592441	0.592153
344.000000	0.588211	0.587290	0.586974	0.586757	0.586654	0.585726	0.585769
345.000000	0.581295	0.580362	0.580569	0.580833	0.580052	0.579140	0.579886
346.000000	0.575003	0.574420	0.574657	0.574682	0.573981	0.573365	0.574176
347.000000	0.569353	0.569225	0.569094	0.568462	0.568325	0.568165	0.568432
348.000000	0.563870	0.563910	0.563561	0.562739	0.562682	0.562798	0.562531
349.000000	0.558391	0.558182	0.557879	0.557411	0.556979	0.557085	0.556577
350.000000	0.553020	0.552243	0.551999	0.551821	0.551423	0.551320	0.550867
351.000000	0.547763	0.546412	0.546155	0.545967	0.546079	0.545779	0.545513
352.000000	0.542493	0.541136	0.540920	0.540676	0.540826	0.540682	0.540398
353.000000	0.537188	0.536532	0.536404	0.536238	0.535643	0.536023	0.535405
354.000000	0.532031	0.532096	0.531829	0.531859	0.530703	0.531386	0.530455
355.000000	0.527167	0.527426	0.526722	0.527002	0.526110	0.526514	0.525541
356.000000	0.522575	0.522583	0.521718	0.522147	0.521712	0.521717	0.520856
357.000000	0.518169	0.517719	0.517389	0.517757	0.517312	0.517248	0.516503
358.000000	0.513699	0.513054	0.513245	0.513468	0.512704	0.512705	0.512071
359.000000	0.508929	0.508734	0.508625	0.508779	0.507735	0.507627	0.507117
360.000000	0.503978	0.504329	0.503622	0.503685	0.502626	0.502293	0.501883
361.000000	0.499093	0.499269	0.498607	0.498397	0.497716	0.497242	0.496859
362.000000	0.494300	0.493964	0.493725	0.493297	0.493054	0.492604	0.492214
363.000000	0.489504	0.489361	0.488981	0.488829	0.488508	0.488250	0.487908
364.000000	0.484729	0.485309	0.484333	0.484743	0.483961	0.483857	0.483684
365.000000	0.480105	0.480706	0.479702	0.480191	0.479302	0.478948	0.479094
366.000000	0.475550	0.475344	0.474964	0.474931	0.474458	0.473548	0.473984
367.000000	0.470711	0.470206	0.469937	0.469531	0.469391	0.468331	0.468580
368.000000	0.465466	0.465688	0.464600	0.464354	0.464143	0.463613	0.463153
369.000000	0.460169	0.460902	0.459251	0.459271	0.458895	0.458939	0.458017
370.000000	0.455073	0.455264	0.454111	0.454133	0.453749	0.453890	0.453292
371.000000	0.449989	0.449456	0.449075	0.448901	0.448539	0.448372	0.448529
372.000000	0.444730	0.444164	0.443998	0.443591	0.443128	0.442470	0.443322
373.000000	0.439474	0.439112	0.438783	0.438374	0.437697	0.436781	0.437890
374.000000	0.434433	0.433844	0.433381	0.433412	0.432483	0.431907	0.432586
375.000000	0.429395	0.428490	0.427970	0.428465	0.427489	0.427519	0.427503
376.000000	0.424021	0.423396	0.422800	0.423181	0.422618	0.422949	0.422612
377.000000	0.418540	0.418621	0.417935	0.417786	0.417810	0.418073	0.417738
378.000000	0.413509	0.414041	0.413315	0.412839	0.413020	0.413100	0.412633
379.000000	0.408970	0.409481	0.408764	0.408323	0.408191	0.408164	0.407334
380.000000	0.404496	0.404724	0.404012	0.403706	0.403253	0.403320	0.402138
381.000000	0.399798	0.399718	0.398997	0.398777	0.398229	0.398521	0.397194
382.000000	0.394794	0.394631	0.393943	0.393780	0.393269	0.393592	0.392446
383.000000	0.389622	0.389655	0.389058	0.388959	0.388529	0.388545	0.387887
384.000000	0.384819	0.384995	0.384478	0.384494	0.384156	0.383770	0.383646
385.000000	0.380693	0.380735	0.380258	0.380404	0.380171	0.379502	0.379727
386.000000	0.376750	0.376584	0.376233	0.376247	0.376235	0.375385	0.375727
387.000000	0.372521	0.372282	0.372221	0.371678	0.372051	0.371095	0.371318
388.000000	0.368298	0.367991	0.368151	0.367158	0.367816	0.366934	0.366841
389.000000	0.364503	0.363966	0.364007	0.363265	0.363820	0.363279	0.362744
390.000000	0.360966	0.360276	0.359931	0.359788	0.360033	0.359831	0.358919
391.000000	0.357296	0.356887	0.356117	0.356219	0.356296	0.356056	0.355056
392.000000	0.353457	0.353513	0.352523	0.352470	0.352510	0.352047	0.351253
393.000000	0.349642	0.349743	0.348969	0.348718	0.348627	0.348280	0.347853
394.000000	0.346061	0.345738	0.345480	0.345105	0.344825	0.344919	0.344829
395.000000	0.342936	0.342182	0.342265	0.341737	0.341479	0.341836	0.341822
396.000000	0.340224	0.339259	0.339301	0.338636	0.338634	0.338865	0.338671
397.000000	0.337529	0.336464	0.336240	0.335719	0.335883	0.335802	0.335504
398.000000	0.334597	0.333487	0.332951	0.332895	0.332982	0.332594	0.332431
399.000000	0.331495	0.330504	0.329771	0.330079	0.330077	0.329486	0.329499
400.000000	0.328313	0.327658	0.326956	0.327202	0.327267	0.326634	0.326710
401.000000	0.325103	0.324810	0.324373	0.324251	0.324391	0.323826	0.323961
402.000000	0.321935	0.321823	0.321811	0.321249	0.321314	0.320865	0.321160
403.000000	0.319005	0.318789	0.319055	0.318340	0.318237	0.317935	0.318343
404.000000	0.316477	0.315855	0.315969	0.315667	0.315414	0.315278	0.315579
405.000000	0.314053	0.313120	0.312988	0.313122	0.312833	0.312817	0.312886
406.000000	0.311288	0.310646	0.310712	0.310519	0.310366	0.310354	0.310259
407.000000	0.308335	0.308351	0.308812	0.307984	0.307931	0.307840	0.307704
408.000000	0.305703	0.306065	0.306412	0.305817	0.305474	0.305327	0.305225
409.000000	0.303476	0.303730	0.303461	0.303909	0.303025	0.302923	0.302804
410.000000	0.301337	0.301390	0.300676	0.301774	0.300682	0.300780	0.300399
411.000000	0.299158	0.299075	0.298396	0.299271	0.298482	0.298822	0.298028
412.000000	0.297084	0.296788	0.296416	0.296743	0.296376	0.296662	0.295780
413.000000	0.295136	0.294572	0.294519	0.294431	0.294304	0.294169	0.293690
414.000000	0.293059	0.292547	0.292529	0.292315	0.292196	0.291751	0.291665
415.000000	0.290729	0.290745	0.290364	0.290320	0.290041	0.289701	0.289641
416.000000	0.288500	0.288909	0.288195	0.288298	0.287984	0.287780	0.287675
417.000000	0.286711	0.286838	0.286215	0.286171	0.286150	0.285762	0.285844
418.000000	0.285229	0.284819	0.284486	0.284219	0.284422	0.283911	0.284191
419.000000	0.283799	0.283193	0.283005	0.282738	0.282648	0.282531	0.282721
420.000000	0.282220	0.281722	0.281541	0.281415	0.280911	0.281250	0.281208
421.000000	0.280349	0.279966	0.279808	0.279738	0.279368	0.279480	0.279375
422.000000	0.278418	0.278075	0.277971	0.277843	0.277922	0.277485	0.277424
423.000000	0.276870	0.276538	0.276461	0.276251	0.276324	0.276020	0.275839
424.000000	0.275629	0.275307	0.275224	0.274947	0.274599	0.275001	0.274583
425.000000	0.274158	0.273844	0.273776	0.273431	0.273016	0.273589	0.273150
426.000000	0.272326	0.272040	0.272017	0.271623	0.271657	0.271637	0.271416
427.000000	0.270570	0.270377	0.270379	0.270030	0.270343	0.269955	0.269779
428.000000	0.269153	0.269087	0.269050	0.268878	0.268944	0.268891	0.268438
429.000000	0.267920	0.267834	0.267676	0.267780	0.267466	0.267760	0.267128
430.000000	0.266690	0.266372	0.266029	0.266417	0.265951	0.266072	0.265644
431.000000	0.265357	0.264891	0.264428	0.264896	0.264493	0.264238	0.264099
432.000000	0.263869	0.263586	0.263177	0.263378	0.263162	0.262719	0.262639
433.000000	0.262390	0.262320	0.262092	0.261943	0.261873	0.261468	0.261297
434.000000	0.261100	0.260906	0.260889	0.260636	0.260517	0.260312	0.260061
435.000000	0.259924	0.259475	0.259555	0.259396	0.259128	0.259143	0.258850
436.000000	0.258692	0.258258	0.258185	0.258123	0.257794	0.257888	0.257564
437.000000	0.257364	0.257161	0.256852	0.256785	0.256535	0.256549	0.256228
438.000000	0.255987	0.255907	0.255610	0.255393	0.255330	0.255171	0.254944
439.000000	0.254640	0.254493	0.254435	0.254026	0.254132	0.253838	0.253745
440.000000	0.253430	0.253158	0.253236	0.252824	0.252876	0.252666	0.252602
441.000000	0.252348	0.251990	0.251983	0.251781	0.251568	0.251618	0.251461
442.000000	0.251236	0.250865	0.250731	0.250705	0.250304	0.250460	0.250240
443.000000	0.250016	0.249724	0.249515	0.249498	0.249137	0.249121	0.248934
444.000000	0.248790	0.248655	0.248321	0.248267	0.248017	0.247857	0.247700
445.000000	0.247643	0.247699	0.247156	0.247112	0.246903	0.246840	0.246631
446.000000	0.246564	0.246717	0.246102	0.246052	0.245799	0.245899	0.245595
447.000000	0.245519	0.245590	0.245200	0.245076	0.244722	0.244852	0.244476
448.000000	0.244464	0.244421	0.244260	0.244101	0.243695	0.243721	0.243393
449.000000	0.243376	0.243347	0.243097	0.243055	0.242739	0.242588	0.242492
450.000000	0.242386	0.242340	0.241932	0.242023	0.241847	0.241561	0.241659
451.000000	0.241652	0.241321	0.241100	0.241135	0.240995	0.240735	0.240700
452.000000	0.240991	0.240328	0.240437	0.240295	0.240109	0.239995	0.239643
453.000000	0.240037	0.239472	0.239502	0.239288	0.239100	0.239109	0.238647
454.000000	0.238857	0.238746	0.238361	0.238196	0.238048	0.238085	0.237774
455.000000	0.237891	0.238044	0.237509	0.237350	0.237182	0.237131	0.236998
456.000000	0.237235	0.237270	0.237004	0.236790	0.236507	0.236315	0.236273
457.000000	0.236545	0.236337	0.236335	0.236177	0.235751	0.235515	0.235531
458.000000	0.235646	0.235290	0.235295	0.235325	0.234817	0.234663	0.234725
459.000000	0.234720	0.234402	0.234289	0.234374	0.233970	0.233812	0.233851
460.000000	0.233936	0.233824	0.233602	0.233470	0.233377	0.233024	0.232950
461.000000	0.233312	0.233312	0.233025	0.232691	0.232834	0.232355	0.232165
462.000000	0.232812	0.232631	0.232335	0.232069	0.232140	0.231826	0.231598
463.000000	0.232257	0.231845	0.231596	0.231487	0.231365	0.231294	0.231096
464.000000	0.231483	0.231079	0.230915	0.230813	0.230629	0.230609	0.230471
465.000000	0.230610	0.230345	0.230217	0.230038	0.229917	0.229804	0.229708
466.000000	0.229845	0.229614	0.229379	0.229207	0.229172	0.228979	0.228862
467.000000	0.229154	0.228895	0.228501	0.228394	0.228401	0.228196	0.228023
468.000000	0.228372	0.228216	0.227798	0.227682	0.227647	0.227492	0.227294
469.000000	0.227511	0.227565	0.227242	0.227023	0.226923	0.226845	0.226653
470.000000	0.226723	0.226894	0.226604	0.226272	0.226217	0.226178	0.225980
471.000000	0.226074	0.226202	0.225847	0.225441	0.225542	0.225484	0.225257
472.000000	0.225528	0.225540	0.225168	0.224739	0.224945	0.224831	0.224596
473.000000	0.225021	0.224925	0.224647	0.224250	0.224404	0.224243	0.224033
474.000000	0.224452	0.224309	0.224132	0.223818	0.223781	0.223653	0.223466
475.000000	0.223777	0.223663	0.223512	0.223315	0.223023	0.223024	0.222836
476.000000	0.223112	0.223019	0.222832	0.222741	0.222323	0.222416	0.222231
477.000000	0.222549	0.222412	0.222156	0.222120	0.221830	0.221868	0.221712
478.000000	0.222005	0.221860	0.221509	0.221505	0.221363	0.221285	0.221149
479.000000	0.221381	0.221363	0.220908	0.220937	0.220719	0.220577	0.220416
480.000000	0.220742	0.220863	0.220364	0.220383	0.220004	0.219863	0.219681
481.000000	0.220204	0.220293	0.219883	0.219796	0.219422	0.219321	0.219183
482.000000	0.219787	0.219741	0.219439	0.219258	0.219007	0.218952	0.218847
483.000000	0.219459	0.219359	0.218994	0.218908	0.218705	0.218665	0.218447
484.000000	0.219153	0.219094	0.218574	0.218688	0.218464	0.218386	0.217981
485.000000	0.218780	0.218734	0.218250	0.218392	0.218235	0.218058	0.217620
486.000000	0.218331	0.218226	0.217979	0.217952	0.217932	0.217653	0.217370
487.000000	0.217889	0.217699	0.217594	0.217461	0.217428	0.217172	0.217049
488.000000	0.217461	0.217220	0.217038	0.216960	0.216724	0.216625	0.216567
489.000000	0.216922	0.216741	0.216443	0.216397	0.216026	0.216031	0.215994
490.000000	0.216242	0.216223	0.215905	0.215759	0.215473	0.215431	0.215395
491.000000	0.215640	0.215678	0.215397	0.215153	0.214994	0.214915	0.214788
492.000000	0.215280	0.215131	0.214887	0.214670	0.214512	0.214534	0.214196
493.000000	0.214991	0.214642	0.214405	0.214277	0.214046	0.214164	0.213688
494.000000	0.214578	0.214254	0.213981	0.213919	0.213632	0.213682	0.213320
495.000000	0.214120	0.213913	0.213603	0.213565	0.213280	0.213189	0.213037
496.000000	0.213763	0.213537	0.213242	0.213192	0.212986	0.212834	0.212753
497.000000	0.213427	0.213121	0.212857	0.212785	0.212682	0.212533	0.212422
498.000000	0.212937	0.212701	0.212407	0.212336	0.212277	0.212100	0.212018
499.000000	0.212357	0.212282	0.211925	0.211877	0.211807	0.211556	0.211563
500.000000	0.211913	0.211853	0.211498	0.211466	0.211400	0.211069	0.211107
501.000000	0.211645	0.211436	0.211151	0.211108	0.211079	0.210708	0.210700
502.000000	0.211388	0.211091	0.210843	0.210749	0.210762	0.210427	0.210387
503.000000	0.211042	0.210812	0.210532	0.210354	0.210382	0.210154	0.210135
504.000000	0.210612	0.210493	0.210175	0.209917	0.209902	0.209781	0.209783
505.000000	0.210137	0.210082	0.209758	0.209458	0.209351	0.209283	0.209266
506.000000	0.209705	0.209671	0.209330	0.209064	0.208893	0.208824	0.208751
507.000000	0.209374	0.209332	0.208940	0.208785	0.208634	0.208525	0.208373
508.000000	0.209075	0.209011	0.208611	0.208543	0.208412	0.208280	0.208053
509.000000	0.208725	0.208640	0.208344	0.208245	0.208059	0.207962	0.207697
510.000000	0.208303	0.208207	0.208054	0.207874	0.207621	0.207558	0.207318
511.000000	0.207822	0.207730	0.207652	0.207442	0.207201	0.207101	0.206958
512.000000	0.207393	0.207321	0.207205	0.207028	0.206817	0.206680	0.206617
513.000000	0.207154	0.207111	0.206842	0.206727	0.206449	0.206393	0.206278
514.000000	0.207004	0.206978	0.206534	0.206467	0.206096	0.206155	0.205927
515.000000	0.206692	0.206643	0.206150	0.206076	0.205770	0.205768	0.205557
516.000000	0.206231	0.206112	0.205709	0.205595	0.205473	0.205262	0.205194
517.000000	0.205885	0.205666	0.205372	0.205265	0.205193	0.204887	0.204898
518.000000	0.205705	0.205397	0.205158	0.205111	0.204902	0.204703	0.204656
519.000000	0.205430	0.205119	0.204881	0.204844	0.204550	0.204488	0.204353
520.000000	0.204928	0.204716	0.204440	0.204331	0.204125	0.204104	0.203930
521.000000	0.204362	0.204256	0.203939	0.203800	0.203690	0.203626	0.203458
522.000000	0.203885	0.203816	0.203482	0.203435	0.203306	0.203147	0.203012
523.000000	0.203517	0.203435	0.203102	0.203155	0.202989	0.202742	0.202631
524.000000	0.203240	0.203127	0.202802	0.202850	0.202723	0.202455	0.202328
525.000000	0.202973	0.202838	0.202516	0.202480	0.202379	0.202211	0.202033
526.000000	0.202633	0.202509	0.202174	0.202038	0.201840	0.201914	0.201671
527.000000	0.202225	0.202134	0.201806	0.201603	0.201278	0.201555	0.201268
528.000000	0.201793	0.201738	0.201475	0.201277	0.200959	0.201160	0.200890
529.000000	0.201388	0.201334	0.201169	0.201022	0.200795	0.200762	0.200530
530.000000	0.201062	0.200934	0.200833	0.200719	0.200501	0.200392	0.200141
531.000000	0.200791	0.200543	0.200444	0.200355	0.200059	0.200048	0.199747
532.000000	0.200479	0.200164	0.200012	0.200008	0.199690	0.199700	0.199431
533.000000	0.200107	0.199820	0.199593	0.199708	0.199455	0.199356	0.199209
534.000000	0.199751	0.199567	0.199293	0.199425	0.199207	0.199070	0.199010
535.000000	0.199459	0.199391	0.199130	0.199127	0.198880	0.198855	0.198774
536.000000	0.199214	0.199157	0.198954	0.198794	0.198568	0.198646	0.198463
537.000000	0.198992	0.198789	0.198666	0.198433	0.198336	0.198385	0.198081
538.000000	0.198762	0.198415	0.198346	0.198114	0.198115	0.198068	0.197722
539.000000	0.198497	0.198152	0.198074	0.197886	0.197833	0.197707	0.197465
540.000000	0.198179	0.197937	0.197809	0.197651	0.197501	0.197342	0.197257
541.000000	0.197814	0.197683	0.197496	0.197313	0.197153	0.197020	0.197026
542.000000	0.197511	0.197428	0.197181	0.196988	0.196857	0.196777	0.196802
543.000000	0.197393	0.197248	0.196933	0.196845	0.196676	0.196634	0.196637
544.000000	0.197335	0.197112	0.196738	0.196815	0.196551	0.196515	0.196473
545.000000	0.197090	0.196939	0.196536	0.196708	0.196360	0.196298	0.196196
546.000000	0.196711	0.196726	0.196319	0.196491	0.196105	0.196016	0.195845
547.000000	0.196478	0.196531	0.196128	0.196253	0.195885	0.195820	0.195572
548.000000	0.196440	0.196361	0.195971	0.196037	0.195726	0.195724	0.195422
549.000000	0.196383	0.196156	0.195827	0.195826	0.195568	0.195586	0.195316
550.000000	0.196194	0.195902	0.195666	0.195612	0.195379	0.195355	0.195179
551.000000	0.195946	0.195665	0.195454	0.195397	0.195172	0.195135	0.194956
552.000000	0.195709	0.195486	0.195192	0.195184	0.194969	0.194979	0.194652
553.000000	0.195500	0.195340	0.194975	0.194973	0.194794	0.194790	0.194410
554.000000	0.195314	0.195188	0.194865	0.194771	0.194651	0.194494	0.194321
555.000000	0.195099	0.194980	0.194753	0.194593	0.194479	0.194186	0.194236
556.000000	0.194816	0.194682	0.194528	0.194448	0.194229	0.193970	0.193997
557.000000	0.194563	0.194370	0.194263	0.194293	0.193994	0.193829	0.193701
558.000000	0.194457	0.194143	0.194076	0.194080	0.193890	0.193705	0.193509
559.000000	0.194436	0.194020	0.193980	0.193874	0.193852	0.193592	0.193433
560.000000	0.194350	0.193971	0.193923	0.193776	0.193728	0.193493	0.193402
561.000000	0.194072	0.193819	0.193725	0.193627	0.193407	0.193293	0.193250
562.000000	0.193512	0.193317	0.193140	0.193124	0.192831	0.192814	0.192765
563.000000	0.193124	0.192891	0.192640	0.192673	0.192454	0.192463	0.192365
564.000000	0.193861	0.193601	0.193363	0.193351	0.193200	0.193190	0.193048
565.000000	0.194678	0.194449	0.194313	0.194171	0.194024	0.193977	0.193815
566.000000	0.191679	0.191488	0.191424	0.191174	0.191065	0.190989	0.190802
567.000000	0.184568	0.184388	0.184299	0.184035	0.184025	0.183940	0.183724
568.000000	0.180923	0.180729	0.180586	0.180386	0.180398	0.180311	0.180127
569.000000	0.185575	0.185352	0.185183	0.185088	0.184971	0.184876	0.184806
570.000000	0.192080	0.191829	0.191644	0.191626	0.191408	0.191291	0.191276
571.000000	0.193727	0.193465	0.193254	0.193232	0.193093	0.192947	0.192818
572.000000	0.192286	0.192048	0.191819	0.191759	0.191712	0.191560	0.191317
573.000000	0.191454	0.191281	0.191067	0.190996	0.190845	0.190744	0.190582
574.000000	0.191600	0.191474	0.191282	0.191218	0.190912	0.190872	0.190846
575.000000	0.191756	0.191586	0.191382	0.191307	0.191058	0.191016	0.190931
576.000000	0.191688	0.191436	0.191211	0.191095	0.191047	0.190956	0.190690
577.000000	0.191602	0.191353	0.191158	0.190982	0.191015	0.190896	0.190589
578.000000	0.191500	0.191340	0.191204	0.190977	0.190941	0.190822	0.190632
579.000000	0.191207	0.191119	0.190981	0.190759	0.190673	0.190535	0.190432
580.000000	0.190973	0.190899	0.190684	0.190520	0.190465	0.190283	0.190164
581.000000	0.191567	0.191488	0.191211	0.191094	0.191064	0.190860	0.190717
582.000000	0.192466	0.192397	0.192108	0.191999	0.191937	0.191761	0.191634
583.000000	0.190794	0.190751	0.190422	0.190333	0.190213	0.190095	0.189985
584.000000	0.187085	0.187077	0.186651	0.186617	0.186444	0.186390	0.186270
585.000000	0.191404	0.191404	0.190931	0.190931	0.190735	0.190719	0.190589
586.000000	0.205943	0.205900	0.205513	0.205478	0.205300	0.205273	0.205160
587.000000	0.196444	0.196347	0.196083	0.195988	0.195835	0.195772	0.195685
588.000000	0.134440	0.134325	0.134101	0.133978	0.133821	0.133728	0.133649
589.000000	0.076617	0.076521	0.076269	0.076156	0.075984	0.075878	0.075760
590.000000	0.098556	0.098498	0.098208	0.098133	0.097960	0.097865	0.097642
591.000000	0.169454	0.169421	0.169103	0.169072	0.168898	0.168822	0.168522
592.000000	0.207187	0.207127	0.206792	0.206786	0.206580	0.206507	0.206294
593.000000	0.199913	0.199790	0.199450	0.199435	0.199191	0.199098	0.199063
594.000000	0.188434	0.188272	0.187940	0.187873	0.187651	0.187517	0.187530
595.000000	0.189639	0.189490	0.189166	0.189038	0.188890	0.188711	0.188606
596.000000	0.193335	0.193242	0.192903	0.192780	0.192665	0.192471	0.192248
597.000000	0.193511	0.193488	0.193119	0.193079	0.192912	0.192746	0.192511
598.000000	0.192639	0.192636	0.192282	0.192310	0.192047	0.191939	0.191778
599.000000	0.192745	0.192681	0.192406	0.192427	0.192076	0.192038	0.191985
600.000000	0.193282	0.193128	0.192920	0.192872	0.192518	0.192542	0.192518
601.000000	0.193600	0.193372	0.193162	0.193015	0.192771	0.192836	0.192702
602.000000	0.193847	0.193545	0.193325	0.193088	0.192953	0.193020	0.192782
603.000000	0.194255	0.193871	0.193685	0.193407	0.193269	0.193294	0.193094
604.000000	0.194686	0.194270	0.194097	0.193852	0.193656	0.193606	0.193517
605.000000	0.194928	0.194592	0.194328	0.194200	0.193986	0.193842	0.193825
606.000000	0.195064	0.194837	0.194456	0.194442	0.194247	0.194014	0.194028
607.000000	0.195289	0.195062	0.194680	0.194656	0.194478	0.194184	0.194231
608.000000	0.195556	0.195269	0.194984	0.194847	0.194686	0.194381	0.194434
609.000000	0.195678	0.195426	0.195219	0.194977	0.194862	0.194611	0.194569
610.000000	0.195689	0.195545	0.195365	0.195083	0.195023	0.194860	0.194669
611.000000	0.195829	0.195681	0.195516	0.195269	0.195211	0.195101	0.194852
612.000000	0.196120	0.195845	0.195689	0.195515	0.195401	0.195294	0.195106
613.000000	0.196297	0.195981	0.195790	0.195635	0.195480	0.195389	0.195239
614.000000	0.196245	0.196050	0.195781	0.195576	0.195418	0.195371	0.195180
615.000000	0.196175	0.196044	0.195741	0.195548	0.195362	0.195303	0.195106
616.000000	0.196228	0.195979	0.195726	0.195672	0.195404	0.195236	0.195139
617.000000	0.196262	0.195926	0.195694	0.195745	0.195435	0.195178	0.195177
618.000000	0.196142	0.195937	0.195603	0.195588	0.195355	0.195123	0.195113
619.000000	0.195949	0.195953	0.195493	0.195328	0.195211	0.195047	0.194956
620.000000	0.195800	0.195898	0.195409	0.195148	0.195082	0.194935	0.194755
621.000000	0.195702	0.195757	0.195333	0.195091	0.195001	0.194842	0.194608
622.000000	0.195621	0.195545	0.195225	0.195135	0.194976	0.194838	0.194610
623.000000	0.195550	0.195326	0.195107	0.195159	0.194959	0.194866	0.194671
624.000000	0.195493	0.195190	0.195034	0.195005	0.194878	0.194803	0.194614
625.000000	0.195428	0.195142	0.194997	0.194735	0.194745	0.194653	0.194443
626.000000	0.195320	0.195130	0.194944	0.194575	0.194630	0.194510	0.194299
627.000000	0.195189	0.195111	0.194871	0.194576	0.194564	0.194436	0.194251
628.000000	0.195126	0.195058	0.194829	0.194590	0.194529	0.194441	0.194289
629.000000	0.195151	0.194990	0.194841	0.194561	0.194514	0.194498	0.194363
630.000000	0.195170	0.194990	0.194880	0.194586	0.194520	0.194512	0.194373
631.000000	0.195130	0.195081	0.194919	0.194704	0.194542	0.194441	0.194291
632.000000	0.195080	0.195136	0.194946	0.194780	0.194561	0.194365	0.194261
633.000000	0.195070	0.195066	0.194943	0.194722	0.194561	0.194354	0.194374
634.000000	0.195100	0.194970	0.194889	0.194637	0.194551	0.194383	0.194468
635.000000	0.195154	0.194950	0.194771	0.194640	0.194544	0.194410	0.194384
636.000000	0.195174	0.194952	0.194655	0.194669	0.194532	0.194418	0.194220
637.000000	0.195109	0.194888	0.194617	0.194624	0.194505	0.194401	0.194134
638.000000	0.195029	0.194824	0.194674	0.194569	0.194486	0.194394	0.194138
639.000000	0.195048	0.194873	0.194807	0.194621	0.194507	0.194443	0.194182
640.000000	0.195116	0.194982	0.194919	0.194716	0.194546	0.194512	0.194229
641.000000	0.195086	0.194995	0.194871	0.194683	0.194548	0.194517	0.194250
642.000000	0.194981	0.194910	0.194697	0.194536	0.194515	0.194464	0.194256
643.000000	0.194975	0.194864	0.194587	0.194457	0.194496	0.194440	0.194290
644.000000	0.195096	0.194894	0.194608	0.194506	0.194496	0.194466	0.194353
645.000000	0.195173	0.194902	0.194660	0.194578	0.194460	0.194473	0.194397
646.000000	0.195109	0.194847	0.194670	0.194593	0.194376	0.194422	0.194384
647.000000	0.194966	0.194815	0.194633	0.194544	0.194322	0.194341	0.194311
648.000000	0.194804	0.194832	0.194538	0.194434	0.194328	0.194241	0.194180
649.000000	0.194644	0.194730	0.194326	0.194269	0.194269	0.194067	0.194010
650.000000	0.194497	0.194392	0.193986	0.194062	0.194051	0.193795	0.193817
651.000000	0.194389	0.194039	0.193712	0.193837	0.193804	0.193546	0.193608
652.000000	0.194344	0.193925	0.193701	0.193637	0.193692	0.193455	0.193408
653.000000	0.194391	0.194038	0.193873	0.193590	0.193730	0.193528	0.193347
654.000000	0.194552	0.194270	0.194066	0.193830	0.193883	0.193721	0.193570
655.000000	0.194785	0.194542	0.194265	0.194236	0.194106	0.193999	0.193970
656.000000	0.195021	0.194792	0.194529	0.194565	0.194352	0.194325	0.194322
657.000000	0.195246	0.195016	0.194844	0.194776	0.194596	0.194640	0.194564
658.000000	0.195489	0.195250	0.195140	0.194975	0.194830	0.194864	0.194758
659.000000	0.195708	0.195470	0.195345	0.195173	0.195020	0.194977	0.194908
660.000000	0.195788	0.195584	0.195390	0.195280	0.195109	0.195019	0.194957
661.000000	0.195730	0.195579	0.195319	0.195298	0.195105	0.195039	0.194923
662.000000	0.195718	0.195557	0.195340	0.195377	0.195117	0.195095	0.194943
663.000000	0.195858	0.195610	0.195557	0.195589	0.195221	0.195215	0.195089
664.000000	0.196061	0.195780	0.195810	0.195807	0.195398	0.195362	0.195269
665.000000	0.196249	0.196066	0.195973	0.195937	0.195618	0.195513	0.195417
666.000000	0.196455	0.196357	0.196131	0.196067	0.195837	0.195705	0.195607
667.000000	0.196715	0.196554	0.196377	0.196289	0.196030	0.195971	0.195906
668.000000	0.196971	0.196735	0.196661	0.196561	0.196258	0.196260	0.196227
669.000000	0.197151	0.197004	0.196897	0.196807	0.196581	0.196506	0.196448
670.000000	0.197270	0.197277	0.197023	0.196971	0.196856	0.196666	0.196529
671.000000	0.197378	0.197405	0.197004	0.197016	0.196888	0.196719	0.196475
672.000000	0.197488	0.197391	0.196944	0.196992	0.196790	0.196713	0.196401
673.000000	0.197587	0.197326	0.197024	0.197004	0.196850	0.196737	0.196479
674.000000	0.197652	0.197281	0.197224	0.197071	0.197074	0.196817	0.196693
675.000000	0.197653	0.197308	0.197357	0.197143	0.197223	0.196920	0.196863
676.000000	0.197598	0.197386	0.197362	0.197192	0.197204	0.196999	0.196913
677.000000	0.197540	0.197414	0.197348	0.197215	0.197115	0.196989	0.196892
678.000000	0.197511	0.197354	0.197351	0.197214	0.197026	0.196874	0.196842
679.000000	0.197504	0.197292	0.197276	0.197189	0.196940	0.196724	0.196768
680.000000	0.197505	0.197284	0.197082	0.197143	0.196847	0.196616	0.196673
681.000000	0.197496	0.197289	0.196906	0.197080	0.196732	0.196637	0.196560
682.000000	0.197452	0.197255	0.196845	0.196997	0.196593	0.196799	0.196441
683.000000	0.197324	0.197147	0.196765	0.196869	0.196479	0.196863	0.196340
684.000000	0.197086	0.196952	0.196530	0.196684	0.196436	0.196610	0.196283
685.000000	0.196876	0.196771	0.196288	0.196523	0.196433	0.196248	0.196259
686.000000	0.196851	0.196719	0.196246	0.196481	0.196413	0.196086	0.196244
687.000000	0.196914	0.196740	0.196348	0.196497	0.196350	0.196094	0.196184
688.000000	0.196855	0.196701	0.196417	0.196445	0.196231	0.196091	0.196017
689.000000	0.196665	0.196573	0.196375	0.196328	0.196072	0.196013	0.195810
690.000000	0.196468	0.196399	0.196215	0.196235	0.195906	0.195880	0.195704
691.000000	0.196369	0.196248	0.196007	0.196191	0.195800	0.195746	0.195716
692.000000	0.196443	0.196214	0.195891	0.196158	0.195849	0.195690	0.195737
693.000000	0.196643	0.196300	0.195911	0.196105	0.196023	0.195728	0.195709
694.000000	0.196752	0.196388	0.195979	0.196008	0.196117	0.195790	0.195648
695.000000	0.196662	0.196400	0.196036	0.195893	0.196031	0.195816	0.195590
696.000000	0.196499	0.196357	0.196106	0.195873	0.195890	0.195782	0.195608
697.000000	0.196385	0.196293	0.196190	0.195994	0.195794	0.195692	0.195716
698.000000	0.196363	0.196245	0.196205	0.196086	0.195693	0.195613	0.195771
699.000000	0.196430	0.196238	0.196096	0.196000	0.195550	0.195601	0.195656
700.000000	0.196468	0.196255	0.195978	0.195828	0.195475	0.195604	0.195494
701.000000	0.196365	0.196266	0.195979	0.195713	0.195576	0.195562	0.195438
702.000000	0.196249	0.196253	0.196027	0.195735	0.195715	0.195544	0.195463
703.000000	0.196309	0.196209	0.195993	0.195932	0.195691	0.195644	0.195486
704.000000	0.196476	0.196167	0.195911	0.196161	0.195587	0.195757	0.195487
705.000000	0.196550	0.196178	0.195901	0.196202	0.195628	0.195686	0.195488
706.000000	0.196535	0.196231	0.196010	0.196096	0.195799	0.195536	0.195529
707.000000	0.196582	0.196270	0.196226	0.196083	0.195905	0.195630	0.195664
708.000000	0.196784	0.196365	0.196513	0.196260	0.195964	0.195997	0.195885
709.000000	0.197169	0.196715	0.196807	0.196569	0.196217	0.196349	0.196121
710.000000	0.197685	0.197327	0.197080	0.196943	0.196733	0.196579	0.196366
711.000000	0.198168	0.197901	0.197360	0.197320	0.197300	0.196879	0.196722
712.000000	0.198558	0.198290	0.197706	0.197694	0.197778	0.197365	0.197234
713.000000	0.199036	0.198726	0.198247	0.198178	0.198231	0.197933	0.197812
714.000000	0.199711	0.199369	0.199013	0.198822	0.198730	0.198473	0.198357
715.000000	0.200383	0.199976	0.199700	0.199426	0.199285	0.198950	0.198814
716.000000	0.200857	0.200331	0.200065	0.199823	0.199887	0.199369	0.199171
717.000000	0.201242	0.200678	0.200431	0.200208	0.200503	0.199873	0.199579
718.000000	0.201730	0.201342	0.201198	0.200836	0.201108	0.200601	0.200207
719.000000	0.202466	0.202272	0.202198	0.201669	0.201788	0.201429	0.201029
720.000000	0.203534	0.203253	0.203041	0.202546	0.202632	0.202138	0.201928
721.000000	0.204539	0.203983	0.203572	0.203322	0.203296	0.202660	0.202706
722.000000	0.204855	0.204152	0.203790	0.203873	0.203230	0.203029	0.203138
723.000000	0.204785	0.204158	0.204002	0.204349	0.202828	0.203439	0.203406
724.000000	0.205388	0.204960	0.204753	0.205107	0.203245	0.204202	0.204014
725.000000	0.206700	0.206426	0.205904	0.206040	0.204594	0.205182	0.204909
726.000000	0.207531	0.207129	0.206509	0.206480	0.205738	0.205713	0.205370
727.000000	0.207423	0.206717	0.206316	0.206250	0.206076	0.205683	0.205232
728.000000	0.207241	0.206750	0.206291	0.206032	0.206020	0.205947	0.205308
729.000000	0.207542	0.208030	0.206971	0.206256	0.205967	0.206893	0.206009
730.000000	0.207843	0.209142	0.207598	0.206574	0.206065	0.207595	0.206574
731.000000	0.207691	0.208849	0.207497	0.206644	0.206380	0.207269	0.206344
732.000000	0.207235	0.207637	0.206914	0.206539	0.206824	0.206282	0.205596
