[HEADER]
Format	J&M ASCII Table
Comment	
Date	2/21/2023 4:43:00 AM
Order	Y (evenX)
TechType	UV
NumPoints	483
FirstX	250.00
LastX	732.00
XType	NMetr
YType	Absrb
ZType	Secs
NumSubFile	7
Matrix	Z vs X
[DATA]
	0.000000	5.000064	10.000128	15.000256	20.000320	25.000511	30.000576
250.000000	1.346432	1.347243	1.342864	1.344124	1.345149	1.347357	1.345463
251.000000	1.329238	1.330936	1.328051	1.327860	1.327472	1.330709	1.329103
252.000000	1.309593	1.312296	1.308836	1.308100	1.305575	1.310035	1.307254
253.000000	1.291970	1.294860	1.290473	1.288969	1.286162	1.290416	1.287596
254.000000	1.279641	1.281158	1.277163	1.273989	1.274184	1.276020	1.275802
255.000000	1.269603	1.268492	1.266722	1.262471	1.265249	1.265261	1.266743
256.000000	1.258381	1.254267	1.256294	1.253006	1.254241	1.255691	1.254642
257.000000	1.247376	1.242648	1.246917	1.245288	1.243170	1.247001	1.242980
258.000000	1.239389	1.239105	1.240693	1.239374	1.236043	1.239630	1.237552
259.000000	1.234975	1.240482	1.237464	1.235243	1.233123	1.234215	1.236852
260.000000	1.233460	1.239554	1.235880	1.232785	1.232724	1.231404	1.235837
261.000000	1.233145	1.235176	1.234233	1.231149	1.232945	1.230458	1.233084
262.000000	1.231620	1.230859	1.230636	1.228950	1.231785	1.229608	1.229973
263.000000	1.228576	1.228118	1.225667	1.226065	1.228897	1.228036	1.227237
264.000000	1.226104	1.226056	1.222691	1.223805	1.225804	1.226040	1.224788
265.000000	1.224759	1.223666	1.222277	1.222417	1.222956	1.223595	1.222282
266.000000	1.222271	1.219988	1.220013	1.220203	1.218814	1.220023	1.219020
267.000000	1.217158	1.214790	1.213350	1.216027	1.212566	1.215063	1.214633
268.000000	1.210669	1.209687	1.205751	1.210672	1.205751	1.209684	1.209685
269.000000	1.203963	1.205535	1.200219	1.204669	1.199666	1.204304	1.204406
270.000000	1.196141	1.199005	1.194154	1.196360	1.193160	1.196386	1.197107
271.000000	1.186087	1.186796	1.184304	1.184224	1.184717	1.183540	1.186141
272.000000	1.174482	1.172245	1.172007	1.170984	1.174322	1.168851	1.173076
273.000000	1.162497	1.160553	1.160061	1.160389	1.162467	1.156918	1.160390
274.000000	1.149200	1.149919	1.148149	1.150056	1.148978	1.146263	1.147290
275.000000	1.132584	1.134771	1.134201	1.134377	1.133313	1.132113	1.131221
276.000000	1.113206	1.115072	1.117204	1.113778	1.115453	1.113873	1.112301
277.000000	1.093817	1.095522	1.097125	1.093833	1.095851	1.094556	1.092944
278.000000	1.076009	1.078074	1.075741	1.076770	1.075637	1.076050	1.074733
279.000000	1.059806	1.060991	1.057060	1.060340	1.056771	1.058653	1.058085
280.000000	1.044322	1.043099	1.042185	1.042939	1.039930	1.042020	1.042288
281.000000	1.027147	1.024731	1.026450	1.024727	1.023252	1.024791	1.024637
282.000000	1.006932	1.006327	1.006680	1.006072	1.005181	1.006067	1.003754
283.000000	0.985868	0.988142	0.985847	0.987373	0.985843	0.986616	0.982705
284.000000	0.966217	0.970211	0.967075	0.968884	0.965749	0.967359	0.964408
285.000000	0.947766	0.951728	0.949276	0.950189	0.945778	0.948575	0.947566
286.000000	0.929689	0.931935	0.930566	0.930871	0.926830	0.930329	0.930018
287.000000	0.911728	0.912054	0.911734	0.911812	0.909236	0.912414	0.911810
288.000000	0.893917	0.893995	0.894540	0.894315	0.893011	0.894542	0.893882
289.000000	0.876802	0.877804	0.878649	0.878085	0.877386	0.876814	0.876569
290.000000	0.861194	0.862342	0.862443	0.861849	0.861144	0.859578	0.859812
291.000000	0.846600	0.846932	0.845723	0.845450	0.844436	0.843102	0.843624
292.000000	0.831308	0.831349	0.829641	0.829794	0.828686	0.827562	0.828087
293.000000	0.814798	0.815464	0.814530	0.814863	0.814058	0.812661	0.812927
294.000000	0.798294	0.799256	0.799508	0.799303	0.798883	0.797451	0.797378
295.000000	0.782611	0.782982	0.783999	0.782660	0.782492	0.781601	0.781267
296.000000	0.767451	0.767462	0.768258	0.766576	0.766590	0.766179	0.765751
297.000000	0.752538	0.753168	0.752636	0.752230	0.752380	0.751896	0.751589
298.000000	0.738118	0.739240	0.737437	0.738488	0.738513	0.737782	0.737758
299.000000	0.724388	0.724778	0.722887	0.724102	0.723582	0.722882	0.723217
300.000000	0.710777	0.709995	0.708844	0.709557	0.708388	0.707985	0.708593
301.000000	0.696591	0.695414	0.695070	0.695721	0.694239	0.694216	0.694859
302.000000	0.682059	0.681273	0.681457	0.682308	0.681003	0.681104	0.681668
303.000000	0.667817	0.667664	0.667967	0.668554	0.667910	0.667526	0.668117
304.000000	0.654161	0.654516	0.654637	0.654612	0.654691	0.653710	0.654215
305.000000	0.641145	0.641650	0.641559	0.641258	0.641445	0.640795	0.640600
306.000000	0.628790	0.629063	0.628864	0.628737	0.628482	0.628852	0.627634
307.000000	0.617087	0.616932	0.616716	0.616732	0.616323	0.616845	0.615379
308.000000	0.605890	0.605304	0.605113	0.605071	0.605046	0.604502	0.603829
309.000000	0.594843	0.594010	0.593795	0.593841	0.594038	0.592804	0.592895
310.000000	0.583842	0.583046	0.582696	0.583137	0.582992	0.582317	0.582471
311.000000	0.573385	0.572826	0.572241	0.573011	0.572425	0.572439	0.572437
312.000000	0.563826	0.563559	0.562727	0.563445	0.562770	0.562620	0.562674
313.000000	0.554724	0.554550	0.553770	0.554179	0.553765	0.553068	0.553094
314.000000	0.545593	0.545108	0.544912	0.544957	0.545038	0.544076	0.543676
315.000000	0.536654	0.535661	0.536122	0.535828	0.536450	0.535505	0.534755
316.000000	0.528287	0.526921	0.527493	0.526940	0.527937	0.527086	0.526677
317.000000	0.520198	0.518786	0.518982	0.518456	0.519403	0.518726	0.518866
318.000000	0.511802	0.510772	0.510491	0.510512	0.510755	0.510427	0.510365
319.000000	0.503311	0.502873	0.502228	0.502833	0.502221	0.502286	0.501440
320.000000	0.495514	0.495430	0.494613	0.494853	0.494250	0.494465	0.493262
321.000000	0.488395	0.488297	0.487595	0.486632	0.486847	0.486943	0.486061
322.000000	0.481027	0.480784	0.480597	0.478933	0.479518	0.479498	0.478993
323.000000	0.473081	0.472683	0.473219	0.471911	0.471960	0.471953	0.471544
324.000000	0.465285	0.464622	0.465411	0.464669	0.464233	0.464225	0.463828
325.000000	0.458012	0.457038	0.457283	0.456661	0.456434	0.456324	0.456014
326.000000	0.450514	0.449701	0.449280	0.448452	0.448664	0.448458	0.448254
327.000000	0.442218	0.442326	0.441710	0.440613	0.440970	0.440783	0.440631
328.000000	0.433825	0.434808	0.434195	0.433117	0.433187	0.433158	0.432964
329.000000	0.426162	0.427101	0.426331	0.425785	0.425182	0.425404	0.425076
330.000000	0.419029	0.419253	0.418513	0.418355	0.417302	0.417578	0.417159
331.000000	0.411877	0.411341	0.411315	0.410575	0.409981	0.409802	0.409499
332.000000	0.404448	0.403372	0.404226	0.402555	0.402790	0.402053	0.401980
333.000000	0.396654	0.395325	0.396226	0.394593	0.394901	0.394244	0.394289
334.000000	0.388623	0.387395	0.387582	0.386895	0.386577	0.386518	0.386542
335.000000	0.380661	0.379941	0.379576	0.379582	0.378943	0.379193	0.379188
336.000000	0.372943	0.372946	0.372470	0.372578	0.372196	0.372174	0.372231
337.000000	0.365494	0.365955	0.365286	0.365579	0.365406	0.364873	0.365144
338.000000	0.358329	0.358714	0.357606	0.358383	0.358048	0.357123	0.357666
339.000000	0.351459	0.351374	0.350110	0.350987	0.350412	0.349545	0.350056
340.000000	0.344797	0.344095	0.343276	0.343470	0.342859	0.342566	0.342578
341.000000	0.337989	0.336943	0.336768	0.336074	0.335726	0.335899	0.335379
342.000000	0.330798	0.329975	0.330208	0.329027	0.329199	0.329230	0.328554
343.000000	0.323626	0.323244	0.323582	0.322395	0.322891	0.322588	0.322060
344.000000	0.316957	0.316800	0.316978	0.316178	0.316368	0.316084	0.315822
345.000000	0.310804	0.310661	0.310574	0.310199	0.309841	0.309790	0.309753
346.000000	0.304998	0.304820	0.304549	0.304235	0.303729	0.303754	0.303773
347.000000	0.299342	0.299170	0.298789	0.298275	0.298073	0.297923	0.297911
348.000000	0.293637	0.293551	0.293025	0.292427	0.292694	0.292188	0.292250
349.000000	0.287854	0.287911	0.287293	0.286754	0.287380	0.286570	0.286741
350.000000	0.282112	0.282295	0.281880	0.281277	0.281904	0.281193	0.281229
351.000000	0.276575	0.276826	0.276853	0.276038	0.276319	0.276066	0.275774
352.000000	0.271461	0.271713	0.271999	0.271103	0.271023	0.271051	0.270702
353.000000	0.266793	0.266962	0.267136	0.266418	0.266181	0.266054	0.266084
354.000000	0.262225	0.262192	0.262175	0.261718	0.261480	0.261089	0.261482
355.000000	0.257532	0.257193	0.257139	0.256876	0.256699	0.256205	0.256597
356.000000	0.252919	0.252343	0.252342	0.252223	0.251996	0.251532	0.251654
357.000000	0.248560	0.247962	0.248003	0.248004	0.247518	0.247145	0.246914
358.000000	0.244191	0.243722	0.243736	0.243751	0.243085	0.242840	0.242403
359.000000	0.239498	0.239189	0.239076	0.238933	0.238463	0.238367	0.238056
360.000000	0.234610	0.234396	0.234120	0.233813	0.233659	0.233657	0.233605
361.000000	0.229811	0.229552	0.229172	0.228927	0.228782	0.228732	0.228748
362.000000	0.225160	0.224785	0.224373	0.224321	0.223968	0.223797	0.223677
363.000000	0.220579	0.220161	0.219758	0.219752	0.219360	0.219153	0.218859
364.000000	0.215990	0.215633	0.215241	0.215076	0.214900	0.214722	0.214362
365.000000	0.211315	0.211050	0.210632	0.210242	0.210354	0.210102	0.209896
366.000000	0.206499	0.206323	0.205851	0.205292	0.205567	0.205139	0.205251
367.000000	0.201520	0.201452	0.200959	0.200380	0.200496	0.200013	0.200339
368.000000	0.196417	0.196447	0.196016	0.195557	0.195227	0.194913	0.195192
369.000000	0.191346	0.191329	0.191057	0.190663	0.190070	0.189997	0.190067
370.000000	0.186400	0.186137	0.186091	0.185594	0.185207	0.185295	0.185122
371.000000	0.181447	0.180960	0.181057	0.180469	0.180367	0.180467	0.180174
372.000000	0.176360	0.175877	0.175910	0.175414	0.175303	0.175244	0.175054
373.000000	0.171213	0.170888	0.170729	0.170409	0.170209	0.169945	0.169925
374.000000	0.166122	0.165970	0.165619	0.165409	0.165343	0.164969	0.164996
375.000000	0.161122	0.161097	0.160626	0.160437	0.160538	0.160146	0.160146
376.000000	0.156209	0.156234	0.155758	0.155545	0.155493	0.155113	0.155146
377.000000	0.151336	0.151350	0.150938	0.150762	0.150331	0.149955	0.150050
378.000000	0.146433	0.146417	0.146043	0.146101	0.145430	0.145025	0.145082
379.000000	0.141568	0.141511	0.141131	0.141478	0.140852	0.140430	0.140307
380.000000	0.136926	0.136797	0.136418	0.136725	0.136379	0.136053	0.135646
381.000000	0.132456	0.132257	0.131892	0.131819	0.131814	0.131687	0.131031
382.000000	0.127790	0.127622	0.127227	0.126927	0.127000	0.127025	0.126412
383.000000	0.122859	0.122821	0.122355	0.122222	0.122012	0.122058	0.121827
384.000000	0.118218	0.118210	0.117746	0.117859	0.117372	0.117365	0.117481
385.000000	0.114236	0.114032	0.113709	0.113875	0.113400	0.113324	0.113471
386.000000	0.110527	0.110070	0.109882	0.109978	0.109692	0.109511	0.109517
387.000000	0.106659	0.106077	0.105885	0.105914	0.105812	0.105483	0.105372
388.000000	0.102621	0.102058	0.101795	0.101861	0.101791	0.101346	0.101237
389.000000	0.098530	0.098092	0.097804	0.098070	0.097786	0.097343	0.097394
390.000000	0.094591	0.094295	0.094023	0.094464	0.093949	0.093576	0.093811
391.000000	0.091013	0.090777	0.090512	0.090843	0.090410	0.090071	0.090329
392.000000	0.087640	0.087467	0.087165	0.087232	0.087070	0.086688	0.086869
393.000000	0.084110	0.084186	0.083778	0.083795	0.083699	0.083197	0.083408
394.000000	0.080486	0.080867	0.080387	0.080570	0.080284	0.079679	0.080002
395.000000	0.077218	0.077553	0.077239	0.077478	0.077007	0.076491	0.076779
396.000000	0.074415	0.074335	0.074368	0.074441	0.073948	0.073724	0.073769
397.000000	0.071709	0.071362	0.071508	0.071389	0.071030	0.071086	0.070869
398.000000	0.068851	0.068644	0.068525	0.068317	0.068182	0.068342	0.067980
399.000000	0.065891	0.065906	0.065589	0.065351	0.065356	0.065415	0.065024
400.000000	0.062898	0.062948	0.062810	0.062560	0.062530	0.062318	0.061978
401.000000	0.059889	0.059891	0.060035	0.059804	0.059727	0.059275	0.058970
402.000000	0.056899	0.056906	0.057118	0.056955	0.056972	0.056489	0.056132
403.000000	0.054075	0.054138	0.054187	0.054102	0.054239	0.053904	0.053470
404.000000	0.051559	0.051679	0.051425	0.051384	0.051505	0.051399	0.050955
405.000000	0.049209	0.049355	0.048870	0.048858	0.048841	0.048901	0.048556
406.000000	0.046785	0.046898	0.046495	0.046527	0.046349	0.046362	0.046237
407.000000	0.044281	0.044288	0.044204	0.044244	0.043969	0.043814	0.043907
408.000000	0.041835	0.041663	0.041863	0.041775	0.041545	0.041336	0.041453
409.000000	0.039526	0.039154	0.039458	0.039201	0.039098	0.038976	0.038961
410.000000	0.037371	0.036884	0.037078	0.036880	0.036802	0.036753	0.036697
411.000000	0.035294	0.034844	0.034794	0.034886	0.034700	0.034615	0.034689
412.000000	0.033095	0.032848	0.032643	0.032903	0.032650	0.032417	0.032630
413.000000	0.030741	0.030785	0.030613	0.030742	0.030551	0.030138	0.030382
414.000000	0.028542	0.028718	0.028600	0.028525	0.028411	0.028015	0.028179
415.000000	0.026692	0.026710	0.026553	0.026400	0.026276	0.026197	0.026206
416.000000	0.024934	0.024769	0.024599	0.024484	0.024265	0.024483	0.024374
417.000000	0.023018	0.022902	0.022853	0.022827	0.022481	0.022668	0.022561
418.000000	0.021122	0.021155	0.021209	0.021218	0.020873	0.020817	0.020722
419.000000	0.019490	0.019564	0.019522	0.019419	0.019347	0.019057	0.018851
420.000000	0.018016	0.018007	0.017821	0.017558	0.017777	0.017406	0.017073
421.000000	0.016461	0.016322	0.016197	0.015894	0.016039	0.015839	0.015548
422.000000	0.014823	0.014595	0.014648	0.014442	0.014252	0.014339	0.014199
423.000000	0.013245	0.013057	0.013118	0.013061	0.012668	0.012893	0.012811
424.000000	0.011752	0.011711	0.011607	0.011642	0.011308	0.011469	0.011313
425.000000	0.010266	0.010345	0.010172	0.010099	0.009976	0.010018	0.009771
426.000000	0.008776	0.008882	0.008823	0.008479	0.008585	0.008543	0.008255
427.000000	0.007368	0.007436	0.007498	0.006995	0.007205	0.007115	0.006837
428.000000	0.006060	0.006064	0.006135	0.005734	0.005864	0.005755	0.005538
429.000000	0.004730	0.004689	0.004677	0.004513	0.004498	0.004382	0.004283
430.000000	0.003298	0.003257	0.003116	0.003178	0.003062	0.002943	0.002997
431.000000	0.001855	0.001819	0.001602	0.001748	0.001603	0.001494	0.001638
432.000000	0.000498	0.000437	0.000264	0.000281	0.000176	0.000101	0.000194
433.000000	-0.000782	-0.000881	-0.000987	-0.001143	-0.001186	-0.001224	-0.001243
434.000000	-0.002025	-0.002142	-0.002276	-0.002449	-0.002466	-0.002495	-0.002571
435.000000	-0.003265	-0.003372	-0.003567	-0.003656	-0.003701	-0.003753	-0.003827
436.000000	-0.004530	-0.004605	-0.004771	-0.004821	-0.004944	-0.005047	-0.005095
437.000000	-0.005792	-0.005846	-0.005930	-0.005992	-0.006168	-0.006290	-0.006348
438.000000	-0.006991	-0.007088	-0.007160	-0.007211	-0.007305	-0.007331	-0.007502
439.000000	-0.008154	-0.008313	-0.008455	-0.008466	-0.008408	-0.008265	-0.008581
440.000000	-0.009381	-0.009497	-0.009696	-0.009701	-0.009636	-0.009407	-0.009706
441.000000	-0.010661	-0.010644	-0.010842	-0.010875	-0.010968	-0.010801	-0.010913
442.000000	-0.011833	-0.011788	-0.011955	-0.011972	-0.012149	-0.012135	-0.012121
443.000000	-0.012829	-0.012928	-0.013059	-0.013000	-0.013083	-0.013238	-0.013266
444.000000	-0.013780	-0.013982	-0.014095	-0.014014	-0.014011	-0.014239	-0.014327
445.000000	-0.014797	-0.014927	-0.015036	-0.015054	-0.015104	-0.015262	-0.015313
446.000000	-0.015860	-0.015942	-0.015973	-0.016111	-0.016222	-0.016306	-0.016307
447.000000	-0.016933	-0.017156	-0.016993	-0.017169	-0.017230	-0.017355	-0.017375
448.000000	-0.017995	-0.018351	-0.018050	-0.018217	-0.018217	-0.018406	-0.018460
449.000000	-0.019026	-0.019270	-0.019071	-0.019239	-0.019296	-0.019454	-0.019482
450.000000	-0.019977	-0.019997	-0.020007	-0.020192	-0.020328	-0.020417	-0.020397
451.000000	-0.020802	-0.020743	-0.020829	-0.021029	-0.021104	-0.021207	-0.021190
452.000000	-0.021580	-0.021567	-0.021622	-0.021795	-0.021752	-0.021924	-0.021943
453.000000	-0.022456	-0.022441	-0.022527	-0.022590	-0.022586	-0.022770	-0.022790
454.000000	-0.023386	-0.023321	-0.023495	-0.023431	-0.023582	-0.023714	-0.023700
455.000000	-0.024164	-0.024154	-0.024316	-0.024268	-0.024427	-0.024528	-0.024504
456.000000	-0.024787	-0.024934	-0.024963	-0.025064	-0.025064	-0.025159	-0.025179
457.000000	-0.025508	-0.025715	-0.025649	-0.025799	-0.025766	-0.025786	-0.025893
458.000000	-0.026422	-0.026518	-0.026468	-0.026495	-0.026657	-0.026527	-0.026729
459.000000	-0.027305	-0.027300	-0.027273	-0.027255	-0.027546	-0.027368	-0.027603
460.000000	-0.027992	-0.028020	-0.027954	-0.028104	-0.028279	-0.028248	-0.028417
461.000000	-0.028568	-0.028673	-0.028568	-0.028856	-0.028883	-0.029013	-0.029092
462.000000	-0.029144	-0.029269	-0.029190	-0.029366	-0.029418	-0.029562	-0.029602
463.000000	-0.029755	-0.029862	-0.029852	-0.029822	-0.029970	-0.030055	-0.030123
464.000000	-0.030415	-0.030514	-0.030568	-0.030455	-0.030613	-0.030689	-0.030837
465.000000	-0.031124	-0.031243	-0.031324	-0.031235	-0.031332	-0.031464	-0.031625
466.000000	-0.031877	-0.032045	-0.032093	-0.032036	-0.032076	-0.032299	-0.032279
467.000000	-0.032627	-0.032836	-0.032826	-0.032789	-0.032797	-0.033084	-0.032861
468.000000	-0.033312	-0.033496	-0.033468	-0.033461	-0.033453	-0.033706	-0.033569
469.000000	-0.033924	-0.034045	-0.034048	-0.034080	-0.034071	-0.034221	-0.034389
470.000000	-0.034502	-0.034615	-0.034656	-0.034721	-0.034734	-0.034823	-0.035127
471.000000	-0.035086	-0.035244	-0.035302	-0.035390	-0.035443	-0.035540	-0.035711
472.000000	-0.035718	-0.035854	-0.035899	-0.036011	-0.036097	-0.036197	-0.036220
473.000000	-0.036395	-0.036405	-0.036416	-0.036555	-0.036662	-0.036723	-0.036724
474.000000	-0.037045	-0.036928	-0.036930	-0.037086	-0.037221	-0.037242	-0.037271
475.000000	-0.037616	-0.037456	-0.037499	-0.037652	-0.037817	-0.037838	-0.037877
476.000000	-0.038130	-0.038004	-0.038106	-0.038233	-0.038359	-0.038437	-0.038488
477.000000	-0.038627	-0.038582	-0.038723	-0.038806	-0.038790	-0.038972	-0.039060
478.000000	-0.039157	-0.039198	-0.039329	-0.039380	-0.039257	-0.039506	-0.039629
479.000000	-0.039752	-0.039846	-0.039905	-0.039964	-0.039907	-0.040105	-0.040227
480.000000	-0.040330	-0.040463	-0.040433	-0.040522	-0.040583	-0.040677	-0.040779
481.000000	-0.040780	-0.040970	-0.040896	-0.041006	-0.041046	-0.041093	-0.041183
482.000000	-0.041125	-0.041337	-0.041296	-0.041378	-0.041334	-0.041383	-0.041474
483.000000	-0.041454	-0.041565	-0.041648	-0.041619	-0.041629	-0.041659	-0.041760
484.000000	-0.041802	-0.041745	-0.041956	-0.041817	-0.041979	-0.041969	-0.042081
485.000000	-0.042153	-0.042032	-0.042224	-0.042144	-0.042333	-0.042313	-0.042423
486.000000	-0.042513	-0.042467	-0.042505	-0.042615	-0.042681	-0.042695	-0.042784
487.000000	-0.042913	-0.042960	-0.042904	-0.043069	-0.043066	-0.043122	-0.043177
488.000000	-0.043364	-0.043455	-0.043450	-0.043456	-0.043517	-0.043599	-0.043618
489.000000	-0.043846	-0.043962	-0.044040	-0.043922	-0.044034	-0.044122	-0.044121
490.000000	-0.044343	-0.044483	-0.044581	-0.044527	-0.044595	-0.044676	-0.044672
491.000000	-0.044843	-0.044975	-0.045040	-0.045086	-0.045132	-0.045221	-0.045174
492.000000	-0.045326	-0.045403	-0.045413	-0.045451	-0.045589	-0.045715	-0.045567
493.000000	-0.045733	-0.045775	-0.045772	-0.045754	-0.045972	-0.046124	-0.045961
494.000000	-0.046021	-0.046110	-0.046182	-0.046146	-0.046301	-0.046435	-0.046461
495.000000	-0.046287	-0.046434	-0.046595	-0.046557	-0.046596	-0.046717	-0.046938
496.000000	-0.046658	-0.046776	-0.046934	-0.046865	-0.046878	-0.047060	-0.047222
497.000000	-0.047096	-0.047137	-0.047236	-0.047143	-0.047196	-0.047446	-0.047421
498.000000	-0.047491	-0.047504	-0.047586	-0.047549	-0.047605	-0.047810	-0.047767
499.000000	-0.047832	-0.047874	-0.047985	-0.048058	-0.048075	-0.048151	-0.048251
500.000000	-0.048180	-0.048251	-0.048371	-0.048519	-0.048514	-0.048509	-0.048690
501.000000	-0.048548	-0.048620	-0.048709	-0.048864	-0.048878	-0.048877	-0.049017
502.000000	-0.048900	-0.048949	-0.048993	-0.049119	-0.049174	-0.049202	-0.049287
503.000000	-0.049219	-0.049253	-0.049255	-0.049350	-0.049442	-0.049487	-0.049561
504.000000	-0.049525	-0.049625	-0.049574	-0.049677	-0.049767	-0.049829	-0.049905
505.000000	-0.049843	-0.050088	-0.049981	-0.050135	-0.050182	-0.050265	-0.050324
506.000000	-0.050201	-0.050495	-0.050386	-0.050572	-0.050591	-0.050684	-0.050699
507.000000	-0.050603	-0.050744	-0.050719	-0.050866	-0.050916	-0.050997	-0.050954
508.000000	-0.050973	-0.050943	-0.051011	-0.051089	-0.051178	-0.051250	-0.051209
509.000000	-0.051246	-0.051220	-0.051310	-0.051336	-0.051424	-0.051512	-0.051586
510.000000	-0.051500	-0.051571	-0.051632	-0.051635	-0.051718	-0.051812	-0.052011
511.000000	-0.051836	-0.051953	-0.051983	-0.051981	-0.052110	-0.052162	-0.052362
512.000000	-0.052201	-0.052291	-0.052317	-0.052336	-0.052502	-0.052524	-0.052630
513.000000	-0.052486	-0.052510	-0.052576	-0.052648	-0.052743	-0.052841	-0.052855
514.000000	-0.052722	-0.052685	-0.052806	-0.052932	-0.052900	-0.053115	-0.053085
515.000000	-0.053034	-0.052985	-0.053119	-0.053246	-0.053179	-0.053391	-0.053366
516.000000	-0.053407	-0.053395	-0.053508	-0.053582	-0.053589	-0.053678	-0.053700
517.000000	-0.053690	-0.053721	-0.053851	-0.053862	-0.053956	-0.053949	-0.054043
518.000000	-0.053862	-0.053919	-0.054097	-0.054085	-0.054209	-0.054199	-0.054364
519.000000	-0.054089	-0.054153	-0.054290	-0.054351	-0.054429	-0.054453	-0.054647
520.000000	-0.054472	-0.054523	-0.054502	-0.054717	-0.054696	-0.054752	-0.054912
521.000000	-0.054953	-0.054963	-0.054835	-0.055133	-0.055053	-0.055172	-0.055238
522.000000	-0.055440	-0.055397	-0.055327	-0.055535	-0.055501	-0.055715	-0.055661
523.000000	-0.055806	-0.055758	-0.055801	-0.055852	-0.055910	-0.056155	-0.056062
524.000000	-0.055974	-0.056014	-0.056097	-0.056050	-0.056178	-0.056315	-0.056342
525.000000	-0.056142	-0.056270	-0.056302	-0.056271	-0.056421	-0.056432	-0.056598
526.000000	-0.056533	-0.056638	-0.056557	-0.056666	-0.056782	-0.056797	-0.056958
527.000000	-0.057017	-0.057029	-0.056884	-0.057140	-0.057182	-0.057278	-0.057354
528.000000	-0.057340	-0.057288	-0.057259	-0.057511	-0.057465	-0.057592	-0.057650
529.000000	-0.057525	-0.057469	-0.057627	-0.057774	-0.057660	-0.057759	-0.057859
530.000000	-0.057760	-0.057746	-0.057920	-0.058026	-0.057902	-0.057979	-0.058085
531.000000	-0.058099	-0.058145	-0.058167	-0.058309	-0.058235	-0.058324	-0.058378
532.000000	-0.058479	-0.058553	-0.058476	-0.058613	-0.058622	-0.058750	-0.058740
533.000000	-0.058828	-0.058898	-0.058848	-0.058921	-0.058994	-0.059165	-0.059126
534.000000	-0.059064	-0.059155	-0.059149	-0.059211	-0.059258	-0.059422	-0.059432
535.000000	-0.059195	-0.059337	-0.059327	-0.059469	-0.059402	-0.059496	-0.059622
536.000000	-0.059392	-0.059511	-0.059500	-0.059698	-0.059584	-0.059584	-0.059783
537.000000	-0.059738	-0.059726	-0.059754	-0.059909	-0.059899	-0.059827	-0.059988
538.000000	-0.060045	-0.059969	-0.060046	-0.060135	-0.060250	-0.060160	-0.060237
539.000000	-0.060166	-0.060210	-0.060321	-0.060390	-0.060513	-0.060482	-0.060497
540.000000	-0.060292	-0.060404	-0.060558	-0.060603	-0.060614	-0.060686	-0.060655
541.000000	-0.060621	-0.060543	-0.060752	-0.060722	-0.060568	-0.060734	-0.060659
542.000000	-0.060896	-0.060872	-0.060952	-0.060924	-0.060893	-0.060997	-0.060958
543.000000	-0.060782	-0.061606	-0.061199	-0.061393	-0.062054	-0.061830	-0.061983
544.000000	-0.060818	-0.061761	-0.061309	-0.061572	-0.062286	-0.062015	-0.062226
545.000000	-0.061875	-0.059982	-0.061031	-0.060660	-0.059102	-0.059820	-0.059546
546.000000	-0.062551	-0.059305	-0.061011	-0.060407	-0.057755	-0.058936	-0.058415
547.000000	-0.059880	-0.065743	-0.062505	-0.064282	-0.068754	-0.066733	-0.067795
548.000000	-0.057483	-0.071120	-0.063796	-0.067454	-0.078015	-0.073287	-0.075724
549.000000	-0.066171	-0.051463	-0.059774	-0.055793	-0.044263	-0.049444	-0.047090
550.000000	-0.077795	-0.001768	-0.043190	-0.023192	0.027535	0.009223	0.014569
551.000000	-0.053024	0.050939	-0.003704	0.022649	0.055442	0.065512	0.041348
552.000000	0.018327	0.080335	0.050895	0.065017	-0.000400	0.088052	-0.000837
553.000000	0.071200	0.068614	0.069501	0.068944	-0.064361	0.068113	-0.052706
554.000000	0.054280	0.012119	0.019260	0.015717	-0.071571	0.009982	-0.062581
555.000000	0.002138	-0.047596	-0.047069	-0.047361	-0.052829	-0.047912	-0.052264
556.000000	-0.039021	-0.069219	-0.071304	-0.070311	-0.050878	-0.068904	-0.053073
557.000000	-0.060563	-0.064760	-0.065266	-0.065047	-0.061249	-0.064954	-0.061854
558.000000	-0.066585	-0.060999	-0.060508	-0.060799	-0.066066	-0.061405	-0.065696
559.000000	-0.064413	-0.062619	-0.062402	-0.062596	-0.064316	-0.062828	-0.064267
560.000000	-0.062466	-0.063950	-0.064056	-0.064126	-0.062768	-0.064047	-0.063015
561.000000	-0.063018	-0.063728	-0.063844	-0.063920	-0.063276	-0.063896	-0.063445
562.000000	-0.064074	-0.063742	-0.063804	-0.063876	-0.064244	-0.063993	-0.064289
563.000000	-0.064347	-0.064177	-0.064226	-0.064244	-0.064544	-0.064440	-0.064557
564.000000	-0.063376	-0.063590	-0.063621	-0.063604	-0.063628	-0.063818	-0.063635
565.000000	-0.062485	-0.062736	-0.062735	-0.062731	-0.062757	-0.062922	-0.062750
566.000000	-0.065472	-0.065586	-0.065594	-0.065606	-0.065720	-0.065785	-0.065713
567.000000	-0.072546	-0.072529	-0.072602	-0.072612	-0.072740	-0.072803	-0.072759
568.000000	-0.076138	-0.076071	-0.076188	-0.076198	-0.076302	-0.076377	-0.076352
569.000000	-0.071433	-0.071423	-0.071509	-0.071540	-0.071623	-0.071652	-0.071694
570.000000	-0.064875	-0.064956	-0.064986	-0.065041	-0.065115	-0.065097	-0.065199
571.000000	-0.063171	-0.063297	-0.063300	-0.063367	-0.063443	-0.063439	-0.063533
572.000000	-0.064537	-0.064659	-0.064666	-0.064731	-0.064811	-0.064850	-0.064896
573.000000	-0.065268	-0.065355	-0.065381	-0.065436	-0.065519	-0.065578	-0.065578
574.000000	-0.065037	-0.065083	-0.065131	-0.065192	-0.065273	-0.065318	-0.065299
575.000000	-0.064869	-0.064891	-0.064948	-0.065056	-0.065131	-0.065138	-0.065138
576.000000	-0.064956	-0.064973	-0.065032	-0.065188	-0.065257	-0.065232	-0.065267
577.000000	-0.064998	-0.065015	-0.065083	-0.065212	-0.065285	-0.065274	-0.065316
578.000000	-0.064997	-0.065007	-0.065099	-0.065140	-0.065223	-0.065261	-0.065284
579.000000	-0.065209	-0.065200	-0.065328	-0.065316	-0.065402	-0.065468	-0.065489
580.000000	-0.065423	-0.065394	-0.065542	-0.065556	-0.065629	-0.065685	-0.065728
581.000000	-0.064847	-0.064829	-0.064926	-0.065022	-0.065063	-0.065104	-0.065154
582.000000	-0.063978	-0.064004	-0.063979	-0.064169	-0.064173	-0.064210	-0.064244
583.000000	-0.065678	-0.065733	-0.065609	-0.065837	-0.065830	-0.065864	-0.065915
584.000000	-0.069405	-0.069448	-0.069319	-0.069492	-0.069518	-0.069545	-0.069664
585.000000	-0.065112	-0.065157	-0.065095	-0.065175	-0.065239	-0.065285	-0.065429
586.000000	-0.050606	-0.050704	-0.050738	-0.050749	-0.050820	-0.050928	-0.050985
587.000000	-0.060031	-0.060171	-0.060256	-0.060245	-0.060311	-0.060461	-0.060428
588.000000	-0.121813	-0.121922	-0.121958	-0.121978	-0.122050	-0.122159	-0.122151
589.000000	-0.179780	-0.179871	-0.179844	-0.179900	-0.179979	-0.180025	-0.180098
590.000000	-0.158817	-0.159007	-0.159024	-0.159064	-0.159129	-0.159180	-0.159275
591.000000	-0.087967	-0.088132	-0.088249	-0.088263	-0.088312	-0.088400	-0.088458
592.000000	-0.046947	-0.046621	-0.046760	-0.046820	-0.046885	-0.046950	-0.046970
593.000000	-0.052928	-0.052374	-0.052439	-0.052594	-0.052696	-0.052698	-0.052709
594.000000	-0.075354	-0.076258	-0.076222	-0.076411	-0.076527	-0.076531	-0.076569
595.000000	-0.082807	-0.084933	-0.084841	-0.084978	-0.085084	-0.085159	-0.085233
596.000000	-0.044940	-0.042623	-0.042599	-0.042662	-0.042777	-0.042885	-0.042948
597.000000	0.025779	0.037391	0.037246	0.037231	0.037076	0.037009	0.037009
598.000000	0.051460	0.066582	0.066352	0.066330	0.066144	0.066118	0.066148
599.000000	-0.003105	0.004811	0.004664	0.004581	0.004405	0.004371	0.004355
600.000000	-0.066309	-0.066766	-0.066822	-0.066965	-0.067088	-0.067148	-0.067221
601.000000	-0.078265	-0.080270	-0.080347	-0.080508	-0.080551	-0.080623	-0.080709
602.000000	-0.064020	-0.064139	-0.064249	-0.064418	-0.064417	-0.064479	-0.064564
603.000000	-0.058627	-0.058139	-0.058190	-0.058386	-0.058430	-0.058466	-0.058565
604.000000	-0.061699	-0.061721	-0.061717	-0.061933	-0.062040	-0.062063	-0.062168
605.000000	-0.063270	-0.063464	-0.063539	-0.063727	-0.063832	-0.063884	-0.063949
606.000000	-0.062274	-0.062247	-0.062439	-0.062587	-0.062657	-0.062737	-0.062748
607.000000	-0.061449	-0.061336	-0.061513	-0.061666	-0.061744	-0.061792	-0.061786
608.000000	-0.061415	-0.061427	-0.061485	-0.061663	-0.061790	-0.061775	-0.061784
609.000000	-0.061437	-0.061567	-0.061562	-0.061706	-0.061864	-0.061850	-0.061861
610.000000	-0.061239	-0.061386	-0.061420	-0.061487	-0.061624	-0.061679	-0.061697
611.000000	-0.060985	-0.061081	-0.061195	-0.061239	-0.061294	-0.061406	-0.061505
612.000000	-0.060801	-0.060814	-0.060994	-0.061092	-0.061045	-0.061163	-0.061388
613.000000	-0.060736	-0.060680	-0.060868	-0.061014	-0.060957	-0.061043	-0.061272
614.000000	-0.060770	-0.060695	-0.060825	-0.060968	-0.061023	-0.061059	-0.061127
615.000000	-0.060767	-0.060734	-0.060797	-0.060923	-0.061086	-0.061083	-0.061018
616.000000	-0.060661	-0.060719	-0.060751	-0.060879	-0.061050	-0.061035	-0.060998
617.000000	-0.060616	-0.060731	-0.060773	-0.060916	-0.061017	-0.061017	-0.061059
618.000000	-0.060767	-0.060845	-0.060927	-0.061084	-0.061088	-0.061116	-0.061178
619.000000	-0.060976	-0.061006	-0.061097	-0.061258	-0.061213	-0.061257	-0.061314
620.000000	-0.061066	-0.061128	-0.061154	-0.061301	-0.061310	-0.061341	-0.061423
621.000000	-0.061048	-0.061173	-0.061141	-0.061264	-0.061347	-0.061379	-0.061494
622.000000	-0.061004	-0.061126	-0.061154	-0.061260	-0.061316	-0.061421	-0.061525
623.000000	-0.061005	-0.061071	-0.061212	-0.061305	-0.061286	-0.061488	-0.061534
624.000000	-0.061111	-0.061135	-0.061285	-0.061365	-0.061360	-0.061580	-0.061545
625.000000	-0.061281	-0.061305	-0.061372	-0.061425	-0.061498	-0.061669	-0.061577
626.000000	-0.061392	-0.061465	-0.061484	-0.061489	-0.061559	-0.061705	-0.061643
627.000000	-0.061399	-0.061540	-0.061586	-0.061544	-0.061522	-0.061685	-0.061718
628.000000	-0.061342	-0.061506	-0.061592	-0.061559	-0.061503	-0.061660	-0.061737
629.000000	-0.061277	-0.061403	-0.061488	-0.061530	-0.061546	-0.061659	-0.061686
630.000000	-0.061283	-0.061369	-0.061376	-0.061494	-0.061576	-0.061667	-0.061626
631.000000	-0.061370	-0.061455	-0.061324	-0.061472	-0.061549	-0.061666	-0.061601
632.000000	-0.061391	-0.061499	-0.061302	-0.061437	-0.061515	-0.061635	-0.061592
633.000000	-0.061257	-0.061390	-0.061284	-0.061376	-0.061514	-0.061565	-0.061579
634.000000	-0.061130	-0.061282	-0.061293	-0.061341	-0.061511	-0.061498	-0.061571
635.000000	-0.061172	-0.061333	-0.061349	-0.061381	-0.061476	-0.061475	-0.061579
636.000000	-0.061294	-0.061451	-0.061413	-0.061455	-0.061462	-0.061492	-0.061612
637.000000	-0.061351	-0.061487	-0.061434	-0.061503	-0.061529	-0.061529	-0.061669
638.000000	-0.061351	-0.061447	-0.061420	-0.061521	-0.061609	-0.061546	-0.061684
639.000000	-0.061367	-0.061402	-0.061407	-0.061527	-0.061589	-0.061504	-0.061577
640.000000	-0.061391	-0.061370	-0.061396	-0.061515	-0.061498	-0.061451	-0.061424
641.000000	-0.061365	-0.061340	-0.061372	-0.061466	-0.061455	-0.061480	-0.061396
642.000000	-0.061287	-0.061312	-0.061330	-0.061401	-0.061471	-0.061559	-0.061485
643.000000	-0.061207	-0.061296	-0.061278	-0.061377	-0.061463	-0.061542	-0.061519
644.000000	-0.061160	-0.061300	-0.061230	-0.061397	-0.061406	-0.061412	-0.061454
645.000000	-0.061168	-0.061329	-0.061204	-0.061391	-0.061358	-0.061325	-0.061413
646.000000	-0.061234	-0.061381	-0.061219	-0.061343	-0.061356	-0.061365	-0.061464
647.000000	-0.061338	-0.061443	-0.061288	-0.061345	-0.061394	-0.061464	-0.061539
648.000000	-0.061459	-0.061513	-0.061416	-0.061459	-0.061477	-0.061574	-0.061602
649.000000	-0.061575	-0.061607	-0.061592	-0.061639	-0.061656	-0.061735	-0.061719
650.000000	-0.061680	-0.061738	-0.061789	-0.061832	-0.061946	-0.061974	-0.061943
651.000000	-0.061813	-0.061880	-0.061947	-0.062017	-0.062207	-0.062181	-0.062187
652.000000	-0.061993	-0.061991	-0.061998	-0.062170	-0.062281	-0.062232	-0.062331
653.000000	-0.062055	-0.061972	-0.061905	-0.062172	-0.062148	-0.062101	-0.062259
654.000000	-0.061798	-0.061720	-0.061652	-0.061895	-0.061844	-0.061801	-0.061883
655.000000	-0.061347	-0.061308	-0.061305	-0.061444	-0.061466	-0.061424	-0.061392
656.000000	-0.060980	-0.060892	-0.060967	-0.061033	-0.061137	-0.061090	-0.061092
657.000000	-0.060755	-0.060577	-0.060701	-0.060760	-0.060887	-0.060850	-0.060993
658.000000	-0.060569	-0.060418	-0.060537	-0.060627	-0.060678	-0.060697	-0.060880
659.000000	-0.060406	-0.060402	-0.060469	-0.060602	-0.060524	-0.060617	-0.060712
660.000000	-0.060347	-0.060443	-0.060459	-0.060616	-0.060498	-0.060592	-0.060633
661.000000	-0.060388	-0.060472	-0.060463	-0.060614	-0.060572	-0.060593	-0.060671
662.000000	-0.060387	-0.060456	-0.060438	-0.060566	-0.060563	-0.060573	-0.060669
663.000000	-0.060255	-0.060361	-0.060342	-0.060451	-0.060374	-0.060493	-0.060528
664.000000	-0.060040	-0.060140	-0.060143	-0.060269	-0.060107	-0.060321	-0.060302
665.000000	-0.059794	-0.059792	-0.059844	-0.060032	-0.059867	-0.060058	-0.060060
666.000000	-0.059543	-0.059470	-0.059560	-0.059794	-0.059682	-0.059795	-0.059863
667.000000	-0.059298	-0.059304	-0.059386	-0.059596	-0.059553	-0.059610	-0.059739
668.000000	-0.059063	-0.059196	-0.059241	-0.059370	-0.059408	-0.059432	-0.059569
669.000000	-0.058844	-0.059011	-0.059017	-0.059047	-0.059177	-0.059176	-0.059238
670.000000	-0.058691	-0.058829	-0.058802	-0.058778	-0.058933	-0.058948	-0.058923
671.000000	-0.058665	-0.058800	-0.058741	-0.058777	-0.058796	-0.058913	-0.058887
672.000000	-0.058701	-0.058836	-0.058768	-0.058930	-0.058744	-0.058974	-0.059001
673.000000	-0.058666	-0.058723	-0.058697	-0.058939	-0.058673	-0.058889	-0.058915
674.000000	-0.058544	-0.058482	-0.058521	-0.058760	-0.058579	-0.058667	-0.058649
675.000000	-0.058424	-0.058338	-0.058390	-0.058567	-0.058539	-0.058528	-0.058534
676.000000	-0.058354	-0.058361	-0.058372	-0.058463	-0.058570	-0.058538	-0.058654
677.000000	-0.058330	-0.058424	-0.058431	-0.058454	-0.058607	-0.058561	-0.058772
678.000000	-0.058352	-0.058448	-0.058515	-0.058520	-0.058627	-0.058540	-0.058770
679.000000	-0.058437	-0.058458	-0.058551	-0.058602	-0.058679	-0.058563	-0.058767
680.000000	-0.058566	-0.058484	-0.058518	-0.058662	-0.058778	-0.058683	-0.058843
681.000000	-0.058648	-0.058554	-0.058514	-0.058726	-0.058839	-0.058823	-0.058937
682.000000	-0.058628	-0.058677	-0.058620	-0.058821	-0.058810	-0.058916	-0.058990
683.000000	-0.058641	-0.058796	-0.058772	-0.058930	-0.058816	-0.058990	-0.059047
684.000000	-0.058816	-0.058859	-0.058894	-0.059028	-0.058972	-0.059086	-0.059158
685.000000	-0.059027	-0.058906	-0.058995	-0.059091	-0.059139	-0.059179	-0.059273
686.000000	-0.059094	-0.058999	-0.059109	-0.059099	-0.059131	-0.059229	-0.059323
687.000000	-0.059060	-0.059095	-0.059198	-0.059099	-0.059041	-0.059256	-0.059316
688.000000	-0.059071	-0.059110	-0.059201	-0.059163	-0.059086	-0.059302	-0.059297
689.000000	-0.059170	-0.059098	-0.059197	-0.059292	-0.059277	-0.059370	-0.059329
690.000000	-0.059332	-0.059193	-0.059346	-0.059435	-0.059483	-0.059434	-0.059474
691.000000	-0.059469	-0.059357	-0.059574	-0.059539	-0.059596	-0.059481	-0.059673
692.000000	-0.059447	-0.059381	-0.059585	-0.059556	-0.059535	-0.059511	-0.059748
693.000000	-0.059279	-0.059253	-0.059354	-0.059493	-0.059353	-0.059525	-0.059662
694.000000	-0.059192	-0.059235	-0.059236	-0.059431	-0.059282	-0.059523	-0.059574
695.000000	-0.059287	-0.059426	-0.059392	-0.059423	-0.059413	-0.059512	-0.059581
696.000000	-0.059391	-0.059557	-0.059540	-0.059453	-0.059541	-0.059514	-0.059622
697.000000	-0.059381	-0.059455	-0.059488	-0.059500	-0.059529	-0.059543	-0.059644
698.000000	-0.059357	-0.059336	-0.059423	-0.059554	-0.059532	-0.059598	-0.059664
699.000000	-0.059419	-0.059399	-0.059523	-0.059609	-0.059684	-0.059673	-0.059708
700.000000	-0.059500	-0.059521	-0.059657	-0.059660	-0.059839	-0.059766	-0.059771
701.000000	-0.059516	-0.059527	-0.059653	-0.059703	-0.059821	-0.059869	-0.059838
702.000000	-0.059503	-0.059483	-0.059585	-0.059721	-0.059716	-0.059917	-0.059868
703.000000	-0.059534	-0.059519	-0.059597	-0.059698	-0.059687	-0.059841	-0.059816
704.000000	-0.059578	-0.059595	-0.059652	-0.059662	-0.059735	-0.059712	-0.059730
705.000000	-0.059554	-0.059582	-0.059623	-0.059660	-0.059773	-0.059674	-0.059694
706.000000	-0.059435	-0.059479	-0.059519	-0.059662	-0.059752	-0.059710	-0.059709
707.000000	-0.059243	-0.059377	-0.059452	-0.059579	-0.059659	-0.059687	-0.059704
708.000000	-0.059006	-0.059257	-0.059374	-0.059384	-0.059458	-0.059532	-0.059610
709.000000	-0.058759	-0.058977	-0.059071	-0.059113	-0.059096	-0.059239	-0.059362
710.000000	-0.058507	-0.058515	-0.058529	-0.058790	-0.058616	-0.058838	-0.058958
711.000000	-0.058215	-0.058034	-0.058047	-0.058415	-0.058214	-0.058410	-0.058493
712.000000	-0.057834	-0.057633	-0.057771	-0.057981	-0.057966	-0.057997	-0.058043
713.000000	-0.057301	-0.057251	-0.057453	-0.057477	-0.057658	-0.057550	-0.057624
714.000000	-0.056611	-0.056821	-0.056906	-0.056922	-0.057147	-0.057052	-0.057242
715.000000	-0.055956	-0.056334	-0.056298	-0.056443	-0.056634	-0.056630	-0.056896
716.000000	-0.055494	-0.055792	-0.055807	-0.056113	-0.056287	-0.056359	-0.056555
717.000000	-0.055054	-0.055166	-0.055351	-0.055680	-0.055822	-0.055945	-0.056040
718.000000	-0.054411	-0.054439	-0.054787	-0.054869	-0.054917	-0.055073	-0.055185
719.000000	-0.053637	-0.053677	-0.054063	-0.053911	-0.053870	-0.054029	-0.054218
720.000000	-0.052917	-0.052982	-0.053189	-0.053213	-0.053186	-0.053307	-0.053499
721.000000	-0.052339	-0.052377	-0.052381	-0.052809	-0.052853	-0.052952	-0.053060
722.000000	-0.051914	-0.051838	-0.051951	-0.052508	-0.052554	-0.052740	-0.052741
723.000000	-0.051464	-0.051261	-0.051685	-0.052067	-0.052038	-0.052363	-0.052348
724.000000	-0.050661	-0.050481	-0.050947	-0.051216	-0.051122	-0.051470	-0.051673
725.000000	-0.049613	-0.049602	-0.049802	-0.050127	-0.049998	-0.050261	-0.050802
726.000000	-0.048935	-0.049043	-0.049151	-0.049495	-0.049283	-0.049589	-0.050164
727.000000	-0.048784	-0.048886	-0.049247	-0.049501	-0.049171	-0.049676	-0.049874
728.000000	-0.048500	-0.048624	-0.049194	-0.049425	-0.049114	-0.049644	-0.049495
729.000000	-0.047727	-0.047996	-0.048449	-0.048831	-0.048746	-0.048980	-0.048819
730.000000	-0.047013	-0.047445	-0.047568	-0.048143	-0.048293	-0.048289	-0.048299
731.000000	-0.046839	-0.047359	-0.047079	-0.047766	-0.047990	-0.048126	-0.048315
732.000000	-0.047020	-0.047575	-0.046866	-0.047605	-0.047795	-0.048317	-0.048674
