[HEADER]
Format	J&M ASCII Table
Comment	
Date	2/21/2023 4:30:15 AM
Order	Y (evenX)
TechType	UV
NumPoints	483
FirstX	250.00
LastX	732.00
XType	NMetr
YType	Absrb
ZType	Secs
NumSubFile	7
Matrix	Z vs X
[DATA]
	0.000000	5.000064	10.000128	15.000256	20.000320	25.000383	30.000511
250.000000	1.078040	1.079173	1.080154	1.081157	1.078203	1.078246	1.077885
251.000000	1.048005	1.048611	1.050147	1.050828	1.047825	1.048924	1.047997
252.000000	1.016124	1.015618	1.016120	1.016154	1.014721	1.017682	1.016078
253.000000	0.983652	0.982975	0.982221	0.982251	0.982288	0.985834	0.984444
254.000000	0.951846	0.952832	0.951699	0.952875	0.952998	0.954566	0.954744
255.000000	0.921178	0.923697	0.922448	0.924397	0.924361	0.923814	0.925105
256.000000	0.891816	0.893725	0.891927	0.892801	0.893616	0.893373	0.893613
257.000000	0.863161	0.863462	0.861567	0.860730	0.862400	0.863756	0.862295
258.000000	0.834480	0.834151	0.833784	0.832488	0.833493	0.835587	0.834074
259.000000	0.806095	0.806014	0.807827	0.807111	0.806597	0.808326	0.807955
260.000000	0.778827	0.778753	0.781420	0.781096	0.779906	0.780908	0.781090
261.000000	0.752721	0.752191	0.754113	0.753740	0.752965	0.753432	0.753281
262.000000	0.727227	0.726251	0.726868	0.726506	0.726361	0.726876	0.726347
263.000000	0.702090	0.700873	0.700462	0.700321	0.700546	0.701586	0.700965
264.000000	0.677405	0.676019	0.675409	0.675439	0.675783	0.677161	0.676448
265.000000	0.653169	0.651732	0.651758	0.651784	0.652027	0.653280	0.652343
266.000000	0.629187	0.628191	0.628790	0.628792	0.628735	0.629842	0.628712
267.000000	0.605513	0.605507	0.606028	0.606075	0.605645	0.606810	0.605707
268.000000	0.582882	0.583583	0.583816	0.583816	0.583349	0.584282	0.583583
269.000000	0.561792	0.562276	0.562456	0.562194	0.562288	0.562370	0.562447
270.000000	0.541355	0.541382	0.541592	0.541018	0.541768	0.541178	0.541778
271.000000	0.520559	0.520699	0.520784	0.520064	0.520978	0.520742	0.521000
272.000000	0.499741	0.500137	0.500115	0.499490	0.500148	0.500719	0.500186
273.000000	0.479660	0.479657	0.479835	0.479553	0.479838	0.480644	0.479641
274.000000	0.460077	0.459368	0.459845	0.460014	0.459963	0.460376	0.459475
275.000000	0.440219	0.439453	0.439866	0.440367	0.440081	0.439968	0.439681
276.000000	0.420161	0.419935	0.419959	0.420545	0.420174	0.419605	0.420169
277.000000	0.400698	0.400702	0.400479	0.400855	0.400592	0.399585	0.400786
278.000000	0.382103	0.381755	0.381563	0.381569	0.381553	0.380228	0.381584
279.000000	0.363964	0.363242	0.363063	0.362890	0.363102	0.361875	0.362880
280.000000	0.345939	0.345174	0.344867	0.344847	0.345132	0.344464	0.344782
281.000000	0.327917	0.327283	0.326973	0.327149	0.327282	0.327164	0.326970
282.000000	0.309968	0.309461	0.309437	0.309612	0.309393	0.309485	0.309258
283.000000	0.292623	0.292147	0.292456	0.292465	0.291990	0.292146	0.291988
284.000000	0.276334	0.275777	0.276196	0.275960	0.275550	0.275865	0.275510
285.000000	0.260845	0.260336	0.260561	0.260123	0.259823	0.260388	0.259791
286.000000	0.245766	0.245669	0.245405	0.244929	0.244443	0.245253	0.244700
287.000000	0.231144	0.231510	0.230741	0.230466	0.229664	0.230486	0.230143
288.000000	0.217197	0.217580	0.216652	0.216849	0.215953	0.216315	0.216058
289.000000	0.203939	0.204030	0.203255	0.203945	0.203186	0.202933	0.202596
290.000000	0.191257	0.191266	0.190683	0.191472	0.190877	0.190502	0.190028
291.000000	0.179239	0.179383	0.178973	0.179372	0.178947	0.178915	0.178374
292.000000	0.168156	0.168173	0.168061	0.167799	0.167702	0.167818	0.167405
293.000000	0.157869	0.157435	0.157681	0.156817	0.157132	0.157019	0.156856
294.000000	0.147658	0.146993	0.147289	0.146349	0.146765	0.146566	0.146422
295.000000	0.137235	0.136808	0.136731	0.136345	0.136407	0.136520	0.136034
296.000000	0.127303	0.127112	0.126708	0.126826	0.126513	0.126916	0.126119
297.000000	0.118384	0.118069	0.117726	0.117795	0.117442	0.117753	0.116986
298.000000	0.110019	0.109502	0.109323	0.109158	0.108970	0.108914	0.108375
299.000000	0.101670	0.101198	0.100965	0.100802	0.100785	0.100291	0.099978
300.000000	0.093350	0.093076	0.092704	0.092628	0.092702	0.091939	0.091821
301.000000	0.085235	0.085107	0.084745	0.084557	0.084602	0.083947	0.084008
302.000000	0.077387	0.077313	0.077069	0.076649	0.076606	0.076283	0.076471
303.000000	0.069822	0.069746	0.069564	0.069028	0.068937	0.068867	0.069070
304.000000	0.062593	0.062486	0.062272	0.061804	0.061724	0.061733	0.061855
305.000000	0.055774	0.055631	0.055341	0.055072	0.055026	0.054996	0.055003
306.000000	0.049326	0.049158	0.048825	0.048767	0.048736	0.048632	0.048546
307.000000	0.043091	0.042918	0.042679	0.042666	0.042578	0.042477	0.042360
308.000000	0.037076	0.036924	0.036888	0.036728	0.036536	0.036518	0.036433
309.000000	0.031540	0.031443	0.031495	0.031207	0.030996	0.030983	0.030932
310.000000	0.026612	0.026586	0.026518	0.026250	0.026165	0.026009	0.025949
311.000000	0.022075	0.022074	0.021914	0.021700	0.021759	0.021489	0.021379
312.000000	0.017747	0.017692	0.017646	0.017427	0.017521	0.017304	0.017128
313.000000	0.013747	0.013641	0.013741	0.013522	0.013536	0.013423	0.013253
314.000000	0.010213	0.010135	0.010218	0.010084	0.009935	0.009833	0.009806
315.000000	0.007026	0.006979	0.006984	0.006963	0.006694	0.006542	0.006646
316.000000	0.003997	0.003874	0.003915	0.003951	0.003733	0.003548	0.003587
317.000000	0.001068	0.000846	0.000964	0.001042	0.000927	0.000775	0.000646
318.000000	-0.001745	-0.001926	-0.001877	-0.001675	-0.001864	-0.001894	-0.002070
319.000000	-0.004421	-0.004488	-0.004563	-0.004244	-0.004619	-0.004541	-0.004615
320.000000	-0.006932	-0.007048	-0.007016	-0.006802	-0.007194	-0.007215	-0.007159
321.000000	-0.009232	-0.009584	-0.009268	-0.009320	-0.009537	-0.009814	-0.009684
322.000000	-0.011260	-0.011812	-0.011481	-0.011577	-0.011697	-0.012073	-0.011966
323.000000	-0.013120	-0.013682	-0.013724	-0.013568	-0.013742	-0.013968	-0.013965
324.000000	-0.015195	-0.015545	-0.015908	-0.015657	-0.015756	-0.015893	-0.015966
325.000000	-0.017638	-0.017628	-0.017986	-0.018026	-0.017806	-0.018077	-0.018142
326.000000	-0.019978	-0.019768	-0.020048	-0.020328	-0.019909	-0.020257	-0.020328
327.000000	-0.021827	-0.021784	-0.022151	-0.022240	-0.022037	-0.022184	-0.022353
328.000000	-0.023454	-0.023655	-0.024153	-0.023839	-0.024015	-0.023951	-0.024232
329.000000	-0.025202	-0.025399	-0.025894	-0.025296	-0.025691	-0.025700	-0.026003
330.000000	-0.026926	-0.027010	-0.027409	-0.026775	-0.027220	-0.027371	-0.027616
331.000000	-0.028357	-0.028496	-0.028806	-0.028420	-0.028852	-0.028864	-0.029021
332.000000	-0.029681	-0.030036	-0.030248	-0.030251	-0.030611	-0.030358	-0.030444
333.000000	-0.031303	-0.031870	-0.031909	-0.032209	-0.032400	-0.032152	-0.032237
334.000000	-0.033127	-0.033806	-0.033673	-0.034078	-0.034098	-0.034086	-0.034246
335.000000	-0.034658	-0.035308	-0.035204	-0.035525	-0.035569	-0.035640	-0.035926
336.000000	-0.035822	-0.036324	-0.036433	-0.036581	-0.036813	-0.036738	-0.037127
337.000000	-0.037054	-0.037385	-0.037625	-0.037701	-0.037986	-0.037841	-0.038181
338.000000	-0.038533	-0.038753	-0.038908	-0.039104	-0.039198	-0.039180	-0.039314
339.000000	-0.039936	-0.040171	-0.040144	-0.040546	-0.040457	-0.040532	-0.040525
340.000000	-0.041045	-0.041414	-0.041259	-0.041818	-0.041744	-0.041727	-0.041785
341.000000	-0.042046	-0.042482	-0.042409	-0.042918	-0.042990	-0.042845	-0.043062
342.000000	-0.043131	-0.043432	-0.043704	-0.043891	-0.044128	-0.043979	-0.044316
343.000000	-0.044267	-0.044416	-0.044916	-0.044850	-0.045141	-0.045115	-0.045474
344.000000	-0.045374	-0.045571	-0.045809	-0.045900	-0.046050	-0.046218	-0.046484
345.000000	-0.046433	-0.046799	-0.046643	-0.047018	-0.047020	-0.047302	-0.047455
346.000000	-0.047452	-0.047923	-0.047808	-0.048139	-0.048241	-0.048394	-0.048539
347.000000	-0.048440	-0.048917	-0.049141	-0.049241	-0.049545	-0.049467	-0.049661
348.000000	-0.049406	-0.049837	-0.050182	-0.050326	-0.050580	-0.050466	-0.050629
349.000000	-0.050352	-0.050736	-0.050934	-0.051334	-0.051341	-0.051386	-0.051462
350.000000	-0.051270	-0.051662	-0.051787	-0.052151	-0.052119	-0.052267	-0.052359
351.000000	-0.052160	-0.052598	-0.052811	-0.052804	-0.052995	-0.053122	-0.053365
352.000000	-0.053038	-0.053441	-0.053666	-0.053488	-0.053788	-0.053926	-0.054325
353.000000	-0.053913	-0.054190	-0.054240	-0.054322	-0.054447	-0.054700	-0.055161
354.000000	-0.054785	-0.055027	-0.054893	-0.055268	-0.055193	-0.055553	-0.055947
355.000000	-0.055624	-0.056016	-0.055835	-0.056221	-0.056147	-0.056510	-0.056720
356.000000	-0.056328	-0.056839	-0.056723	-0.056954	-0.057062	-0.057348	-0.057351
357.000000	-0.056835	-0.057241	-0.057251	-0.057325	-0.057707	-0.057890	-0.057756
358.000000	-0.057322	-0.057518	-0.057664	-0.057664	-0.058173	-0.058328	-0.058158
359.000000	-0.057990	-0.058051	-0.058296	-0.058353	-0.058637	-0.058913	-0.058820
360.000000	-0.058784	-0.058824	-0.059101	-0.059314	-0.059264	-0.059650	-0.059739
361.000000	-0.059553	-0.059668	-0.059896	-0.060292	-0.060185	-0.060447	-0.060788
362.000000	-0.060252	-0.060527	-0.060667	-0.061140	-0.061216	-0.061231	-0.061733
363.000000	-0.060900	-0.061409	-0.061494	-0.061782	-0.062001	-0.061944	-0.062291
364.000000	-0.061528	-0.062242	-0.062330	-0.062287	-0.062521	-0.062576	-0.062580
365.000000	-0.062185	-0.062892	-0.063016	-0.062853	-0.063050	-0.063154	-0.063065
366.000000	-0.062928	-0.063429	-0.063589	-0.063583	-0.063749	-0.063763	-0.063914
367.000000	-0.063825	-0.064185	-0.064336	-0.064455	-0.064618	-0.064555	-0.064899
368.000000	-0.064841	-0.065263	-0.065333	-0.065422	-0.065601	-0.065559	-0.065843
369.000000	-0.065732	-0.066288	-0.066215	-0.066407	-0.066563	-0.066566	-0.066717
370.000000	-0.066395	-0.067016	-0.066792	-0.067355	-0.067421	-0.067440	-0.067545
371.000000	-0.067174	-0.067732	-0.067507	-0.068282	-0.068282	-0.068335	-0.068446
372.000000	-0.068358	-0.068709	-0.068729	-0.069202	-0.069236	-0.069385	-0.069494
373.000000	-0.069616	-0.069753	-0.070018	-0.070062	-0.070166	-0.070389	-0.070498
374.000000	-0.070532	-0.070603	-0.070825	-0.070813	-0.070940	-0.071121	-0.071255
375.000000	-0.071241	-0.071377	-0.071381	-0.071560	-0.071709	-0.071789	-0.071955
376.000000	-0.072078	-0.072328	-0.072197	-0.072454	-0.072704	-0.072744	-0.072917
377.000000	-0.073077	-0.073413	-0.073277	-0.073475	-0.073800	-0.073879	-0.074048
378.000000	-0.074083	-0.074407	-0.074322	-0.074495	-0.074662	-0.074825	-0.075013
379.000000	-0.075000	-0.075192	-0.075184	-0.075400	-0.075265	-0.075497	-0.075740
380.000000	-0.075793	-0.075749	-0.075859	-0.076090	-0.075867	-0.076079	-0.076407
381.000000	-0.076527	-0.076258	-0.076481	-0.076660	-0.076633	-0.076746	-0.077152
382.000000	-0.077403	-0.077143	-0.077361	-0.077459	-0.077598	-0.077653	-0.078055
383.000000	-0.078454	-0.078478	-0.078558	-0.078585	-0.078695	-0.078784	-0.079089
384.000000	-0.079368	-0.079617	-0.079618	-0.079618	-0.079678	-0.079796	-0.080033
385.000000	-0.079937	-0.080125	-0.080229	-0.080256	-0.080379	-0.080457	-0.080719
386.000000	-0.080375	-0.080437	-0.080674	-0.080733	-0.080912	-0.080971	-0.081214
387.000000	-0.080918	-0.081020	-0.081267	-0.081313	-0.081433	-0.081565	-0.081632
388.000000	-0.081562	-0.081784	-0.082016	-0.081979	-0.082037	-0.082221	-0.082115
389.000000	-0.082241	-0.082506	-0.082822	-0.082636	-0.082776	-0.082858	-0.082778
390.000000	-0.082946	-0.083122	-0.083500	-0.083206	-0.083512	-0.083429	-0.083502
391.000000	-0.083680	-0.083639	-0.083853	-0.083625	-0.084044	-0.083907	-0.084084
392.000000	-0.084341	-0.084088	-0.084011	-0.083953	-0.084384	-0.084274	-0.084514
393.000000	-0.084769	-0.084512	-0.084297	-0.084319	-0.084679	-0.084521	-0.084901
394.000000	-0.084968	-0.084922	-0.084780	-0.084779	-0.085002	-0.084737	-0.085302
395.000000	-0.085096	-0.085301	-0.085295	-0.085319	-0.085358	-0.085095	-0.085726
396.000000	-0.085263	-0.085615	-0.085705	-0.085832	-0.085702	-0.085587	-0.086096
397.000000	-0.085509	-0.085813	-0.085921	-0.086084	-0.085929	-0.085955	-0.086228
398.000000	-0.085838	-0.085912	-0.085966	-0.086051	-0.086016	-0.086095	-0.086137
399.000000	-0.086196	-0.086074	-0.086070	-0.086131	-0.086122	-0.086238	-0.086250
400.000000	-0.086544	-0.086402	-0.086406	-0.086593	-0.086393	-0.086568	-0.086819
401.000000	-0.086904	-0.086796	-0.086898	-0.087171	-0.086894	-0.087010	-0.087445
402.000000	-0.087288	-0.087142	-0.087429	-0.087577	-0.087603	-0.087453	-0.087729
403.000000	-0.087594	-0.087463	-0.087885	-0.087852	-0.088205	-0.087837	-0.087824
404.000000	-0.087722	-0.087807	-0.088172	-0.088117	-0.088374	-0.088128	-0.088006
405.000000	-0.087816	-0.088146	-0.088319	-0.088406	-0.088333	-0.088342	-0.088327
406.000000	-0.088097	-0.088427	-0.088409	-0.088716	-0.088501	-0.088521	-0.088735
407.000000	-0.088499	-0.088679	-0.088568	-0.089027	-0.088929	-0.088753	-0.089127
408.000000	-0.088788	-0.088982	-0.088940	-0.089313	-0.089428	-0.089146	-0.089376
409.000000	-0.088946	-0.089303	-0.089427	-0.089545	-0.089821	-0.089620	-0.089522
410.000000	-0.089159	-0.089511	-0.089719	-0.089692	-0.089952	-0.089927	-0.089761
411.000000	-0.089477	-0.089604	-0.089759	-0.089785	-0.089889	-0.090029	-0.090110
412.000000	-0.089762	-0.089755	-0.089836	-0.089941	-0.090002	-0.090182	-0.090350
413.000000	-0.089947	-0.090055	-0.090113	-0.090209	-0.090419	-0.090504	-0.090400
414.000000	-0.090129	-0.090414	-0.090456	-0.090494	-0.090755	-0.090806	-0.090486
415.000000	-0.090373	-0.090727	-0.090719	-0.090717	-0.090754	-0.090936	-0.090767
416.000000	-0.090577	-0.090922	-0.090839	-0.090878	-0.090709	-0.090968	-0.091087
417.000000	-0.090651	-0.090962	-0.090807	-0.090995	-0.090911	-0.091001	-0.091274
418.000000	-0.090681	-0.090967	-0.090796	-0.091084	-0.091186	-0.091078	-0.091338
419.000000	-0.090787	-0.091075	-0.090991	-0.091158	-0.091275	-0.091217	-0.091343
420.000000	-0.090970	-0.091273	-0.091295	-0.091237	-0.091258	-0.091397	-0.091382
421.000000	-0.091177	-0.091479	-0.091505	-0.091338	-0.091338	-0.091577	-0.091545
422.000000	-0.091336	-0.091595	-0.091565	-0.091458	-0.091513	-0.091690	-0.091749
423.000000	-0.091372	-0.091523	-0.091514	-0.091580	-0.091649	-0.091660	-0.091813
424.000000	-0.091317	-0.091347	-0.091437	-0.091676	-0.091690	-0.091553	-0.091753
425.000000	-0.091303	-0.091314	-0.091461	-0.091710	-0.091646	-0.091564	-0.091764
426.000000	-0.091371	-0.091481	-0.091604	-0.091682	-0.091560	-0.091728	-0.091884
427.000000	-0.091428	-0.091642	-0.091736	-0.091636	-0.091514	-0.091861	-0.091934
428.000000	-0.091436	-0.091673	-0.091771	-0.091621	-0.091556	-0.091878	-0.091848
429.000000	-0.091471	-0.091644	-0.091733	-0.091692	-0.091661	-0.091900	-0.091805
430.000000	-0.091581	-0.091633	-0.091674	-0.091865	-0.091796	-0.092016	-0.091931
431.000000	-0.091695	-0.091667	-0.091695	-0.092044	-0.091928	-0.092134	-0.092130
432.000000	-0.091753	-0.091759	-0.091866	-0.092136	-0.092037	-0.092166	-0.092284
433.000000	-0.091823	-0.091879	-0.092070	-0.092154	-0.092155	-0.092174	-0.092368
434.000000	-0.091983	-0.091990	-0.092162	-0.092139	-0.092314	-0.092242	-0.092388
435.000000	-0.092125	-0.092052	-0.092165	-0.092131	-0.092428	-0.092349	-0.092380
436.000000	-0.092084	-0.092035	-0.092168	-0.092164	-0.092382	-0.092427	-0.092389
437.000000	-0.091938	-0.091985	-0.092171	-0.092208	-0.092250	-0.092429	-0.092401
438.000000	-0.091905	-0.091990	-0.092131	-0.092196	-0.092212	-0.092325	-0.092372
439.000000	-0.092021	-0.092069	-0.092088	-0.092162	-0.092306	-0.092206	-0.092337
440.000000	-0.092154	-0.092176	-0.092152	-0.092227	-0.092433	-0.092261	-0.092403
441.000000	-0.092240	-0.092297	-0.092337	-0.092397	-0.092539	-0.092505	-0.092576
442.000000	-0.092306	-0.092457	-0.092527	-0.092531	-0.092627	-0.092718	-0.092737
443.000000	-0.092373	-0.092638	-0.092643	-0.092556	-0.092697	-0.092776	-0.092811
444.000000	-0.092435	-0.092742	-0.092693	-0.092547	-0.092740	-0.092758	-0.092833
445.000000	-0.092477	-0.092715	-0.092704	-0.092575	-0.092754	-0.092748	-0.092841
446.000000	-0.092477	-0.092664	-0.092733	-0.092639	-0.092757	-0.092757	-0.092851
447.000000	-0.092432	-0.092689	-0.092818	-0.092724	-0.092775	-0.092786	-0.092876
448.000000	-0.092418	-0.092726	-0.092921	-0.092808	-0.092828	-0.092833	-0.092924
449.000000	-0.092509	-0.092689	-0.092979	-0.092864	-0.092928	-0.092892	-0.092993
450.000000	-0.092611	-0.092600	-0.092937	-0.092878	-0.092993	-0.092937	-0.093022
451.000000	-0.092579	-0.092525	-0.092753	-0.092845	-0.092922	-0.092935	-0.092942
452.000000	-0.092469	-0.092521	-0.092550	-0.092797	-0.092782	-0.092907	-0.092818
453.000000	-0.092447	-0.092633	-0.092532	-0.092788	-0.092727	-0.092904	-0.092787
454.000000	-0.092509	-0.092769	-0.092670	-0.092813	-0.092763	-0.092918	-0.092860
455.000000	-0.092508	-0.092725	-0.092735	-0.092818	-0.092766	-0.092898	-0.092941
456.000000	-0.092419	-0.092510	-0.092667	-0.092775	-0.092705	-0.092834	-0.092968
457.000000	-0.092379	-0.092394	-0.092630	-0.092693	-0.092672	-0.092773	-0.092928
458.000000	-0.092445	-0.092494	-0.092699	-0.092610	-0.092717	-0.092758	-0.092846
459.000000	-0.092520	-0.092613	-0.092767	-0.092613	-0.092796	-0.092822	-0.092809
460.000000	-0.092516	-0.092597	-0.092742	-0.092720	-0.092847	-0.092942	-0.092849
461.000000	-0.092420	-0.092510	-0.092624	-0.092759	-0.092782	-0.092940	-0.092849
462.000000	-0.092253	-0.092431	-0.092445	-0.092591	-0.092562	-0.092695	-0.092712
463.000000	-0.092113	-0.092361	-0.092313	-0.092355	-0.092364	-0.092421	-0.092531
464.000000	-0.092097	-0.092292	-0.092327	-0.092241	-0.092377	-0.092366	-0.092431
465.000000	-0.092177	-0.092279	-0.092414	-0.092282	-0.092512	-0.092469	-0.092436
466.000000	-0.092277	-0.092388	-0.092449	-0.092448	-0.092588	-0.092558	-0.092529
467.000000	-0.092359	-0.092534	-0.092444	-0.092632	-0.092579	-0.092620	-0.092656
468.000000	-0.092403	-0.092555	-0.092482	-0.092694	-0.092550	-0.092723	-0.092746
469.000000	-0.092399	-0.092469	-0.092563	-0.092646	-0.092558	-0.092832	-0.092789
470.000000	-0.092336	-0.092446	-0.092613	-0.092623	-0.092652	-0.092830	-0.092819
471.000000	-0.092241	-0.092511	-0.092606	-0.092652	-0.092783	-0.092703	-0.092833
472.000000	-0.092176	-0.092521	-0.092563	-0.092627	-0.092784	-0.092567	-0.092782
473.000000	-0.092163	-0.092426	-0.092510	-0.092520	-0.092621	-0.092504	-0.092665
474.000000	-0.092152	-0.092357	-0.092469	-0.092447	-0.092487	-0.092529	-0.092581
475.000000	-0.092115	-0.092394	-0.092446	-0.092471	-0.092511	-0.092616	-0.092586
476.000000	-0.092099	-0.092435	-0.092412	-0.092480	-0.092593	-0.092660	-0.092615
477.000000	-0.092143	-0.092392	-0.092351	-0.092389	-0.092629	-0.092594	-0.092612
478.000000	-0.092224	-0.092328	-0.092321	-0.092322	-0.092633	-0.092542	-0.092626
479.000000	-0.092302	-0.092324	-0.092376	-0.092408	-0.092637	-0.092629	-0.092710
480.000000	-0.092331	-0.092345	-0.092433	-0.092529	-0.092606	-0.092732	-0.092779
481.000000	-0.092267	-0.092321	-0.092374	-0.092497	-0.092485	-0.092661	-0.092715
482.000000	-0.092111	-0.092229	-0.092210	-0.092332	-0.092307	-0.092451	-0.092544
483.000000	-0.091888	-0.092074	-0.092019	-0.092159	-0.092144	-0.092249	-0.092361
484.000000	-0.091657	-0.091876	-0.091853	-0.092010	-0.092013	-0.092082	-0.092197
485.000000	-0.091504	-0.091669	-0.091738	-0.091845	-0.091887	-0.091893	-0.092028
486.000000	-0.091446	-0.091505	-0.091670	-0.091681	-0.091774	-0.091703	-0.091868
487.000000	-0.091425	-0.091449	-0.091611	-0.091599	-0.091724	-0.091625	-0.091769
488.000000	-0.091422	-0.091516	-0.091565	-0.091627	-0.091737	-0.091688	-0.091758
489.000000	-0.091484	-0.091625	-0.091602	-0.091698	-0.091743	-0.091778	-0.091821
490.000000	-0.091611	-0.091702	-0.091732	-0.091750	-0.091701	-0.091806	-0.091921
491.000000	-0.091666	-0.091706	-0.091806	-0.091745	-0.091667	-0.091785	-0.091987
492.000000	-0.091554	-0.091620	-0.091714	-0.091674	-0.091691	-0.091745	-0.091963
493.000000	-0.091373	-0.091505	-0.091549	-0.091597	-0.091744	-0.091712	-0.091878
494.000000	-0.091247	-0.091419	-0.091431	-0.091571	-0.091777	-0.091702	-0.091771
495.000000	-0.091173	-0.091337	-0.091364	-0.091529	-0.091716	-0.091650	-0.091651
496.000000	-0.091110	-0.091213	-0.091309	-0.091383	-0.091499	-0.091479	-0.091521
497.000000	-0.091036	-0.091070	-0.091233	-0.091192	-0.091231	-0.091249	-0.091400
498.000000	-0.090941	-0.090960	-0.091108	-0.091081	-0.091086	-0.091083	-0.091311
499.000000	-0.090824	-0.090877	-0.090955	-0.091048	-0.091075	-0.091016	-0.091241
500.000000	-0.090688	-0.090773	-0.090830	-0.091001	-0.091089	-0.091021	-0.091144
501.000000	-0.090535	-0.090638	-0.090737	-0.090889	-0.091040	-0.091021	-0.091013
502.000000	-0.090360	-0.090505	-0.090634	-0.090714	-0.090864	-0.090896	-0.090880
503.000000	-0.090183	-0.090398	-0.090502	-0.090516	-0.090597	-0.090653	-0.090763
504.000000	-0.090063	-0.090331	-0.090367	-0.090398	-0.090429	-0.090503	-0.090648
505.000000	-0.090017	-0.090296	-0.090248	-0.090388	-0.090441	-0.090533	-0.090526
506.000000	-0.089970	-0.090242	-0.090138	-0.090342	-0.090447	-0.090530	-0.090391
507.000000	-0.089858	-0.090131	-0.090028	-0.090153	-0.090296	-0.090332	-0.090244
508.000000	-0.089703	-0.089970	-0.089916	-0.089922	-0.090072	-0.090073	-0.090100
509.000000	-0.089546	-0.089780	-0.089801	-0.089767	-0.089886	-0.089909	-0.089973
510.000000	-0.089428	-0.089593	-0.089692	-0.089684	-0.089746	-0.089818	-0.089857
511.000000	-0.089373	-0.089437	-0.089596	-0.089626	-0.089628	-0.089726	-0.089740
512.000000	-0.089288	-0.089285	-0.089474	-0.089515	-0.089509	-0.089589	-0.089583
513.000000	-0.089044	-0.089094	-0.089277	-0.089270	-0.089365	-0.089387	-0.089349
514.000000	-0.088724	-0.088905	-0.089039	-0.088975	-0.089194	-0.089170	-0.089120
515.000000	-0.088546	-0.088808	-0.088847	-0.088819	-0.089012	-0.089037	-0.089051
516.000000	-0.088512	-0.088768	-0.088710	-0.088791	-0.088823	-0.088957	-0.089086
517.000000	-0.088416	-0.088624	-0.088565	-0.088685	-0.088623	-0.088782	-0.088977
518.000000	-0.088183	-0.088356	-0.088396	-0.088441	-0.088429	-0.088498	-0.088674
519.000000	-0.087932	-0.088144	-0.088256	-0.088208	-0.088287	-0.088276	-0.088420
520.000000	-0.087770	-0.088086	-0.088176	-0.088088	-0.088218	-0.088218	-0.088358
521.000000	-0.087757	-0.088083	-0.088123	-0.088072	-0.088200	-0.088248	-0.088394
522.000000	-0.087879	-0.088037	-0.088056	-0.088108	-0.088192	-0.088273	-0.088409
523.000000	-0.087917	-0.087920	-0.087934	-0.088074	-0.088131	-0.088203	-0.088304
524.000000	-0.087698	-0.087732	-0.087736	-0.087883	-0.087975	-0.087989	-0.088033
525.000000	-0.087403	-0.087553	-0.087552	-0.087667	-0.087813	-0.087754	-0.087766
526.000000	-0.087271	-0.087464	-0.087481	-0.087585	-0.087745	-0.087641	-0.087695
527.000000	-0.087251	-0.087429	-0.087475	-0.087569	-0.087718	-0.087606	-0.087720
528.000000	-0.087182	-0.087368	-0.087434	-0.087468	-0.087624	-0.087535	-0.087641
529.000000	-0.087050	-0.087265	-0.087330	-0.087308	-0.087462	-0.087427	-0.087474
530.000000	-0.086926	-0.087150	-0.087180	-0.087217	-0.087295	-0.087346	-0.087364
531.000000	-0.086851	-0.087051	-0.087060	-0.087217	-0.087170	-0.087305	-0.087339
532.000000	-0.086835	-0.087001	-0.087088	-0.087241	-0.087120	-0.087267	-0.087328
533.000000	-0.086817	-0.086972	-0.087164	-0.087180	-0.087115	-0.087198	-0.087271
534.000000	-0.086650	-0.086863	-0.086909	-0.086881	-0.087054	-0.087061	-0.087135
535.000000	-0.086390	-0.086645	-0.086405	-0.086493	-0.086889	-0.086861	-0.086929
536.000000	-0.086476	-0.086425	-0.086592	-0.086717	-0.086680	-0.086675	-0.086735
537.000000	-0.086863	-0.086285	-0.087470	-0.087458	-0.086490	-0.086557	-0.086614
538.000000	-0.086122	-0.086197	-0.086301	-0.086349	-0.086353	-0.086473	-0.086545
539.000000	-0.083908	-0.086104	-0.082342	-0.082802	-0.086267	-0.086364	-0.086477
540.000000	-0.085089	-0.085912	-0.084601	-0.084806	-0.086108	-0.086113	-0.086291
541.000000	-0.092698	-0.085597	-0.098713	-0.097336	-0.085809	-0.085701	-0.085938
542.000000	-0.090854	-0.085622	-0.095313	-0.094301	-0.085839	-0.085793	-0.085917
543.000000	-0.061113	-0.086406	-0.040146	-0.045341	-0.086636	-0.086988	-0.086693
544.000000	-0.027203	-0.086259	0.024376	0.011117	-0.086505	-0.086912	-0.086556
545.000000	-0.032603	-0.082574	0.019645	0.004218	-0.082821	-0.081989	-0.082851
546.000000	-0.069229	-0.076466	-0.043549	-0.056100	-0.076709	-0.075250	-0.076720
547.000000	-0.089411	-0.071930	-0.085559	-0.097584	-0.072198	-0.074689	-0.072249
548.000000	-0.080841	-0.071232	-0.081855	-0.095510	-0.071533	-0.080856	-0.071676
549.000000	-0.072072	-0.074571	-0.071874	-0.080481	-0.074843	-0.085820	-0.075044
550.000000	-0.077500	-0.080437	-0.077250	-0.073238	-0.080612	-0.085757	-0.080805
551.000000	-0.085121	-0.084740	-0.085319	-0.073792	-0.084856	-0.084213	-0.085026
552.000000	-0.085967	-0.085139	-0.086221	-0.079256	-0.085296	-0.083939	-0.085464
553.000000	-0.083883	-0.083969	-0.084041	-0.084370	-0.084195	-0.084235	-0.084353
554.000000	-0.083202	-0.083531	-0.083404	-0.085244	-0.083783	-0.084200	-0.083898
555.000000	-0.083530	-0.083651	-0.083828	-0.083970	-0.083885	-0.083967	-0.083951
556.000000	-0.083652	-0.083716	-0.083961	-0.083404	-0.083903	-0.083831	-0.083948
557.000000	-0.083481	-0.083629	-0.083747	-0.083549	-0.083763	-0.083761	-0.083832
558.000000	-0.083273	-0.083460	-0.083519	-0.083562	-0.083557	-0.083631	-0.083701
559.000000	-0.083083	-0.083236	-0.083324	-0.083320	-0.083339	-0.083429	-0.083538
560.000000	-0.082881	-0.082973	-0.083086	-0.083049	-0.083150	-0.083201	-0.083285
561.000000	-0.082795	-0.082840	-0.082935	-0.082953	-0.083109	-0.083100	-0.083108
562.000000	-0.083032	-0.083082	-0.083117	-0.083189	-0.083361	-0.083322	-0.083295
563.000000	-0.083156	-0.083258	-0.083221	-0.083307	-0.083456	-0.083435	-0.083429
564.000000	-0.082128	-0.082279	-0.082223	-0.082292	-0.082387	-0.082419	-0.082431
565.000000	-0.080959	-0.081127	-0.081119	-0.081160	-0.081193	-0.081281	-0.081291
566.000000	-0.083603	-0.083745	-0.083808	-0.083837	-0.083847	-0.083934	-0.083975
567.000000	-0.090397	-0.090486	-0.090601	-0.090640	-0.090683	-0.090695	-0.090819
568.000000	-0.093759	-0.093825	-0.093964	-0.093999	-0.094074	-0.094025	-0.094213
569.000000	-0.088850	-0.088952	-0.089087	-0.089085	-0.089149	-0.089117	-0.089298
570.000000	-0.082101	-0.082243	-0.082369	-0.082342	-0.082378	-0.082386	-0.082523
571.000000	-0.080205	-0.080337	-0.080467	-0.080467	-0.080496	-0.080507	-0.080600
572.000000	-0.081363	-0.081475	-0.081607	-0.081635	-0.081687	-0.081668	-0.081726
573.000000	-0.081856	-0.081995	-0.082106	-0.082099	-0.082209	-0.082150	-0.082180
574.000000	-0.081390	-0.081561	-0.081644	-0.081597	-0.081746	-0.081682	-0.081688
575.000000	-0.081030	-0.081171	-0.081244	-0.081247	-0.081351	-0.081356	-0.081344
576.000000	-0.080951	-0.081034	-0.081103	-0.081207	-0.081230	-0.081325	-0.081309
577.000000	-0.080794	-0.080890	-0.080923	-0.081067	-0.081089	-0.081179	-0.081189
578.000000	-0.080562	-0.080725	-0.080712	-0.080824	-0.080908	-0.080926	-0.080983
579.000000	-0.080561	-0.080736	-0.080736	-0.080823	-0.080909	-0.080925	-0.081023
580.000000	-0.080592	-0.080700	-0.080776	-0.080870	-0.080881	-0.080982	-0.081105
581.000000	-0.079835	-0.079883	-0.080019	-0.080104	-0.080080	-0.080208	-0.080359
582.000000	-0.078764	-0.078809	-0.078946	-0.078990	-0.079019	-0.079067	-0.079250
583.000000	-0.080233	-0.080305	-0.080422	-0.080427	-0.080507	-0.080508	-0.080703
584.000000	-0.083710	-0.083807	-0.083912	-0.083912	-0.083977	-0.084044	-0.084215
585.000000	-0.079195	-0.079291	-0.079387	-0.079414	-0.079449	-0.079571	-0.079702
586.000000	-0.064545	-0.064606	-0.064691	-0.064765	-0.064801	-0.064864	-0.064965
587.000000	-0.073949	-0.073999	-0.074065	-0.074195	-0.074226	-0.074211	-0.074330
588.000000	-0.135795	-0.135909	-0.135954	-0.136118	-0.136109	-0.136115	-0.136313
589.000000	-0.193409	-0.193598	-0.193640	-0.193723	-0.193760	-0.193833	-0.194012
590.000000	-0.171254	-0.171437	-0.171516	-0.171337	-0.171622	-0.171710	-0.171626
591.000000	-0.100165	-0.100286	-0.100422	-0.100234	-0.100531	-0.100600	-0.100486
592.000000	-0.062296	-0.062373	-0.062548	-0.063170	-0.062645	-0.062730	-0.063490
593.000000	-0.069471	-0.069540	-0.069721	-0.070684	-0.069804	-0.069926	-0.071032
594.000000	-0.080836	-0.080906	-0.081063	-0.079431	-0.081175	-0.081272	-0.079431
595.000000	-0.079468	-0.079543	-0.079665	-0.075957	-0.079838	-0.079851	-0.075709
596.000000	-0.075548	-0.075660	-0.075760	-0.080058	-0.075960	-0.075920	-0.080974
597.000000	-0.075106	-0.075276	-0.075382	-0.089678	-0.075556	-0.075531	-0.091988
598.000000	-0.075747	-0.075927	-0.076067	-0.066841	-0.076218	-0.076222	-0.065731
599.000000	-0.075492	-0.075613	-0.075792	-0.004473	-0.075963	-0.075970	0.005559
600.000000	-0.074856	-0.074949	-0.075115	0.029309	-0.075322	-0.075335	0.044089
601.000000	-0.074453	-0.074616	-0.074693	-0.012036	-0.074927	-0.074969	-0.003248
602.000000	-0.074109	-0.074366	-0.074367	-0.071817	-0.074615	-0.074696	-0.071651
603.000000	-0.073568	-0.073855	-0.073884	-0.088107	-0.074136	-0.074241	-0.090350
604.000000	-0.072945	-0.073219	-0.073327	-0.075807	-0.073566	-0.073678	-0.076407
605.000000	-0.072440	-0.072704	-0.072862	-0.069050	-0.073068	-0.073167	-0.068854
606.000000	-0.072058	-0.072323	-0.072483	-0.071360	-0.072661	-0.072749	-0.071637
607.000000	-0.071720	-0.071987	-0.072118	-0.073180	-0.072309	-0.072409	-0.073721
608.000000	-0.071413	-0.071671	-0.071769	-0.072337	-0.072000	-0.072113	-0.072670
609.000000	-0.071162	-0.071391	-0.071485	-0.071383	-0.071742	-0.071819	-0.071544
610.000000	-0.070943	-0.071131	-0.071245	-0.071206	-0.071503	-0.071503	-0.071389
611.000000	-0.070683	-0.070853	-0.070970	-0.071108	-0.071218	-0.071162	-0.071324
612.000000	-0.070380	-0.070564	-0.070660	-0.070777	-0.070896	-0.070838	-0.070967
613.000000	-0.070122	-0.070331	-0.070432	-0.070492	-0.070639	-0.070629	-0.070671
614.000000	-0.069960	-0.070192	-0.070326	-0.070402	-0.070494	-0.070559	-0.070624
615.000000	-0.069862	-0.070112	-0.070228	-0.070359	-0.070380	-0.070493	-0.070607
616.000000	-0.069795	-0.070058	-0.070077	-0.070246	-0.070246	-0.070352	-0.070456
617.000000	-0.069749	-0.070015	-0.069987	-0.070127	-0.070141	-0.070239	-0.070281
618.000000	-0.069722	-0.069976	-0.070050	-0.070076	-0.070115	-0.070244	-0.070210
619.000000	-0.069719	-0.069961	-0.070142	-0.070075	-0.070142	-0.070287	-0.070248
620.000000	-0.069741	-0.069986	-0.070117	-0.070085	-0.070178	-0.070265	-0.070362
621.000000	-0.069763	-0.070002	-0.070010	-0.070067	-0.070197	-0.070189	-0.070433
622.000000	-0.069754	-0.069944	-0.069918	-0.069992	-0.070179	-0.070115	-0.070339
623.000000	-0.069728	-0.069843	-0.069873	-0.069916	-0.070127	-0.070066	-0.070163
624.000000	-0.069720	-0.069776	-0.069866	-0.069938	-0.070053	-0.070050	-0.070089
625.000000	-0.069724	-0.069749	-0.069872	-0.070015	-0.069987	-0.070049	-0.070118
626.000000	-0.069708	-0.069715	-0.069851	-0.070003	-0.069966	-0.070026	-0.070119
627.000000	-0.069648	-0.069655	-0.069801	-0.069878	-0.069966	-0.069958	-0.070048
628.000000	-0.069535	-0.069584	-0.069759	-0.069747	-0.069896	-0.069846	-0.069966
629.000000	-0.069385	-0.069513	-0.069721	-0.069670	-0.069734	-0.069712	-0.069901
630.000000	-0.069252	-0.069436	-0.069615	-0.069621	-0.069573	-0.069617	-0.069818
631.000000	-0.069165	-0.069346	-0.069420	-0.069568	-0.069470	-0.069580	-0.069696
632.000000	-0.069098	-0.069228	-0.069244	-0.069467	-0.069380	-0.069514	-0.069557
633.000000	-0.069022	-0.069081	-0.069168	-0.069302	-0.069265	-0.069363	-0.069427
634.000000	-0.068942	-0.068944	-0.069122	-0.069141	-0.069154	-0.069215	-0.069332
635.000000	-0.068866	-0.068858	-0.069030	-0.069052	-0.069080	-0.069159	-0.069289
636.000000	-0.068798	-0.068808	-0.068934	-0.069017	-0.069046	-0.069152	-0.069252
637.000000	-0.068734	-0.068765	-0.068898	-0.068994	-0.069036	-0.069114	-0.069168
638.000000	-0.068657	-0.068710	-0.068875	-0.068953	-0.069003	-0.069020	-0.069040
639.000000	-0.068545	-0.068627	-0.068778	-0.068869	-0.068891	-0.068872	-0.068892
640.000000	-0.068411	-0.068538	-0.068622	-0.068757	-0.068729	-0.068715	-0.068756
641.000000	-0.068286	-0.068478	-0.068481	-0.068651	-0.068595	-0.068616	-0.068661
642.000000	-0.068179	-0.068425	-0.068382	-0.068549	-0.068508	-0.068559	-0.068597
643.000000	-0.068075	-0.068307	-0.068306	-0.068418	-0.068424	-0.068454	-0.068516
644.000000	-0.067973	-0.068124	-0.068236	-0.068262	-0.068323	-0.068284	-0.068399
645.000000	-0.067896	-0.067977	-0.068157	-0.068136	-0.068213	-0.068128	-0.068271
646.000000	-0.067863	-0.067923	-0.068080	-0.068067	-0.068116	-0.068042	-0.068163
647.000000	-0.067879	-0.067923	-0.068047	-0.068027	-0.068079	-0.068015	-0.068107
648.000000	-0.067943	-0.067948	-0.068087	-0.068003	-0.068126	-0.068043	-0.068130
649.000000	-0.068026	-0.068026	-0.068168	-0.068042	-0.068231	-0.068137	-0.068231
650.000000	-0.068101	-0.068167	-0.068250	-0.068169	-0.068355	-0.068290	-0.068388
651.000000	-0.068144	-0.068267	-0.068300	-0.068305	-0.068450	-0.068405	-0.068512
652.000000	-0.068124	-0.068215	-0.068279	-0.068344	-0.068460	-0.068377	-0.068504
653.000000	-0.067957	-0.067981	-0.068118	-0.068187	-0.068284	-0.068171	-0.068309
654.000000	-0.067561	-0.067582	-0.067749	-0.067761	-0.067831	-0.067790	-0.067904
655.000000	-0.067064	-0.067117	-0.067256	-0.067204	-0.067251	-0.067332	-0.067396
656.000000	-0.066684	-0.066725	-0.066792	-0.066759	-0.066805	-0.066935	-0.066949
657.000000	-0.066427	-0.066434	-0.066426	-0.066481	-0.066532	-0.066623	-0.066615
658.000000	-0.066140	-0.066188	-0.066159	-0.066286	-0.066309	-0.066336	-0.066359
659.000000	-0.065832	-0.065986	-0.065986	-0.066146	-0.066106	-0.066087	-0.066183
660.000000	-0.065683	-0.065880	-0.065895	-0.066091	-0.066004	-0.065975	-0.066124
661.000000	-0.065705	-0.065851	-0.065848	-0.066078	-0.065986	-0.065985	-0.066142
662.000000	-0.065643	-0.065760	-0.065768	-0.065942	-0.065887	-0.065929	-0.066074
663.000000	-0.065352	-0.065536	-0.065598	-0.065616	-0.065621	-0.065694	-0.065835
664.000000	-0.064976	-0.065260	-0.065326	-0.065256	-0.065291	-0.065358	-0.065516
665.000000	-0.064656	-0.065005	-0.064974	-0.064990	-0.064997	-0.065014	-0.065202
666.000000	-0.064417	-0.064743	-0.064653	-0.064759	-0.064757	-0.064723	-0.064888
667.000000	-0.064239	-0.064437	-0.064446	-0.064488	-0.064557	-0.064515	-0.064556
668.000000	-0.064012	-0.064080	-0.064229	-0.064178	-0.064307	-0.064298	-0.064217
669.000000	-0.063636	-0.063688	-0.063863	-0.063859	-0.063932	-0.063979	-0.063895
670.000000	-0.063275	-0.063387	-0.063511	-0.063610	-0.063587	-0.063687	-0.063659
671.000000	-0.063171	-0.063325	-0.063432	-0.063513	-0.063490	-0.063614	-0.063583
672.000000	-0.063215	-0.063397	-0.063515	-0.063492	-0.063534	-0.063653	-0.063580
673.000000	-0.063105	-0.063357	-0.063443	-0.063381	-0.063425	-0.063526	-0.063478
674.000000	-0.062846	-0.063164	-0.063179	-0.063180	-0.063162	-0.063244	-0.063269
675.000000	-0.062711	-0.062959	-0.062927	-0.063023	-0.062992	-0.063065	-0.063083
676.000000	-0.062764	-0.062827	-0.062802	-0.062955	-0.062995	-0.063059	-0.062990
677.000000	-0.062804	-0.062783	-0.062797	-0.062898	-0.063042	-0.063061	-0.062980
678.000000	-0.062738	-0.062801	-0.062878	-0.062822	-0.063045	-0.062987	-0.063021
679.000000	-0.062671	-0.062805	-0.062974	-0.062791	-0.063009	-0.062914	-0.063058
680.000000	-0.062679	-0.062760	-0.063026	-0.062841	-0.062956	-0.062901	-0.063051
681.000000	-0.062711	-0.062750	-0.063013	-0.062922	-0.062919	-0.062920	-0.063013
682.000000	-0.062724	-0.062841	-0.062938	-0.062986	-0.062926	-0.062946	-0.062965
683.000000	-0.062768	-0.062975	-0.062891	-0.063039	-0.062980	-0.063015	-0.062948
684.000000	-0.062894	-0.063074	-0.062950	-0.063092	-0.063066	-0.063150	-0.062994
685.000000	-0.063011	-0.063104	-0.063046	-0.063120	-0.063120	-0.063250	-0.063092
686.000000	-0.063004	-0.063050	-0.063076	-0.063091	-0.063073	-0.063196	-0.063209
687.000000	-0.062923	-0.062943	-0.063059	-0.063034	-0.062992	-0.063067	-0.063286
688.000000	-0.062891	-0.062836	-0.063068	-0.063003	-0.062996	-0.063033	-0.063260
689.000000	-0.062941	-0.062816	-0.063116	-0.063020	-0.063098	-0.063128	-0.063192
690.000000	-0.063046	-0.062978	-0.063176	-0.063087	-0.063237	-0.063294	-0.063214
691.000000	-0.063141	-0.063217	-0.063208	-0.063160	-0.063327	-0.063422	-0.063317
692.000000	-0.063129	-0.063237	-0.063162	-0.063156	-0.063265	-0.063356	-0.063345
693.000000	-0.062991	-0.062999	-0.063045	-0.063068	-0.063084	-0.063107	-0.063254
694.000000	-0.062822	-0.062820	-0.062946	-0.062994	-0.063009	-0.062915	-0.063148
695.000000	-0.062701	-0.062861	-0.062912	-0.062971	-0.063107	-0.062899	-0.063083
696.000000	-0.062667	-0.062919	-0.062895	-0.062905	-0.063116	-0.062917	-0.062987
697.000000	-0.062716	-0.062844	-0.062859	-0.062752	-0.062893	-0.062864	-0.062834
698.000000	-0.062745	-0.062745	-0.062832	-0.062657	-0.062723	-0.062831	-0.062766
699.000000	-0.062665	-0.062731	-0.062840	-0.062735	-0.062846	-0.062898	-0.062889
700.000000	-0.062541	-0.062734	-0.062862	-0.062838	-0.062999	-0.062956	-0.063036
701.000000	-0.062456	-0.062661	-0.062863	-0.062791	-0.062864	-0.062876	-0.063013
702.000000	-0.062396	-0.062547	-0.062793	-0.062649	-0.062595	-0.062692	-0.062868
703.000000	-0.062315	-0.062461	-0.062612	-0.062544	-0.062489	-0.062498	-0.062734
704.000000	-0.062204	-0.062377	-0.062395	-0.062480	-0.062508	-0.062371	-0.062650
705.000000	-0.062074	-0.062226	-0.062267	-0.062398	-0.062446	-0.062365	-0.062597
706.000000	-0.061934	-0.062007	-0.062204	-0.062267	-0.062263	-0.062385	-0.062519
707.000000	-0.061786	-0.061777	-0.062064	-0.062076	-0.062046	-0.062223	-0.062331
708.000000	-0.061564	-0.061526	-0.061775	-0.061795	-0.061803	-0.061858	-0.062005
709.000000	-0.061133	-0.061176	-0.061349	-0.061376	-0.061461	-0.061469	-0.061582
710.000000	-0.060492	-0.060709	-0.060836	-0.060844	-0.060991	-0.061124	-0.061103
711.000000	-0.059850	-0.060208	-0.060336	-0.060337	-0.060436	-0.060701	-0.060607
712.000000	-0.059325	-0.059702	-0.059879	-0.059895	-0.059842	-0.060126	-0.060105
713.000000	-0.058796	-0.059091	-0.059333	-0.059328	-0.059233	-0.059464	-0.059537
714.000000	-0.058162	-0.058329	-0.058620	-0.058529	-0.058632	-0.058791	-0.058883
715.000000	-0.057482	-0.057594	-0.057898	-0.057747	-0.058046	-0.058160	-0.058271
716.000000	-0.056817	-0.057025	-0.057298	-0.057196	-0.057460	-0.057588	-0.057793
717.000000	-0.056098	-0.056369	-0.056625	-0.056614	-0.056755	-0.056923	-0.057219
718.000000	-0.055228	-0.055335	-0.055647	-0.055670	-0.055818	-0.056007	-0.056294
719.000000	-0.054200	-0.054111	-0.054501	-0.054538	-0.054772	-0.054970	-0.055189
720.000000	-0.053062	-0.053061	-0.053467	-0.053575	-0.053832	-0.054051	-0.054232
721.000000	-0.052040	-0.052312	-0.052685	-0.052894	-0.053101	-0.053368	-0.053520
722.000000	-0.051435	-0.051834	-0.052189	-0.052447	-0.052597	-0.052951	-0.053000
723.000000	-0.051000	-0.051335	-0.051697	-0.051964	-0.052068	-0.052526	-0.052430
724.000000	-0.050049	-0.050327	-0.050681	-0.051008	-0.051051	-0.051582	-0.051434
725.000000	-0.048618	-0.048930	-0.049244	-0.049668	-0.049685	-0.050182	-0.050183
726.000000	-0.047609	-0.047983	-0.048227	-0.048656	-0.048813	-0.049065	-0.049497
727.000000	-0.047310	-0.047706	-0.047919	-0.048228	-0.048690	-0.048547	-0.049551
728.000000	-0.046919	-0.047226	-0.047613	-0.047829	-0.048519	-0.048182	-0.049389
729.000000	-0.045966	-0.046080	-0.046854	-0.047094	-0.047807	-0.047660	-0.048460
730.000000	-0.045008	-0.045007	-0.046005	-0.046290	-0.047004	-0.047158	-0.047421
731.000000	-0.044553	-0.044659	-0.045419	-0.045682	-0.046539	-0.046854	-0.046878
732.000000	-0.044435	-0.044787	-0.045019	-0.045212	-0.046310	-0.046679	-0.046678
