[HEADER]
Format	J&M ASCII Table
Comment	20 ml miliQ plus 5 ml sample
Date	2/21/2023 4:25:32 AM
Order	Y (evenX)
TechType	UV
NumPoints	483
FirstX	250.00
LastX	732.00
XType	NMetr
YType	Absrb
ZType	Secs
NumSubFile	7
Matrix	Z vs X
[DATA]
	0.000000	5.000128	10.000192	15.000256	20.000383	25.000448	30.000511
250.000000	1.384036	1.389806	1.389153	1.384237	1.389945	1.382867	1.386064
251.000000	1.368651	1.374759	1.375109	1.368541	1.374861	1.370903	1.371880
252.000000	1.351637	1.352685	1.354985	1.350459	1.353506	1.355984	1.352901
253.000000	1.338122	1.334820	1.336263	1.334775	1.334700	1.341198	1.336384
254.000000	1.331361	1.328997	1.324899	1.325155	1.325264	1.329202	1.327748
255.000000	1.325873	1.325792	1.317708	1.319165	1.320688	1.319517	1.322455
256.000000	1.316132	1.315114	1.310523	1.313705	1.315201	1.311242	1.315182
257.000000	1.306722	1.303715	1.304665	1.309273	1.309596	1.304933	1.308120
258.000000	1.304674	1.302529	1.302979	1.307396	1.306608	1.301559	1.305441
259.000000	1.308374	1.309035	1.305305	1.307903	1.306472	1.301457	1.306358
260.000000	1.311986	1.314178	1.309878	1.309768	1.308140	1.304549	1.307670
261.000000	1.313497	1.315398	1.314173	1.312283	1.310725	1.309532	1.308567
262.000000	1.313895	1.315178	1.315217	1.314988	1.313497	1.314190	1.310085
263.000000	1.314799	1.315560	1.313803	1.317322	1.316248	1.317255	1.312826
264.000000	1.318416	1.317911	1.314989	1.318604	1.319357	1.318579	1.316826
265.000000	1.324002	1.321687	1.319748	1.318571	1.322333	1.318441	1.320869
266.000000	1.325765	1.323179	1.321750	1.317672	1.323158	1.317738	1.321677
267.000000	1.320872	1.320405	1.317536	1.316230	1.320718	1.316950	1.317965
268.000000	1.315323	1.316584	1.312814	1.314068	1.316581	1.315325	1.314069
269.000000	1.314028	1.314372	1.312272	1.310877	1.312131	1.312107	1.313239
270.000000	1.312045	1.310916	1.310799	1.306138	1.306338	1.307295	1.310910
271.000000	1.303357	1.302707	1.302266	1.299305	1.297836	1.300866	1.301747
272.000000	1.290484	1.290648	1.289358	1.289999	1.286903	1.291476	1.287717
273.000000	1.278589	1.277124	1.277483	1.277912	1.274354	1.277533	1.273210
274.000000	1.266346	1.262334	1.265276	1.262807	1.260027	1.260054	1.258716
275.000000	1.248915	1.245262	1.247719	1.244529	1.243230	1.241471	1.242510
276.000000	1.226150	1.225957	1.224884	1.223705	1.224007	1.222478	1.223871
277.000000	1.201967	1.205394	1.201233	1.201642	1.203049	1.202277	1.202993
278.000000	1.179205	1.184471	1.179555	1.179891	1.181483	1.181197	1.180929
279.000000	1.159155	1.163937	1.160318	1.160271	1.160952	1.161055	1.159777
280.000000	1.141347	1.143676	1.142405	1.142642	1.141862	1.142213	1.140221
281.000000	1.122183	1.121956	1.121980	1.123122	1.122221	1.122117	1.120144
282.000000	1.099544	1.098050	1.097322	1.099510	1.100682	1.099194	1.098122
283.000000	1.076573	1.074648	1.073644	1.075626	1.078522	1.075647	1.075617
284.000000	1.056248	1.054118	1.055417	1.054989	1.057079	1.053735	1.054140
285.000000	1.036627	1.034688	1.038252	1.034965	1.035871	1.032974	1.033098
286.000000	1.015023	1.013938	1.016485	1.012084	1.014165	1.012314	1.011628
287.000000	0.993181	0.993022	0.992844	0.989078	0.993056	0.992110	0.991065
288.000000	0.974406	0.974378	0.973134	0.970812	0.974243	0.973250	0.973415
289.000000	0.958072	0.957539	0.957066	0.956032	0.957346	0.955844	0.957449
290.000000	0.941143	0.940264	0.940570	0.939745	0.940696	0.939489	0.940022
291.000000	0.923257	0.922446	0.922748	0.921405	0.923749	0.923490	0.921566
292.000000	0.906595	0.906004	0.905750	0.904697	0.907045	0.906913	0.905876
293.000000	0.891764	0.891437	0.890343	0.890820	0.890879	0.889901	0.893465
294.000000	0.877022	0.877147	0.875189	0.877264	0.875141	0.874111	0.880076
295.000000	0.861485	0.862215	0.859751	0.862467	0.859955	0.860285	0.863549
296.000000	0.846425	0.847458	0.845485	0.847428	0.846003	0.847006	0.846838
297.000000	0.832807	0.833580	0.833292	0.833169	0.833519	0.833145	0.832491
298.000000	0.819767	0.820222	0.821502	0.819754	0.821099	0.819336	0.819716
299.000000	0.806381	0.806951	0.808405	0.807003	0.807485	0.806362	0.807218
300.000000	0.793254	0.794032	0.794650	0.794459	0.793754	0.793983	0.794517
301.000000	0.781296	0.781848	0.781493	0.781668	0.781451	0.781715	0.781477
302.000000	0.770094	0.770021	0.769240	0.768858	0.770140	0.769617	0.768698
303.000000	0.758675	0.757888	0.757740	0.756564	0.758544	0.757982	0.757045
304.000000	0.746966	0.745741	0.746675	0.745068	0.746653	0.746743	0.746260
305.000000	0.735513	0.734510	0.735630	0.734462	0.735323	0.735592	0.735332
306.000000	0.724564	0.724244	0.724613	0.724455	0.724721	0.724488	0.724148
307.000000	0.714039	0.714079	0.714070	0.714376	0.714287	0.713673	0.713531
308.000000	0.703850	0.703638	0.704139	0.704018	0.703805	0.703372	0.703759
309.000000	0.693914	0.693360	0.694455	0.693911	0.693645	0.693770	0.694213
310.000000	0.684272	0.683624	0.684856	0.684435	0.684071	0.684864	0.684510
311.000000	0.675259	0.674527	0.675736	0.675495	0.675006	0.676223	0.674986
312.000000	0.667001	0.666035	0.667353	0.666892	0.666337	0.667466	0.665956
313.000000	0.658764	0.657788	0.659207	0.658305	0.658012	0.658566	0.657335
314.000000	0.649874	0.649429	0.650746	0.649505	0.649952	0.649601	0.648972
315.000000	0.640981	0.640989	0.642021	0.640922	0.641886	0.640795	0.640867
316.000000	0.633015	0.632626	0.633275	0.633084	0.633520	0.632371	0.633025
317.000000	0.625449	0.624471	0.624669	0.625469	0.624949	0.624141	0.625090
318.000000	0.617099	0.616624	0.616312	0.617098	0.616456	0.615741	0.616574
319.000000	0.608164	0.608946	0.608252	0.608183	0.608167	0.607356	0.607802
320.000000	0.599861	0.601124	0.600484	0.599811	0.600089	0.599565	0.599687
321.000000	0.592483	0.593091	0.592862	0.592213	0.592181	0.592256	0.592259
322.000000	0.585267	0.585051	0.585090	0.584640	0.584356	0.584545	0.584556
323.000000	0.577642	0.577016	0.576948	0.576605	0.576445	0.576064	0.576165
324.000000	0.569441	0.568649	0.568360	0.568127	0.568145	0.567358	0.567656
325.000000	0.560659	0.559795	0.559415	0.559387	0.559366	0.558830	0.559365
326.000000	0.551602	0.550825	0.550570	0.550836	0.550570	0.550310	0.550825
327.000000	0.542594	0.542091	0.542133	0.542729	0.542108	0.541620	0.541672
328.000000	0.533859	0.533587	0.533636	0.534416	0.533624	0.532849	0.532375
329.000000	0.525485	0.525208	0.524575	0.525213	0.524706	0.524116	0.523492
330.000000	0.516904	0.516765	0.515334	0.515507	0.515590	0.515313	0.514936
331.000000	0.507437	0.508031	0.506518	0.506009	0.506680	0.506267	0.506379
332.000000	0.497541	0.498703	0.497826	0.496828	0.497709	0.496972	0.497461
333.000000	0.488237	0.488496	0.488517	0.487750	0.488095	0.487516	0.487844
334.000000	0.479507	0.478045	0.478719	0.478667	0.478158	0.478058	0.477831
335.000000	0.470508	0.468689	0.469252	0.469563	0.468915	0.468809	0.468228
336.000000	0.460992	0.460514	0.460370	0.460436	0.460404	0.459809	0.459327
337.000000	0.451437	0.452103	0.451638	0.451299	0.451490	0.450896	0.450788
338.000000	0.442192	0.442759	0.442748	0.442161	0.441794	0.441923	0.442269
339.000000	0.433297	0.433199	0.433684	0.433018	0.432377	0.432783	0.433486
340.000000	0.424666	0.424047	0.424528	0.423929	0.423923	0.423542	0.424327
341.000000	0.415954	0.415327	0.415537	0.415119	0.415744	0.414702	0.415120
342.000000	0.406944	0.406957	0.406926	0.406771	0.407172	0.406624	0.406243
343.000000	0.398099	0.398817	0.398636	0.398786	0.398494	0.398803	0.397994
344.000000	0.389970	0.390814	0.390571	0.391012	0.390196	0.390671	0.390542
345.000000	0.382581	0.383080	0.382868	0.383437	0.382483	0.382597	0.383401
346.000000	0.375737	0.375794	0.375720	0.376094	0.375416	0.375236	0.375920
347.000000	0.369063	0.368796	0.368981	0.368966	0.368694	0.368475	0.368356
348.000000	0.362115	0.361751	0.362321	0.362007	0.361839	0.361774	0.361451
349.000000	0.355043	0.354783	0.355635	0.355191	0.354880	0.355008	0.355199
350.000000	0.348485	0.348397	0.349013	0.348515	0.348279	0.348399	0.348967
351.000000	0.342570	0.342676	0.342612	0.342105	0.342226	0.342151	0.342580
352.000000	0.336780	0.337169	0.336661	0.336252	0.336559	0.336425	0.336460
353.000000	0.330833	0.331554	0.331162	0.330963	0.331076	0.331123	0.330795
354.000000	0.324963	0.325803	0.325690	0.325715	0.325545	0.325679	0.325269
355.000000	0.319386	0.320013	0.319990	0.320190	0.319878	0.319809	0.319679
356.000000	0.314126	0.314528	0.314398	0.314794	0.314396	0.314130	0.314262
357.000000	0.309127	0.309581	0.309227	0.309879	0.309361	0.309180	0.309232
358.000000	0.304142	0.304759	0.304254	0.305027	0.304497	0.304484	0.304365
359.000000	0.298927	0.299577	0.299162	0.299724	0.299441	0.299397	0.299362
360.000000	0.293586	0.294194	0.293937	0.294145	0.294193	0.293921	0.294182
361.000000	0.288350	0.288994	0.288686	0.288706	0.288901	0.288325	0.288897
362.000000	0.283281	0.283938	0.283478	0.283480	0.283687	0.282943	0.283617
363.000000	0.278337	0.278750	0.278361	0.278335	0.278653	0.278122	0.278471
364.000000	0.273459	0.273438	0.273361	0.273224	0.273698	0.273661	0.273440
365.000000	0.268569	0.268262	0.268476	0.268178	0.268545	0.268892	0.268379
366.000000	0.263508	0.263192	0.263534	0.263098	0.263092	0.263548	0.263136
367.000000	0.258015	0.257827	0.258146	0.257718	0.257462	0.257908	0.257558
368.000000	0.252100	0.252023	0.252223	0.251970	0.251814	0.252229	0.251718
369.000000	0.246309	0.246179	0.246285	0.246183	0.246333	0.246652	0.246110
370.000000	0.240969	0.240602	0.240692	0.240609	0.241060	0.241188	0.240979
371.000000	0.235606	0.235158	0.235163	0.235158	0.235610	0.235506	0.235718
372.000000	0.229787	0.229676	0.229415	0.229675	0.229682	0.229379	0.229806
373.000000	0.223868	0.224161	0.223635	0.224000	0.223664	0.223315	0.223765
374.000000	0.218325	0.218653	0.218086	0.218035	0.218042	0.217882	0.218256
375.000000	0.212961	0.213108	0.212642	0.212123	0.212698	0.212710	0.212967
376.000000	0.207344	0.207456	0.207046	0.206730	0.207278	0.207110	0.207253
377.000000	0.201564	0.201719	0.201390	0.201621	0.201686	0.201241	0.201285
378.000000	0.196018	0.195979	0.195973	0.196153	0.195988	0.195754	0.195705
379.000000	0.190784	0.190378	0.190762	0.190308	0.190336	0.190639	0.190528
380.000000	0.185645	0.185110	0.185432	0.184632	0.184952	0.185285	0.185202
381.000000	0.180404	0.180086	0.179874	0.179308	0.179808	0.179536	0.179563
382.000000	0.174904	0.174850	0.174286	0.174018	0.174536	0.173868	0.173991
383.000000	0.169230	0.169294	0.168857	0.168642	0.169045	0.168615	0.168736
384.000000	0.163931	0.164040	0.163720	0.163518	0.163828	0.163747	0.163724
385.000000	0.159319	0.159461	0.158944	0.158871	0.159170	0.159144	0.158851
386.000000	0.154854	0.154961	0.154434	0.154436	0.154553	0.154548	0.154038
387.000000	0.150022	0.149979	0.150051	0.149927	0.149517	0.149753	0.149245
388.000000	0.145108	0.144920	0.145586	0.145372	0.144500	0.144910	0.144570
389.000000	0.140560	0.140363	0.140880	0.140873	0.140082	0.140252	0.140128
390.000000	0.136385	0.136210	0.136215	0.136480	0.136081	0.135860	0.135863
391.000000	0.132408	0.132109	0.132018	0.132215	0.132031	0.131743	0.131656
392.000000	0.128489	0.128067	0.128212	0.128072	0.127929	0.127807	0.127505
393.000000	0.124522	0.124311	0.124415	0.124034	0.124056	0.123896	0.123484
394.000000	0.120551	0.120770	0.120536	0.120126	0.120384	0.119991	0.119636
395.000000	0.116755	0.117106	0.116749	0.116421	0.116613	0.116195	0.115980
396.000000	0.113196	0.113260	0.113144	0.112916	0.112737	0.112580	0.112486
397.000000	0.109776	0.109554	0.109681	0.109512	0.109163	0.109175	0.109063
398.000000	0.106403	0.106155	0.106305	0.106118	0.106025	0.105940	0.105651
399.000000	0.103031	0.102868	0.102947	0.102680	0.102867	0.102697	0.102262
400.000000	0.099642	0.099517	0.099564	0.099192	0.099363	0.099331	0.098914
401.000000	0.096283	0.096121	0.096201	0.095785	0.095792	0.095952	0.095617
402.000000	0.093011	0.092745	0.092900	0.092570	0.092463	0.092682	0.092378
403.000000	0.089837	0.089511	0.089627	0.089441	0.089344	0.089517	0.089200
404.000000	0.086762	0.086519	0.086349	0.086266	0.086315	0.086416	0.086087
405.000000	0.083765	0.083616	0.083214	0.083107	0.083358	0.083341	0.083065
406.000000	0.080815	0.080566	0.080411	0.080103	0.080489	0.080254	0.080158
407.000000	0.077863	0.077404	0.077765	0.077252	0.077623	0.077163	0.077268
408.000000	0.074857	0.074336	0.074882	0.074466	0.074625	0.074102	0.074233
409.000000	0.071892	0.071454	0.071770	0.071689	0.071566	0.071141	0.071162
410.000000	0.069194	0.068738	0.068803	0.068903	0.068699	0.068376	0.068411
411.000000	0.066715	0.066122	0.066128	0.066124	0.066062	0.065793	0.066000
412.000000	0.064041	0.063474	0.063575	0.063410	0.063395	0.063229	0.063481
413.000000	0.061040	0.060747	0.061015	0.060784	0.060588	0.060588	0.060630
414.000000	0.058190	0.058064	0.058451	0.058194	0.057877	0.057936	0.057726
415.000000	0.055809	0.055534	0.055907	0.055623	0.055434	0.055347	0.055037
416.000000	0.053534	0.053171	0.053417	0.053174	0.053113	0.052877	0.052632
417.000000	0.051015	0.050952	0.051011	0.050924	0.050763	0.050562	0.050504
418.000000	0.048513	0.048774	0.048679	0.048727	0.048446	0.048371	0.048471
419.000000	0.046380	0.046535	0.046405	0.046413	0.046260	0.046250	0.046327
420.000000	0.044396	0.044273	0.044197	0.044073	0.044141	0.044109	0.044049
421.000000	0.042145	0.042080	0.042071	0.041892	0.041971	0.041863	0.041697
422.000000	0.039775	0.039995	0.040032	0.039877	0.039815	0.039613	0.039437
423.000000	0.037762	0.038021	0.038075	0.037925	0.037847	0.037567	0.037480
424.000000	0.036109	0.036116	0.036150	0.035988	0.036017	0.035730	0.035756
425.000000	0.034382	0.034199	0.034168	0.034069	0.034077	0.033918	0.033940
426.000000	0.032418	0.032234	0.032124	0.032144	0.031991	0.032053	0.031936
427.000000	0.030425	0.030243	0.030122	0.030146	0.030014	0.030196	0.029964
428.000000	0.028537	0.028273	0.028229	0.028094	0.028262	0.028368	0.028146
429.000000	0.026694	0.026419	0.026418	0.026175	0.026540	0.026482	0.026378
430.000000	0.024832	0.024708	0.024645	0.024490	0.024696	0.024495	0.024560
431.000000	0.022952	0.022951	0.022837	0.022833	0.022800	0.022534	0.022686
432.000000	0.021078	0.021005	0.020956	0.021012	0.020950	0.020720	0.020784
433.000000	0.019309	0.019105	0.019137	0.019153	0.019177	0.019022	0.018960
434.000000	0.017734	0.017523	0.017527	0.017433	0.017485	0.017367	0.017309
435.000000	0.016226	0.016058	0.016014	0.015820	0.015835	0.015707	0.015706
436.000000	0.014592	0.014354	0.014399	0.014201	0.014175	0.014010	0.013962
437.000000	0.012866	0.012511	0.012695	0.012580	0.012541	0.012345	0.012194
438.000000	0.011214	0.010897	0.011045	0.011032	0.011017	0.010828	0.010692
439.000000	0.009653	0.009532	0.009490	0.009535	0.009580	0.009420	0.009392
440.000000	0.008069	0.008129	0.007987	0.007983	0.008116	0.007944	0.007925
441.000000	0.006468	0.006585	0.006509	0.006364	0.006590	0.006365	0.006230
442.000000	0.005021	0.005042	0.005060	0.004792	0.005077	0.004837	0.004662
443.000000	0.003775	0.003596	0.003643	0.003348	0.003631	0.003445	0.003383
444.000000	0.002530	0.002231	0.002256	0.002033	0.002261	0.002113	0.002147
445.000000	0.001140	0.000915	0.000903	0.000811	0.000948	0.000774	0.000765
446.000000	-0.000314	-0.000376	-0.000405	-0.000433	-0.000374	-0.000576	-0.000662
447.000000	-0.001722	-0.001658	-0.001665	-0.001784	-0.001753	-0.001921	-0.002011
448.000000	-0.003027	-0.002934	-0.002930	-0.003132	-0.003103	-0.003221	-0.003281
449.000000	-0.004197	-0.004196	-0.004244	-0.004342	-0.004325	-0.004437	-0.004500
450.000000	-0.005270	-0.005405	-0.005497	-0.005433	-0.005448	-0.005550	-0.005650
451.000000	-0.006307	-0.006519	-0.006541	-0.006490	-0.006552	-0.006563	-0.006702
452.000000	-0.007358	-0.007570	-0.007478	-0.007555	-0.007658	-0.007562	-0.007700
453.000000	-0.008462	-0.008631	-0.008543	-0.008648	-0.008757	-0.008674	-0.008726
454.000000	-0.009578	-0.009710	-0.009727	-0.009743	-0.009832	-0.009864	-0.009792
455.000000	-0.010600	-0.010761	-0.010813	-0.010777	-0.010864	-0.010956	-0.010849
456.000000	-0.011519	-0.011744	-0.011735	-0.011719	-0.011855	-0.011903	-0.011879
457.000000	-0.012445	-0.012638	-0.012623	-0.012575	-0.012837	-0.012824	-0.012903
458.000000	-0.013442	-0.013470	-0.013554	-0.013409	-0.013824	-0.013785	-0.013923
459.000000	-0.014481	-0.014359	-0.014492	-0.014375	-0.014794	-0.014737	-0.014902
460.000000	-0.015500	-0.015358	-0.015399	-0.015504	-0.015710	-0.015629	-0.015799
461.000000	-0.016393	-0.016311	-0.016258	-0.016474	-0.016501	-0.016447	-0.016582
462.000000	-0.017091	-0.017088	-0.017068	-0.017047	-0.017142	-0.017201	-0.017248
463.000000	-0.017732	-0.017802	-0.017872	-0.017589	-0.017801	-0.017978	-0.017914
464.000000	-0.018481	-0.018607	-0.018715	-0.018524	-0.018656	-0.018860	-0.018700
465.000000	-0.019377	-0.019502	-0.019593	-0.019655	-0.019627	-0.019798	-0.019586
466.000000	-0.020403	-0.020431	-0.020484	-0.020591	-0.020549	-0.020695	-0.020500
467.000000	-0.021440	-0.021327	-0.021355	-0.021338	-0.021378	-0.021529	-0.021408
468.000000	-0.022325	-0.022130	-0.022167	-0.022119	-0.022143	-0.022319	-0.022298
469.000000	-0.023050	-0.022880	-0.022939	-0.022980	-0.022910	-0.023076	-0.023167
470.000000	-0.023737	-0.023699	-0.023733	-0.023817	-0.023773	-0.023802	-0.024017
471.000000	-0.024440	-0.024571	-0.024547	-0.024573	-0.024696	-0.024509	-0.024807
472.000000	-0.025131	-0.025312	-0.025303	-0.025260	-0.025485	-0.025223	-0.025446
473.000000	-0.025799	-0.025882	-0.025969	-0.025908	-0.026072	-0.025954	-0.025950
474.000000	-0.026471	-0.026500	-0.026594	-0.026579	-0.026612	-0.026690	-0.026519
475.000000	-0.027167	-0.027292	-0.027230	-0.027308	-0.027235	-0.027416	-0.027272
476.000000	-0.027883	-0.028065	-0.027909	-0.028039	-0.027935	-0.028117	-0.028066
477.000000	-0.028611	-0.028662	-0.028647	-0.028732	-0.028684	-0.028788	-0.028767
478.000000	-0.029353	-0.029258	-0.029405	-0.029432	-0.029433	-0.029463	-0.029437
479.000000	-0.030100	-0.030048	-0.030133	-0.030188	-0.030136	-0.030170	-0.030160
480.000000	-0.030778	-0.030886	-0.030796	-0.030913	-0.030775	-0.030846	-0.030880
481.000000	-0.031298	-0.031523	-0.031367	-0.031483	-0.031345	-0.031404	-0.031500
482.000000	-0.031690	-0.031930	-0.031838	-0.031905	-0.031855	-0.031857	-0.031998
483.000000	-0.032042	-0.032198	-0.032215	-0.032249	-0.032323	-0.032269	-0.032394
484.000000	-0.032415	-0.032454	-0.032555	-0.032582	-0.032742	-0.032684	-0.032744
485.000000	-0.032849	-0.032845	-0.032950	-0.032966	-0.033097	-0.033126	-0.033127
486.000000	-0.033355	-0.033395	-0.033429	-0.033433	-0.033439	-0.033595	-0.033586
487.000000	-0.033918	-0.033990	-0.033945	-0.033989	-0.033902	-0.034065	-0.034114
488.000000	-0.034525	-0.034572	-0.034492	-0.034619	-0.034531	-0.034554	-0.034700
489.000000	-0.035170	-0.035191	-0.035130	-0.035286	-0.035220	-0.035147	-0.035325
490.000000	-0.035822	-0.035857	-0.035853	-0.035938	-0.035873	-0.035856	-0.035955
491.000000	-0.036380	-0.036474	-0.036472	-0.036494	-0.036450	-0.036496	-0.036517
492.000000	-0.036791	-0.036966	-0.036860	-0.036907	-0.036942	-0.036935	-0.036978
493.000000	-0.037186	-0.037390	-0.037210	-0.037280	-0.037425	-0.037340	-0.037464
494.000000	-0.037701	-0.037818	-0.037732	-0.037727	-0.037964	-0.037891	-0.038089
495.000000	-0.038253	-0.038250	-0.038328	-0.038258	-0.038484	-0.038500	-0.038694
496.000000	-0.038706	-0.038664	-0.038822	-0.038841	-0.038878	-0.039005	-0.039068
497.000000	-0.039107	-0.039072	-0.039227	-0.039394	-0.039226	-0.039396	-0.039323
498.000000	-0.039586	-0.039506	-0.039650	-0.039816	-0.039687	-0.039745	-0.039715
499.000000	-0.040146	-0.039975	-0.040121	-0.040166	-0.040260	-0.040131	-0.040265
500.000000	-0.040698	-0.040476	-0.040615	-0.040611	-0.040828	-0.040641	-0.040823
501.000000	-0.041171	-0.040976	-0.041087	-0.041152	-0.041314	-0.041225	-0.041311
502.000000	-0.041517	-0.041415	-0.041476	-0.041615	-0.041691	-0.041691	-0.041733
503.000000	-0.041785	-0.041797	-0.041802	-0.041960	-0.042000	-0.042009	-0.042115
504.000000	-0.042168	-0.042226	-0.042205	-0.042360	-0.042373	-0.042402	-0.042503
505.000000	-0.042745	-0.042754	-0.042748	-0.042892	-0.042873	-0.042972	-0.042931
506.000000	-0.043312	-0.043295	-0.043293	-0.043382	-0.043387	-0.043518	-0.043386
507.000000	-0.043701	-0.043771	-0.043732	-0.043708	-0.043818	-0.043884	-0.043853
508.000000	-0.044001	-0.044196	-0.044123	-0.044014	-0.044198	-0.044200	-0.044321
509.000000	-0.044334	-0.044600	-0.044546	-0.044458	-0.044579	-0.044617	-0.044776
510.000000	-0.044761	-0.045011	-0.045002	-0.044989	-0.044990	-0.045105	-0.045186
511.000000	-0.045300	-0.045449	-0.045467	-0.045499	-0.045446	-0.045581	-0.045523
512.000000	-0.045816	-0.045873	-0.045894	-0.045942	-0.045908	-0.045981	-0.045844
513.000000	-0.046126	-0.046224	-0.046235	-0.046299	-0.046316	-0.046264	-0.046239
514.000000	-0.046329	-0.046533	-0.046557	-0.046616	-0.046685	-0.046531	-0.046712
515.000000	-0.046698	-0.046893	-0.046993	-0.046979	-0.047073	-0.046969	-0.047209
516.000000	-0.047236	-0.047312	-0.047500	-0.047391	-0.047488	-0.047536	-0.047674
517.000000	-0.047681	-0.047722	-0.047867	-0.047779	-0.047885	-0.047976	-0.048054
518.000000	-0.047970	-0.048097	-0.048068	-0.048134	-0.048252	-0.048233	-0.048357
519.000000	-0.048322	-0.048476	-0.048336	-0.048537	-0.048619	-0.048539	-0.048678
520.000000	-0.048849	-0.048892	-0.048806	-0.049025	-0.049014	-0.049026	-0.049085
521.000000	-0.049417	-0.049347	-0.049373	-0.049523	-0.049458	-0.049576	-0.049575
522.000000	-0.049896	-0.049831	-0.049919	-0.049967	-0.049950	-0.050069	-0.050111
523.000000	-0.050269	-0.050296	-0.050375	-0.050360	-0.050420	-0.050469	-0.050576
524.000000	-0.050560	-0.050707	-0.050715	-0.050720	-0.050810	-0.050779	-0.050886
525.000000	-0.050884	-0.051118	-0.051062	-0.051084	-0.051174	-0.051099	-0.051188
526.000000	-0.051354	-0.051590	-0.051547	-0.051484	-0.051580	-0.051535	-0.051651
527.000000	-0.051891	-0.052054	-0.052060	-0.051912	-0.051998	-0.052022	-0.052171
528.000000	-0.052346	-0.052403	-0.052414	-0.052341	-0.052364	-0.052438	-0.052550
529.000000	-0.052706	-0.052677	-0.052664	-0.052764	-0.052703	-0.052785	-0.052834
530.000000	-0.053034	-0.053002	-0.053003	-0.053184	-0.053090	-0.053138	-0.053206
531.000000	-0.053379	-0.053402	-0.053457	-0.053589	-0.053528	-0.053533	-0.053674
532.000000	-0.053770	-0.053807	-0.053902	-0.053954	-0.053951	-0.053963	-0.054093
533.000000	-0.054182	-0.054185	-0.054274	-0.054278	-0.054315	-0.054390	-0.054414
534.000000	-0.054522	-0.054557	-0.054591	-0.054598	-0.054608	-0.054743	-0.054716
535.000000	-0.054773	-0.054920	-0.054879	-0.054930	-0.054852	-0.055006	-0.055041
536.000000	-0.055056	-0.055233	-0.055170	-0.055250	-0.055133	-0.055276	-0.055354
537.000000	-0.055436	-0.055480	-0.055488	-0.055550	-0.055499	-0.055610	-0.055636
538.000000	-0.055790	-0.055738	-0.055828	-0.055867	-0.055880	-0.055931	-0.055944
539.000000	-0.056019	-0.056056	-0.056167	-0.056213	-0.056203	-0.056179	-0.056305
540.000000	-0.056257	-0.056326	-0.056407	-0.056470	-0.056459	-0.056445	-0.056571
541.000000	-0.056634	-0.056468	-0.056507	-0.056563	-0.056671	-0.056814	-0.056642
542.000000	-0.056932	-0.056827	-0.056840	-0.056880	-0.056963	-0.057101	-0.056930
543.000000	-0.056886	-0.057735	-0.057761	-0.057798	-0.057439	-0.057091	-0.057862
544.000000	-0.057008	-0.057942	-0.057997	-0.058030	-0.057665	-0.057265	-0.058136
545.000000	-0.058096	-0.055696	-0.055751	-0.055750	-0.057037	-0.058351	-0.055883
546.000000	-0.058778	-0.054905	-0.054926	-0.054874	-0.056925	-0.058990	-0.055013
547.000000	-0.056193	-0.063309	-0.063293	-0.063218	-0.060028	-0.056402	-0.063365
548.000000	-0.053948	-0.070350	-0.070314	-0.070272	-0.062598	-0.054189	-0.070417
549.000000	-0.062708	-0.045138	-0.045108	-0.045153	-0.053658	-0.062920	-0.045244
550.000000	-0.074355	0.015676	0.015687	0.015542	-0.027570	-0.074461	0.015526
551.000000	-0.049896	0.069194	0.069216	0.069059	0.012002	-0.049955	0.068986
552.000000	0.018613	0.082695	0.082771	0.082726	0.051829	0.018478	0.082456
553.000000	0.059459	0.057313	0.057416	0.057478	0.058152	0.059251	0.057239
554.000000	0.020267	0.004533	0.004589	0.004643	0.011872	0.020083	0.004785
555.000000	-0.043688	-0.044972	-0.044969	-0.044976	-0.044540	-0.043836	-0.045036
556.000000	-0.067768	-0.063513	-0.063503	-0.063539	-0.065689	-0.067961	-0.064901
557.000000	-0.061917	-0.061236	-0.061202	-0.061244	-0.061674	-0.062174	-0.062096
558.000000	-0.057350	-0.058652	-0.058650	-0.058706	-0.058190	-0.057585	-0.054142
559.000000	-0.059346	-0.059751	-0.059805	-0.059872	-0.059786	-0.059502	-0.049470
560.000000	-0.061039	-0.060748	-0.060806	-0.060852	-0.061097	-0.061138	-0.051641
561.000000	-0.060838	-0.060780	-0.060802	-0.060820	-0.060935	-0.060930	-0.058149
562.000000	-0.060821	-0.061013	-0.061025	-0.061067	-0.061010	-0.060947	-0.062455
563.000000	-0.061288	-0.061416	-0.061455	-0.061556	-0.061461	-0.061463	-0.062462
564.000000	-0.060740	-0.060770	-0.060821	-0.060921	-0.060849	-0.060939	-0.060606
565.000000	-0.059912	-0.059963	-0.059985	-0.060011	-0.059970	-0.060102	-0.059734
566.000000	-0.062816	-0.062944	-0.062909	-0.062886	-0.062886	-0.062995	-0.062983
567.000000	-0.069858	-0.070042	-0.069956	-0.069955	-0.070002	-0.070042	-0.070072
568.000000	-0.073491	-0.073648	-0.073588	-0.073595	-0.073674	-0.073685	-0.073632
569.000000	-0.068885	-0.068914	-0.068986	-0.068929	-0.069013	-0.069082	-0.069036
570.000000	-0.062433	-0.062351	-0.062527	-0.062424	-0.062491	-0.062629	-0.062628
571.000000	-0.060789	-0.060718	-0.060857	-0.060806	-0.060846	-0.060988	-0.060991
572.000000	-0.062163	-0.062182	-0.062223	-0.062257	-0.062264	-0.062364	-0.062368
573.000000	-0.062863	-0.062967	-0.062970	-0.063032	-0.063000	-0.063056	-0.063114
574.000000	-0.062616	-0.062760	-0.062779	-0.062827	-0.062762	-0.062798	-0.062910
575.000000	-0.062508	-0.062625	-0.062660	-0.062709	-0.062633	-0.062680	-0.062766
576.000000	-0.062700	-0.062761	-0.062792	-0.062863	-0.062791	-0.062872	-0.062875
577.000000	-0.062810	-0.062850	-0.062867	-0.062951	-0.062880	-0.062993	-0.062950
578.000000	-0.062817	-0.062892	-0.062882	-0.062970	-0.062896	-0.063026	-0.062988
579.000000	-0.063008	-0.063153	-0.063096	-0.063201	-0.063140	-0.063265	-0.063227
580.000000	-0.063205	-0.063412	-0.063313	-0.063446	-0.063405	-0.063507	-0.063462
581.000000	-0.062651	-0.062845	-0.062764	-0.062914	-0.062847	-0.062931	-0.062937
582.000000	-0.061842	-0.061945	-0.061948	-0.062087	-0.061954	-0.062026	-0.062144
583.000000	-0.063566	-0.063619	-0.063685	-0.063772	-0.063651	-0.063687	-0.063864
584.000000	-0.067248	-0.067365	-0.067407	-0.067422	-0.067443	-0.067406	-0.067526
585.000000	-0.062944	-0.063135	-0.063107	-0.063108	-0.063263	-0.063163	-0.063217
586.000000	-0.048540	-0.048721	-0.048646	-0.048724	-0.048881	-0.048770	-0.048844
587.000000	-0.058096	-0.058217	-0.058243	-0.058302	-0.058386	-0.058306	-0.058432
588.000000	-0.119936	-0.120004	-0.120314	-0.120136	-0.120163	-0.120126	-0.120267
589.000000	-0.177917	-0.177965	-0.178171	-0.178103	-0.178111	-0.178095	-0.178211
590.000000	-0.156992	-0.157059	-0.156248	-0.157187	-0.157212	-0.157164	-0.157244
591.000000	-0.086168	-0.086285	-0.085367	-0.086405	-0.086449	-0.086365	-0.086418
592.000000	-0.045088	-0.045265	-0.047675	-0.045393	-0.045411	-0.045367	-0.045423
593.000000	-0.051000	-0.051213	-0.055029	-0.051352	-0.051326	-0.051374	-0.051439
594.000000	-0.073531	-0.073717	-0.066636	-0.073838	-0.073824	-0.073917	-0.073941
595.000000	-0.081176	-0.081298	-0.065562	-0.081372	-0.081428	-0.081503	-0.081445
596.000000	-0.043220	-0.043339	-0.061900	-0.043371	-0.043478	-0.043547	-0.043443
597.000000	0.027890	0.027693	-0.061658	0.027674	0.027574	0.027481	0.027547
598.000000	0.053728	0.053472	-0.062514	0.053437	0.053370	0.053292	0.053250
599.000000	-0.001174	-0.001408	-0.062524	-0.001483	-0.001524	-0.001522	-0.001693
600.000000	-0.064758	-0.064929	-0.062143	-0.065049	-0.065085	-0.065038	-0.065246
601.000000	-0.076768	-0.076883	-0.061940	-0.077034	-0.077085	-0.077105	-0.077196
602.000000	-0.062451	-0.062537	-0.061811	-0.062696	-0.062747	-0.062863	-0.062842
603.000000	-0.057112	-0.057204	-0.061562	-0.057349	-0.057352	-0.057506	-0.057525
604.000000	-0.060278	-0.060398	-0.061236	-0.060544	-0.060497	-0.060614	-0.060747
605.000000	-0.061826	-0.061973	-0.060938	-0.062171	-0.062132	-0.062154	-0.062338
606.000000	-0.060751	-0.060895	-0.060688	-0.061156	-0.061166	-0.061108	-0.061253
607.000000	-0.059933	-0.060018	-0.060474	-0.060291	-0.060340	-0.060301	-0.060349
608.000000	-0.059999	-0.060018	-0.060296	-0.060247	-0.060300	-0.060342	-0.060307
609.000000	-0.060130	-0.060168	-0.060167	-0.060336	-0.060350	-0.060419	-0.060411
610.000000	-0.060004	-0.060125	-0.060060	-0.060251	-0.060215	-0.060242	-0.060329
611.000000	-0.059778	-0.059923	-0.059911	-0.060057	-0.060031	-0.060022	-0.060111
612.000000	-0.059579	-0.059670	-0.059732	-0.059850	-0.059886	-0.059882	-0.059866
613.000000	-0.059476	-0.059552	-0.059630	-0.059742	-0.059790	-0.059811	-0.059765
614.000000	-0.059481	-0.059625	-0.059643	-0.059759	-0.059742	-0.059789	-0.059863
615.000000	-0.059507	-0.059689	-0.059659	-0.059770	-0.059732	-0.059806	-0.059981
616.000000	-0.059501	-0.059621	-0.059614	-0.059700	-0.059759	-0.059850	-0.059991
617.000000	-0.059527	-0.059570	-0.059613	-0.059685	-0.059843	-0.059914	-0.059958
618.000000	-0.059644	-0.059681	-0.059744	-0.059842	-0.059988	-0.059988	-0.059968
619.000000	-0.059800	-0.059868	-0.059917	-0.060068	-0.060126	-0.060059	-0.060061
620.000000	-0.059924	-0.060010	-0.060015	-0.060229	-0.060185	-0.060114	-0.060244
621.000000	-0.059996	-0.060084	-0.060037	-0.060305	-0.060195	-0.060176	-0.060410
622.000000	-0.060019	-0.060108	-0.060027	-0.060328	-0.060218	-0.060270	-0.060433
623.000000	-0.060049	-0.060125	-0.060056	-0.060346	-0.060267	-0.060383	-0.060382
624.000000	-0.060167	-0.060188	-0.060201	-0.060414	-0.060330	-0.060479	-0.060421
625.000000	-0.060339	-0.060294	-0.060413	-0.060512	-0.060407	-0.060554	-0.060560
626.000000	-0.060451	-0.060399	-0.060547	-0.060560	-0.060508	-0.060627	-0.060689
627.000000	-0.060467	-0.060475	-0.060565	-0.060552	-0.060609	-0.060684	-0.060749
628.000000	-0.060436	-0.060519	-0.060550	-0.060563	-0.060644	-0.060676	-0.060738
629.000000	-0.060407	-0.060544	-0.060557	-0.060618	-0.060594	-0.060606	-0.060687
630.000000	-0.060417	-0.060589	-0.060583	-0.060656	-0.060517	-0.060558	-0.060671
631.000000	-0.060467	-0.060655	-0.060609	-0.060638	-0.060465	-0.060575	-0.060715
632.000000	-0.060478	-0.060660	-0.060583	-0.060583	-0.060468	-0.060586	-0.060722
633.000000	-0.060400	-0.060556	-0.060484	-0.060525	-0.060533	-0.060544	-0.060628
634.000000	-0.060316	-0.060455	-0.060407	-0.060511	-0.060616	-0.060526	-0.060532
635.000000	-0.060317	-0.060470	-0.060443	-0.060574	-0.060666	-0.060605	-0.060535
636.000000	-0.060395	-0.060566	-0.060538	-0.060654	-0.060681	-0.060712	-0.060603
637.000000	-0.060510	-0.060660	-0.060608	-0.060677	-0.060668	-0.060747	-0.060667
638.000000	-0.060596	-0.060694	-0.060643	-0.060675	-0.060644	-0.060723	-0.060706
639.000000	-0.060582	-0.060623	-0.060666	-0.060719	-0.060623	-0.060700	-0.060722
640.000000	-0.060505	-0.060509	-0.060674	-0.060774	-0.060615	-0.060688	-0.060719
641.000000	-0.060462	-0.060471	-0.060642	-0.060743	-0.060625	-0.060669	-0.060701
642.000000	-0.060465	-0.060509	-0.060584	-0.060633	-0.060633	-0.060644	-0.060684
643.000000	-0.060446	-0.060517	-0.060544	-0.060544	-0.060597	-0.060633	-0.060687
644.000000	-0.060396	-0.060481	-0.060546	-0.060528	-0.060529	-0.060641	-0.060708
645.000000	-0.060381	-0.060510	-0.060582	-0.060569	-0.060510	-0.060651	-0.060710
646.000000	-0.060440	-0.060641	-0.060639	-0.060644	-0.060583	-0.060668	-0.060692
647.000000	-0.060557	-0.060757	-0.060708	-0.060725	-0.060720	-0.060727	-0.060725
648.000000	-0.060716	-0.060792	-0.060797	-0.060802	-0.060887	-0.060855	-0.060853
649.000000	-0.060904	-0.060872	-0.060969	-0.060920	-0.061064	-0.061032	-0.061032
650.000000	-0.061108	-0.061095	-0.061245	-0.061109	-0.061236	-0.061233	-0.061215
651.000000	-0.061292	-0.061336	-0.061459	-0.061294	-0.061389	-0.061431	-0.061386
652.000000	-0.061406	-0.061436	-0.061432	-0.061379	-0.061499	-0.061584	-0.061524
653.000000	-0.061347	-0.061345	-0.061220	-0.061308	-0.061461	-0.061578	-0.061516
654.000000	-0.061019	-0.061063	-0.060949	-0.061049	-0.061170	-0.061297	-0.061241
655.000000	-0.060566	-0.060693	-0.060676	-0.060699	-0.060741	-0.060854	-0.060807
656.000000	-0.060242	-0.060382	-0.060419	-0.060413	-0.060398	-0.060476	-0.060438
657.000000	-0.060084	-0.060174	-0.060206	-0.060222	-0.060196	-0.060226	-0.060205
658.000000	-0.059965	-0.060038	-0.060074	-0.060067	-0.060071	-0.060044	-0.060071
659.000000	-0.059853	-0.059953	-0.060017	-0.059948	-0.060001	-0.059939	-0.060017
660.000000	-0.059814	-0.059913	-0.059990	-0.059932	-0.060014	-0.059995	-0.060051
661.000000	-0.059843	-0.059899	-0.059956	-0.060004	-0.060078	-0.060168	-0.060135
662.000000	-0.059814	-0.059873	-0.059901	-0.060025	-0.060067	-0.060220	-0.060160
663.000000	-0.059657	-0.059810	-0.059813	-0.059905	-0.059914	-0.060029	-0.060057
664.000000	-0.059446	-0.059718	-0.059678	-0.059689	-0.059689	-0.059758	-0.059845
665.000000	-0.059255	-0.059597	-0.059491	-0.059442	-0.059467	-0.059555	-0.059573
666.000000	-0.059102	-0.059415	-0.059270	-0.059247	-0.059268	-0.059393	-0.059340
667.000000	-0.058979	-0.059147	-0.059033	-0.059152	-0.059100	-0.059220	-0.059214
668.000000	-0.058807	-0.058837	-0.058789	-0.059039	-0.058941	-0.059010	-0.059079
669.000000	-0.058518	-0.058551	-0.058550	-0.058778	-0.058769	-0.058758	-0.058805
670.000000	-0.058267	-0.058381	-0.058377	-0.058498	-0.058613	-0.058553	-0.058539
671.000000	-0.058273	-0.058411	-0.058337	-0.058407	-0.058514	-0.058505	-0.058514
672.000000	-0.058406	-0.058512	-0.058355	-0.058441	-0.058450	-0.058538	-0.058611
673.000000	-0.058344	-0.058438	-0.058283	-0.058380	-0.058362	-0.058475	-0.058515
674.000000	-0.058094	-0.058205	-0.058132	-0.058217	-0.058260	-0.058315	-0.058251
675.000000	-0.057937	-0.058043	-0.058057	-0.058128	-0.058214	-0.058215	-0.058131
676.000000	-0.057980	-0.058036	-0.058108	-0.058172	-0.058230	-0.058226	-0.058236
677.000000	-0.058102	-0.058075	-0.058210	-0.058263	-0.058232	-0.058266	-0.058357
678.000000	-0.058203	-0.058099	-0.058294	-0.058338	-0.058195	-0.058285	-0.058380
679.000000	-0.058248	-0.058141	-0.058322	-0.058385	-0.058194	-0.058309	-0.058383
680.000000	-0.058235	-0.058232	-0.058297	-0.058410	-0.058277	-0.058359	-0.058426
681.000000	-0.058225	-0.058364	-0.058324	-0.058437	-0.058402	-0.058439	-0.058476
682.000000	-0.058279	-0.058520	-0.058478	-0.058492	-0.058527	-0.058547	-0.058508
683.000000	-0.058403	-0.058659	-0.058673	-0.058582	-0.058657	-0.058676	-0.058581
684.000000	-0.058587	-0.058745	-0.058801	-0.058705	-0.058797	-0.058813	-0.058742
685.000000	-0.058759	-0.058783	-0.058845	-0.058823	-0.058894	-0.058912	-0.058888
686.000000	-0.058839	-0.058794	-0.058827	-0.058896	-0.058892	-0.058925	-0.058893
687.000000	-0.058853	-0.058817	-0.058829	-0.058928	-0.058844	-0.058898	-0.058837
688.000000	-0.058874	-0.058894	-0.058952	-0.058949	-0.058854	-0.058917	-0.058889
689.000000	-0.058945	-0.059019	-0.059147	-0.059015	-0.058960	-0.059021	-0.059055
690.000000	-0.059087	-0.059150	-0.059270	-0.059191	-0.059153	-0.059213	-0.059227
691.000000	-0.059254	-0.059242	-0.059274	-0.059411	-0.059362	-0.059417	-0.059344
692.000000	-0.059333	-0.059249	-0.059209	-0.059478	-0.059456	-0.059481	-0.059388
693.000000	-0.059299	-0.059191	-0.059145	-0.059363	-0.059422	-0.059393	-0.059374
694.000000	-0.059246	-0.059182	-0.059173	-0.059265	-0.059407	-0.059339	-0.059358
695.000000	-0.059234	-0.059271	-0.059308	-0.059302	-0.059474	-0.059404	-0.059371
696.000000	-0.059235	-0.059373	-0.059411	-0.059395	-0.059510	-0.059447	-0.059385
697.000000	-0.059234	-0.059418	-0.059397	-0.059471	-0.059445	-0.059383	-0.059392
698.000000	-0.059269	-0.059423	-0.059379	-0.059532	-0.059401	-0.059357	-0.059444
699.000000	-0.059365	-0.059418	-0.059462	-0.059587	-0.059484	-0.059491	-0.059574
700.000000	-0.059437	-0.059416	-0.059566	-0.059620	-0.059608	-0.059653	-0.059683
701.000000	-0.059402	-0.059423	-0.059586	-0.059616	-0.059660	-0.059677	-0.059671
702.000000	-0.059355	-0.059432	-0.059528	-0.059601	-0.059652	-0.059600	-0.059608
703.000000	-0.059438	-0.059434	-0.059444	-0.059610	-0.059644	-0.059530	-0.059617
704.000000	-0.059564	-0.059431	-0.059397	-0.059629	-0.059650	-0.059529	-0.059671
705.000000	-0.059539	-0.059429	-0.059450	-0.059621	-0.059663	-0.059623	-0.059668
706.000000	-0.059353	-0.059416	-0.059531	-0.059571	-0.059635	-0.059722	-0.059598
707.000000	-0.059137	-0.059362	-0.059475	-0.059478	-0.059499	-0.059646	-0.059517
708.000000	-0.058935	-0.059228	-0.059243	-0.059320	-0.059245	-0.059365	-0.059397
709.000000	-0.058697	-0.058961	-0.058933	-0.059046	-0.058931	-0.059002	-0.059123
710.000000	-0.058405	-0.058558	-0.058610	-0.058664	-0.058602	-0.058644	-0.058689
711.000000	-0.058094	-0.058090	-0.058271	-0.058263	-0.058276	-0.058306	-0.058264
712.000000	-0.057759	-0.057614	-0.057905	-0.057891	-0.057941	-0.057980	-0.057935
713.000000	-0.057308	-0.057144	-0.057484	-0.057485	-0.057515	-0.057626	-0.057591
714.000000	-0.056701	-0.056692	-0.057004	-0.057005	-0.056968	-0.057213	-0.057145
715.000000	-0.056106	-0.056289	-0.056522	-0.056522	-0.056445	-0.056751	-0.056673
716.000000	-0.055657	-0.055934	-0.056078	-0.056091	-0.056061	-0.056252	-0.056255
717.000000	-0.055160	-0.055461	-0.055550	-0.055589	-0.055626	-0.055679	-0.055825
718.000000	-0.054382	-0.054704	-0.054809	-0.054876	-0.054917	-0.055001	-0.055291
719.000000	-0.053494	-0.053812	-0.053958	-0.054052	-0.054088	-0.054306	-0.054636
720.000000	-0.052804	-0.053048	-0.053193	-0.053307	-0.053427	-0.053719	-0.053885
721.000000	-0.052323	-0.052497	-0.052617	-0.052738	-0.052966	-0.053208	-0.053140
722.000000	-0.051884	-0.052125	-0.052261	-0.052376	-0.052580	-0.052648	-0.052541
723.000000	-0.051335	-0.051755	-0.051892	-0.052010	-0.052078	-0.051989	-0.052013
724.000000	-0.050547	-0.051093	-0.051068	-0.051249	-0.051223	-0.051245	-0.051308
725.000000	-0.049615	-0.050145	-0.049913	-0.050152	-0.050156	-0.050544	-0.050478
726.000000	-0.048887	-0.049275	-0.049213	-0.049320	-0.049461	-0.050147	-0.049930
727.000000	-0.048498	-0.048692	-0.049169	-0.049018	-0.049296	-0.050060	-0.049785
728.000000	-0.048200	-0.048312	-0.048942	-0.048900	-0.049075	-0.049858	-0.049662
729.000000	-0.047794	-0.048028	-0.048083	-0.048695	-0.048458	-0.049307	-0.049302
730.000000	-0.047294	-0.047729	-0.047297	-0.048442	-0.047867	-0.048713	-0.048858
731.000000	-0.046739	-0.047339	-0.047202	-0.048205	-0.047684	-0.048357	-0.048488
732.000000	-0.046155	-0.046889	-0.047561	-0.047984	-0.047771	-0.048165	-0.048176
