[HEADER]
Format	J&M ASCII Table
Comment	
Date	2/21/2023 4:34:08 AM
Order	Y (evenX)
TechType	UV
NumPoints	483
FirstX	250.00
LastX	732.00
XType	NMetr
YType	Absrb
ZType	Secs
NumSubFile	7
Matrix	Z vs X
[DATA]
	0.000000	5.000064	10.000128	15.000256	20.000320	25.000383	30.000511
250.000000	1.235137	1.234322	1.234956	1.233778	1.235657	1.227966	1.234362
251.000000	1.209150	1.209460	1.210743	1.208001	1.210496	1.204302	1.208208
252.000000	1.178514	1.180849	1.182655	1.177143	1.181033	1.179304	1.179713
253.000000	1.149046	1.153325	1.154294	1.148048	1.152200	1.154429	1.152246
254.000000	1.125220	1.130554	1.128705	1.125778	1.127898	1.130838	1.128335
255.000000	1.103859	1.109709	1.104990	1.105762	1.105850	1.107895	1.105910
256.000000	1.081076	1.087227	1.081639	1.082671	1.083145	1.084791	1.082535
257.000000	1.058159	1.063265	1.058491	1.058471	1.060721	1.061909	1.059217
258.000000	1.037763	1.039248	1.035893	1.037078	1.040501	1.039952	1.037888
259.000000	1.019059	1.016639	1.014647	1.017750	1.021575	1.018917	1.018316
260.000000	0.999561	0.996782	0.995672	0.997520	1.001697	0.998430	0.999171
261.000000	0.978912	0.978847	0.978098	0.976236	0.980587	0.978106	0.979500
262.000000	0.958387	0.960386	0.959724	0.955884	0.959466	0.957569	0.958681
263.000000	0.938419	0.940497	0.939858	0.936959	0.938828	0.937085	0.937209
264.000000	0.918434	0.920094	0.919560	0.918199	0.918294	0.917633	0.916828
265.000000	0.898184	0.899783	0.899504	0.898830	0.897852	0.899201	0.898146
266.000000	0.878066	0.879486	0.879537	0.879064	0.878187	0.880034	0.879728
267.000000	0.858442	0.859286	0.859566	0.859187	0.859583	0.859306	0.860481
268.000000	0.839423	0.839844	0.839842	0.839421	0.841110	0.839001	0.840685
269.000000	0.820853	0.821433	0.820492	0.819866	0.821854	0.820663	0.820729
270.000000	0.801660	0.802421	0.800914	0.800168	0.801731	0.802318	0.800586
271.000000	0.780886	0.781194	0.780501	0.779972	0.780930	0.781674	0.780188
272.000000	0.759697	0.759226	0.759725	0.759609	0.760052	0.759919	0.759886
273.000000	0.739833	0.738895	0.739384	0.739600	0.739760	0.739323	0.740099
274.000000	0.720565	0.719716	0.719353	0.719691	0.719736	0.719618	0.720346
275.000000	0.699847	0.699641	0.699001	0.699213	0.699135	0.699136	0.699668
276.000000	0.677819	0.678326	0.678124	0.678135	0.677902	0.677584	0.677998
277.000000	0.656485	0.656909	0.656905	0.656981	0.656662	0.655871	0.656047
278.000000	0.636532	0.636178	0.635840	0.636172	0.635940	0.634878	0.634637
279.000000	0.616900	0.616413	0.615792	0.615975	0.616097	0.615392	0.614692
280.000000	0.597071	0.597435	0.596919	0.596423	0.597066	0.597315	0.596320
281.000000	0.577759	0.578259	0.577995	0.577130	0.577993	0.578889	0.578072
282.000000	0.559415	0.558442	0.558271	0.557920	0.558392	0.559065	0.558936
283.000000	0.541333	0.539353	0.538816	0.539348	0.539095	0.539382	0.539665
284.000000	0.522889	0.522161	0.520699	0.521848	0.520944	0.521354	0.521159
285.000000	0.504738	0.505687	0.503546	0.504707	0.503785	0.504354	0.503572
286.000000	0.487749	0.488406	0.486699	0.487113	0.487222	0.487347	0.486830
287.000000	0.471801	0.470950	0.470351	0.469812	0.471128	0.470680	0.470674
288.000000	0.456374	0.454765	0.455006	0.454089	0.455488	0.455195	0.454810
289.000000	0.441197	0.440027	0.440533	0.439759	0.440245	0.440655	0.439423
290.000000	0.426190	0.426095	0.426412	0.425728	0.425330	0.426173	0.424980
291.000000	0.411677	0.412558	0.412430	0.411709	0.410985	0.411759	0.411501
292.000000	0.398353	0.399238	0.398677	0.398195	0.397734	0.398275	0.398569
293.000000	0.386129	0.386040	0.385259	0.385323	0.385492	0.385832	0.385822
294.000000	0.373801	0.372979	0.372289	0.372689	0.373300	0.373438	0.373001
295.000000	0.360821	0.360164	0.359841	0.360099	0.360665	0.360601	0.360113
296.000000	0.348198	0.347884	0.347901	0.347885	0.348193	0.348028	0.347717
297.000000	0.336694	0.336303	0.336400	0.336280	0.336388	0.336281	0.336172
298.000000	0.325680	0.325110	0.325119	0.324978	0.324982	0.324977	0.324976
299.000000	0.314418	0.313963	0.313851	0.313649	0.313639	0.313650	0.313599
300.000000	0.303008	0.302830	0.302603	0.302351	0.302437	0.302349	0.302224
301.000000	0.291791	0.291773	0.291447	0.291249	0.291555	0.291264	0.291203
302.000000	0.280934	0.280824	0.280469	0.280411	0.280928	0.280427	0.280504
303.000000	0.270510	0.270006	0.269763	0.269853	0.270396	0.269802	0.269926
304.000000	0.260423	0.259458	0.259435	0.259540	0.260015	0.259464	0.259520
305.000000	0.250468	0.249391	0.249593	0.249404	0.249985	0.249558	0.249505
306.000000	0.240658	0.239870	0.240157	0.239511	0.240367	0.240092	0.239975
307.000000	0.231235	0.230804	0.230862	0.230062	0.231072	0.230935	0.230889
308.000000	0.222370	0.222150	0.221751	0.221235	0.222151	0.222087	0.222229
309.000000	0.214111	0.213940	0.213364	0.213151	0.213868	0.213765	0.214026
310.000000	0.206475	0.206227	0.205978	0.205799	0.206347	0.206118	0.206308
311.000000	0.199430	0.199106	0.199194	0.198862	0.199346	0.199110	0.199099
312.000000	0.192924	0.192617	0.192640	0.192127	0.192669	0.192667	0.192419
313.000000	0.186848	0.186603	0.186384	0.185883	0.186449	0.186678	0.186283
314.000000	0.181110	0.180900	0.180558	0.180415	0.180832	0.181037	0.180687
315.000000	0.175774	0.175546	0.175159	0.175373	0.175627	0.175716	0.175518
316.000000	0.170930	0.170620	0.170131	0.170263	0.170564	0.170707	0.170629
317.000000	0.166422	0.165981	0.165398	0.165217	0.165678	0.165934	0.165918
318.000000	0.161986	0.161396	0.160877	0.160651	0.161150	0.161296	0.161311
319.000000	0.157552	0.156893	0.156589	0.156515	0.156950	0.156811	0.156794
320.000000	0.153200	0.152698	0.152622	0.152411	0.152892	0.152584	0.152403
321.000000	0.149001	0.148826	0.148866	0.148255	0.148904	0.148612	0.148240
322.000000	0.145013	0.145051	0.144992	0.144314	0.145045	0.144764	0.144470
323.000000	0.141269	0.141279	0.140929	0.140690	0.141317	0.140967	0.141063
324.000000	0.137764	0.137648	0.137050	0.137173	0.137618	0.137243	0.137652
325.000000	0.134420	0.134200	0.133551	0.133587	0.133887	0.133634	0.133988
326.000000	0.130982	0.130684	0.130093	0.129892	0.130190	0.130196	0.130187
327.000000	0.127297	0.126947	0.126406	0.126143	0.126603	0.126950	0.126420
328.000000	0.123689	0.123371	0.122780	0.122650	0.123173	0.123768	0.122872
329.000000	0.120502	0.120339	0.119559	0.119682	0.119933	0.120511	0.119687
330.000000	0.117520	0.117507	0.116640	0.116880	0.116874	0.117186	0.116750
331.000000	0.114375	0.114325	0.113763	0.113720	0.113957	0.113849	0.113856
332.000000	0.111114	0.110833	0.110725	0.110226	0.110994	0.110534	0.110821
333.000000	0.108004	0.107384	0.107379	0.106718	0.107746	0.107264	0.107499
334.000000	0.105097	0.104201	0.103940	0.103470	0.104361	0.104125	0.104069
335.000000	0.102274	0.101392	0.100905	0.100703	0.101295	0.101245	0.100967
336.000000	0.099479	0.098880	0.098352	0.098321	0.098668	0.098616	0.098297
337.000000	0.096742	0.096374	0.095864	0.095852	0.096191	0.096069	0.095762
338.000000	0.094074	0.093723	0.093211	0.093091	0.093636	0.093462	0.093149
339.000000	0.091454	0.091045	0.090547	0.090341	0.090923	0.090719	0.090424
340.000000	0.088868	0.088446	0.088001	0.087814	0.088076	0.087878	0.087631
341.000000	0.086328	0.085937	0.085547	0.085352	0.085352	0.085254	0.084962
342.000000	0.083865	0.083508	0.083135	0.082811	0.082963	0.083079	0.082567
343.000000	0.081558	0.081117	0.080741	0.080353	0.080795	0.081071	0.080337
344.000000	0.079461	0.078739	0.078356	0.078162	0.078667	0.078884	0.078124
345.000000	0.077405	0.076484	0.076058	0.076115	0.076510	0.076553	0.075946
346.000000	0.075164	0.074487	0.073941	0.073989	0.074306	0.074250	0.073875
347.000000	0.072787	0.072654	0.071941	0.071773	0.072098	0.072022	0.071865
348.000000	0.070480	0.070759	0.069913	0.069574	0.069961	0.069845	0.069813
349.000000	0.068375	0.068704	0.067855	0.067399	0.067921	0.067752	0.067721
350.000000	0.066536	0.066500	0.065882	0.065166	0.065962	0.065824	0.065684
351.000000	0.064894	0.064282	0.064034	0.062963	0.064072	0.064037	0.063755
352.000000	0.063221	0.062326	0.062257	0.061083	0.062247	0.062238	0.061934
353.000000	0.061377	0.060728	0.060485	0.059586	0.060462	0.060345	0.060189
354.000000	0.059395	0.059227	0.058650	0.058070	0.058656	0.058416	0.058433
355.000000	0.057368	0.057606	0.056752	0.056287	0.056812	0.056528	0.056632
356.000000	0.055500	0.055869	0.054984	0.054543	0.055058	0.054764	0.054910
357.000000	0.053933	0.054068	0.053488	0.053113	0.053491	0.053172	0.053358
358.000000	0.052474	0.052294	0.052051	0.051757	0.051983	0.051632	0.051791
359.000000	0.050876	0.050617	0.050403	0.050143	0.050367	0.049996	0.049993
360.000000	0.049115	0.048908	0.048533	0.048264	0.048622	0.048223	0.048003
361.000000	0.047259	0.046984	0.046536	0.046241	0.046786	0.046325	0.045966
362.000000	0.045391	0.044959	0.044542	0.044217	0.044891	0.044423	0.044051
363.000000	0.043594	0.043113	0.042693	0.042335	0.042965	0.042696	0.042424
364.000000	0.041884	0.041462	0.040996	0.040606	0.041077	0.041087	0.040985
365.000000	0.040211	0.039789	0.039335	0.038924	0.039321	0.039340	0.039398
366.000000	0.038463	0.037972	0.037597	0.037164	0.037651	0.037391	0.037517
367.000000	0.036453	0.036017	0.035680	0.035188	0.035837	0.035432	0.035451
368.000000	0.034195	0.033961	0.033591	0.033009	0.033782	0.033564	0.033326
369.000000	0.032095	0.031871	0.031545	0.030937	0.031667	0.031686	0.031270
370.000000	0.030380	0.029799	0.029653	0.029153	0.029639	0.029703	0.029330
371.000000	0.028632	0.027740	0.027673	0.027390	0.027668	0.027605	0.027328
372.000000	0.026464	0.025689	0.025409	0.025383	0.025697	0.025426	0.025119
373.000000	0.024102	0.023690	0.023154	0.023236	0.023702	0.023340	0.022886
374.000000	0.021894	0.021783	0.021252	0.021127	0.021664	0.021510	0.020859
375.000000	0.019846	0.019894	0.019472	0.019038	0.019550	0.019741	0.018967
376.000000	0.017836	0.017910	0.017388	0.016892	0.017334	0.017729	0.017035
377.000000	0.015863	0.015825	0.015088	0.014772	0.015146	0.015544	0.015048
378.000000	0.014003	0.013703	0.012967	0.012856	0.013200	0.013483	0.013094
379.000000	0.012255	0.011677	0.011151	0.011148	0.011499	0.011659	0.011228
380.000000	0.010545	0.009931	0.009518	0.009492	0.009849	0.010018	0.009469
381.000000	0.008780	0.008377	0.007897	0.007754	0.008108	0.008390	0.007759
382.000000	0.006842	0.006556	0.006071	0.005845	0.006209	0.006463	0.005941
383.000000	0.004771	0.004362	0.004020	0.003800	0.004214	0.004213	0.003998
384.000000	0.002922	0.002418	0.002121	0.001901	0.002420	0.002189	0.002200
385.000000	0.001516	0.001112	0.000623	0.000340	0.000994	0.000757	0.000718
386.000000	0.000267	-0.000090	-0.000738	-0.001028	-0.000375	-0.000455	-0.000665
387.000000	-0.001136	-0.001710	-0.002227	-0.002387	-0.001980	-0.001852	-0.002172
388.000000	-0.002715	-0.003445	-0.003700	-0.003816	-0.003656	-0.003381	-0.003738
389.000000	-0.004386	-0.004843	-0.004946	-0.005340	-0.005144	-0.004879	-0.005223
390.000000	-0.005910	-0.006008	-0.006118	-0.006770	-0.006428	-0.006300	-0.006560
391.000000	-0.007019	-0.007252	-0.007489	-0.007866	-0.007590	-0.007644	-0.007723
392.000000	-0.007883	-0.008542	-0.008955	-0.008798	-0.008643	-0.008863	-0.008791
393.000000	-0.008934	-0.009643	-0.010187	-0.009976	-0.009569	-0.009887	-0.009904
394.000000	-0.010221	-0.010559	-0.011162	-0.011372	-0.010456	-0.010777	-0.011063
395.000000	-0.011439	-0.011520	-0.012127	-0.012552	-0.011490	-0.011709	-0.012139
396.000000	-0.012422	-0.012571	-0.013146	-0.013350	-0.012650	-0.012699	-0.013085
397.000000	-0.013203	-0.013496	-0.014010	-0.013973	-0.013634	-0.013541	-0.013975
398.000000	-0.013901	-0.014230	-0.014645	-0.014620	-0.014326	-0.014204	-0.014862
399.000000	-0.014781	-0.015030	-0.015268	-0.015420	-0.015017	-0.015041	-0.015743
400.000000	-0.015958	-0.016062	-0.016060	-0.016428	-0.015936	-0.016242	-0.016607
401.000000	-0.017058	-0.017118	-0.016990	-0.017499	-0.016986	-0.017377	-0.017444
402.000000	-0.017750	-0.017986	-0.017979	-0.018482	-0.018026	-0.018058	-0.018244
403.000000	-0.018310	-0.018735	-0.018907	-0.019350	-0.018966	-0.018616	-0.018992
404.000000	-0.019116	-0.019500	-0.019673	-0.020119	-0.019749	-0.019493	-0.019683
405.000000	-0.020083	-0.020268	-0.020414	-0.020862	-0.020419	-0.020518	-0.020383
406.000000	-0.020943	-0.020977	-0.021338	-0.021666	-0.021069	-0.021293	-0.021177
407.000000	-0.021632	-0.021676	-0.022335	-0.022495	-0.021777	-0.021863	-0.022042
408.000000	-0.022217	-0.022474	-0.023111	-0.023236	-0.022612	-0.022539	-0.022887
409.000000	-0.022769	-0.023331	-0.023653	-0.023860	-0.023478	-0.023349	-0.023640
410.000000	-0.023363	-0.024068	-0.024210	-0.024416	-0.024140	-0.024053	-0.024252
411.000000	-0.024030	-0.024627	-0.024879	-0.024982	-0.024568	-0.024591	-0.024745
412.000000	-0.024739	-0.025122	-0.025534	-0.025680	-0.025018	-0.025149	-0.025236
413.000000	-0.025444	-0.025649	-0.026104	-0.026510	-0.025643	-0.025827	-0.025818
414.000000	-0.026087	-0.026248	-0.026658	-0.027234	-0.026361	-0.026509	-0.026521
415.000000	-0.026633	-0.026915	-0.027249	-0.027690	-0.027066	-0.027101	-0.027310
416.000000	-0.027135	-0.027531	-0.027828	-0.028034	-0.027680	-0.027631	-0.027978
417.000000	-0.027646	-0.027994	-0.028344	-0.028437	-0.028152	-0.028141	-0.028363
418.000000	-0.028143	-0.028388	-0.028805	-0.028894	-0.028536	-0.028616	-0.028638
419.000000	-0.028592	-0.028830	-0.029233	-0.029352	-0.028915	-0.029040	-0.029035
420.000000	-0.029016	-0.029312	-0.029643	-0.029804	-0.029348	-0.029454	-0.029528
421.000000	-0.029459	-0.029773	-0.030046	-0.030255	-0.029879	-0.029919	-0.029989
422.000000	-0.029887	-0.030181	-0.030431	-0.030676	-0.030406	-0.030398	-0.030386
423.000000	-0.030223	-0.030523	-0.030777	-0.031018	-0.030752	-0.030795	-0.030745
424.000000	-0.030489	-0.030839	-0.031095	-0.031318	-0.030951	-0.031095	-0.031088
425.000000	-0.030793	-0.031214	-0.031424	-0.031685	-0.031225	-0.031352	-0.031423
426.000000	-0.031152	-0.031641	-0.031773	-0.032138	-0.031641	-0.031606	-0.031762
427.000000	-0.031463	-0.031988	-0.032108	-0.032574	-0.032044	-0.031873	-0.032119
428.000000	-0.031699	-0.032217	-0.032424	-0.032927	-0.032354	-0.032165	-0.032497
429.000000	-0.032001	-0.032490	-0.032775	-0.033221	-0.032665	-0.032490	-0.032880
430.000000	-0.032456	-0.032913	-0.033192	-0.033491	-0.033043	-0.032851	-0.033248
431.000000	-0.032940	-0.033375	-0.033610	-0.033779	-0.033411	-0.033242	-0.033579
432.000000	-0.033321	-0.033750	-0.033968	-0.034117	-0.033700	-0.033645	-0.033859
433.000000	-0.033617	-0.034037	-0.034283	-0.034492	-0.033965	-0.034021	-0.034103
434.000000	-0.033883	-0.034269	-0.034587	-0.034877	-0.034282	-0.034335	-0.034340
435.000000	-0.034158	-0.034506	-0.034877	-0.035233	-0.034600	-0.034621	-0.034613
436.000000	-0.034469	-0.034807	-0.035136	-0.035521	-0.034831	-0.034933	-0.034964
437.000000	-0.034771	-0.035150	-0.035372	-0.035760	-0.035004	-0.035229	-0.035322
438.000000	-0.034987	-0.035465	-0.035612	-0.036000	-0.035220	-0.035415	-0.035557
439.000000	-0.035158	-0.035729	-0.035894	-0.036270	-0.035528	-0.035565	-0.035711
440.000000	-0.035431	-0.035969	-0.036266	-0.036573	-0.035933	-0.035899	-0.035977
441.000000	-0.035839	-0.036210	-0.036702	-0.036889	-0.036377	-0.036423	-0.036396
442.000000	-0.036260	-0.036481	-0.037071	-0.037164	-0.036732	-0.036854	-0.036808
443.000000	-0.036597	-0.036786	-0.037313	-0.037386	-0.036946	-0.037057	-0.037107
444.000000	-0.036828	-0.037083	-0.037505	-0.037621	-0.037128	-0.037207	-0.037314
445.000000	-0.036971	-0.037345	-0.037724	-0.037910	-0.037367	-0.037450	-0.037475
446.000000	-0.037141	-0.037592	-0.037989	-0.038202	-0.037645	-0.037750	-0.037672
447.000000	-0.037438	-0.037850	-0.038296	-0.038448	-0.037930	-0.038048	-0.037968
448.000000	-0.037809	-0.038115	-0.038570	-0.038692	-0.038217	-0.038326	-0.038313
449.000000	-0.038160	-0.038373	-0.038734	-0.038983	-0.038495	-0.038574	-0.038631
450.000000	-0.038414	-0.038560	-0.038842	-0.039243	-0.038708	-0.038777	-0.038876
451.000000	-0.038511	-0.038616	-0.038987	-0.039360	-0.038795	-0.038921	-0.039021
452.000000	-0.038537	-0.038656	-0.039181	-0.039395	-0.038860	-0.039047	-0.039117
453.000000	-0.038655	-0.038888	-0.039385	-0.039509	-0.039092	-0.039226	-0.039256
454.000000	-0.038884	-0.039273	-0.039565	-0.039694	-0.039431	-0.039439	-0.039432
455.000000	-0.039117	-0.039558	-0.039693	-0.039807	-0.039609	-0.039599	-0.039561
456.000000	-0.039310	-0.039662	-0.039788	-0.039862	-0.039589	-0.039688	-0.039641
457.000000	-0.039500	-0.039724	-0.039931	-0.040070	-0.039634	-0.039787	-0.039778
458.000000	-0.039698	-0.039838	-0.040152	-0.040485	-0.039872	-0.039941	-0.040014
459.000000	-0.039857	-0.039989	-0.040379	-0.040845	-0.040155	-0.040120	-0.040251
460.000000	-0.039943	-0.040147	-0.040542	-0.040965	-0.040341	-0.040277	-0.040409
461.000000	-0.039980	-0.040261	-0.040593	-0.040950	-0.040389	-0.040338	-0.040491
462.000000	-0.040001	-0.040299	-0.040527	-0.040932	-0.040311	-0.040269	-0.040522
463.000000	-0.040033	-0.040316	-0.040491	-0.040951	-0.040263	-0.040234	-0.040564
464.000000	-0.040108	-0.040383	-0.040635	-0.041022	-0.040405	-0.040408	-0.040679
465.000000	-0.040270	-0.040549	-0.040899	-0.041171	-0.040686	-0.040712	-0.040879
466.000000	-0.040556	-0.040839	-0.041152	-0.041416	-0.040976	-0.040983	-0.041152
467.000000	-0.040863	-0.041146	-0.041373	-0.041684	-0.041199	-0.041174	-0.041426
468.000000	-0.041016	-0.041296	-0.041598	-0.041855	-0.041312	-0.041307	-0.041605
469.000000	-0.041037	-0.041325	-0.041814	-0.041936	-0.041357	-0.041430	-0.041710
470.000000	-0.041107	-0.041442	-0.041964	-0.042042	-0.041445	-0.041614	-0.041856
471.000000	-0.041272	-0.041680	-0.042033	-0.042188	-0.041612	-0.041838	-0.042045
472.000000	-0.041419	-0.041858	-0.042059	-0.042271	-0.041798	-0.041975	-0.042142
473.000000	-0.041487	-0.041901	-0.042078	-0.042273	-0.041958	-0.041979	-0.042113
474.000000	-0.041531	-0.041944	-0.042119	-0.042333	-0.042073	-0.041957	-0.042121
475.000000	-0.041604	-0.042076	-0.042207	-0.042534	-0.042142	-0.042005	-0.042268
476.000000	-0.041725	-0.042230	-0.042356	-0.042760	-0.042204	-0.042155	-0.042457
477.000000	-0.041902	-0.042340	-0.042567	-0.042904	-0.042303	-0.042402	-0.042597
478.000000	-0.042115	-0.042448	-0.042787	-0.043019	-0.042484	-0.042641	-0.042740
479.000000	-0.042328	-0.042607	-0.042959	-0.043174	-0.042763	-0.042766	-0.042946
480.000000	-0.042453	-0.042766	-0.043054	-0.043341	-0.042975	-0.042812	-0.043102
481.000000	-0.042404	-0.042847	-0.043058	-0.043455	-0.042926	-0.042854	-0.043055
482.000000	-0.042263	-0.042823	-0.042989	-0.043458	-0.042727	-0.042871	-0.042852
483.000000	-0.042197	-0.042698	-0.042882	-0.043309	-0.042638	-0.042797	-0.042643
484.000000	-0.042215	-0.042545	-0.042788	-0.043093	-0.042671	-0.042673	-0.042524
485.000000	-0.042208	-0.042483	-0.042770	-0.042995	-0.042647	-0.042622	-0.042544
486.000000	-0.042168	-0.042546	-0.042833	-0.043053	-0.042558	-0.042663	-0.042677
487.000000	-0.042204	-0.042663	-0.042919	-0.043138	-0.042593	-0.042696	-0.042822
488.000000	-0.042363	-0.042782	-0.043001	-0.043200	-0.042809	-0.042703	-0.042935
489.000000	-0.042570	-0.042885	-0.043115	-0.043322	-0.043034	-0.042811	-0.043077
490.000000	-0.042754	-0.042968	-0.043272	-0.043541	-0.043140	-0.043066	-0.043262
491.000000	-0.042872	-0.043051	-0.043407	-0.043743	-0.043159	-0.043298	-0.043383
492.000000	-0.042903	-0.043149	-0.043477	-0.043827	-0.043146	-0.043367	-0.043367
493.000000	-0.042897	-0.043259	-0.043527	-0.043822	-0.043156	-0.043358	-0.043334
494.000000	-0.042906	-0.043362	-0.043606	-0.043783	-0.043227	-0.043379	-0.043411
495.000000	-0.042910	-0.043393	-0.043646	-0.043749	-0.043304	-0.043389	-0.043531
496.000000	-0.042872	-0.043284	-0.043560	-0.043751	-0.043317	-0.043316	-0.043576
497.000000	-0.042831	-0.043135	-0.043428	-0.043772	-0.043284	-0.043244	-0.043545
498.000000	-0.042858	-0.043111	-0.043401	-0.043780	-0.043268	-0.043323	-0.043495
499.000000	-0.042935	-0.043214	-0.043487	-0.043797	-0.043284	-0.043492	-0.043463
500.000000	-0.042985	-0.043323	-0.043589	-0.043882	-0.043310	-0.043541	-0.043472
501.000000	-0.042972	-0.043350	-0.043635	-0.043994	-0.043330	-0.043430	-0.043493
502.000000	-0.042908	-0.043237	-0.043581	-0.043987	-0.043331	-0.043291	-0.043444
503.000000	-0.042832	-0.043044	-0.043465	-0.043849	-0.043318	-0.043212	-0.043333
504.000000	-0.042814	-0.042998	-0.043442	-0.043782	-0.043316	-0.043201	-0.043303
505.000000	-0.042877	-0.043185	-0.043565	-0.043879	-0.043331	-0.043249	-0.043412
506.000000	-0.042941	-0.043339	-0.043638	-0.043961	-0.043314	-0.043322	-0.043509
507.000000	-0.042933	-0.043266	-0.043521	-0.043886	-0.043236	-0.043377	-0.043470
508.000000	-0.042865	-0.043140	-0.043365	-0.043753	-0.043158	-0.043347	-0.043365
509.000000	-0.042772	-0.043153	-0.043336	-0.043686	-0.043139	-0.043195	-0.043287
510.000000	-0.042719	-0.043209	-0.043381	-0.043676	-0.043152	-0.043068	-0.043249
511.000000	-0.042763	-0.043145	-0.043392	-0.043680	-0.043146	-0.043132	-0.043233
512.000000	-0.042820	-0.042992	-0.043361	-0.043653	-0.043095	-0.043253	-0.043207
513.000000	-0.042759	-0.042865	-0.043322	-0.043562	-0.042991	-0.043184	-0.043135
514.000000	-0.042617	-0.042808	-0.043289	-0.043447	-0.042885	-0.042973	-0.043051
515.000000	-0.042540	-0.042820	-0.043254	-0.043397	-0.042857	-0.042857	-0.043034
516.000000	-0.042528	-0.042842	-0.043192	-0.043391	-0.042887	-0.042863	-0.043057
517.000000	-0.042445	-0.042770	-0.043056	-0.043307	-0.042855	-0.042811	-0.042992
518.000000	-0.042267	-0.042616	-0.042875	-0.043137	-0.042737	-0.042658	-0.042830
519.000000	-0.042143	-0.042562	-0.042779	-0.043046	-0.042640	-0.042565	-0.042727
520.000000	-0.042164	-0.042686	-0.042834	-0.043119	-0.042637	-0.042618	-0.042763
521.000000	-0.042285	-0.042829	-0.042961	-0.043269	-0.042697	-0.042733	-0.042841
522.000000	-0.042429	-0.042853	-0.043067	-0.043397	-0.042773	-0.042815	-0.042876
523.000000	-0.042463	-0.042765	-0.043077	-0.043437	-0.042792	-0.042809	-0.042885
524.000000	-0.042304	-0.042613	-0.042956	-0.043356	-0.042712	-0.042699	-0.042896
525.000000	-0.042121	-0.042519	-0.042846	-0.043251	-0.042642	-0.042589	-0.042903
526.000000	-0.042119	-0.042593	-0.042898	-0.043232	-0.042701	-0.042598	-0.042892
527.000000	-0.042245	-0.042728	-0.043025	-0.043258	-0.042791	-0.042682	-0.042857
528.000000	-0.042351	-0.042741	-0.043050	-0.043234	-0.042744	-0.042735	-0.042796
529.000000	-0.042380	-0.042652	-0.042968	-0.043179	-0.042611	-0.042739	-0.042748
530.000000	-0.042333	-0.042594	-0.042875	-0.043182	-0.042567	-0.042723	-0.042770
531.000000	-0.042261	-0.042606	-0.042837	-0.043235	-0.042631	-0.042711	-0.042840
532.000000	-0.042250	-0.042642	-0.042887	-0.043248	-0.042682	-0.042718	-0.042872
533.000000	-0.042303	-0.042659	-0.042983	-0.043194	-0.042671	-0.042728	-0.042828
534.000000	-0.042311	-0.042622	-0.042984	-0.043120	-0.042649	-0.042691	-0.042737
535.000000	-0.042231	-0.042535	-0.042850	-0.043065	-0.042641	-0.042603	-0.042637
536.000000	-0.042151	-0.042482	-0.042733	-0.043039	-0.042614	-0.042550	-0.042575
537.000000	-0.042131	-0.042509	-0.042731	-0.043034	-0.042547	-0.042570	-0.042565
538.000000	-0.042127	-0.042526	-0.042738	-0.043004	-0.042473	-0.042552	-0.042539
539.000000	-0.042090	-0.042457	-0.042663	-0.042917	-0.042422	-0.042410	-0.042443
540.000000	-0.042034	-0.042352	-0.042579	-0.042828	-0.042394	-0.042260	-0.042347
541.000000	-0.041984	-0.042277	-0.042575	-0.042795	-0.042374	-0.042232	-0.042330
542.000000	-0.041933	-0.042217	-0.042565	-0.042765	-0.042316	-0.042245	-0.042342
543.000000	-0.041864	-0.042131	-0.042420	-0.042657	-0.042176	-0.042161	-0.042295
544.000000	-0.041786	-0.042030	-0.042233	-0.042531	-0.042026	-0.042015	-0.042198
545.000000	-0.041719	-0.041952	-0.042200	-0.042511	-0.041990	-0.041933	-0.042102
546.000000	-0.041664	-0.041906	-0.042245	-0.042516	-0.041983	-0.041923	-0.041999
547.000000	-0.041602	-0.041880	-0.042091	-0.042319	-0.041772	-0.041896	-0.041828
548.000000	-0.041464	-0.041790	-0.041844	-0.042037	-0.041504	-0.041755	-0.041687
549.000000	-0.041125	-0.041482	-0.042037	-0.042172	-0.041749	-0.041397	-0.041835
550.000000	-0.040806	-0.041169	-0.042380	-0.042494	-0.042187	-0.041072	-0.042053
551.000000	-0.041298	-0.041654	-0.041218	-0.041561	-0.041043	-0.041593	-0.041333
552.000000	-0.042298	-0.042651	-0.039074	-0.039776	-0.038802	-0.042655	-0.039982
553.000000	-0.040822	-0.041161	-0.041876	-0.042141	-0.041599	-0.041209	-0.041565
554.000000	-0.036539	-0.036850	-0.050255	-0.049181	-0.050146	-0.036880	-0.046507
555.000000	-0.039749	-0.040039	-0.043601	-0.043443	-0.043360	-0.040040	-0.042592
556.000000	-0.055610	-0.055907	-0.003570	-0.009317	-0.002632	-0.055919	-0.017838
557.000000	-0.049947	-0.050255	0.051786	0.038416	0.052517	-0.050312	0.023969
558.000000	0.013504	0.013214	0.093496	0.075666	0.091813	0.013112	0.071659
559.000000	0.083567	0.083304	0.100895	0.083716	0.099205	0.083205	0.096214
560.000000	0.074599	0.074335	0.060252	0.049086	0.067546	0.074333	0.064242
561.000000	0.002923	0.002646	-0.004218	-0.007395	0.015987	0.002753	-0.002201
562.000000	-0.046308	-0.046557	-0.043448	-0.042378	-0.019161	-0.046491	-0.044188
563.000000	-0.047834	-0.048042	-0.046065	-0.045418	-0.028597	-0.048124	-0.046537
564.000000	-0.037340	-0.037604	-0.038650	-0.039233	-0.030220	-0.037695	-0.038293
565.000000	-0.036246	-0.036658	-0.037577	-0.038154	-0.035001	-0.036578	-0.037201
566.000000	-0.041813	-0.042296	-0.042269	-0.042465	-0.042324	-0.042115	-0.042116
567.000000	-0.048957	-0.049358	-0.049329	-0.049445	-0.049575	-0.049278	-0.049187
568.000000	-0.051582	-0.051894	-0.052212	-0.052401	-0.051854	-0.051942	-0.051980
569.000000	-0.046548	-0.046869	-0.047255	-0.047479	-0.046766	-0.046932	-0.046970
570.000000	-0.040045	-0.040400	-0.040708	-0.040925	-0.040376	-0.040430	-0.040430
571.000000	-0.038273	-0.038598	-0.038908	-0.039105	-0.038643	-0.038636	-0.038687
572.000000	-0.039444	-0.039711	-0.040077	-0.040266	-0.039779	-0.039789	-0.039903
573.000000	-0.039979	-0.040219	-0.040608	-0.040821	-0.040268	-0.040338	-0.040412
574.000000	-0.039589	-0.039831	-0.040200	-0.040445	-0.039842	-0.039955	-0.039954
575.000000	-0.039296	-0.039540	-0.039862	-0.040119	-0.039523	-0.039604	-0.039618
576.000000	-0.039268	-0.039518	-0.039791	-0.040033	-0.039490	-0.039487	-0.039589
577.000000	-0.039165	-0.039443	-0.039693	-0.039907	-0.039417	-0.039353	-0.039518
578.000000	-0.038987	-0.039304	-0.039564	-0.039748	-0.039277	-0.039209	-0.039389
579.000000	-0.039024	-0.039355	-0.039644	-0.039815	-0.039306	-0.039286	-0.039474
580.000000	-0.039073	-0.039386	-0.039709	-0.039886	-0.039309	-0.039355	-0.039549
581.000000	-0.038321	-0.038611	-0.038955	-0.039156	-0.038563	-0.038622	-0.038781
582.000000	-0.037253	-0.037548	-0.037873	-0.038107	-0.037581	-0.037585	-0.037665
583.000000	-0.038742	-0.039103	-0.039324	-0.039590	-0.039140	-0.039113	-0.039137
584.000000	-0.042271	-0.042714	-0.042800	-0.043084	-0.042661	-0.042673	-0.042711
585.000000	-0.037859	-0.038154	-0.038369	-0.038648	-0.038205	-0.038234	-0.038331
586.000000	-0.023329	-0.023210	-0.023894	-0.024147	-0.023651	-0.023602	-0.023764
587.000000	-0.032659	-0.032761	-0.033300	-0.033538	-0.032986	-0.032867	-0.033050
588.000000	-0.094135	-0.095634	-0.094809	-0.095072	-0.094490	-0.094425	-0.094544
589.000000	-0.151868	-0.153068	-0.152542	-0.152831	-0.152255	-0.152304	-0.152338
590.000000	-0.131073	-0.127008	-0.131740	-0.132007	-0.131472	-0.131578	-0.131594
591.000000	-0.060114	-0.050071	-0.060783	-0.061006	-0.060516	-0.060613	-0.060669
592.000000	-0.017442	-0.008319	-0.018128	-0.018348	-0.017862	-0.017930	-0.018029
593.000000	-0.018064	-0.015463	-0.018767	-0.019015	-0.018503	-0.018550	-0.018670
594.000000	-0.029231	-0.030909	-0.029931	-0.030167	-0.029643	-0.029694	-0.029819
595.000000	-0.034374	-0.035723	-0.035051	-0.035235	-0.034720	-0.034793	-0.034915
596.000000	-0.035623	-0.035720	-0.036289	-0.036449	-0.035924	-0.036003	-0.036135
597.000000	-0.035299	-0.035321	-0.035974	-0.036166	-0.035605	-0.035660	-0.035822
598.000000	-0.034590	-0.034922	-0.035272	-0.035507	-0.034935	-0.034950	-0.035149
599.000000	-0.034195	-0.034559	-0.034873	-0.035125	-0.034591	-0.034575	-0.034798
600.000000	-0.033941	-0.034225	-0.034630	-0.034878	-0.034381	-0.034384	-0.034580
601.000000	-0.033605	-0.033895	-0.034331	-0.034569	-0.034064	-0.034154	-0.034260
602.000000	-0.033187	-0.033501	-0.033919	-0.034175	-0.033632	-0.033799	-0.033839
603.000000	-0.032726	-0.032992	-0.033385	-0.033715	-0.033134	-0.033290	-0.033362
604.000000	-0.032222	-0.032467	-0.032826	-0.033216	-0.032658	-0.032733	-0.032882
605.000000	-0.031677	-0.032045	-0.032356	-0.032711	-0.032287	-0.032258	-0.032446
606.000000	-0.031185	-0.031708	-0.031994	-0.032265	-0.031959	-0.031887	-0.032072
607.000000	-0.030869	-0.031379	-0.031714	-0.031946	-0.031559	-0.031589	-0.031762
608.000000	-0.030690	-0.031054	-0.031473	-0.031718	-0.031129	-0.031326	-0.031494
609.000000	-0.030514	-0.030773	-0.031218	-0.031485	-0.030806	-0.031052	-0.031231
610.000000	-0.030273	-0.030537	-0.030932	-0.031199	-0.030606	-0.030763	-0.030950
611.000000	-0.029968	-0.030314	-0.030636	-0.030863	-0.030435	-0.030487	-0.030643
612.000000	-0.029652	-0.030098	-0.030362	-0.030537	-0.030247	-0.030254	-0.030341
613.000000	-0.029449	-0.029919	-0.030152	-0.030347	-0.030063	-0.030089	-0.030125
614.000000	-0.029397	-0.029797	-0.030022	-0.030323	-0.029902	-0.029985	-0.030019
615.000000	-0.029375	-0.029721	-0.029929	-0.030311	-0.029775	-0.029879	-0.029944
616.000000	-0.029297	-0.029679	-0.029851	-0.030205	-0.029690	-0.029745	-0.029848
617.000000	-0.029232	-0.029647	-0.029832	-0.030093	-0.029663	-0.029678	-0.029786
618.000000	-0.029248	-0.029612	-0.029901	-0.030070	-0.029697	-0.029745	-0.029806
619.000000	-0.029315	-0.029591	-0.029989	-0.030125	-0.029743	-0.029823	-0.029865
620.000000	-0.029385	-0.029606	-0.030012	-0.030217	-0.029747	-0.029774	-0.029899
621.000000	-0.029421	-0.029626	-0.029965	-0.030265	-0.029706	-0.029664	-0.029890
622.000000	-0.029402	-0.029615	-0.029875	-0.030192	-0.029642	-0.029624	-0.029839
623.000000	-0.029361	-0.029600	-0.029812	-0.030068	-0.029579	-0.029647	-0.029781
624.000000	-0.029359	-0.029644	-0.029859	-0.030037	-0.029545	-0.029658	-0.029766
625.000000	-0.029379	-0.029727	-0.029968	-0.030109	-0.029549	-0.029647	-0.029785
626.000000	-0.029349	-0.029766	-0.029991	-0.030194	-0.029585	-0.029651	-0.029784
627.000000	-0.029256	-0.029723	-0.029912	-0.030222	-0.029618	-0.029659	-0.029743
628.000000	-0.029154	-0.029610	-0.029854	-0.030150	-0.029582	-0.029613	-0.029681
629.000000	-0.029072	-0.029464	-0.029847	-0.029993	-0.029463	-0.029495	-0.029616
630.000000	-0.028998	-0.029356	-0.029765	-0.029854	-0.029331	-0.029363	-0.029555
631.000000	-0.028918	-0.029310	-0.029551	-0.029786	-0.029238	-0.029264	-0.029488
632.000000	-0.028833	-0.029241	-0.029336	-0.029717	-0.029180	-0.029214	-0.029369
633.000000	-0.028750	-0.029096	-0.029234	-0.029599	-0.029142	-0.029205	-0.029183
634.000000	-0.028686	-0.028983	-0.029226	-0.029510	-0.029099	-0.029167	-0.029035
635.000000	-0.028658	-0.029001	-0.029260	-0.029523	-0.029033	-0.029041	-0.029021
636.000000	-0.028670	-0.029046	-0.029279	-0.029560	-0.028981	-0.028898	-0.029070
637.000000	-0.028713	-0.028976	-0.029234	-0.029512	-0.028979	-0.028831	-0.029073
638.000000	-0.028724	-0.028851	-0.029142	-0.029400	-0.028957	-0.028814	-0.029018
639.000000	-0.028629	-0.028808	-0.029047	-0.029294	-0.028810	-0.028777	-0.028934
640.000000	-0.028469	-0.028805	-0.028971	-0.029236	-0.028605	-0.028701	-0.028846
641.000000	-0.028350	-0.028699	-0.028920	-0.029245	-0.028508	-0.028602	-0.028772
642.000000	-0.028295	-0.028514	-0.028875	-0.029255	-0.028517	-0.028498	-0.028694
643.000000	-0.028244	-0.028425	-0.028791	-0.029135	-0.028475	-0.028403	-0.028567
644.000000	-0.028162	-0.028459	-0.028672	-0.028889	-0.028342	-0.028319	-0.028407
645.000000	-0.028052	-0.028443	-0.028581	-0.028704	-0.028237	-0.028230	-0.028310
646.000000	-0.027936	-0.028304	-0.028550	-0.028670	-0.028225	-0.028141	-0.028311
647.000000	-0.027872	-0.028175	-0.028549	-0.028687	-0.028261	-0.028099	-0.028323
648.000000	-0.027907	-0.028168	-0.028561	-0.028685	-0.028302	-0.028140	-0.028294
649.000000	-0.028040	-0.028281	-0.028626	-0.028746	-0.028350	-0.028247	-0.028315
650.000000	-0.028242	-0.028475	-0.028758	-0.028927	-0.028405	-0.028388	-0.028456
651.000000	-0.028387	-0.028638	-0.028852	-0.029084	-0.028443	-0.028503	-0.028618
652.000000	-0.028344	-0.028650	-0.028790	-0.029055	-0.028425	-0.028525	-0.028666
653.000000	-0.028106	-0.028463	-0.028562	-0.028839	-0.028293	-0.028374	-0.028512
654.000000	-0.027716	-0.028071	-0.028201	-0.028495	-0.027992	-0.027992	-0.028102
655.000000	-0.027287	-0.027592	-0.027799	-0.028103	-0.027592	-0.027502	-0.027593
656.000000	-0.026958	-0.027207	-0.027473	-0.027744	-0.027224	-0.027115	-0.027229
657.000000	-0.026725	-0.026941	-0.027232	-0.027444	-0.026921	-0.026872	-0.027014
658.000000	-0.026480	-0.026713	-0.027012	-0.027186	-0.026647	-0.026692	-0.026772
659.000000	-0.026229	-0.026506	-0.026795	-0.026984	-0.026417	-0.026533	-0.026483
660.000000	-0.026106	-0.026375	-0.026620	-0.026884	-0.026303	-0.026398	-0.026300
661.000000	-0.026105	-0.026313	-0.026499	-0.026845	-0.026283	-0.026275	-0.026253
662.000000	-0.026004	-0.026213	-0.026403	-0.026698	-0.026191	-0.026113	-0.026182
663.000000	-0.025688	-0.026004	-0.026286	-0.026372	-0.025938	-0.025894	-0.025987
664.000000	-0.025307	-0.025708	-0.026071	-0.026033	-0.025613	-0.025659	-0.025732
665.000000	-0.025000	-0.025369	-0.025729	-0.025813	-0.025308	-0.025440	-0.025483
666.000000	-0.024777	-0.025074	-0.025389	-0.025639	-0.025054	-0.025212	-0.025232
667.000000	-0.024609	-0.024880	-0.025166	-0.025417	-0.024849	-0.024942	-0.024963
668.000000	-0.024401	-0.024680	-0.024960	-0.025130	-0.024622	-0.024631	-0.024682
669.000000	-0.024074	-0.024357	-0.024645	-0.024796	-0.024304	-0.024298	-0.024408
670.000000	-0.023759	-0.024042	-0.024332	-0.024510	-0.024004	-0.024032	-0.024191
671.000000	-0.023652	-0.023946	-0.024206	-0.024387	-0.023885	-0.023942	-0.024087
672.000000	-0.023676	-0.023992	-0.024200	-0.024383	-0.023894	-0.023958	-0.024034
673.000000	-0.023602	-0.023943	-0.024103	-0.024363	-0.023854	-0.023910	-0.023912
674.000000	-0.023413	-0.023768	-0.023906	-0.024274	-0.023711	-0.023772	-0.023730
675.000000	-0.023272	-0.023610	-0.023768	-0.024139	-0.023523	-0.023634	-0.023608
676.000000	-0.023241	-0.023538	-0.023748	-0.023992	-0.023357	-0.023537	-0.023576
677.000000	-0.023254	-0.023513	-0.023772	-0.023886	-0.023282	-0.023450	-0.023545
678.000000	-0.023265	-0.023499	-0.023784	-0.023851	-0.023326	-0.023374	-0.023488
679.000000	-0.023278	-0.023477	-0.023767	-0.023885	-0.023442	-0.023363	-0.023491
680.000000	-0.023297	-0.023447	-0.023729	-0.023969	-0.023567	-0.023441	-0.023587
681.000000	-0.023321	-0.023446	-0.023716	-0.024050	-0.023633	-0.023531	-0.023653
682.000000	-0.023353	-0.023511	-0.023767	-0.024093	-0.023602	-0.023568	-0.023605
683.000000	-0.023408	-0.023632	-0.023865	-0.024140	-0.023580	-0.023581	-0.023595
684.000000	-0.023497	-0.023783	-0.023978	-0.024232	-0.023666	-0.023617	-0.023770
685.000000	-0.023558	-0.023889	-0.024058	-0.024311	-0.023777	-0.023686	-0.023963
686.000000	-0.023525	-0.023874	-0.024058	-0.024301	-0.023789	-0.023785	-0.023939
687.000000	-0.023460	-0.023805	-0.024028	-0.024238	-0.023728	-0.023855	-0.023766
688.000000	-0.023481	-0.023810	-0.024056	-0.024206	-0.023694	-0.023823	-0.023648
689.000000	-0.023598	-0.023898	-0.024170	-0.024246	-0.023741	-0.023755	-0.023662
690.000000	-0.023745	-0.024002	-0.024353	-0.024368	-0.023886	-0.023803	-0.023794
691.000000	-0.023842	-0.024068	-0.024493	-0.024497	-0.024040	-0.023928	-0.023943
692.000000	-0.023795	-0.024065	-0.024396	-0.024487	-0.024011	-0.023906	-0.023934
693.000000	-0.023612	-0.023987	-0.024082	-0.024343	-0.023780	-0.023712	-0.023764
694.000000	-0.023439	-0.023869	-0.023877	-0.024288	-0.023570	-0.023604	-0.023674
695.000000	-0.023367	-0.023744	-0.023923	-0.024389	-0.023516	-0.023693	-0.023761
696.000000	-0.023359	-0.023649	-0.023979	-0.024379	-0.023548	-0.023775	-0.023816
697.000000	-0.023376	-0.023606	-0.023871	-0.024119	-0.023592	-0.023697	-0.023703
698.000000	-0.023401	-0.023592	-0.023759	-0.023926	-0.023616	-0.023569	-0.023593
699.000000	-0.023422	-0.023587	-0.023799	-0.024064	-0.023601	-0.023512	-0.023643
700.000000	-0.023415	-0.023604	-0.023896	-0.024266	-0.023546	-0.023509	-0.023729
701.000000	-0.023363	-0.023651	-0.023915	-0.024197	-0.023458	-0.023513	-0.023688
702.000000	-0.023285	-0.023666	-0.023856	-0.023966	-0.023380	-0.023503	-0.023574
703.000000	-0.023211	-0.023568	-0.023766	-0.023821	-0.023357	-0.023470	-0.023507
704.000000	-0.023129	-0.023397	-0.023656	-0.023793	-0.023349	-0.023400	-0.023468
705.000000	-0.023004	-0.023249	-0.023515	-0.023793	-0.023276	-0.023280	-0.023369
706.000000	-0.022818	-0.023122	-0.023343	-0.023744	-0.023119	-0.023101	-0.023177
707.000000	-0.022568	-0.022947	-0.023147	-0.023580	-0.022904	-0.022862	-0.022901
708.000000	-0.022253	-0.022669	-0.022913	-0.023285	-0.022615	-0.022568	-0.022563
709.000000	-0.021877	-0.022258	-0.022612	-0.022889	-0.022189	-0.022236	-0.022194
710.000000	-0.021442	-0.021733	-0.022226	-0.022426	-0.021653	-0.021865	-0.021803
711.000000	-0.020952	-0.021180	-0.021761	-0.021925	-0.021173	-0.021432	-0.021365
712.000000	-0.020393	-0.020643	-0.021209	-0.021394	-0.020793	-0.020910	-0.020857
713.000000	-0.019711	-0.020054	-0.020525	-0.020793	-0.020274	-0.020271	-0.020278
714.000000	-0.018899	-0.019372	-0.019727	-0.020108	-0.019474	-0.019531	-0.019646
715.000000	-0.018105	-0.018684	-0.019051	-0.019429	-0.018684	-0.018847	-0.019052
716.000000	-0.017453	-0.018058	-0.018646	-0.018820	-0.018160	-0.018331	-0.018540
717.000000	-0.016790	-0.017368	-0.018093	-0.018129	-0.017634	-0.017776	-0.017896
718.000000	-0.015931	-0.016461	-0.016925	-0.017191	-0.016758	-0.016936	-0.016893
719.000000	-0.014968	-0.015435	-0.015504	-0.016145	-0.015670	-0.015926	-0.015764
720.000000	-0.014094	-0.014475	-0.014479	-0.015246	-0.014695	-0.014998	-0.014901
721.000000	-0.013329	-0.013652	-0.013910	-0.014592	-0.013935	-0.014255	-0.014361
722.000000	-0.012586	-0.012957	-0.013501	-0.014174	-0.013354	-0.013697	-0.013989
723.000000	-0.011779	-0.012216	-0.012916	-0.013683	-0.012758	-0.013077	-0.013493
724.000000	-0.010824	-0.011127	-0.011809	-0.012581	-0.011835	-0.011961	-0.012482
725.000000	-0.009790	-0.009858	-0.010380	-0.011034	-0.010705	-0.010503	-0.011070
726.000000	-0.008923	-0.009129	-0.009467	-0.010038	-0.009991	-0.009553	-0.009961
727.000000	-0.008312	-0.009033	-0.009318	-0.009880	-0.009797	-0.009390	-0.009460
728.000000	-0.007777	-0.008573	-0.009144	-0.009594	-0.009312	-0.009288	-0.009154
729.000000	-0.007182	-0.007266	-0.008419	-0.008621	-0.008132	-0.008761	-0.008732
730.000000	-0.006564	-0.006089	-0.007484	-0.007649	-0.007022	-0.008122	-0.008285
731.000000	-0.005970	-0.005889	-0.006690	-0.007304	-0.006650	-0.007691	-0.007921
732.000000	-0.005394	-0.006326	-0.006013	-0.007377	-0.006762	-0.007409	-0.007615
