[HEADER]
Format	J&M ASCII Table
Comment	
Date	2/21/2023 5:13:54 AM
Order	Y (evenX)
TechType	UV
NumPoints	483
FirstX	250.00
LastX	732.00
XType	NMetr
YType	Absrb
ZType	Secs
NumSubFile	7
Matrix	Z vs X
[DATA]
	0.000000	5.000064	10.000128	15.000256	20.000320	25.000383	30.000511
250.000000	1.286548	1.289910	1.289348	1.286277	1.289379	1.283808	1.287025
251.000000	1.269689	1.271458	1.270476	1.269691	1.271888	1.267031	1.270573
252.000000	1.252554	1.247819	1.250379	1.252381	1.251345	1.249190	1.249054
253.000000	1.236132	1.227261	1.232306	1.236163	1.232268	1.232319	1.229799
254.000000	1.221331	1.215858	1.218751	1.222349	1.218194	1.218071	1.218217
255.000000	1.208370	1.208062	1.208161	1.209697	1.207018	1.205848	1.209420
256.000000	1.197379	1.197468	1.198438	1.196952	1.196109	1.194812	1.197790
257.000000	1.188861	1.186793	1.189332	1.185817	1.186644	1.185526	1.185956
258.000000	1.183285	1.181083	1.181243	1.178616	1.180692	1.178868	1.178704
259.000000	1.179757	1.178634	1.174780	1.174326	1.176808	1.174317	1.175171
260.000000	1.176684	1.174522	1.170541	1.170310	1.171948	1.170639	1.171703
261.000000	1.172668	1.167971	1.167412	1.165716	1.166444	1.166764	1.166641
262.000000	1.166521	1.161388	1.163023	1.161080	1.163132	1.161792	1.159929
263.000000	1.158834	1.156036	1.157030	1.156744	1.161464	1.155898	1.152816
264.000000	1.152198	1.151762	1.151423	1.152782	1.156993	1.150462	1.147963
265.000000	1.147043	1.147533	1.146609	1.148293	1.147868	1.145421	1.145327
266.000000	1.139962	1.140956	1.140103	1.140762	1.137000	1.138166	1.140157
267.000000	1.128976	1.130675	1.130385	1.129047	1.126603	1.127294	1.129583
268.000000	1.116724	1.118318	1.119123	1.115926	1.115929	1.115133	1.116722
269.000000	1.105428	1.105437	1.107545	1.103738	1.103825	1.103600	1.104424
270.000000	1.092779	1.091388	1.093156	1.090616	1.089369	1.090641	1.090748
271.000000	1.075951	1.075158	1.073421	1.074143	1.071938	1.073805	1.073182
272.000000	1.055905	1.056801	1.051357	1.054976	1.052409	1.054301	1.053098
273.000000	1.034875	1.036705	1.031528	1.034746	1.032103	1.034438	1.033051
274.000000	1.013163	1.014477	1.012531	1.013026	1.011045	1.013444	1.012444
275.000000	0.989976	0.989361	0.989734	0.988320	0.988518	0.988912	0.988973
276.000000	0.964953	0.962325	0.962846	0.961509	0.964107	0.961300	0.962603
277.000000	0.938147	0.935786	0.935310	0.935480	0.937692	0.933524	0.935261
278.000000	0.910593	0.910600	0.908945	0.910848	0.910059	0.907132	0.908287
279.000000	0.884541	0.885585	0.883345	0.885269	0.883130	0.881828	0.882193
280.000000	0.860390	0.859756	0.857789	0.857648	0.857622	0.856841	0.856806
281.000000	0.834901	0.832751	0.831220	0.829624	0.831837	0.830733	0.830764
282.000000	0.806158	0.804669	0.803281	0.802563	0.804626	0.802883	0.803299
283.000000	0.777218	0.776722	0.775723	0.776193	0.777193	0.775241	0.775738
284.000000	0.751069	0.750015	0.750070	0.750030	0.750810	0.749563	0.749391
285.000000	0.726412	0.724286	0.725155	0.723953	0.725188	0.724696	0.723846
286.000000	0.701100	0.699010	0.699406	0.698034	0.699731	0.699016	0.698356
287.000000	0.675422	0.674498	0.673666	0.672993	0.674729	0.673289	0.673199
288.000000	0.650660	0.651340	0.649672	0.649722	0.650803	0.649168	0.649066
289.000000	0.627419	0.629184	0.627497	0.627875	0.627934	0.626671	0.626256
290.000000	0.605846	0.607127	0.606172	0.606362	0.605719	0.604808	0.604804
291.000000	0.585672	0.585395	0.585403	0.585176	0.584308	0.583566	0.584414
292.000000	0.566245	0.565278	0.565549	0.565331	0.564365	0.563859	0.564492
293.000000	0.547271	0.547074	0.546676	0.546964	0.545952	0.545721	0.544924
294.000000	0.528976	0.529632	0.528410	0.528930	0.528259	0.527910	0.526279
295.000000	0.511582	0.512253	0.510630	0.510756	0.510864	0.509907	0.508926
296.000000	0.495220	0.495406	0.493818	0.493580	0.494291	0.492910	0.492709
297.000000	0.479919	0.479550	0.478326	0.478248	0.478942	0.477807	0.477415
298.000000	0.465424	0.464652	0.463840	0.464030	0.464441	0.463818	0.462864
299.000000	0.451473	0.450580	0.449981	0.450068	0.450341	0.450033	0.448904
300.000000	0.438060	0.437198	0.436672	0.436410	0.436611	0.436540	0.435501
301.000000	0.425239	0.424374	0.423918	0.423354	0.423359	0.423675	0.422652
302.000000	0.412925	0.412028	0.411602	0.410956	0.410797	0.411326	0.410346
303.000000	0.400981	0.400115	0.399570	0.399160	0.399152	0.399194	0.398564
304.000000	0.389427	0.388732	0.387941	0.387924	0.388236	0.387382	0.387238
305.000000	0.378390	0.378058	0.377012	0.377209	0.377580	0.376260	0.376266
306.000000	0.367891	0.367906	0.366779	0.366909	0.367005	0.365915	0.365626
307.000000	0.357842	0.357713	0.356924	0.356846	0.356640	0.356133	0.355371
308.000000	0.348179	0.347445	0.347291	0.346987	0.346696	0.346697	0.345631
309.000000	0.338886	0.337896	0.337993	0.337522	0.337492	0.337406	0.336636
310.000000	0.329963	0.329456	0.329104	0.328586	0.329082	0.328207	0.328355
311.000000	0.321427	0.321440	0.320571	0.320152	0.320896	0.319392	0.320143
312.000000	0.313265	0.313238	0.312321	0.312114	0.312483	0.311184	0.311544
313.000000	0.305329	0.305034	0.304288	0.304188	0.304104	0.303419	0.303055
314.000000	0.297488	0.297128	0.296429	0.296144	0.296125	0.295869	0.295241
315.000000	0.289829	0.289517	0.288851	0.288275	0.288616	0.288443	0.287895
316.000000	0.282483	0.282098	0.281677	0.280983	0.281526	0.281094	0.280587
317.000000	0.275279	0.274818	0.274728	0.274069	0.274564	0.273787	0.273198
318.000000	0.267921	0.267645	0.267693	0.267062	0.267354	0.266503	0.265783
319.000000	0.260518	0.260557	0.260523	0.259917	0.259986	0.259368	0.258572
320.000000	0.253476	0.253537	0.253371	0.252908	0.252900	0.252607	0.251917
321.000000	0.246909	0.246624	0.246422	0.246160	0.246292	0.246139	0.245721
322.000000	0.240593	0.239918	0.239884	0.239621	0.240080	0.239550	0.239392
323.000000	0.234357	0.233464	0.233730	0.233238	0.234040	0.232759	0.232712
324.000000	0.228141	0.227210	0.227539	0.226968	0.227740	0.226268	0.226117
325.000000	0.221918	0.221108	0.221095	0.220758	0.221033	0.220324	0.219895
326.000000	0.215726	0.215130	0.214766	0.214523	0.214525	0.214407	0.213808
327.000000	0.209612	0.209243	0.208859	0.208256	0.208705	0.208112	0.207641
328.000000	0.203617	0.203371	0.203116	0.202251	0.203205	0.201909	0.201552
329.000000	0.197787	0.197472	0.197242	0.196797	0.197555	0.196337	0.195768
330.000000	0.192199	0.191737	0.191484	0.191723	0.191872	0.191160	0.190398
331.000000	0.186922	0.186404	0.186230	0.186701	0.186449	0.185902	0.185470
332.000000	0.181835	0.181340	0.181302	0.181496	0.181195	0.180504	0.180625
333.000000	0.176728	0.176227	0.176239	0.175952	0.175837	0.175132	0.175339
334.000000	0.171635	0.171074	0.171020	0.170351	0.170494	0.169948	0.169782
335.000000	0.166787	0.166151	0.165973	0.165319	0.165587	0.165106	0.164676
336.000000	0.162251	0.161590	0.161259	0.160953	0.161162	0.160599	0.160199
337.000000	0.157894	0.157360	0.156820	0.156719	0.156801	0.156227	0.155870
338.000000	0.153595	0.153318	0.152541	0.152335	0.152329	0.151846	0.151458
339.000000	0.149265	0.149160	0.148229	0.148024	0.148035	0.147415	0.147245
340.000000	0.144904	0.144725	0.143821	0.143943	0.144079	0.142990	0.143375
341.000000	0.140721	0.140279	0.139615	0.139947	0.140168	0.138842	0.139504
342.000000	0.136889	0.136121	0.135854	0.135904	0.136051	0.135163	0.135353
343.000000	0.133280	0.132408	0.132321	0.131942	0.131957	0.131684	0.131217
344.000000	0.129709	0.129185	0.128731	0.128222	0.128181	0.128083	0.127459
345.000000	0.126090	0.126020	0.125074	0.124707	0.124692	0.124440	0.123932
346.000000	0.122401	0.122376	0.121448	0.121295	0.121342	0.120962	0.120340
347.000000	0.118828	0.118495	0.117964	0.117952	0.118091	0.117607	0.116801
348.000000	0.115658	0.115036	0.114729	0.114688	0.114958	0.114199	0.113649
349.000000	0.112762	0.112060	0.111681	0.111486	0.111859	0.110791	0.110762
350.000000	0.109672	0.109119	0.108619	0.108314	0.108633	0.107626	0.107631
351.000000	0.106325	0.106039	0.105501	0.105199	0.105370	0.104739	0.104201
352.000000	0.103178	0.103002	0.102490	0.102245	0.102471	0.101896	0.100983
353.000000	0.100437	0.100090	0.099653	0.099464	0.100014	0.098960	0.098227
354.000000	0.097785	0.097169	0.096854	0.096687	0.097441	0.096008	0.095631
355.000000	0.095005	0.094191	0.094026	0.093831	0.094399	0.093142	0.092971
356.000000	0.092310	0.091430	0.091350	0.091112	0.091279	0.090473	0.090392
357.000000	0.089893	0.089084	0.088973	0.088688	0.088495	0.088058	0.088017
358.000000	0.087569	0.086807	0.086709	0.086287	0.086023	0.085723	0.085601
359.000000	0.085085	0.084197	0.084308	0.083590	0.083714	0.083253	0.082871
360.000000	0.082389	0.081394	0.081652	0.080737	0.081336	0.080588	0.079995
361.000000	0.079520	0.078732	0.078704	0.078031	0.078660	0.077746	0.077290
362.000000	0.076643	0.076231	0.075709	0.075534	0.075830	0.074918	0.074771
363.000000	0.073981	0.073732	0.073065	0.073161	0.073196	0.072380	0.072281
364.000000	0.071575	0.071199	0.070767	0.070750	0.070808	0.070061	0.069762
365.000000	0.069294	0.068706	0.068461	0.068078	0.068456	0.067581	0.067254
366.000000	0.066956	0.066212	0.065929	0.065199	0.065985	0.064845	0.064719
367.000000	0.064318	0.063526	0.063147	0.062522	0.063325	0.062130	0.062022
368.000000	0.061337	0.060620	0.060214	0.060178	0.060490	0.059576	0.059152
369.000000	0.058352	0.057795	0.057444	0.057730	0.057637	0.057009	0.056354
370.000000	0.055583	0.055227	0.054979	0.054858	0.054865	0.054288	0.053780
371.000000	0.052781	0.052629	0.052412	0.051766	0.052051	0.051467	0.051242
372.000000	0.049731	0.049745	0.049401	0.048726	0.049100	0.048637	0.048549
373.000000	0.046741	0.046819	0.046321	0.045909	0.046219	0.045908	0.045783
374.000000	0.044174	0.044165	0.043647	0.043410	0.043640	0.043364	0.043070
375.000000	0.041795	0.041621	0.041207	0.040996	0.041204	0.040863	0.040343
376.000000	0.039159	0.038865	0.038589	0.038333	0.038612	0.038189	0.037475
377.000000	0.036274	0.035955	0.035751	0.035486	0.035819	0.035328	0.034580
378.000000	0.033424	0.033177	0.032883	0.032757	0.032942	0.032395	0.031913
379.000000	0.030757	0.030629	0.030184	0.030220	0.030143	0.029583	0.029513
380.000000	0.028295	0.028236	0.027856	0.027742	0.027619	0.027150	0.027227
381.000000	0.025933	0.025848	0.025761	0.025235	0.025327	0.025002	0.024896
382.000000	0.023405	0.023228	0.023316	0.022673	0.022907	0.022585	0.022360
383.000000	0.020669	0.020391	0.020358	0.020103	0.020249	0.019718	0.019653
384.000000	0.018142	0.017848	0.017605	0.017695	0.017772	0.017006	0.017176
385.000000	0.016094	0.015911	0.015554	0.015543	0.015748	0.014904	0.015164
386.000000	0.014217	0.014140	0.013767	0.013479	0.013847	0.013165	0.013253
387.000000	0.012173	0.012074	0.011750	0.011339	0.011728	0.011441	0.011078
388.000000	0.009960	0.009758	0.009520	0.009191	0.009502	0.009497	0.008778
389.000000	0.007686	0.007395	0.007247	0.007149	0.007388	0.007201	0.006617
390.000000	0.005574	0.005267	0.005143	0.005218	0.005471	0.004901	0.004720
391.000000	0.003862	0.003646	0.003407	0.003357	0.003770	0.003094	0.003135
392.000000	0.002405	0.002309	0.001882	0.001575	0.002178	0.001668	0.001667
393.000000	0.000831	0.000745	0.000207	-0.000091	0.000517	0.000147	-0.000014
394.000000	-0.000932	-0.001104	-0.001633	-0.001671	-0.001232	-0.001579	-0.001887
395.000000	-0.002673	-0.002878	-0.003327	-0.003256	-0.002939	-0.003277	-0.003614
396.000000	-0.004269	-0.004402	-0.004765	-0.004831	-0.004528	-0.004807	-0.005058
397.000000	-0.005723	-0.005776	-0.006119	-0.006243	-0.006000	-0.006173	-0.006376
398.000000	-0.007078	-0.007112	-0.007505	-0.007472	-0.007361	-0.007439	-0.007705
399.000000	-0.008437	-0.008509	-0.008900	-0.008770	-0.008617	-0.008770	-0.009104
400.000000	-0.009875	-0.010020	-0.010272	-0.010303	-0.009813	-0.010277	-0.010591
401.000000	-0.011365	-0.011559	-0.011631	-0.011883	-0.011110	-0.011879	-0.012080
402.000000	-0.012857	-0.013031	-0.012994	-0.013307	-0.012627	-0.013460	-0.013489
403.000000	-0.014282	-0.014413	-0.014393	-0.014611	-0.014194	-0.014916	-0.014849
404.000000	-0.015581	-0.015708	-0.015847	-0.015891	-0.015591	-0.016176	-0.016214
405.000000	-0.016807	-0.016972	-0.017265	-0.017163	-0.016823	-0.017357	-0.017570
406.000000	-0.018047	-0.018273	-0.018522	-0.018415	-0.017992	-0.018636	-0.018880
407.000000	-0.019312	-0.019594	-0.019637	-0.019664	-0.019189	-0.019966	-0.020172
408.000000	-0.020564	-0.020862	-0.020714	-0.020943	-0.020492	-0.021168	-0.021510
409.000000	-0.021797	-0.022044	-0.021850	-0.022237	-0.021841	-0.022217	-0.022839
410.000000	-0.023034	-0.023139	-0.023123	-0.023481	-0.023053	-0.023238	-0.024000
411.000000	-0.024267	-0.024201	-0.024483	-0.024633	-0.024099	-0.024312	-0.024963
412.000000	-0.025444	-0.025350	-0.025715	-0.025685	-0.025164	-0.025448	-0.025886
413.000000	-0.026541	-0.026591	-0.026736	-0.026670	-0.026337	-0.026633	-0.026872
414.000000	-0.027591	-0.027687	-0.027751	-0.027700	-0.027494	-0.027811	-0.027903
415.000000	-0.028624	-0.028512	-0.028881	-0.028839	-0.028526	-0.028933	-0.028950
416.000000	-0.029641	-0.029346	-0.029894	-0.029983	-0.029448	-0.029986	-0.029986
417.000000	-0.030624	-0.030432	-0.030592	-0.031016	-0.030300	-0.030955	-0.030981
418.000000	-0.031497	-0.031517	-0.031222	-0.031909	-0.031117	-0.031785	-0.031866
419.000000	-0.032201	-0.032283	-0.032100	-0.032669	-0.031938	-0.032444	-0.032591
420.000000	-0.032892	-0.032913	-0.033160	-0.033414	-0.032809	-0.033110	-0.033290
421.000000	-0.033788	-0.033768	-0.034180	-0.034284	-0.033768	-0.034025	-0.034158
422.000000	-0.034777	-0.034784	-0.035047	-0.035185	-0.034713	-0.035090	-0.035127
423.000000	-0.035553	-0.035645	-0.035718	-0.035891	-0.035469	-0.036001	-0.035977
424.000000	-0.036105	-0.036298	-0.036288	-0.036430	-0.036052	-0.036691	-0.036668
425.000000	-0.036693	-0.036936	-0.036967	-0.037070	-0.036655	-0.037304	-0.037323
426.000000	-0.037424	-0.037657	-0.037788	-0.037861	-0.037365	-0.037938	-0.037994
427.000000	-0.038195	-0.038415	-0.038542	-0.038561	-0.038121	-0.038621	-0.038636
428.000000	-0.038939	-0.039161	-0.039138	-0.039081	-0.038865	-0.039346	-0.039240
429.000000	-0.039686	-0.039847	-0.039745	-0.039682	-0.039575	-0.040059	-0.039886
430.000000	-0.040463	-0.040470	-0.040489	-0.040532	-0.040251	-0.040725	-0.040628
431.000000	-0.041242	-0.041144	-0.041275	-0.041437	-0.040948	-0.041377	-0.041406
432.000000	-0.041985	-0.041959	-0.041998	-0.042188	-0.041705	-0.042052	-0.042157
433.000000	-0.042650	-0.042781	-0.042670	-0.042833	-0.042447	-0.042755	-0.042881
434.000000	-0.043211	-0.043447	-0.043333	-0.043472	-0.043084	-0.043478	-0.043587
435.000000	-0.043751	-0.043987	-0.043981	-0.044107	-0.043644	-0.044181	-0.044237
436.000000	-0.044383	-0.044510	-0.044594	-0.044699	-0.044195	-0.044816	-0.044782
437.000000	-0.045073	-0.045082	-0.045173	-0.045247	-0.044747	-0.045385	-0.045276
438.000000	-0.045698	-0.045742	-0.045735	-0.045773	-0.045280	-0.045927	-0.045833
439.000000	-0.046248	-0.046442	-0.046315	-0.046323	-0.045834	-0.046489	-0.046459
440.000000	-0.046811	-0.047063	-0.046959	-0.046959	-0.046500	-0.047124	-0.047067
441.000000	-0.047428	-0.047580	-0.047654	-0.047660	-0.047255	-0.047810	-0.047627
442.000000	-0.048070	-0.048096	-0.048305	-0.048298	-0.047923	-0.048428	-0.048185
443.000000	-0.048703	-0.048660	-0.048850	-0.048817	-0.048429	-0.048926	-0.048765
444.000000	-0.049285	-0.049202	-0.049294	-0.049306	-0.048914	-0.049380	-0.049339
445.000000	-0.049788	-0.049677	-0.049673	-0.049835	-0.049478	-0.049853	-0.049889
446.000000	-0.050223	-0.050143	-0.050092	-0.050374	-0.050039	-0.050324	-0.050426
447.000000	-0.050616	-0.050656	-0.050634	-0.050889	-0.050515	-0.050773	-0.050961
448.000000	-0.051042	-0.051188	-0.051230	-0.051394	-0.050966	-0.051242	-0.051474
449.000000	-0.051560	-0.051692	-0.051776	-0.051905	-0.051465	-0.051769	-0.051937
450.000000	-0.052066	-0.052128	-0.052228	-0.052358	-0.051928	-0.052254	-0.052336
451.000000	-0.052412	-0.052471	-0.052572	-0.052673	-0.052229	-0.052559	-0.052672
452.000000	-0.052696	-0.052806	-0.052871	-0.052939	-0.052467	-0.052794	-0.053012
453.000000	-0.053148	-0.053274	-0.053228	-0.053340	-0.052865	-0.053196	-0.053460
454.000000	-0.053729	-0.053806	-0.053659	-0.053851	-0.053396	-0.053731	-0.053976
455.000000	-0.054172	-0.054155	-0.054101	-0.054274	-0.053819	-0.054128	-0.054403
456.000000	-0.054413	-0.054320	-0.054508	-0.054562	-0.054088	-0.054344	-0.054701
457.000000	-0.054654	-0.054612	-0.054867	-0.054870	-0.054407	-0.054624	-0.054980
458.000000	-0.055008	-0.055146	-0.055187	-0.055274	-0.054863	-0.055090	-0.055310
459.000000	-0.055394	-0.055644	-0.055514	-0.055694	-0.055295	-0.055608	-0.055663
460.000000	-0.055732	-0.055904	-0.055862	-0.056042	-0.055586	-0.056035	-0.055999
461.000000	-0.055995	-0.056045	-0.056142	-0.056266	-0.055798	-0.056290	-0.056265
462.000000	-0.056182	-0.056211	-0.056294	-0.056356	-0.056010	-0.056357	-0.056438
463.000000	-0.056372	-0.056440	-0.056446	-0.056472	-0.056245	-0.056448	-0.056616
464.000000	-0.056646	-0.056734	-0.056749	-0.056779	-0.056513	-0.056777	-0.056910
465.000000	-0.057003	-0.057082	-0.057179	-0.057211	-0.056822	-0.057223	-0.057294
466.000000	-0.057404	-0.057461	-0.057641	-0.057622	-0.057173	-0.057555	-0.057696
467.000000	-0.057800	-0.057822	-0.058068	-0.057956	-0.057512	-0.057793	-0.058086
468.000000	-0.058135	-0.058101	-0.058403	-0.058218	-0.057761	-0.058085	-0.058461
469.000000	-0.058413	-0.058344	-0.058657	-0.058456	-0.057974	-0.058463	-0.058798
470.000000	-0.058685	-0.058677	-0.058890	-0.058757	-0.058317	-0.058856	-0.059067
471.000000	-0.058963	-0.059077	-0.059121	-0.059110	-0.058768	-0.059201	-0.059260
472.000000	-0.059212	-0.059347	-0.059322	-0.059381	-0.059086	-0.059454	-0.059407
473.000000	-0.059425	-0.059432	-0.059498	-0.059536	-0.059195	-0.059619	-0.059554
474.000000	-0.059649	-0.059542	-0.059727	-0.059723	-0.059325	-0.059790	-0.059777
475.000000	-0.059906	-0.059814	-0.060039	-0.060025	-0.059629	-0.060026	-0.060104
476.000000	-0.060136	-0.060137	-0.060330	-0.060330	-0.059968	-0.060281	-0.060427
477.000000	-0.060300	-0.060396	-0.060518	-0.060540	-0.060209	-0.060514	-0.060659
478.000000	-0.060503	-0.060627	-0.060699	-0.060744	-0.060414	-0.060764	-0.060866
479.000000	-0.060844	-0.060882	-0.060981	-0.061044	-0.060669	-0.061072	-0.061127
480.000000	-0.061217	-0.061127	-0.061295	-0.061351	-0.060920	-0.061373	-0.061398
481.000000	-0.061454	-0.061300	-0.061522	-0.061525	-0.061075	-0.061568	-0.061595
482.000000	-0.061524	-0.061388	-0.061632	-0.061576	-0.061140	-0.061644	-0.061687
483.000000	-0.061470	-0.061406	-0.061651	-0.061591	-0.061173	-0.061637	-0.061676
484.000000	-0.061386	-0.061411	-0.061641	-0.061632	-0.061203	-0.061616	-0.061631
485.000000	-0.061400	-0.061489	-0.061692	-0.061734	-0.061242	-0.061680	-0.061669
486.000000	-0.061542	-0.061654	-0.061818	-0.061895	-0.061325	-0.061851	-0.061814
487.000000	-0.061737	-0.061837	-0.061947	-0.062072	-0.061514	-0.062062	-0.061981
488.000000	-0.061942	-0.062008	-0.062068	-0.062245	-0.061799	-0.062264	-0.062141
489.000000	-0.062189	-0.062200	-0.062273	-0.062432	-0.062048	-0.062450	-0.062358
490.000000	-0.062471	-0.062428	-0.062580	-0.062640	-0.062185	-0.062614	-0.062646
491.000000	-0.062682	-0.062641	-0.062809	-0.062832	-0.062299	-0.062745	-0.062874
492.000000	-0.062753	-0.062796	-0.062834	-0.062978	-0.062466	-0.062849	-0.062950
493.000000	-0.062802	-0.062907	-0.062809	-0.063077	-0.062631	-0.062983	-0.062992
494.000000	-0.062949	-0.063001	-0.062909	-0.063139	-0.062726	-0.063187	-0.063128
495.000000	-0.063084	-0.063078	-0.063078	-0.063171	-0.062774	-0.063334	-0.063278
496.000000	-0.063049	-0.063133	-0.063194	-0.063186	-0.062821	-0.063274	-0.063313
497.000000	-0.062963	-0.063186	-0.063253	-0.063222	-0.062873	-0.063143	-0.063308
498.000000	-0.063062	-0.063266	-0.063309	-0.063327	-0.062914	-0.063198	-0.063424
499.000000	-0.063297	-0.063371	-0.063390	-0.063476	-0.062967	-0.063436	-0.063608
500.000000	-0.063422	-0.063479	-0.063511	-0.063594	-0.063081	-0.063660	-0.063662
501.000000	-0.063379	-0.063557	-0.063632	-0.063641	-0.063222	-0.063759	-0.063570
502.000000	-0.063309	-0.063570	-0.063667	-0.063615	-0.063269	-0.063714	-0.063513
503.000000	-0.063308	-0.063527	-0.063610	-0.063556	-0.063211	-0.063587	-0.063578
504.000000	-0.063381	-0.063511	-0.063587	-0.063554	-0.063204	-0.063555	-0.063701
505.000000	-0.063510	-0.063562	-0.063660	-0.063649	-0.063326	-0.063691	-0.063813
506.000000	-0.063635	-0.063612	-0.063740	-0.063740	-0.063453	-0.063812	-0.063863
507.000000	-0.063700	-0.063608	-0.063749	-0.063756	-0.063473	-0.063783	-0.063834
508.000000	-0.063686	-0.063594	-0.063735	-0.063767	-0.063407	-0.063719	-0.063805
509.000000	-0.063601	-0.063621	-0.063755	-0.063845	-0.063307	-0.063752	-0.063853
510.000000	-0.063546	-0.063688	-0.063799	-0.063923	-0.063254	-0.063831	-0.063921
511.000000	-0.063626	-0.063769	-0.063836	-0.063906	-0.063317	-0.063859	-0.063926
512.000000	-0.063740	-0.063801	-0.063816	-0.063818	-0.063416	-0.063824	-0.063875
513.000000	-0.063708	-0.063712	-0.063694	-0.063736	-0.063414	-0.063753	-0.063816
514.000000	-0.063571	-0.063575	-0.063559	-0.063702	-0.063329	-0.063695	-0.063785
515.000000	-0.063516	-0.063551	-0.063578	-0.063727	-0.063279	-0.063708	-0.063809
516.000000	-0.063557	-0.063639	-0.063716	-0.063786	-0.063287	-0.063766	-0.063865
517.000000	-0.063549	-0.063680	-0.063745	-0.063809	-0.063288	-0.063760	-0.063891
518.000000	-0.063459	-0.063627	-0.063615	-0.063769	-0.063258	-0.063664	-0.063858
519.000000	-0.063416	-0.063585	-0.063539	-0.063695	-0.063241	-0.063571	-0.063791
520.000000	-0.063494	-0.063626	-0.063632	-0.063635	-0.063268	-0.063553	-0.063735
521.000000	-0.063625	-0.063713	-0.063778	-0.063668	-0.063345	-0.063623	-0.063758
522.000000	-0.063732	-0.063797	-0.063865	-0.063817	-0.063452	-0.063757	-0.063886
523.000000	-0.063762	-0.063808	-0.063868	-0.063926	-0.063507	-0.063850	-0.063999
524.000000	-0.063692	-0.063710	-0.063799	-0.063864	-0.063449	-0.063818	-0.063988
525.000000	-0.063614	-0.063625	-0.063741	-0.063762	-0.063378	-0.063736	-0.063913
526.000000	-0.063632	-0.063686	-0.063782	-0.063788	-0.063415	-0.063713	-0.063869
527.000000	-0.063697	-0.063812	-0.063864	-0.063878	-0.063513	-0.063757	-0.063871
528.000000	-0.063705	-0.063843	-0.063882	-0.063885	-0.063562	-0.063836	-0.063904
529.000000	-0.063689	-0.063799	-0.063857	-0.063835	-0.063550	-0.063903	-0.063949
530.000000	-0.063755	-0.063799	-0.063879	-0.063853	-0.063523	-0.063902	-0.063989
531.000000	-0.063885	-0.063867	-0.063954	-0.063950	-0.063521	-0.063867	-0.064033
532.000000	-0.063954	-0.063940	-0.064012	-0.064037	-0.063580	-0.063900	-0.064116
533.000000	-0.063928	-0.063980	-0.064012	-0.064070	-0.063672	-0.064006	-0.064214
534.000000	-0.063890	-0.063989	-0.063955	-0.064065	-0.063690	-0.064057	-0.064233
535.000000	-0.063886	-0.063969	-0.063864	-0.064033	-0.063593	-0.064001	-0.064141
536.000000	-0.063887	-0.063918	-0.063807	-0.063967	-0.063473	-0.063934	-0.064031
537.000000	-0.063865	-0.063849	-0.063820	-0.063882	-0.063409	-0.063922	-0.063979
538.000000	-0.063805	-0.063805	-0.063843	-0.063868	-0.063400	-0.063919	-0.063982
539.000000	-0.063715	-0.063802	-0.063825	-0.063964	-0.063425	-0.063879	-0.064003
540.000000	-0.063666	-0.063728	-0.063813	-0.063962	-0.063435	-0.063833	-0.063928
541.000000	-0.063724	-0.063521	-0.063864	-0.063714	-0.063400	-0.063820	-0.063704
542.000000	-0.063822	-0.063610	-0.063936	-0.063765	-0.063440	-0.063819	-0.063780
543.000000	-0.063841	-0.064405	-0.063949	-0.064677	-0.063668	-0.063789	-0.064584
544.000000	-0.063666	-0.064385	-0.063812	-0.064691	-0.063587	-0.063724	-0.064578
545.000000	-0.063220	-0.061411	-0.063457	-0.061280	-0.062514	-0.063637	-0.061587
546.000000	-0.063064	-0.060080	-0.063298	-0.059700	-0.062046	-0.063566	-0.060228
547.000000	-0.064180	-0.069562	-0.064062	-0.070496	-0.065324	-0.063560	-0.069732
548.000000	-0.065062	-0.077533	-0.064642	-0.079610	-0.068005	-0.063527	-0.077710
549.000000	-0.061470	-0.047906	-0.061933	-0.045779	-0.057474	-0.063220	-0.047878
550.000000	-0.054110	0.014970	-0.058449	0.026067	-0.035423	-0.062869	0.015184
551.000000	-0.051908	0.039443	-0.065906	0.054102	-0.027339	-0.063481	0.038890
552.000000	-0.058463	-0.009240	-0.080664	-0.001471	-0.045043	-0.064727	-0.011110
553.000000	-0.063083	-0.064603	-0.060996	-0.065093	-0.063104	-0.062960	-0.064641
554.000000	-0.057848	-0.069819	0.013102	-0.071973	-0.060677	-0.056440	-0.063132
555.000000	-0.051726	-0.052681	0.066526	-0.052953	-0.051664	-0.051754	-0.041125
556.000000	-0.054598	-0.051348	0.027363	-0.050797	-0.053384	-0.055201	-0.043241
557.000000	-0.061700	-0.061198	-0.049998	-0.061012	-0.061185	-0.061963	-0.060013
558.000000	-0.064539	-0.065535	-0.080699	-0.065682	-0.064492	-0.064547	-0.067170
559.000000	-0.063310	-0.063590	-0.068636	-0.063768	-0.063175	-0.063309	-0.064240
560.000000	-0.062181	-0.061937	-0.058119	-0.062022	-0.061906	-0.062195	-0.061681
561.000000	-0.062363	-0.062328	-0.060484	-0.062328	-0.062055	-0.062361	-0.062248
562.000000	-0.062981	-0.063136	-0.064113	-0.063148	-0.062658	-0.062997	-0.063313
563.000000	-0.063164	-0.063227	-0.063948	-0.063338	-0.062809	-0.063231	-0.063370
564.000000	-0.062134	-0.062068	-0.061970	-0.062266	-0.061744	-0.062211	-0.062176
565.000000	-0.061042	-0.060957	-0.060867	-0.061176	-0.060641	-0.061077	-0.061148
566.000000	-0.063773	-0.063753	-0.063883	-0.063942	-0.063423	-0.063783	-0.063975
567.000000	-0.070614	-0.070695	-0.070795	-0.070827	-0.070369	-0.070655	-0.070812
568.000000	-0.074021	-0.074157	-0.074151	-0.074241	-0.073826	-0.074100	-0.074183
569.000000	-0.069182	-0.069283	-0.069274	-0.069353	-0.068921	-0.069267	-0.069342
570.000000	-0.062516	-0.062547	-0.062600	-0.062647	-0.062180	-0.062591	-0.062684
571.000000	-0.060698	-0.060688	-0.060799	-0.060857	-0.060382	-0.060770	-0.060858
572.000000	-0.061931	-0.061925	-0.062056	-0.062136	-0.061671	-0.061991	-0.062078
573.000000	-0.062507	-0.062546	-0.062638	-0.062711	-0.062246	-0.062526	-0.062656
574.000000	-0.062129	-0.062203	-0.062240	-0.062299	-0.061828	-0.062113	-0.062289
575.000000	-0.061859	-0.061895	-0.061919	-0.062007	-0.061538	-0.061862	-0.062014
576.000000	-0.061865	-0.061834	-0.061875	-0.062008	-0.061560	-0.061928	-0.062004
577.000000	-0.061790	-0.061759	-0.061795	-0.061924	-0.061525	-0.061897	-0.061915
578.000000	-0.061634	-0.061669	-0.061675	-0.061748	-0.061405	-0.061741	-0.061748
579.000000	-0.061701	-0.061783	-0.061770	-0.061782	-0.061465	-0.061767	-0.061798
580.000000	-0.061794	-0.061870	-0.061871	-0.061844	-0.061512	-0.061801	-0.061880
581.000000	-0.061090	-0.061147	-0.061186	-0.061138	-0.060782	-0.061072	-0.061212
582.000000	-0.060068	-0.060124	-0.060202	-0.060153	-0.059784	-0.060081	-0.060276
583.000000	-0.061599	-0.061686	-0.061750	-0.061741	-0.061355	-0.061658	-0.061871
584.000000	-0.065160	-0.065295	-0.065286	-0.065349	-0.064933	-0.065250	-0.065427
585.000000	-0.060736	-0.060863	-0.060846	-0.060937	-0.060479	-0.060855	-0.060983
586.000000	-0.046162	-0.046189	-0.046297	-0.046324	-0.045834	-0.046315	-0.046412
587.000000	-0.055586	-0.055569	-0.055717	-0.055703	-0.055261	-0.055719	-0.055805
588.000000	-0.117388	-0.117510	-0.117439	-0.117505	-0.117226	-0.117424	-0.117503
589.000000	-0.175094	-0.175277	-0.175254	-0.175273	-0.175001	-0.175220	-0.175267
590.000000	-0.153359	-0.153224	-0.154054	-0.153648	-0.152958	-0.153995	-0.153965
591.000000	-0.082425	-0.082180	-0.083087	-0.082691	-0.081930	-0.083007	-0.083021
592.000000	-0.043606	-0.044345	-0.042324	-0.043506	-0.044109	-0.042249	-0.042634
593.000000	-0.050379	-0.051581	-0.048348	-0.050163	-0.051341	-0.048287	-0.048751
594.000000	-0.065139	-0.063057	-0.069477	-0.066154	-0.062786	-0.069403	-0.068527
595.000000	-0.066521	-0.061840	-0.075904	-0.068512	-0.061525	-0.075800	-0.073956
596.000000	-0.052183	-0.058059	-0.041766	-0.050462	-0.057737	-0.041685	-0.044095
597.000000	-0.030131	-0.057724	0.021200	-0.020710	-0.057440	0.021196	0.010144
598.000000	-0.022747	-0.058467	0.044024	-0.010402	-0.058207	0.043960	0.029639
599.000000	-0.039508	-0.058323	-0.004371	-0.033093	-0.058048	-0.004416	-0.012107
600.000000	-0.058615	-0.057791	-0.060388	-0.059156	-0.057522	-0.060372	-0.060291
601.000000	-0.061985	-0.057472	-0.070873	-0.063922	-0.057267	-0.070792	-0.069158
602.000000	-0.057331	-0.057225	-0.058099	-0.057766	-0.057065	-0.057977	-0.058002
603.000000	-0.055384	-0.056821	-0.053216	-0.055201	-0.056613	-0.053095	-0.053747
604.000000	-0.056017	-0.056334	-0.055836	-0.056135	-0.056049	-0.055741	-0.056004
605.000000	-0.056169	-0.055909	-0.057057	-0.056518	-0.055610	-0.056986	-0.057018
606.000000	-0.055532	-0.055558	-0.055969	-0.055879	-0.055287	-0.055907	-0.056020
607.000000	-0.054976	-0.055235	-0.055079	-0.055283	-0.054973	-0.054998	-0.055218
608.000000	-0.054715	-0.054930	-0.054946	-0.055012	-0.054664	-0.054847	-0.055084
609.000000	-0.054539	-0.054654	-0.054885	-0.054840	-0.054420	-0.054811	-0.054984
610.000000	-0.054328	-0.054402	-0.054623	-0.054642	-0.054213	-0.054609	-0.054680
611.000000	-0.054050	-0.054152	-0.054281	-0.054397	-0.053933	-0.054303	-0.054320
612.000000	-0.053745	-0.053908	-0.053969	-0.054123	-0.053586	-0.053987	-0.054024
613.000000	-0.053535	-0.053713	-0.053757	-0.053884	-0.053326	-0.053773	-0.053855
614.000000	-0.053464	-0.053584	-0.053659	-0.053715	-0.053229	-0.053689	-0.053806
615.000000	-0.053408	-0.053495	-0.053577	-0.053590	-0.053201	-0.053603	-0.053750
616.000000	-0.053291	-0.053418	-0.053452	-0.053491	-0.053157	-0.053435	-0.053610
617.000000	-0.053213	-0.053344	-0.053359	-0.053432	-0.053097	-0.053301	-0.053490
618.000000	-0.053258	-0.053275	-0.053363	-0.053423	-0.053033	-0.053301	-0.053481
619.000000	-0.053321	-0.053235	-0.053407	-0.053427	-0.052987	-0.053349	-0.053513
620.000000	-0.053278	-0.053245	-0.053413	-0.053403	-0.052970	-0.053332	-0.053491
621.000000	-0.053163	-0.053249	-0.053364	-0.053356	-0.052950	-0.053249	-0.053413
622.000000	-0.053065	-0.053171	-0.053270	-0.053306	-0.052883	-0.053149	-0.053313
623.000000	-0.053002	-0.053059	-0.053175	-0.053267	-0.052797	-0.053088	-0.053230
624.000000	-0.052960	-0.053015	-0.053136	-0.053244	-0.052755	-0.053124	-0.053200
625.000000	-0.052935	-0.053051	-0.053155	-0.053236	-0.052765	-0.053217	-0.053212
626.000000	-0.052933	-0.053108	-0.053189	-0.053233	-0.052789	-0.053254	-0.053220
627.000000	-0.052944	-0.053129	-0.053196	-0.053215	-0.052797	-0.053206	-0.053188
628.000000	-0.052946	-0.053070	-0.053131	-0.053149	-0.052762	-0.053144	-0.053092
629.000000	-0.052920	-0.052939	-0.053004	-0.053037	-0.052675	-0.053086	-0.052955
630.000000	-0.052861	-0.052829	-0.052910	-0.052935	-0.052557	-0.052967	-0.052865
631.000000	-0.052764	-0.052785	-0.052885	-0.052868	-0.052423	-0.052765	-0.052850
632.000000	-0.052621	-0.052718	-0.052827	-0.052780	-0.052281	-0.052576	-0.052778
633.000000	-0.052446	-0.052568	-0.052661	-0.052640	-0.052142	-0.052476	-0.052573
634.000000	-0.052318	-0.052415	-0.052480	-0.052522	-0.052037	-0.052426	-0.052398
635.000000	-0.052304	-0.052347	-0.052387	-0.052497	-0.051988	-0.052375	-0.052410
636.000000	-0.052328	-0.052341	-0.052361	-0.052504	-0.051957	-0.052310	-0.052493
637.000000	-0.052287	-0.052342	-0.052344	-0.052454	-0.051897	-0.052233	-0.052468
638.000000	-0.052195	-0.052312	-0.052300	-0.052348	-0.051811	-0.052137	-0.052341
639.000000	-0.052110	-0.052226	-0.052205	-0.052222	-0.051726	-0.052017	-0.052194
640.000000	-0.052034	-0.052093	-0.052079	-0.052103	-0.051659	-0.051908	-0.052063
641.000000	-0.051934	-0.051946	-0.051970	-0.052011	-0.051624	-0.051871	-0.051949
642.000000	-0.051824	-0.051817	-0.051893	-0.051944	-0.051594	-0.051883	-0.051860
643.000000	-0.051757	-0.051733	-0.051835	-0.051878	-0.051501	-0.051848	-0.051809
644.000000	-0.051733	-0.051689	-0.051776	-0.051804	-0.051356	-0.051740	-0.051773
645.000000	-0.051679	-0.051633	-0.051690	-0.051730	-0.051263	-0.051623	-0.051684
646.000000	-0.051571	-0.051556	-0.051594	-0.051671	-0.051266	-0.051544	-0.051545
647.000000	-0.051487	-0.051529	-0.051583	-0.051660	-0.051280	-0.051508	-0.051499
648.000000	-0.051493	-0.051592	-0.051701	-0.051714	-0.051250	-0.051516	-0.051622
649.000000	-0.051593	-0.051690	-0.051837	-0.051805	-0.051232	-0.051576	-0.051789
650.000000	-0.051761	-0.051772	-0.051891	-0.051901	-0.051284	-0.051683	-0.051872
651.000000	-0.051892	-0.051868	-0.051885	-0.051987	-0.051384	-0.051779	-0.051884
652.000000	-0.051875	-0.051994	-0.051863	-0.052037	-0.051476	-0.051793	-0.051860
653.000000	-0.051684	-0.051967	-0.051775	-0.051939	-0.051427	-0.051668	-0.051752
654.000000	-0.051332	-0.051575	-0.051550	-0.051578	-0.051104	-0.051363	-0.051495
655.000000	-0.050936	-0.050998	-0.051216	-0.051091	-0.050633	-0.050967	-0.051147
656.000000	-0.050654	-0.050602	-0.050853	-0.050733	-0.050262	-0.050628	-0.050827
657.000000	-0.050487	-0.050429	-0.050533	-0.050541	-0.050046	-0.050387	-0.050562
658.000000	-0.050317	-0.050282	-0.050318	-0.050388	-0.049887	-0.050202	-0.050318
659.000000	-0.050132	-0.050114	-0.050212	-0.050239	-0.049747	-0.050056	-0.050112
660.000000	-0.050031	-0.050044	-0.050161	-0.050161	-0.049645	-0.049962	-0.050021
661.000000	-0.050012	-0.050067	-0.050101	-0.050141	-0.049580	-0.049906	-0.050034
662.000000	-0.049917	-0.049983	-0.049964	-0.050034	-0.049507	-0.049828	-0.050002
663.000000	-0.049662	-0.049686	-0.049728	-0.049765	-0.049386	-0.049686	-0.049827
664.000000	-0.049360	-0.049318	-0.049471	-0.049427	-0.049183	-0.049470	-0.049536
665.000000	-0.049107	-0.049010	-0.049248	-0.049118	-0.048893	-0.049192	-0.049187
666.000000	-0.048862	-0.048767	-0.048994	-0.048878	-0.048585	-0.048900	-0.048880
667.000000	-0.048575	-0.048568	-0.048650	-0.048711	-0.048319	-0.048636	-0.048685
668.000000	-0.048249	-0.048363	-0.048272	-0.048506	-0.048038	-0.048372	-0.048484
669.000000	-0.047916	-0.048106	-0.047945	-0.048153	-0.047679	-0.048076	-0.048149
670.000000	-0.047674	-0.047854	-0.047742	-0.047813	-0.047376	-0.047823	-0.047827
671.000000	-0.047626	-0.047691	-0.047711	-0.047726	-0.047321	-0.047716	-0.047752
672.000000	-0.047645	-0.047602	-0.047751	-0.047788	-0.047387	-0.047683	-0.047812
673.000000	-0.047481	-0.047514	-0.047679	-0.047697	-0.047273	-0.047550	-0.047706
674.000000	-0.047181	-0.047396	-0.047479	-0.047451	-0.046972	-0.047312	-0.047433
675.000000	-0.047043	-0.047258	-0.047282	-0.047299	-0.046730	-0.047107	-0.047243
676.000000	-0.047130	-0.047132	-0.047166	-0.047312	-0.046650	-0.047016	-0.047216
677.000000	-0.047204	-0.047073	-0.047142	-0.047332	-0.046655	-0.047041	-0.047208
678.000000	-0.047145	-0.047095	-0.047184	-0.047278	-0.046678	-0.047135	-0.047144
679.000000	-0.047067	-0.047141	-0.047213	-0.047228	-0.046681	-0.047170	-0.047091
680.000000	-0.047059	-0.047158	-0.047186	-0.047230	-0.046664	-0.047086	-0.047097
681.000000	-0.047091	-0.047127	-0.047169	-0.047226	-0.046698	-0.047010	-0.047130
682.000000	-0.047129	-0.047061	-0.047219	-0.047181	-0.046829	-0.047052	-0.047156
683.000000	-0.047192	-0.047072	-0.047310	-0.047192	-0.046956	-0.047152	-0.047195
684.000000	-0.047297	-0.047245	-0.047398	-0.047346	-0.046976	-0.047225	-0.047265
685.000000	-0.047392	-0.047414	-0.047444	-0.047508	-0.046935	-0.047248	-0.047322
686.000000	-0.047414	-0.047365	-0.047422	-0.047504	-0.046914	-0.047220	-0.047308
687.000000	-0.047355	-0.047199	-0.047371	-0.047403	-0.046906	-0.047172	-0.047243
688.000000	-0.047245	-0.047148	-0.047361	-0.047384	-0.046863	-0.047146	-0.047185
689.000000	-0.047178	-0.047251	-0.047426	-0.047473	-0.046833	-0.047169	-0.047203
690.000000	-0.047285	-0.047404	-0.047574	-0.047586	-0.046917	-0.047254	-0.047371
691.000000	-0.047501	-0.047510	-0.047716	-0.047643	-0.047078	-0.047358	-0.047583
692.000000	-0.047567	-0.047479	-0.047671	-0.047569	-0.047138	-0.047381	-0.047569
693.000000	-0.047426	-0.047328	-0.047447	-0.047394	-0.047047	-0.047310	-0.047313
694.000000	-0.047304	-0.047221	-0.047308	-0.047288	-0.046936	-0.047247	-0.047162
695.000000	-0.047317	-0.047239	-0.047379	-0.047328	-0.046886	-0.047243	-0.047273
696.000000	-0.047338	-0.047277	-0.047478	-0.047388	-0.046855	-0.047226	-0.047389
697.000000	-0.047281	-0.047261	-0.047463	-0.047374	-0.046825	-0.047158	-0.047328
698.000000	-0.047256	-0.047256	-0.047414	-0.047347	-0.046872	-0.047121	-0.047256
699.000000	-0.047356	-0.047322	-0.047423	-0.047370	-0.047039	-0.047186	-0.047332
700.000000	-0.047452	-0.047401	-0.047471	-0.047423	-0.047152	-0.047281	-0.047446
701.000000	-0.047395	-0.047414	-0.047512	-0.047467	-0.047032	-0.047313	-0.047447
702.000000	-0.047263	-0.047358	-0.047514	-0.047467	-0.046829	-0.047277	-0.047360
703.000000	-0.047199	-0.047255	-0.047455	-0.047401	-0.046780	-0.047204	-0.047269
704.000000	-0.047177	-0.047141	-0.047352	-0.047309	-0.046850	-0.047126	-0.047200
705.000000	-0.047082	-0.047051	-0.047241	-0.047258	-0.046857	-0.047071	-0.047147
706.000000	-0.046919	-0.046984	-0.047126	-0.047218	-0.046743	-0.046998	-0.047060
707.000000	-0.046778	-0.046905	-0.046985	-0.047086	-0.046544	-0.046814	-0.046864
708.000000	-0.046642	-0.046755	-0.046787	-0.046828	-0.046282	-0.046529	-0.046579
709.000000	-0.046378	-0.046454	-0.046494	-0.046482	-0.045967	-0.046261	-0.046327
710.000000	-0.045958	-0.046022	-0.046107	-0.046106	-0.045613	-0.046044	-0.046131
711.000000	-0.045529	-0.045641	-0.045681	-0.045771	-0.045251	-0.045765	-0.045859
712.000000	-0.045167	-0.045368	-0.045262	-0.045482	-0.044896	-0.045358	-0.045443
713.000000	-0.044774	-0.044978	-0.044847	-0.045084	-0.044536	-0.044875	-0.044984
714.000000	-0.044277	-0.044334	-0.044427	-0.044498	-0.044149	-0.044382	-0.044572
715.000000	-0.043749	-0.043709	-0.043982	-0.043942	-0.043709	-0.043940	-0.044175
716.000000	-0.043255	-0.043341	-0.043484	-0.043602	-0.043181	-0.043570	-0.043744
717.000000	-0.042683	-0.042938	-0.042867	-0.043238	-0.042518	-0.043114	-0.043242
718.000000	-0.041913	-0.042144	-0.042089	-0.042551	-0.041695	-0.042409	-0.042640
719.000000	-0.041096	-0.041184	-0.041295	-0.041694	-0.040879	-0.041583	-0.041940
720.000000	-0.040471	-0.040490	-0.040698	-0.040984	-0.040296	-0.040877	-0.041174
721.000000	-0.040018	-0.040092	-0.040291	-0.040521	-0.039946	-0.040397	-0.040514
722.000000	-0.039569	-0.039771	-0.039943	-0.040257	-0.039690	-0.040151	-0.040195
723.000000	-0.038992	-0.039298	-0.039482	-0.039928	-0.039316	-0.039884	-0.039989
724.000000	-0.038200	-0.038445	-0.038718	-0.039101	-0.038558	-0.039135	-0.039303
725.000000	-0.037306	-0.037395	-0.037772	-0.037929	-0.037541	-0.038018	-0.038198
726.000000	-0.036652	-0.036805	-0.037127	-0.037247	-0.036845	-0.037326	-0.037514
727.000000	-0.036308	-0.036824	-0.036925	-0.037276	-0.036686	-0.037293	-0.037509
728.000000	-0.035869	-0.036706	-0.036712	-0.037155	-0.036637	-0.037162	-0.037389
729.000000	-0.035157	-0.036033	-0.036227	-0.036398	-0.036395	-0.036513	-0.036711
730.000000	-0.034640	-0.035359	-0.035806	-0.035649	-0.036098	-0.035951	-0.036093
731.000000	-0.034704	-0.035187	-0.035747	-0.035490	-0.035894	-0.036007	-0.036083
732.000000	-0.035137	-0.035349	-0.035922	-0.035724	-0.035758	-0.036468	-0.036474
