[HEADER]
Format	J&M ASCII Table
Comment	
Date	2/21/2023 5:11:04 AM
Order	Y (evenX)
TechType	UV
NumPoints	483
FirstX	250.00
LastX	732.00
XType	NMetr
YType	Absrb
ZType	Secs
NumSubFile	7
Matrix	Z vs X
[DATA]
	0.000000	5.000064	10.000192	15.000256	20.000320	25.000448	30.000511
250.000000	1.379486	1.378661	1.376397	1.375254	1.377657	1.377174	1.373114
251.000000	1.361662	1.363698	1.358395	1.358657	1.361588	1.360438	1.357183
252.000000	1.341590	1.344528	1.338299	1.339368	1.339030	1.342988	1.338519
253.000000	1.323576	1.325012	1.322175	1.322053	1.318901	1.326735	1.322106
254.000000	1.311011	1.308740	1.313696	1.310165	1.307724	1.313098	1.311421
255.000000	1.302090	1.296208	1.305566	1.300726	1.299258	1.300951	1.302336
256.000000	1.294144	1.287027	1.290549	1.290239	1.286565	1.289053	1.290318
257.000000	1.285969	1.279632	1.274766	1.280009	1.274068	1.278539	1.277628
258.000000	1.277156	1.272401	1.267641	1.272665	1.269002	1.271200	1.268505
259.000000	1.269932	1.266676	1.267771	1.268179	1.269465	1.267438	1.264336
260.000000	1.267552	1.265071	1.268381	1.265166	1.269113	1.266826	1.264804
261.000000	1.268239	1.266256	1.266274	1.262603	1.266063	1.267181	1.266231
262.000000	1.266470	1.265936	1.261135	1.259773	1.261896	1.265079	1.262567
263.000000	1.261315	1.262570	1.255139	1.256538	1.257867	1.260179	1.254102
264.000000	1.257150	1.257834	1.253156	1.253401	1.254738	1.255664	1.248371
265.000000	1.254948	1.252370	1.255025	1.250132	1.251833	1.252467	1.247770
266.000000	1.249428	1.244772	1.251827	1.245204	1.246081	1.247373	1.245326
267.000000	1.237730	1.234494	1.238754	1.237582	1.235837	1.238253	1.236413
268.000000	1.224732	1.223715	1.223709	1.227811	1.223711	1.226780	1.224733
269.000000	1.214637	1.214051	1.213677	1.216294	1.212064	1.214680	1.213946
270.000000	1.204127	1.203193	1.204063	1.201886	1.199609	1.201517	1.202328
271.000000	1.188820	1.188366	1.188602	1.183591	1.184495	1.186393	1.187274
272.000000	1.169367	1.169953	1.168549	1.163747	1.166980	1.168876	1.169018
273.000000	1.148203	1.149449	1.147731	1.145493	1.148005	1.148777	1.148781
274.000000	1.126213	1.127337	1.126715	1.127132	1.127151	1.126534	1.126701
275.000000	1.103371	1.103501	1.104207	1.104397	1.103285	1.102912	1.102338
276.000000	1.079488	1.077833	1.079576	1.077397	1.076680	1.078012	1.076133
277.000000	1.054256	1.050267	1.052804	1.049981	1.048824	1.051391	1.049285
278.000000	1.027907	1.022072	1.024657	1.023856	1.021224	1.023569	1.022635
279.000000	1.001358	0.996194	0.996857	0.997839	0.995349	0.996315	0.996530
280.000000	0.974989	0.973191	0.970159	0.971137	0.971226	0.970317	0.970873
281.000000	0.948078	0.948895	0.943355	0.944038	0.946160	0.944074	0.944781
282.000000	0.920234	0.920578	0.915722	0.916972	0.918414	0.916527	0.917728
283.000000	0.892372	0.891148	0.888544	0.890424	0.889865	0.888592	0.890458
284.000000	0.865378	0.863709	0.862943	0.864611	0.862521	0.861332	0.863721
285.000000	0.838974	0.837720	0.837719	0.838499	0.836082	0.834880	0.837272
286.000000	0.812698	0.811867	0.811402	0.811099	0.809810	0.809181	0.810729
287.000000	0.787116	0.786535	0.785170	0.784174	0.784390	0.784654	0.784707
288.000000	0.763130	0.762732	0.761142	0.760383	0.760982	0.761813	0.760171
289.000000	0.740443	0.740278	0.739128	0.739020	0.739143	0.739897	0.737163
290.000000	0.718043	0.718264	0.717514	0.717324	0.717458	0.717413	0.715155
291.000000	0.696117	0.696633	0.696071	0.695005	0.695826	0.694683	0.693982
292.000000	0.675979	0.676136	0.675889	0.674119	0.675397	0.673738	0.673842
293.000000	0.657828	0.656936	0.657143	0.655372	0.656454	0.655090	0.654735
294.000000	0.640241	0.638339	0.638650	0.637444	0.638003	0.637034	0.636372
295.000000	0.622406	0.620148	0.619969	0.619563	0.619645	0.618742	0.618696
296.000000	0.605041	0.603351	0.602411	0.602413	0.602431	0.601560	0.602174
297.000000	0.588842	0.588506	0.586917	0.586586	0.587062	0.586453	0.587007
298.000000	0.573824	0.574332	0.572545	0.571797	0.572564	0.572290	0.572331
299.000000	0.559825	0.559572	0.558231	0.557647	0.557916	0.557849	0.557357
300.000000	0.546454	0.544889	0.544150	0.544054	0.543529	0.543528	0.542692
301.000000	0.533312	0.531384	0.530806	0.531005	0.530142	0.530120	0.529249
302.000000	0.520507	0.518900	0.518274	0.518298	0.517597	0.517569	0.516898
303.000000	0.508355	0.506735	0.506417	0.505677	0.505357	0.505447	0.505055
304.000000	0.496815	0.494779	0.494981	0.493416	0.493463	0.493600	0.493547
305.000000	0.485598	0.483338	0.483641	0.482132	0.482349	0.482077	0.482488
306.000000	0.474591	0.472555	0.472440	0.471803	0.471943	0.471024	0.471817
307.000000	0.463866	0.462400	0.461793	0.461740	0.461651	0.460675	0.461289
308.000000	0.453549	0.452765	0.451868	0.451667	0.451296	0.451032	0.450884
309.000000	0.443832	0.443437	0.442430	0.441982	0.441377	0.441728	0.440939
310.000000	0.434775	0.434272	0.433274	0.432898	0.432207	0.432500	0.431657
311.000000	0.426124	0.425294	0.424346	0.424075	0.423548	0.423389	0.422867
312.000000	0.417610	0.416537	0.415628	0.415241	0.415103	0.414495	0.414376
313.000000	0.409056	0.407974	0.407162	0.406635	0.406654	0.405966	0.406091
314.000000	0.400376	0.399584	0.398979	0.398513	0.398081	0.397910	0.397941
315.000000	0.391878	0.391428	0.391010	0.390626	0.389717	0.390163	0.389863
316.000000	0.383935	0.383564	0.383147	0.382606	0.381975	0.382479	0.381811
317.000000	0.376347	0.375788	0.375271	0.374562	0.374634	0.374707	0.373863
318.000000	0.368659	0.367793	0.367272	0.366820	0.367175	0.366759	0.366154
319.000000	0.360897	0.359748	0.359311	0.359338	0.359480	0.358793	0.358695
320.000000	0.353443	0.352167	0.351739	0.351806	0.351739	0.351144	0.351401
321.000000	0.346358	0.345091	0.344614	0.344212	0.344149	0.343920	0.344156
322.000000	0.339337	0.338022	0.337663	0.336878	0.336909	0.336971	0.336808
323.000000	0.332207	0.330722	0.330676	0.329911	0.330023	0.330118	0.329373
324.000000	0.325043	0.323420	0.323578	0.323035	0.323182	0.323158	0.322133
325.000000	0.317900	0.316336	0.316374	0.316060	0.316171	0.316017	0.315248
326.000000	0.310727	0.309543	0.309236	0.309090	0.309087	0.308940	0.308497
327.000000	0.303556	0.303047	0.302340	0.302255	0.302080	0.302152	0.301683
328.000000	0.296810	0.296671	0.295762	0.295626	0.295330	0.295618	0.294899
329.000000	0.290861	0.290242	0.289530	0.289244	0.288977	0.289255	0.288302
330.000000	0.285244	0.283859	0.283491	0.283060	0.282889	0.283055	0.281997
331.000000	0.279267	0.277692	0.277453	0.276991	0.276854	0.277027	0.276042
332.000000	0.272934	0.271633	0.271417	0.270978	0.270826	0.271025	0.270211
333.000000	0.266629	0.265451	0.265487	0.264981	0.264856	0.264842	0.264157
334.000000	0.260603	0.259366	0.259701	0.259095	0.259048	0.258585	0.258074
335.000000	0.254996	0.253946	0.254040	0.253519	0.253548	0.252619	0.252575
336.000000	0.249821	0.249208	0.248571	0.248304	0.248352	0.247154	0.247717
337.000000	0.244947	0.244506	0.243453	0.243318	0.243279	0.242219	0.242878
338.000000	0.240249	0.239500	0.238676	0.238449	0.238246	0.237670	0.237750
339.000000	0.235625	0.234451	0.233910	0.233639	0.233360	0.233094	0.232629
340.000000	0.230989	0.229594	0.228974	0.228857	0.228667	0.228256	0.227757
341.000000	0.226288	0.224941	0.224135	0.224135	0.224000	0.223464	0.223062
342.000000	0.221522	0.220474	0.219663	0.219530	0.219252	0.219010	0.218460
343.000000	0.216885	0.216198	0.215529	0.215170	0.214681	0.214788	0.214034
344.000000	0.212592	0.212102	0.211620	0.211152	0.210573	0.210615	0.209888
345.000000	0.208685	0.208070	0.207774	0.207290	0.206764	0.206485	0.206016
346.000000	0.205123	0.203964	0.203832	0.203318	0.202951	0.202457	0.202353
347.000000	0.201651	0.199902	0.199880	0.199315	0.199135	0.198628	0.198706
348.000000	0.197924	0.196131	0.196128	0.195543	0.195479	0.195102	0.194824
349.000000	0.194024	0.192676	0.192576	0.192048	0.191987	0.191791	0.190879
350.000000	0.190392	0.189375	0.189041	0.188689	0.188522	0.188451	0.187391
351.000000	0.187145	0.186129	0.185542	0.185399	0.185071	0.185042	0.184432
352.000000	0.183981	0.182936	0.182343	0.182207	0.181770	0.181788	0.181511
353.000000	0.180746	0.179815	0.179493	0.179103	0.178664	0.178756	0.178341
354.000000	0.177610	0.176823	0.176612	0.175996	0.175602	0.175694	0.175084
355.000000	0.174722	0.173985	0.173467	0.172862	0.172511	0.172474	0.171929
356.000000	0.172083	0.171223	0.170364	0.169883	0.169595	0.169406	0.169022
357.000000	0.169624	0.168465	0.167597	0.167207	0.167007	0.166747	0.166440
358.000000	0.167106	0.165725	0.165048	0.164682	0.164508	0.164233	0.164020
359.000000	0.164291	0.163029	0.162504	0.162096	0.161805	0.161517	0.161539
360.000000	0.161284	0.160316	0.159859	0.159359	0.158980	0.158648	0.158839
361.000000	0.158319	0.157501	0.157062	0.156443	0.156238	0.155814	0.155814
362.000000	0.155524	0.154641	0.154202	0.153502	0.153518	0.153046	0.152652
363.000000	0.152955	0.151870	0.151441	0.150785	0.150613	0.150282	0.149708
364.000000	0.150456	0.149210	0.148791	0.148279	0.147644	0.147529	0.147069
365.000000	0.147689	0.146586	0.146133	0.145740	0.145006	0.144858	0.144585
366.000000	0.144638	0.143908	0.143394	0.143043	0.142694	0.142250	0.142106
367.000000	0.141699	0.141068	0.140569	0.140228	0.140178	0.139572	0.139500
368.000000	0.139052	0.138080	0.137674	0.137355	0.137190	0.136741	0.136688
369.000000	0.136409	0.135196	0.134746	0.134499	0.134034	0.133792	0.133698
370.000000	0.133540	0.132521	0.131804	0.131673	0.130980	0.130786	0.130593
371.000000	0.130537	0.129669	0.128797	0.128712	0.128012	0.127837	0.127495
372.000000	0.127533	0.126333	0.125701	0.125503	0.125079	0.125026	0.124525
373.000000	0.124571	0.122944	0.122646	0.122309	0.122191	0.122266	0.121725
374.000000	0.121664	0.120021	0.119776	0.119431	0.119364	0.119440	0.119090
375.000000	0.118732	0.117341	0.116996	0.116719	0.116559	0.116520	0.116401
376.000000	0.115679	0.114417	0.114132	0.113861	0.113715	0.113521	0.113388
377.000000	0.112622	0.111322	0.111162	0.110835	0.110799	0.110517	0.110171
378.000000	0.109795	0.108460	0.108165	0.107796	0.107802	0.107615	0.107107
379.000000	0.107151	0.105857	0.105244	0.104906	0.104858	0.104843	0.104302
380.000000	0.104396	0.103197	0.102518	0.102324	0.102219	0.102159	0.101641
381.000000	0.101414	0.100341	0.099921	0.099928	0.099792	0.099466	0.099006
382.000000	0.098344	0.097399	0.097140	0.097228	0.097029	0.096596	0.096293
383.000000	0.095366	0.094505	0.094110	0.094082	0.093795	0.093580	0.093485
384.000000	0.092709	0.091809	0.091273	0.091081	0.090830	0.090844	0.090735
385.000000	0.090459	0.089380	0.088915	0.088655	0.088605	0.088641	0.088172
386.000000	0.088274	0.087041	0.086688	0.086505	0.086511	0.086593	0.085806
387.000000	0.085838	0.084625	0.084250	0.084275	0.083959	0.084300	0.083598
388.000000	0.083328	0.082190	0.081819	0.081929	0.081324	0.081789	0.081390
389.000000	0.081015	0.079854	0.079706	0.079530	0.079145	0.079209	0.079039
390.000000	0.078886	0.077678	0.077755	0.077210	0.077233	0.076737	0.076748
391.000000	0.076811	0.075694	0.075649	0.075112	0.075133	0.074548	0.074818
392.000000	0.074747	0.073826	0.073439	0.073180	0.072915	0.072664	0.073080
393.000000	0.072707	0.071937	0.071400	0.071243	0.070959	0.071005	0.071085
394.000000	0.070733	0.070011	0.069588	0.069281	0.069236	0.069410	0.068849
395.000000	0.068894	0.068140	0.067855	0.067415	0.067343	0.067650	0.066809
396.000000	0.067194	0.066367	0.066126	0.065690	0.065243	0.065707	0.065131
397.000000	0.065554	0.064667	0.064429	0.064042	0.063407	0.063852	0.063586
398.000000	0.063899	0.062987	0.062771	0.062414	0.062022	0.062202	0.061979
399.000000	0.062177	0.061238	0.061093	0.060790	0.060645	0.060546	0.060224
400.000000	0.060380	0.059394	0.059359	0.059141	0.058940	0.058736	0.058324
401.000000	0.058615	0.057624	0.057626	0.057402	0.057099	0.056942	0.056488
402.000000	0.056978	0.056067	0.055952	0.055553	0.055359	0.055339	0.054903
403.000000	0.055426	0.054549	0.054328	0.053803	0.053731	0.053858	0.053476
404.000000	0.053884	0.052866	0.052723	0.052365	0.052160	0.052366	0.052052
405.000000	0.052319	0.051202	0.051112	0.051006	0.050596	0.050775	0.050574
406.000000	0.050723	0.049869	0.049475	0.049348	0.048998	0.049031	0.049034
407.000000	0.049143	0.048672	0.047881	0.047536	0.047442	0.047292	0.047479
408.000000	0.047658	0.047131	0.046445	0.046026	0.046064	0.045833	0.045988
409.000000	0.046281	0.045321	0.045141	0.044873	0.044832	0.044623	0.044601
410.000000	0.044964	0.043832	0.043807	0.043755	0.043564	0.043354	0.043320
411.000000	0.043651	0.042790	0.042396	0.042497	0.042177	0.041920	0.042067
412.000000	0.042274	0.041674	0.041018	0.041133	0.040740	0.040503	0.040661
413.000000	0.040836	0.040239	0.039726	0.039727	0.039329	0.039209	0.039085
414.000000	0.039468	0.038870	0.038435	0.038377	0.038019	0.037957	0.037654
415.000000	0.038267	0.037834	0.037096	0.037141	0.036838	0.036684	0.036575
416.000000	0.037169	0.036826	0.035795	0.035965	0.035679	0.035449	0.035614
417.000000	0.036095	0.035545	0.034632	0.034795	0.034454	0.034314	0.034517
418.000000	0.035024	0.034191	0.033638	0.033671	0.033289	0.033278	0.033318
419.000000	0.033955	0.033052	0.032802	0.032638	0.032329	0.032307	0.032120
420.000000	0.032907	0.032077	0.031940	0.031612	0.031428	0.031305	0.030962
421.000000	0.031905	0.031084	0.030825	0.030467	0.030346	0.030162	0.029859
422.000000	0.030910	0.030026	0.029577	0.029297	0.029167	0.028977	0.028849
423.000000	0.029854	0.028945	0.028521	0.028319	0.028165	0.027968	0.027986
424.000000	0.028785	0.027909	0.027678	0.027519	0.027350	0.027148	0.027209
425.000000	0.027856	0.027008	0.026794	0.026679	0.026491	0.026343	0.026363
426.000000	0.027073	0.026225	0.025793	0.025740	0.025509	0.025474	0.025418
427.000000	0.026249	0.025401	0.024847	0.024865	0.024538	0.024598	0.024516
428.000000	0.025295	0.024467	0.024036	0.024104	0.023661	0.023751	0.023703
429.000000	0.024342	0.023544	0.023227	0.023257	0.022830	0.022907	0.022814
430.000000	0.023486	0.022706	0.022322	0.022198	0.021989	0.022035	0.021757
431.000000	0.022651	0.021819	0.021400	0.021102	0.021098	0.021100	0.020720
432.000000	0.021758	0.020780	0.020543	0.020146	0.020143	0.020092	0.019881
433.000000	0.020842	0.019757	0.019710	0.019305	0.019208	0.019108	0.019149
434.000000	0.019965	0.018954	0.018844	0.018508	0.018390	0.018251	0.018377
435.000000	0.019123	0.018279	0.017994	0.017756	0.017657	0.017490	0.017534
436.000000	0.018293	0.017532	0.017243	0.017079	0.016934	0.016744	0.016645
437.000000	0.017519	0.016721	0.016555	0.016421	0.016199	0.015981	0.015783
438.000000	0.016874	0.015977	0.015826	0.015683	0.015465	0.015209	0.015050
439.000000	0.016278	0.015303	0.015050	0.014888	0.014716	0.014462	0.014414
440.000000	0.015521	0.014593	0.014311	0.014161	0.013914	0.013798	0.013731
441.000000	0.014585	0.013830	0.013625	0.013526	0.013085	0.013201	0.012960
442.000000	0.013706	0.013119	0.012915	0.012861	0.012334	0.012554	0.012202
443.000000	0.013027	0.012500	0.012155	0.012110	0.011709	0.011815	0.011518
444.000000	0.012469	0.011881	0.011422	0.011358	0.011134	0.011091	0.010888
445.000000	0.011940	0.011199	0.010774	0.010672	0.010540	0.010453	0.010281
446.000000	0.011362	0.010531	0.010174	0.010027	0.009909	0.009820	0.009671
447.000000	0.010686	0.009942	0.009583	0.009391	0.009241	0.009123	0.009045
448.000000	0.009974	0.009372	0.009012	0.008761	0.008586	0.008440	0.008433
449.000000	0.009311	0.008746	0.008480	0.008149	0.007997	0.007872	0.007874
450.000000	0.008741	0.008123	0.007947	0.007601	0.007483	0.007410	0.007369
451.000000	0.008284	0.007600	0.007361	0.007165	0.007029	0.006999	0.006903
452.000000	0.007870	0.007149	0.006745	0.006756	0.006569	0.006576	0.006427
453.000000	0.007384	0.006669	0.006172	0.006220	0.006015	0.006076	0.005874
454.000000	0.006838	0.006136	0.005674	0.005597	0.005433	0.005513	0.005279
455.000000	0.006350	0.005600	0.005251	0.005090	0.005019	0.004972	0.004759
456.000000	0.005942	0.005087	0.004864	0.004735	0.004756	0.004480	0.004339
457.000000	0.005513	0.004593	0.004426	0.004353	0.004362	0.003995	0.003926
458.000000	0.005019	0.004121	0.003899	0.003849	0.003725	0.003500	0.003463
459.000000	0.004534	0.003692	0.003330	0.003308	0.003074	0.003038	0.002974
460.000000	0.004115	0.003314	0.002786	0.002824	0.002597	0.002642	0.002495
461.000000	0.003742	0.002952	0.002360	0.002472	0.002275	0.002304	0.002079
462.000000	0.003384	0.002576	0.002108	0.002273	0.002040	0.002000	0.001756
463.000000	0.003027	0.002210	0.001912	0.002041	0.001763	0.001678	0.001450
464.000000	0.002661	0.001876	0.001632	0.001587	0.001326	0.001284	0.001073
465.000000	0.002260	0.001521	0.001265	0.001004	0.000795	0.000818	0.000618
466.000000	0.001802	0.001072	0.000854	0.000481	0.000301	0.000302	0.000116
467.000000	0.001336	0.000584	0.000404	0.000054	-0.000107	-0.000202	-0.000375
468.000000	0.000947	0.000177	-0.000093	-0.000330	-0.000425	-0.000618	-0.000785
469.000000	0.000609	-0.000161	-0.000606	-0.000709	-0.000712	-0.000962	-0.001129
470.000000	0.000212	-0.000548	-0.001066	-0.001112	-0.001081	-0.001324	-0.001495
471.000000	-0.000247	-0.000993	-0.001435	-0.001522	-0.001534	-0.001719	-0.001884
472.000000	-0.000637	-0.001367	-0.001711	-0.001874	-0.001946	-0.002073	-0.002197
473.000000	-0.000907	-0.001634	-0.001934	-0.002151	-0.002265	-0.002360	-0.002412
474.000000	-0.001167	-0.001933	-0.002209	-0.002428	-0.002573	-0.002655	-0.002649
475.000000	-0.001487	-0.002343	-0.002587	-0.002756	-0.002925	-0.003010	-0.002991
476.000000	-0.001806	-0.002747	-0.002967	-0.003105	-0.003271	-0.003381	-0.003382
477.000000	-0.002077	-0.003045	-0.003268	-0.003449	-0.003572	-0.003729	-0.003763
478.000000	-0.002403	-0.003335	-0.003576	-0.003816	-0.003900	-0.004067	-0.004142
479.000000	-0.002878	-0.003725	-0.003990	-0.004231	-0.004322	-0.004414	-0.004536
480.000000	-0.003361	-0.004120	-0.004423	-0.004605	-0.004729	-0.004738	-0.004892
481.000000	-0.003653	-0.004371	-0.004736	-0.004826	-0.004969	-0.004988	-0.005147
482.000000	-0.003815	-0.004519	-0.004905	-0.004944	-0.005067	-0.005153	-0.005317
483.000000	-0.004040	-0.004703	-0.004973	-0.005085	-0.005144	-0.005243	-0.005463
484.000000	-0.004308	-0.004936	-0.005040	-0.005274	-0.005253	-0.005332	-0.005612
485.000000	-0.004447	-0.005135	-0.005245	-0.005451	-0.005392	-0.005538	-0.005769
486.000000	-0.004468	-0.005291	-0.005575	-0.005622	-0.005578	-0.005850	-0.005954
487.000000	-0.004601	-0.005477	-0.005842	-0.005863	-0.005847	-0.006109	-0.006203
488.000000	-0.004926	-0.005730	-0.005989	-0.006189	-0.006198	-0.006269	-0.006513
489.000000	-0.005268	-0.006022	-0.006186	-0.006506	-0.006567	-0.006478	-0.006822
490.000000	-0.005509	-0.006322	-0.006528	-0.006750	-0.006882	-0.006813	-0.007077
491.000000	-0.005723	-0.006596	-0.006889	-0.006957	-0.007075	-0.007128	-0.007270
492.000000	-0.005982	-0.006822	-0.007144	-0.007168	-0.007129	-0.007305	-0.007418
493.000000	-0.006240	-0.007011	-0.007303	-0.007388	-0.007223	-0.007421	-0.007601
494.000000	-0.006438	-0.007175	-0.007404	-0.007606	-0.007520	-0.007579	-0.007880
495.000000	-0.006569	-0.007298	-0.007501	-0.007781	-0.007866	-0.007782	-0.008128
496.000000	-0.006653	-0.007365	-0.007643	-0.007870	-0.008032	-0.007997	-0.008181
497.000000	-0.006739	-0.007430	-0.007818	-0.007934	-0.008081	-0.008201	-0.008146
498.000000	-0.006888	-0.007578	-0.007986	-0.008077	-0.008209	-0.008377	-0.008245
499.000000	-0.007096	-0.007820	-0.008154	-0.008287	-0.008441	-0.008532	-0.008511
500.000000	-0.007315	-0.008109	-0.008365	-0.008469	-0.008675	-0.008690	-0.008836
501.000000	-0.007492	-0.008353	-0.008586	-0.008585	-0.008841	-0.008836	-0.009107
502.000000	-0.007572	-0.008419	-0.008707	-0.008664	-0.008910	-0.008916	-0.009213
503.000000	-0.007581	-0.008320	-0.008725	-0.008741	-0.008919	-0.008951	-0.009160
504.000000	-0.007660	-0.008298	-0.008794	-0.008861	-0.009010	-0.009082	-0.009130
505.000000	-0.007871	-0.008485	-0.008983	-0.009027	-0.009242	-0.009355	-0.009233
506.000000	-0.008074	-0.008736	-0.009136	-0.009157	-0.009470	-0.009592	-0.009386
507.000000	-0.008158	-0.008906	-0.009145	-0.009198	-0.009570	-0.009655	-0.009512
508.000000	-0.008207	-0.008989	-0.009148	-0.009246	-0.009574	-0.009633	-0.009624
509.000000	-0.008313	-0.009019	-0.009290	-0.009394	-0.009550	-0.009643	-0.009749
510.000000	-0.008436	-0.009077	-0.009494	-0.009578	-0.009586	-0.009693	-0.009877
511.000000	-0.008504	-0.009237	-0.009628	-0.009691	-0.009752	-0.009762	-0.009985
512.000000	-0.008520	-0.009397	-0.009670	-0.009725	-0.009939	-0.009824	-0.010055
513.000000	-0.008525	-0.009396	-0.009649	-0.009717	-0.009971	-0.009859	-0.010079
514.000000	-0.008559	-0.009310	-0.009622	-0.009725	-0.009891	-0.009909	-0.010091
515.000000	-0.008661	-0.009367	-0.009654	-0.009819	-0.009884	-0.010049	-0.010153
516.000000	-0.008801	-0.009555	-0.009737	-0.009963	-0.009978	-0.010225	-0.010257
517.000000	-0.008887	-0.009640	-0.009793	-0.010022	-0.010055	-0.010259	-0.010327
518.000000	-0.008890	-0.009558	-0.009808	-0.009977	-0.010073	-0.010146	-0.010346
519.000000	-0.008875	-0.009500	-0.009860	-0.009977	-0.010101	-0.010123	-0.010391
520.000000	-0.008909	-0.009595	-0.010000	-0.010112	-0.010190	-0.010313	-0.010500
521.000000	-0.009055	-0.009807	-0.010205	-0.010327	-0.010339	-0.010571	-0.010629
522.000000	-0.009311	-0.010059	-0.010424	-0.010546	-0.010519	-0.010755	-0.010730
523.000000	-0.009498	-0.010212	-0.010552	-0.010670	-0.010652	-0.010824	-0.010773
524.000000	-0.009472	-0.010173	-0.010519	-0.010641	-0.010679	-0.010783	-0.010757
525.000000	-0.009394	-0.010115	-0.010466	-0.010584	-0.010690	-0.010745	-0.010806
526.000000	-0.009471	-0.010243	-0.010553	-0.010649	-0.010792	-0.010830	-0.011035
527.000000	-0.009648	-0.010456	-0.010710	-0.010779	-0.010936	-0.010990	-0.011286
528.000000	-0.009774	-0.010550	-0.010783	-0.010846	-0.011020	-0.011116	-0.011316
529.000000	-0.009838	-0.010555	-0.010792	-0.010881	-0.011055	-0.011197	-0.011206
530.000000	-0.009912	-0.010634	-0.010859	-0.011001	-0.011118	-0.011282	-0.011224
531.000000	-0.010018	-0.010799	-0.011005	-0.011192	-0.011226	-0.011385	-0.011397
532.000000	-0.010133	-0.010921	-0.011156	-0.011317	-0.011344	-0.011494	-0.011539
533.000000	-0.010234	-0.010968	-0.011263	-0.011350	-0.011445	-0.011588	-0.011586
534.000000	-0.010298	-0.011024	-0.011306	-0.011397	-0.011508	-0.011638	-0.011634
535.000000	-0.010324	-0.011121	-0.011303	-0.011501	-0.011541	-0.011646	-0.011734
536.000000	-0.010345	-0.011176	-0.011328	-0.011572	-0.011592	-0.011678	-0.011844
537.000000	-0.010389	-0.011147	-0.011423	-0.011552	-0.011686	-0.011763	-0.011917
538.000000	-0.010449	-0.011135	-0.011521	-0.011506	-0.011763	-0.011820	-0.011920
539.000000	-0.010518	-0.011223	-0.011561	-0.011510	-0.011780	-0.011794	-0.011850
540.000000	-0.010585	-0.011337	-0.011592	-0.011595	-0.011801	-0.011798	-0.011828
541.000000	-0.010640	-0.011380	-0.011672	-0.011762	-0.011894	-0.011946	-0.011963
542.000000	-0.010672	-0.011350	-0.011750	-0.011898	-0.011984	-0.012109	-0.012131
543.000000	-0.010675	-0.011282	-0.011743	-0.011867	-0.011958	-0.012093	-0.012144
544.000000	-0.010669	-0.011234	-0.011691	-0.011763	-0.011873	-0.011968	-0.012061
545.000000	-0.010690	-0.011275	-0.011690	-0.011783	-0.011868	-0.011938	-0.012061
546.000000	-0.010719	-0.011375	-0.011734	-0.011895	-0.011944	-0.012013	-0.012141
547.000000	-0.010695	-0.011428	-0.011736	-0.011885	-0.011998	-0.012056	-0.012159
548.000000	-0.010628	-0.011406	-0.011674	-0.011734	-0.011990	-0.012021	-0.012083
549.000000	-0.010607	-0.011376	-0.011591	-0.011646	-0.011954	-0.011961	-0.012017
550.000000	-0.010660	-0.011371	-0.011534	-0.011715	-0.011918	-0.011923	-0.012012
551.000000	-0.010713	-0.011370	-0.011546	-0.011839	-0.011890	-0.011924	-0.012022
552.000000	-0.010721	-0.011362	-0.011637	-0.011927	-0.011878	-0.011969	-0.012021
553.000000	-0.010730	-0.011371	-0.011752	-0.011960	-0.011899	-0.012039	-0.012051
554.000000	-0.010758	-0.011398	-0.011813	-0.011917	-0.011938	-0.012085	-0.012117
555.000000	-0.010679	-0.011342	-0.011709	-0.011738	-0.011855	-0.011981	-0.012063
556.000000	-0.010444	-0.011181	-0.011438	-0.011459	-0.011607	-0.011704	-0.011827
557.000000	-0.010590	-0.011397	-0.011604	-0.011657	-0.011794	-0.011869	-0.012021
558.000000	-0.011555	-0.012368	-0.012690	-0.012768	-0.012901	-0.012978	-0.013150
559.000000	-0.011455	-0.012225	-0.012586	-0.012664	-0.012799	-0.012903	-0.013064
560.000000	-0.007909	-0.008646	-0.008631	-0.008688	-0.008802	-0.008952	-0.009046
561.000000	-0.006743	-0.007471	-0.007352	-0.007396	-0.007466	-0.007648	-0.007664
562.000000	-0.018367	-0.019099	-0.020399	-0.020490	-0.020517	-0.020666	-0.020678
563.000000	-0.026650	-0.027417	-0.029655	-0.029833	-0.029855	-0.029909	-0.029991
564.000000	0.010083	0.009202	0.011650	0.011424	0.011328	0.011372	0.011231
565.000000	0.081792	0.080764	0.092316	0.092115	0.091891	0.091990	0.091840
566.000000	0.103367	0.102348	0.116988	0.116852	0.116582	0.116661	0.116506
567.000000	0.040212	0.039414	0.046740	0.046669	0.046487	0.046484	0.046298
568.000000	-0.026328	-0.026914	-0.027783	-0.027826	-0.027907	-0.027962	-0.028195
569.000000	-0.032535	-0.033097	-0.035435	-0.035505	-0.035572	-0.035589	-0.035868
570.000000	-0.011550	-0.012209	-0.012690	-0.012794	-0.012898	-0.012877	-0.013162
571.000000	-0.004997	-0.005764	-0.005543	-0.005648	-0.005784	-0.005803	-0.006030
572.000000	-0.009883	-0.010680	-0.010861	-0.010953	-0.011091	-0.011161	-0.011321
573.000000	-0.012373	-0.013064	-0.013554	-0.013653	-0.013752	-0.013792	-0.013940
574.000000	-0.011271	-0.011829	-0.012320	-0.012431	-0.012498	-0.012483	-0.012638
575.000000	-0.010422	-0.010984	-0.011363	-0.011461	-0.011564	-0.011568	-0.011685
576.000000	-0.010621	-0.011281	-0.011552	-0.011644	-0.011802	-0.011864	-0.011927
577.000000	-0.010822	-0.011515	-0.011757	-0.011908	-0.012030	-0.012075	-0.012158
578.000000	-0.010744	-0.011391	-0.011664	-0.011864	-0.011925	-0.011898	-0.012057
579.000000	-0.010788	-0.011416	-0.011692	-0.011747	-0.011924	-0.011906	-0.012089
580.000000	-0.010866	-0.011522	-0.011757	-0.011693	-0.011970	-0.012056	-0.012185
581.000000	-0.010266	-0.010897	-0.011131	-0.011691	-0.011371	-0.011509	-0.011588
582.000000	-0.009420	-0.009971	-0.010257	-0.011653	-0.010556	-0.010637	-0.010716
583.000000	-0.010861	-0.011463	-0.011731	-0.011373	-0.012020	-0.012060	-0.012151
584.000000	-0.014077	-0.014861	-0.015057	-0.010948	-0.015230	-0.015316	-0.015407
585.000000	-0.010048	-0.010616	-0.011105	-0.011305	-0.011197	-0.011309	-0.011412
586.000000	0.003138	0.003300	0.002127	-0.012600	0.001969	0.001931	0.001793
587.000000	-0.005433	-0.005822	-0.006363	-0.011493	-0.006613	-0.006581	-0.006741
588.000000	-0.061424	-0.064689	-0.062343	-0.005229	-0.062571	-0.062597	-0.062726
589.000000	-0.113596	-0.116005	-0.114542	0.000616	-0.114713	-0.114836	-0.114927
590.000000	-0.093657	-0.084638	-0.094594	-0.001379	-0.094807	-0.094926	-0.095041
591.000000	-0.029476	-0.007612	-0.030376	-0.008186	-0.030679	-0.030735	-0.030893
592.000000	0.004690	0.024529	0.003806	-0.011737	0.003503	0.003441	0.003309
593.000000	-0.001861	0.003906	-0.002758	-0.010868	-0.003000	-0.003101	-0.003173
594.000000	-0.012226	-0.015684	-0.013142	-0.009585	-0.013405	-0.013430	-0.013532
595.000000	-0.011109	-0.013874	-0.012040	-0.009527	-0.012404	-0.012273	-0.012485
596.000000	-0.007688	-0.007814	-0.008635	-0.009652	-0.009008	-0.008883	-0.009137
597.000000	-0.007397	-0.007458	-0.008366	-0.009379	-0.008615	-0.008699	-0.008879
598.000000	-0.008064	-0.008873	-0.009063	-0.009034	-0.009221	-0.009447	-0.009551
599.000000	-0.007899	-0.008800	-0.008930	-0.008850	-0.009130	-0.009280	-0.009380
600.000000	-0.007378	-0.008085	-0.008427	-0.008681	-0.008710	-0.008745	-0.008865
601.000000	-0.007071	-0.007749	-0.008110	-0.008387	-0.008433	-0.008460	-0.008580
602.000000	-0.006850	-0.007581	-0.007861	-0.008005	-0.008204	-0.008247	-0.008357
603.000000	-0.006496	-0.007212	-0.007478	-0.007599	-0.007853	-0.007837	-0.007950
604.000000	-0.006045	-0.006721	-0.007038	-0.007204	-0.007407	-0.007345	-0.007481
605.000000	-0.005602	-0.006298	-0.006678	-0.006840	-0.006953	-0.006971	-0.007152
606.000000	-0.005210	-0.005964	-0.006378	-0.006487	-0.006560	-0.006685	-0.006912
607.000000	-0.004885	-0.005666	-0.006057	-0.006111	-0.006284	-0.006368	-0.006607
608.000000	-0.004638	-0.005388	-0.005724	-0.005752	-0.006079	-0.006035	-0.006236
609.000000	-0.004474	-0.005131	-0.005444	-0.005491	-0.005841	-0.005780	-0.005895
610.000000	-0.004333	-0.004887	-0.005221	-0.005317	-0.005554	-0.005591	-0.005619
611.000000	-0.004094	-0.004630	-0.005001	-0.005136	-0.005283	-0.005358	-0.005392
612.000000	-0.003761	-0.004382	-0.004777	-0.004919	-0.005063	-0.005073	-0.005201
613.000000	-0.003503	-0.004218	-0.004606	-0.004723	-0.004882	-0.004874	-0.005047
614.000000	-0.003403	-0.004157	-0.004513	-0.004584	-0.004734	-0.004811	-0.004928
615.000000	-0.003366	-0.004099	-0.004456	-0.004483	-0.004628	-0.004755	-0.004837
616.000000	-0.003314	-0.003990	-0.004404	-0.004408	-0.004574	-0.004622	-0.004766
617.000000	-0.003278	-0.003931	-0.004371	-0.004387	-0.004582	-0.004501	-0.004713
618.000000	-0.003294	-0.003999	-0.004370	-0.004434	-0.004647	-0.004483	-0.004676
619.000000	-0.003339	-0.004073	-0.004386	-0.004485	-0.004701	-0.004529	-0.004667
620.000000	-0.003376	-0.004013	-0.004392	-0.004465	-0.004675	-0.004576	-0.004694
621.000000	-0.003368	-0.003874	-0.004339	-0.004364	-0.004597	-0.004584	-0.004713
622.000000	-0.003283	-0.003771	-0.004187	-0.004203	-0.004527	-0.004531	-0.004673
623.000000	-0.003182	-0.003744	-0.004023	-0.004081	-0.004479	-0.004461	-0.004594
624.000000	-0.003167	-0.003788	-0.003999	-0.004128	-0.004445	-0.004450	-0.004535
625.000000	-0.003226	-0.003866	-0.004086	-0.004279	-0.004427	-0.004486	-0.004513
626.000000	-0.003261	-0.003919	-0.004127	-0.004322	-0.004437	-0.004492	-0.004519
627.000000	-0.003221	-0.003914	-0.004086	-0.004226	-0.004444	-0.004446	-0.004525
628.000000	-0.003111	-0.003846	-0.004066	-0.004156	-0.004368	-0.004389	-0.004491
629.000000	-0.002963	-0.003737	-0.004088	-0.004179	-0.004210	-0.004337	-0.004411
630.000000	-0.002846	-0.003644	-0.004033	-0.004189	-0.004094	-0.004262	-0.004338
631.000000	-0.002794	-0.003591	-0.003853	-0.004108	-0.004083	-0.004151	-0.004290
632.000000	-0.002758	-0.003520	-0.003694	-0.003949	-0.004080	-0.004042	-0.004195
633.000000	-0.002698	-0.003391	-0.003667	-0.003751	-0.004005	-0.003958	-0.004019
634.000000	-0.002642	-0.003245	-0.003690	-0.003608	-0.003906	-0.003872	-0.003886
635.000000	-0.002624	-0.003137	-0.003668	-0.003593	-0.003844	-0.003763	-0.003913
636.000000	-0.002637	-0.003123	-0.003621	-0.003641	-0.003799	-0.003700	-0.003993
637.000000	-0.002659	-0.003234	-0.003593	-0.003653	-0.003738	-0.003754	-0.003975
638.000000	-0.002638	-0.003341	-0.003569	-0.003611	-0.003665	-0.003824	-0.003865
639.000000	-0.002518	-0.003260	-0.003506	-0.003536	-0.003603	-0.003749	-0.003735
640.000000	-0.002351	-0.003045	-0.003420	-0.003438	-0.003537	-0.003576	-0.003633
641.000000	-0.002251	-0.002892	-0.003360	-0.003326	-0.003431	-0.003478	-0.003582
642.000000	-0.002223	-0.002848	-0.003309	-0.003216	-0.003299	-0.003469	-0.003556
643.000000	-0.002172	-0.002820	-0.003193	-0.003131	-0.003202	-0.003417	-0.003485
644.000000	-0.002070	-0.002760	-0.003020	-0.003082	-0.003165	-0.003287	-0.003368
645.000000	-0.001974	-0.002688	-0.002909	-0.003073	-0.003165	-0.003178	-0.003301
646.000000	-0.001931	-0.002637	-0.002907	-0.003092	-0.003176	-0.003149	-0.003314
647.000000	-0.001954	-0.002650	-0.002915	-0.003099	-0.003170	-0.003180	-0.003315
648.000000	-0.002040	-0.002748	-0.002875	-0.003084	-0.003150	-0.003245	-0.003256
649.000000	-0.002148	-0.002880	-0.002880	-0.003117	-0.003191	-0.003337	-0.003245
650.000000	-0.002240	-0.002991	-0.003006	-0.003247	-0.003342	-0.003444	-0.003372
651.000000	-0.002304	-0.003050	-0.003178	-0.003385	-0.003494	-0.003548	-0.003542
652.000000	-0.002331	-0.003036	-0.003289	-0.003420	-0.003515	-0.003620	-0.003628
653.000000	-0.002270	-0.002926	-0.003265	-0.003316	-0.003388	-0.003583	-0.003569
654.000000	-0.002068	-0.002709	-0.003060	-0.003069	-0.003145	-0.003360	-0.003344
655.000000	-0.001795	-0.002459	-0.002781	-0.002774	-0.002885	-0.003048	-0.003062
656.000000	-0.001573	-0.002284	-0.002600	-0.002563	-0.002732	-0.002818	-0.002887
657.000000	-0.001418	-0.002165	-0.002488	-0.002434	-0.002648	-0.002682	-0.002810
658.000000	-0.001264	-0.001984	-0.002273	-0.002285	-0.002480	-0.002532	-0.002688
659.000000	-0.001086	-0.001727	-0.001959	-0.002090	-0.002220	-0.002348	-0.002477
660.000000	-0.000904	-0.001488	-0.001734	-0.001908	-0.002015	-0.002205	-0.002230
661.000000	-0.000724	-0.001310	-0.001647	-0.001751	-0.001908	-0.002097	-0.001990
662.000000	-0.000530	-0.001149	-0.001529	-0.001556	-0.001777	-0.001886	-0.001768
663.000000	-0.000305	-0.000960	-0.001274	-0.001294	-0.001541	-0.001517	-0.001555
664.000000	-0.000036	-0.000722	-0.000959	-0.001024	-0.001239	-0.001138	-0.001302
665.000000	0.000271	-0.000432	-0.000659	-0.000792	-0.000923	-0.000869	-0.000989
666.000000	0.000549	-0.000157	-0.000386	-0.000571	-0.000635	-0.000673	-0.000697
667.000000	0.000746	0.000055	-0.000135	-0.000327	-0.000400	-0.000481	-0.000496
668.000000	0.000950	0.000286	0.000121	-0.000037	-0.000157	-0.000242	-0.000331
669.000000	0.001258	0.000628	0.000397	0.000297	0.000154	0.000069	-0.000119
670.000000	0.001556	0.000963	0.000611	0.000560	0.000426	0.000339	0.000110
671.000000	0.001663	0.001103	0.000656	0.000612	0.000498	0.000417	0.000285
672.000000	0.001633	0.001081	0.000619	0.000556	0.000474	0.000393	0.000417
673.000000	0.001657	0.001058	0.000691	0.000635	0.000595	0.000492	0.000560
674.000000	0.001792	0.001109	0.000879	0.000867	0.000846	0.000724	0.000696
675.000000	0.001970	0.001238	0.001028	0.001076	0.000992	0.000912	0.000746
676.000000	0.002119	0.001407	0.001073	0.001165	0.000964	0.000974	0.000720
677.000000	0.002159	0.001535	0.001065	0.001137	0.000904	0.000944	0.000735
678.000000	0.002078	0.001564	0.001050	0.001034	0.000895	0.000870	0.000835
679.000000	0.001981	0.001492	0.001053	0.000956	0.000895	0.000800	0.000930
680.000000	0.001952	0.001349	0.001080	0.000956	0.000873	0.000765	0.000941
681.000000	0.002004	0.001251	0.001098	0.000966	0.000856	0.000746	0.000852
682.000000	0.002106	0.001268	0.001075	0.000922	0.000860	0.000726	0.000679
683.000000	0.002113	0.001267	0.001004	0.000847	0.000826	0.000708	0.000519
684.000000	0.001906	0.001124	0.000892	0.000780	0.000703	0.000701	0.000463
685.000000	0.001660	0.000986	0.000793	0.000754	0.000589	0.000708	0.000482
686.000000	0.001616	0.001054	0.000767	0.000793	0.000605	0.000731	0.000512
687.000000	0.001732	0.001223	0.000809	0.000847	0.000684	0.000746	0.000533
688.000000	0.001840	0.001259	0.000877	0.000840	0.000676	0.000720	0.000548
689.000000	0.001839	0.001144	0.000900	0.000751	0.000558	0.000654	0.000522
690.000000	0.001680	0.001010	0.000793	0.000605	0.000396	0.000576	0.000408
691.000000	0.001460	0.000943	0.000614	0.000471	0.000287	0.000511	0.000272
692.000000	0.001410	0.000982	0.000566	0.000455	0.000355	0.000483	0.000291
693.000000	0.001570	0.001085	0.000676	0.000569	0.000576	0.000484	0.000470
694.000000	0.001706	0.001106	0.000733	0.000688	0.000733	0.000466	0.000577
695.000000	0.001688	0.001002	0.000651	0.000733	0.000712	0.000424	0.000502
696.000000	0.001631	0.000955	0.000615	0.000730	0.000624	0.000448	0.000409
697.000000	0.001627	0.001067	0.000737	0.000700	0.000564	0.000569	0.000412
698.000000	0.001638	0.001158	0.000831	0.000630	0.000504	0.000630	0.000403
699.000000	0.001621	0.001065	0.000733	0.000513	0.000411	0.000506	0.000283
700.000000	0.001598	0.000885	0.000587	0.000403	0.000322	0.000351	0.000164
701.000000	0.001601	0.000772	0.000575	0.000360	0.000290	0.000351	0.000182
702.000000	0.001631	0.000789	0.000643	0.000408	0.000331	0.000461	0.000295
703.000000	0.001674	0.000955	0.000661	0.000545	0.000444	0.000557	0.000402
704.000000	0.001715	0.001172	0.000636	0.000703	0.000585	0.000601	0.000485
705.000000	0.001743	0.001290	0.000648	0.000782	0.000687	0.000598	0.000570
706.000000	0.001797	0.001306	0.000739	0.000800	0.000741	0.000591	0.000671
707.000000	0.001950	0.001331	0.000920	0.000866	0.000783	0.000649	0.000791
708.000000	0.002214	0.001458	0.001179	0.001026	0.000887	0.000821	0.000945
709.000000	0.002526	0.001757	0.001472	0.001263	0.001164	0.001135	0.001157
710.000000	0.002841	0.002184	0.001772	0.001570	0.001597	0.001546	0.001438
711.000000	0.003139	0.002531	0.002081	0.001965	0.001972	0.001900	0.001769
712.000000	0.003442	0.002720	0.002419	0.002438	0.002204	0.002155	0.002142
713.000000	0.003856	0.002987	0.002838	0.002915	0.002524	0.002529	0.002563
714.000000	0.004421	0.003505	0.003353	0.003333	0.003086	0.003144	0.003018
715.000000	0.004947	0.004108	0.003852	0.003683	0.003674	0.003721	0.003420
716.000000	0.005285	0.004619	0.004249	0.003999	0.004081	0.004023	0.003726
717.000000	0.005703	0.005116	0.004709	0.004454	0.004476	0.004365	0.004155
718.000000	0.006506	0.005731	0.005418	0.005213	0.005092	0.005135	0.004935
719.000000	0.007441	0.006456	0.006231	0.006096	0.005868	0.006124	0.005824
720.000000	0.008071	0.007219	0.006885	0.006800	0.006623	0.006899	0.006424
721.000000	0.008479	0.007869	0.007314	0.007247	0.007207	0.007308	0.006728
722.000000	0.009040	0.008228	0.007587	0.007506	0.007512	0.007384	0.006966
723.000000	0.009799	0.008499	0.007968	0.007812	0.007728	0.007432	0.007389
724.000000	0.010522	0.009187	0.008870	0.008521	0.008286	0.007968	0.008256
725.000000	0.011087	0.010263	0.010043	0.009531	0.009163	0.008991	0.009388
726.000000	0.011511	0.011060	0.010469	0.010200	0.009797	0.009885	0.010101
727.000000	0.011868	0.011316	0.009974	0.010354	0.009998	0.010310	0.010146
728.000000	0.012308	0.011503	0.009869	0.010656	0.010250	0.010445	0.010049
729.000000	0.012849	0.011903	0.010862	0.011434	0.010806	0.010490	0.010187
730.000000	0.013177	0.012200	0.011902	0.012046	0.011228	0.010577	0.010418
731.000000	0.013049	0.012113	0.012044	0.011941	0.011140	0.010792	0.010578
732.000000	0.012638	0.011780	0.011582	0.011376	0.010725	0.011088	0.010680
