[HEADER]
Format	J&M ASCII Table
Comment	
Date	2/21/2023 5:20:31 AM
Order	Y (evenX)
TechType	UV
NumPoints	483
FirstX	250.00
LastX	732.00
XType	NMetr
YType	Absrb
ZType	Secs
NumSubFile	7
Matrix	Z vs X
[DATA]
	0.000000	5.000064	10.000128	15.000256	20.000320	25.000383	30.000511
250.000000	1.412309	1.405231	1.410197	1.409686	1.410615	1.409397	1.407966
251.000000	1.399644	1.393157	1.397719	1.395885	1.399802	1.395852	1.396247
252.000000	1.385393	1.383081	1.381562	1.380001	1.385062	1.379573	1.381676
253.000000	1.373450	1.375341	1.368217	1.366434	1.371634	1.366502	1.368125
254.000000	1.366518	1.369604	1.362380	1.358557	1.363740	1.360796	1.358787
255.000000	1.361403	1.363367	1.359436	1.354160	1.359408	1.357707	1.352571
256.000000	1.354862	1.354854	1.354166	1.350493	1.355797	1.351957	1.347982
257.000000	1.350363	1.348800	1.349112	1.348476	1.352640	1.345964	1.346393
258.000000	1.352857	1.351128	1.348999	1.350056	1.350718	1.344429	1.349773
259.000000	1.360307	1.358798	1.354582	1.355251	1.352320	1.349170	1.356762
260.000000	1.367329	1.364604	1.364454	1.363025	1.360203	1.360231	1.364360
261.000000	1.372618	1.368563	1.375593	1.371466	1.372415	1.373448	1.370862
262.000000	1.378012	1.376125	1.383867	1.378077	1.383476	1.381660	1.375644
263.000000	1.384641	1.387700	1.388679	1.382892	1.391126	1.384840	1.380128
264.000000	1.392712	1.397809	1.393480	1.388817	1.396877	1.391120	1.387992
265.000000	1.401331	1.403328	1.399937	1.396569	1.401473	1.402720	1.399330
266.000000	1.407827	1.405664	1.406324	1.402887	1.404012	1.411094	1.407959
267.000000	1.410753	1.406568	1.411066	1.405551	1.404549	1.411119	1.410013
268.000000	1.412246	1.407550	1.413822	1.405992	1.406000	1.409105	1.409104
269.000000	1.413753	1.409024	1.414144	1.405516	1.409849	1.410487	1.408538
270.000000	1.411752	1.407197	1.410379	1.402645	1.410104	1.410055	1.405715
271.000000	1.402405	1.398303	1.401111	1.395685	1.400598	1.401406	1.397363
272.000000	1.387604	1.385237	1.388236	1.385883	1.385627	1.387170	1.385181
273.000000	1.371155	1.372850	1.374565	1.375231	1.372618	1.372897	1.372355
274.000000	1.353905	1.359816	1.359262	1.361826	1.359902	1.358492	1.357782
275.000000	1.334996	1.341469	1.339552	1.341748	1.340875	1.340710	1.338086
276.000000	1.313911	1.317797	1.315985	1.315574	1.315228	1.318709	1.313861
277.000000	1.290475	1.292785	1.291951	1.287761	1.288104	1.293782	1.289102
278.000000	1.265866	1.268608	1.269041	1.261760	1.263249	1.267924	1.265999
279.000000	1.242949	1.244965	1.246444	1.239559	1.242379	1.243922	1.244305
280.000000	1.222420	1.221299	1.223604	1.220557	1.224369	1.222315	1.222887
281.000000	1.200673	1.196864	1.200743	1.199427	1.202958	1.199301	1.199241
282.000000	1.175389	1.171689	1.177842	1.173016	1.174712	1.172631	1.172507
283.000000	1.149338	1.148072	1.153934	1.145921	1.145952	1.145912	1.146976
284.000000	1.125420	1.127661	1.128356	1.122731	1.122804	1.122714	1.126097
285.000000	1.103076	1.107373	1.102560	1.101816	1.102756	1.101766	1.105453
286.000000	1.080989	1.083656	1.078444	1.080268	1.081480	1.080740	1.079716
287.000000	1.059310	1.058936	1.056899	1.058402	1.058872	1.059388	1.052611
288.000000	1.038765	1.037785	1.038223	1.037794	1.036610	1.038341	1.031132
289.000000	1.019468	1.019891	1.020919	1.018611	1.016031	1.018112	1.015107
290.000000	1.001146	1.001921	1.002451	1.000140	0.998168	0.999117	0.999857
291.000000	0.983698	0.983379	0.982793	0.982305	0.982350	0.981437	0.983304
292.000000	0.967191	0.966481	0.964295	0.965634	0.966330	0.964828	0.965920
293.000000	0.951448	0.951808	0.947936	0.950042	0.949425	0.948918	0.948594
294.000000	0.935942	0.937512	0.932643	0.934553	0.933234	0.933173	0.932652
295.000000	0.920543	0.922408	0.917845	0.918761	0.918666	0.917554	0.918542
296.000000	0.906003	0.907088	0.904329	0.903595	0.904827	0.903080	0.904810
297.000000	0.892724	0.892234	0.892381	0.889735	0.890910	0.890263	0.890307
298.000000	0.879637	0.878112	0.880134	0.876545	0.877088	0.877577	0.875618
299.000000	0.865749	0.864803	0.865922	0.863295	0.863657	0.863590	0.861546
300.000000	0.851900	0.851858	0.851185	0.850089	0.850534	0.849335	0.848274
301.000000	0.839275	0.838750	0.837990	0.837239	0.837545	0.836356	0.835742
302.000000	0.827299	0.825599	0.825803	0.824667	0.824716	0.824209	0.823479
303.000000	0.814670	0.812795	0.812982	0.812129	0.812156	0.811594	0.810869
304.000000	0.801463	0.800249	0.799524	0.799548	0.799780	0.798296	0.797959
305.000000	0.788687	0.787550	0.786555	0.786969	0.787375	0.784864	0.785251
306.000000	0.776576	0.774752	0.774380	0.774530	0.774841	0.771853	0.772943
307.000000	0.764543	0.762384	0.762444	0.762459	0.762205	0.759796	0.760911
308.000000	0.752367	0.750620	0.750491	0.750744	0.749588	0.748694	0.748993
309.000000	0.740443	0.739054	0.738783	0.739006	0.737259	0.737742	0.736991
310.000000	0.728994	0.727419	0.727484	0.727077	0.725455	0.726431	0.724956
311.000000	0.717740	0.715871	0.716421	0.715338	0.714312	0.715086	0.713512
312.000000	0.706414	0.704568	0.705368	0.704046	0.703752	0.703974	0.702994
313.000000	0.695051	0.693477	0.694048	0.692760	0.692988	0.692755	0.692455
314.000000	0.683752	0.682518	0.682320	0.681090	0.681351	0.681098	0.680945
315.000000	0.672618	0.671597	0.670832	0.669753	0.669636	0.669432	0.669016
316.000000	0.661724	0.660631	0.660344	0.659636	0.658960	0.658363	0.657622
317.000000	0.650942	0.649685	0.650286	0.649835	0.648931	0.647782	0.646821
318.000000	0.640056	0.638896	0.639498	0.638669	0.638458	0.637244	0.636231
319.000000	0.629117	0.628347	0.628170	0.626514	0.627438	0.626657	0.625767
320.000000	0.618373	0.618076	0.617484	0.615264	0.616519	0.616194	0.615565
321.000000	0.607910	0.608005	0.607624	0.605453	0.606022	0.605868	0.605517
322.000000	0.597633	0.597929	0.597642	0.596070	0.595885	0.595513	0.595251
323.000000	0.587431	0.587732	0.587073	0.586415	0.585947	0.585105	0.584703
324.000000	0.577197	0.577456	0.576346	0.576439	0.575907	0.574873	0.574342
325.000000	0.566919	0.567146	0.565823	0.566184	0.565603	0.564920	0.564408
326.000000	0.556828	0.556820	0.555505	0.555764	0.555241	0.554983	0.554457
327.000000	0.547081	0.546520	0.545376	0.545380	0.545011	0.544834	0.544132
328.000000	0.537422	0.536397	0.535563	0.535531	0.534854	0.534597	0.533803
329.000000	0.527582	0.526608	0.526186	0.526603	0.524730	0.524496	0.523937
330.000000	0.517801	0.517188	0.517125	0.517922	0.515084	0.514859	0.514580
331.000000	0.508447	0.508105	0.508174	0.508537	0.506408	0.505968	0.505601
332.000000	0.499372	0.499118	0.499144	0.498519	0.498025	0.497310	0.496638
333.000000	0.490172	0.489896	0.489879	0.488487	0.488710	0.488007	0.487249
334.000000	0.480969	0.480585	0.480575	0.478888	0.478794	0.478197	0.477700
335.000000	0.472294	0.471700	0.471702	0.470017	0.469832	0.468833	0.468815
336.000000	0.464235	0.463398	0.463331	0.461924	0.462127	0.460388	0.460803
337.000000	0.456346	0.455391	0.455048	0.454375	0.454472	0.452734	0.453127
338.000000	0.448350	0.447484	0.446683	0.446991	0.446211	0.445531	0.445416
339.000000	0.440327	0.439691	0.438536	0.439182	0.437815	0.438131	0.437670
340.000000	0.432415	0.432014	0.430809	0.430731	0.429761	0.430161	0.429932
341.000000	0.424810	0.424385	0.423321	0.422473	0.422260	0.422050	0.422261
342.000000	0.417600	0.416776	0.415911	0.415133	0.415348	0.414272	0.414722
343.000000	0.410405	0.409373	0.408736	0.408314	0.408543	0.406953	0.407377
344.000000	0.402878	0.402364	0.401985	0.401440	0.401358	0.400104	0.400278
345.000000	0.395612	0.395628	0.395538	0.394536	0.394061	0.393526	0.393403
346.000000	0.389441	0.388948	0.389162	0.387849	0.387172	0.386977	0.386707
347.000000	0.383908	0.382306	0.382688	0.381449	0.380748	0.380553	0.380237
348.000000	0.377865	0.375804	0.376002	0.375304	0.374585	0.374515	0.374080
349.000000	0.371160	0.369551	0.369300	0.369278	0.368614	0.368713	0.368104
350.000000	0.364487	0.363654	0.363034	0.363161	0.362875	0.362654	0.362007
351.000000	0.358280	0.358078	0.357318	0.357001	0.357285	0.356336	0.355848
352.000000	0.352616	0.352612	0.351837	0.351171	0.351599	0.350381	0.350140
353.000000	0.347375	0.347068	0.346346	0.345796	0.345726	0.345034	0.344970
354.000000	0.342115	0.341324	0.340768	0.340510	0.339873	0.339778	0.339592
355.000000	0.336581	0.335428	0.335116	0.335054	0.334238	0.334254	0.333585
356.000000	0.331120	0.329873	0.329600	0.329600	0.328906	0.328771	0.327674
357.000000	0.326047	0.325024	0.324390	0.324340	0.323875	0.323626	0.322527
358.000000	0.321082	0.320381	0.319359	0.319235	0.318858	0.318590	0.317756
359.000000	0.315850	0.315315	0.314320	0.314179	0.313563	0.313356	0.312772
360.000000	0.310372	0.309865	0.309230	0.309031	0.308156	0.308020	0.307533
361.000000	0.304830	0.304339	0.304103	0.303665	0.302961	0.302822	0.302217
362.000000	0.299469	0.298992	0.298986	0.298288	0.298023	0.297760	0.297013
363.000000	0.294551	0.294032	0.293941	0.293285	0.293216	0.292699	0.292103
364.000000	0.289980	0.289394	0.288984	0.288575	0.288401	0.287669	0.287427
365.000000	0.285344	0.284770	0.284090	0.283676	0.283438	0.282840	0.282714
366.000000	0.280392	0.279935	0.279182	0.278469	0.278316	0.278173	0.277808
367.000000	0.275100	0.274781	0.274114	0.273327	0.273198	0.273348	0.272710
368.000000	0.269588	0.269378	0.268887	0.268434	0.268179	0.268209	0.267500
369.000000	0.264225	0.264122	0.263787	0.263555	0.263205	0.262940	0.262391
370.000000	0.259248	0.259249	0.258963	0.258508	0.258213	0.257718	0.257492
371.000000	0.254429	0.254432	0.254087	0.253394	0.253162	0.252584	0.252582
372.000000	0.249530	0.249337	0.248878	0.248329	0.248039	0.247545	0.247467
373.000000	0.244629	0.244027	0.243630	0.243282	0.242932	0.242570	0.242347
374.000000	0.239842	0.238688	0.238719	0.238203	0.237937	0.237624	0.237476
375.000000	0.234965	0.233593	0.233965	0.233179	0.232978	0.232710	0.232770
376.000000	0.229719	0.229004	0.229000	0.228341	0.227935	0.227841	0.228014
377.000000	0.224444	0.224645	0.223915	0.223710	0.222934	0.222979	0.223129
378.000000	0.219826	0.219944	0.219065	0.219233	0.218242	0.218064	0.218127
379.000000	0.215751	0.214994	0.214519	0.214795	0.213862	0.213229	0.213184
380.000000	0.211387	0.210478	0.210076	0.210232	0.209558	0.208774	0.208617
381.000000	0.206455	0.206412	0.205576	0.205493	0.205134	0.204642	0.204349
382.000000	0.201438	0.201906	0.200927	0.200678	0.200459	0.200296	0.199780
383.000000	0.196715	0.196635	0.196161	0.195931	0.195578	0.195536	0.194742
384.000000	0.192355	0.191513	0.191544	0.191449	0.190870	0.190877	0.189994
385.000000	0.188300	0.187232	0.187251	0.187314	0.186596	0.186676	0.186039
386.000000	0.184221	0.183432	0.183118	0.183230	0.182564	0.182572	0.182338
387.000000	0.179860	0.179646	0.178962	0.178936	0.178541	0.178214	0.178314
388.000000	0.175489	0.175765	0.174823	0.174625	0.174494	0.173867	0.174091
389.000000	0.171464	0.171793	0.170794	0.170578	0.170447	0.169901	0.169961
390.000000	0.167689	0.167774	0.166940	0.166809	0.166472	0.166200	0.166025
391.000000	0.163892	0.163769	0.163293	0.163217	0.162648	0.162464	0.162294
392.000000	0.160031	0.159833	0.159685	0.159645	0.158985	0.158666	0.158692
393.000000	0.156208	0.156010	0.155837	0.155911	0.155444	0.154949	0.155086
394.000000	0.152539	0.152322	0.151850	0.152053	0.151931	0.151338	0.151452
395.000000	0.149143	0.148762	0.148175	0.148311	0.148309	0.147754	0.147859
396.000000	0.145947	0.145347	0.144943	0.144789	0.144590	0.144211	0.144347
397.000000	0.142620	0.142124	0.141843	0.141407	0.140988	0.140863	0.140921
398.000000	0.139033	0.139008	0.138621	0.138082	0.137606	0.137717	0.137541
399.000000	0.135489	0.135660	0.135202	0.134760	0.134300	0.134479	0.134098
400.000000	0.132200	0.131906	0.131590	0.131397	0.130953	0.130956	0.130549
401.000000	0.128954	0.128159	0.127979	0.127976	0.127613	0.127355	0.127079
402.000000	0.125543	0.124808	0.124547	0.124506	0.124337	0.123907	0.123830
403.000000	0.122121	0.121663	0.121248	0.121087	0.121078	0.120630	0.120580
404.000000	0.118900	0.118413	0.117987	0.117827	0.117774	0.117476	0.117076
405.000000	0.115791	0.115089	0.114787	0.114694	0.114487	0.114371	0.113582
406.000000	0.112593	0.111852	0.111705	0.111603	0.111317	0.111233	0.110534
407.000000	0.109308	0.108735	0.108635	0.108513	0.108250	0.108065	0.107807
408.000000	0.106067	0.105683	0.105379	0.105411	0.105199	0.104917	0.104942
409.000000	0.102943	0.102705	0.102038	0.102332	0.102160	0.101848	0.101876
410.000000	0.099952	0.099858	0.098978	0.099347	0.099204	0.098917	0.098918
411.000000	0.097081	0.097099	0.096304	0.096504	0.096335	0.096097	0.096165
412.000000	0.094281	0.094246	0.093762	0.093815	0.093464	0.093249	0.093416
413.000000	0.091502	0.091241	0.091138	0.091203	0.090568	0.090325	0.090556
414.000000	0.088700	0.088288	0.088355	0.088416	0.087758	0.087485	0.087678
415.000000	0.085869	0.085540	0.085429	0.085343	0.085107	0.084845	0.084873
416.000000	0.083112	0.082917	0.082600	0.082349	0.082532	0.082336	0.082153
417.000000	0.080528	0.080323	0.080080	0.079778	0.079957	0.079862	0.079520
418.000000	0.078116	0.077786	0.077753	0.077499	0.077469	0.077374	0.077002
419.000000	0.075833	0.075353	0.075434	0.075270	0.075166	0.074847	0.074617
420.000000	0.073523	0.072994	0.073067	0.072990	0.072895	0.072351	0.072279
421.000000	0.071017	0.070651	0.070659	0.070627	0.070428	0.069981	0.069877
422.000000	0.068480	0.068363	0.068291	0.068232	0.067885	0.067738	0.067498
423.000000	0.066269	0.066216	0.066084	0.065903	0.065590	0.065558	0.065346
424.000000	0.064332	0.064154	0.063999	0.063664	0.063553	0.063398	0.063368
425.000000	0.062242	0.061989	0.061857	0.061463	0.061502	0.061227	0.061283
426.000000	0.059895	0.059688	0.059623	0.059292	0.059332	0.059048	0.059010
427.000000	0.057622	0.057431	0.057454	0.057191	0.057178	0.056902	0.056740
428.000000	0.055597	0.055329	0.055424	0.055167	0.055104	0.054804	0.054607
429.000000	0.053625	0.053329	0.053406	0.053151	0.053012	0.052716	0.052603
430.000000	0.051551	0.051358	0.051295	0.051087	0.050834	0.050619	0.050668
431.000000	0.049458	0.049337	0.049100	0.048975	0.048653	0.048568	0.048652
432.000000	0.047433	0.047220	0.046868	0.046836	0.046554	0.046609	0.046453
433.000000	0.045407	0.045099	0.044713	0.044718	0.044516	0.044691	0.044258
434.000000	0.043290	0.043083	0.042745	0.042673	0.042502	0.042744	0.042291
435.000000	0.041165	0.041134	0.040907	0.040714	0.040555	0.040751	0.040492
436.000000	0.039172	0.039164	0.039078	0.038837	0.038739	0.038721	0.038691
437.000000	0.037316	0.037209	0.037230	0.037024	0.036990	0.036728	0.036847
438.000000	0.035519	0.035374	0.035386	0.035250	0.035173	0.034874	0.034993
439.000000	0.033740	0.033647	0.033538	0.033482	0.033277	0.033120	0.033135
440.000000	0.031975	0.031909	0.031649	0.031689	0.031402	0.031294	0.031252
441.000000	0.030222	0.030112	0.029754	0.029866	0.029607	0.029377	0.029381
442.000000	0.028487	0.028308	0.027977	0.028046	0.027881	0.027543	0.027628
443.000000	0.026785	0.026553	0.026373	0.026264	0.026208	0.025898	0.026016
444.000000	0.025155	0.024906	0.024852	0.024554	0.024556	0.024391	0.024399
445.000000	0.023607	0.023387	0.023325	0.022934	0.022919	0.022942	0.022682
446.000000	0.022060	0.021906	0.021756	0.021389	0.021358	0.021451	0.020967
447.000000	0.020452	0.020377	0.020132	0.019890	0.019904	0.019842	0.019368
448.000000	0.018854	0.018802	0.018504	0.018376	0.018413	0.018182	0.017902
449.000000	0.017358	0.017210	0.016939	0.016806	0.016750	0.016574	0.016551
450.000000	0.015959	0.015668	0.015486	0.015307	0.015140	0.015099	0.015241
451.000000	0.014609	0.014242	0.014174	0.014046	0.013907	0.013815	0.013886
452.000000	0.013249	0.012870	0.012901	0.012890	0.012862	0.012607	0.012499
453.000000	0.011814	0.011425	0.011499	0.011548	0.011540	0.011268	0.011148
454.000000	0.010363	0.009986	0.010033	0.010049	0.009955	0.009824	0.009863
455.000000	0.009053	0.008808	0.008764	0.008698	0.008533	0.008497	0.008631
456.000000	0.007907	0.007868	0.007721	0.007575	0.007393	0.007343	0.007429
457.000000	0.006780	0.006796	0.006635	0.006465	0.006251	0.006203	0.006217
458.000000	0.005583	0.005428	0.005367	0.005242	0.004966	0.004976	0.004970
459.000000	0.004345	0.004019	0.004056	0.003974	0.003698	0.003685	0.003686
460.000000	0.003117	0.002790	0.002827	0.002740	0.002573	0.002393	0.002397
461.000000	0.001972	0.001746	0.001691	0.001607	0.001550	0.001241	0.001214
462.000000	0.000954	0.000838	0.000637	0.000601	0.000558	0.000315	0.000211
463.000000	-0.000020	-0.000078	-0.000359	-0.000380	-0.000459	-0.000581	-0.000745
464.000000	-0.001057	-0.001141	-0.001331	-0.001452	-0.001545	-0.001666	-0.001813
465.000000	-0.002194	-0.002328	-0.002360	-0.002615	-0.002667	-0.002885	-0.002962
466.000000	-0.003432	-0.003556	-0.003530	-0.003818	-0.003767	-0.004083	-0.004094
467.000000	-0.004667	-0.004752	-0.004775	-0.005003	-0.004852	-0.005202	-0.005177
468.000000	-0.005748	-0.005856	-0.005953	-0.006108	-0.005960	-0.006239	-0.006221
469.000000	-0.006711	-0.006876	-0.007027	-0.007121	-0.007077	-0.007233	-0.007257
470.000000	-0.007739	-0.007877	-0.008049	-0.008072	-0.008148	-0.008254	-0.008334
471.000000	-0.008849	-0.008865	-0.009041	-0.009007	-0.009151	-0.009304	-0.009438
472.000000	-0.009851	-0.009782	-0.009992	-0.009984	-0.010105	-0.010307	-0.010484
473.000000	-0.010680	-0.010628	-0.010905	-0.011007	-0.011032	-0.011227	-0.011432
474.000000	-0.011509	-0.011519	-0.011817	-0.011982	-0.011954	-0.012112	-0.012333
475.000000	-0.012466	-0.012523	-0.012747	-0.012861	-0.012891	-0.013008	-0.013229
476.000000	-0.013501	-0.013554	-0.013660	-0.013742	-0.013850	-0.013930	-0.014118
477.000000	-0.014536	-0.014528	-0.014537	-0.014705	-0.014831	-0.014883	-0.014995
478.000000	-0.015495	-0.015442	-0.015435	-0.015675	-0.015803	-0.015832	-0.015887
479.000000	-0.016322	-0.016316	-0.016411	-0.016554	-0.016730	-0.016739	-0.016816
480.000000	-0.017073	-0.017173	-0.017388	-0.017368	-0.017595	-0.017594	-0.017734
481.000000	-0.017837	-0.018029	-0.018251	-0.018172	-0.018384	-0.018396	-0.018570
482.000000	-0.018575	-0.018804	-0.018953	-0.018935	-0.019072	-0.019122	-0.019286
483.000000	-0.019194	-0.019381	-0.019493	-0.019584	-0.019630	-0.019745	-0.019864
484.000000	-0.019739	-0.019825	-0.019973	-0.020151	-0.020115	-0.020292	-0.020368
485.000000	-0.020360	-0.020337	-0.020572	-0.020747	-0.020652	-0.020838	-0.020922
486.000000	-0.021090	-0.021006	-0.021309	-0.021418	-0.021302	-0.021441	-0.021564
487.000000	-0.021829	-0.021785	-0.022026	-0.022134	-0.022063	-0.022137	-0.022233
488.000000	-0.022536	-0.022615	-0.022675	-0.022871	-0.022903	-0.022933	-0.022926
489.000000	-0.023281	-0.023421	-0.023401	-0.023629	-0.023760	-0.023787	-0.023746
490.000000	-0.024090	-0.024164	-0.024269	-0.024394	-0.024569	-0.024635	-0.024701
491.000000	-0.024867	-0.024890	-0.025100	-0.025121	-0.025282	-0.025375	-0.025563
492.000000	-0.025531	-0.025634	-0.025749	-0.025779	-0.025884	-0.025951	-0.026159
493.000000	-0.026121	-0.026340	-0.026324	-0.026411	-0.026479	-0.026505	-0.026651
494.000000	-0.026693	-0.026954	-0.026956	-0.027060	-0.027163	-0.027176	-0.027232
495.000000	-0.027265	-0.027514	-0.027610	-0.027688	-0.027840	-0.027860	-0.027861
496.000000	-0.027840	-0.028083	-0.028206	-0.028236	-0.028375	-0.028400	-0.028433
497.000000	-0.028423	-0.028655	-0.028761	-0.028748	-0.028842	-0.028866	-0.028964
498.000000	-0.029021	-0.029197	-0.029337	-0.029311	-0.029410	-0.029428	-0.029524
499.000000	-0.029624	-0.029727	-0.029939	-0.029920	-0.030050	-0.030075	-0.030116
500.000000	-0.030210	-0.030299	-0.030530	-0.030499	-0.030597	-0.030668	-0.030688
501.000000	-0.030753	-0.030878	-0.031085	-0.031021	-0.031026	-0.031170	-0.031219
502.000000	-0.031233	-0.031337	-0.031594	-0.031508	-0.031459	-0.031657	-0.031716
503.000000	-0.031671	-0.031694	-0.032068	-0.031989	-0.031971	-0.032174	-0.032192
504.000000	-0.032156	-0.032195	-0.032547	-0.032494	-0.032550	-0.032719	-0.032663
505.000000	-0.032718	-0.032928	-0.033048	-0.033029	-0.033156	-0.033272	-0.033144
506.000000	-0.033253	-0.033606	-0.033521	-0.033544	-0.033698	-0.033774	-0.033642
507.000000	-0.033687	-0.034005	-0.033934	-0.034002	-0.034124	-0.034197	-0.034159
508.000000	-0.034100	-0.034297	-0.034329	-0.034439	-0.034517	-0.034609	-0.034680
509.000000	-0.034581	-0.034685	-0.034754	-0.034897	-0.034968	-0.035082	-0.035184
510.000000	-0.035099	-0.035145	-0.035215	-0.035378	-0.035454	-0.035594	-0.035661
511.000000	-0.035587	-0.035592	-0.035699	-0.035867	-0.035920	-0.036095	-0.036103
512.000000	-0.036019	-0.036001	-0.036166	-0.036309	-0.036342	-0.036540	-0.036506
513.000000	-0.036384	-0.036378	-0.036568	-0.036647	-0.036711	-0.036892	-0.036871
514.000000	-0.036731	-0.036772	-0.036953	-0.036950	-0.037073	-0.037213	-0.037226
515.000000	-0.037145	-0.037249	-0.037423	-0.037367	-0.037506	-0.037619	-0.037622
516.000000	-0.037606	-0.037764	-0.037939	-0.037887	-0.037986	-0.038099	-0.038051
517.000000	-0.037997	-0.038163	-0.038328	-0.038345	-0.038398	-0.038521	-0.038455
518.000000	-0.038306	-0.038434	-0.038572	-0.038683	-0.038719	-0.038854	-0.038824
519.000000	-0.038671	-0.038767	-0.038879	-0.039001	-0.039062	-0.039217	-0.039223
520.000000	-0.039167	-0.039264	-0.039356	-0.039384	-0.039500	-0.039676	-0.039686
521.000000	-0.039718	-0.039814	-0.039875	-0.039862	-0.040008	-0.040166	-0.040184
522.000000	-0.040238	-0.040307	-0.040324	-0.040427	-0.040536	-0.040620	-0.040679
523.000000	-0.040663	-0.040696	-0.040725	-0.040960	-0.040994	-0.041011	-0.041120
524.000000	-0.040967	-0.040978	-0.041119	-0.041360	-0.041322	-0.041338	-0.041480
525.000000	-0.041270	-0.041283	-0.041513	-0.041692	-0.041616	-0.041670	-0.041824
526.000000	-0.041706	-0.041747	-0.041907	-0.042051	-0.041996	-0.042083	-0.042230
527.000000	-0.042194	-0.042274	-0.042316	-0.042437	-0.042444	-0.042538	-0.042683
528.000000	-0.042586	-0.042689	-0.042759	-0.042810	-0.042886	-0.042958	-0.043129
529.000000	-0.042909	-0.043001	-0.043203	-0.043175	-0.043297	-0.043330	-0.043519
530.000000	-0.043293	-0.043329	-0.043594	-0.043561	-0.043689	-0.043685	-0.043814
531.000000	-0.043752	-0.043717	-0.043939	-0.043976	-0.044079	-0.044057	-0.044070
532.000000	-0.044195	-0.044139	-0.044304	-0.044415	-0.044490	-0.044491	-0.044428
533.000000	-0.044574	-0.044561	-0.044698	-0.044846	-0.044911	-0.044956	-0.044905
534.000000	-0.044901	-0.044941	-0.045060	-0.045210	-0.045283	-0.045331	-0.045357
535.000000	-0.045200	-0.045266	-0.045362	-0.045492	-0.045588	-0.045585	-0.045699
536.000000	-0.045522	-0.045571	-0.045650	-0.045755	-0.045880	-0.045855	-0.045967
537.000000	-0.045882	-0.045886	-0.045962	-0.046048	-0.046197	-0.046227	-0.046212
538.000000	-0.046203	-0.046203	-0.046282	-0.046361	-0.046506	-0.046598	-0.046479
539.000000	-0.046428	-0.046514	-0.046595	-0.046676	-0.046780	-0.046876	-0.046801
540.000000	-0.046640	-0.046824	-0.046913	-0.046981	-0.047058	-0.047136	-0.047144
541.000000	-0.046936	-0.047140	-0.047249	-0.047270	-0.047380	-0.047472	-0.047465
542.000000	-0.047295	-0.047428	-0.047577	-0.047555	-0.047713	-0.047850	-0.047775
543.000000	-0.047645	-0.047652	-0.047853	-0.047845	-0.047997	-0.048184	-0.048089
544.000000	-0.047877	-0.047864	-0.048034	-0.048071	-0.048176	-0.048376	-0.048318
545.000000	-0.047894	-0.048157	-0.048095	-0.048145	-0.048216	-0.048352	-0.048344
546.000000	-0.048059	-0.048487	-0.048362	-0.048388	-0.048460	-0.048484	-0.048517
547.000000	-0.049040	-0.048705	-0.049381	-0.049388	-0.049487	-0.049443	-0.049498
548.000000	-0.049866	-0.048825	-0.050150	-0.050161	-0.050287	-0.050255	-0.050315
549.000000	-0.047782	-0.049046	-0.047984	-0.048015	-0.048120	-0.048158	-0.048218
550.000000	-0.045011	-0.049373	-0.045163	-0.045209	-0.045248	-0.045379	-0.045434
551.000000	-0.051936	-0.049489	-0.052078	-0.052106	-0.052119	-0.052314	-0.052341
552.000000	-0.065294	-0.049434	-0.065460	-0.065447	-0.065504	-0.065705	-0.065683
553.000000	-0.047973	-0.050159	-0.048157	-0.048185	-0.048239	-0.048410	-0.048364
554.000000	0.018157	-0.051759	0.017986	0.017808	0.017849	0.017722	0.017734
555.000000	0.067818	-0.050882	0.067643	0.067512	0.067492	0.067388	0.067372
556.000000	0.037850	-0.044988	0.037613	0.037903	0.037523	0.037401	0.037426
557.000000	-0.027718	-0.039786	-0.028021	-0.027792	-0.028047	-0.028201	-0.028125
558.000000	-0.058432	-0.042391	-0.058722	-0.059828	-0.058779	-0.058942	-0.058882
559.000000	-0.054532	-0.049418	-0.054748	-0.055934	-0.054883	-0.055038	-0.055022
560.000000	-0.048688	-0.052956	-0.048827	-0.045242	-0.048982	-0.049134	-0.049105
561.000000	-0.050376	-0.052342	-0.050487	-0.040589	-0.050593	-0.050747	-0.050664
562.000000	-0.052869	-0.051859	-0.053039	-0.043097	-0.053087	-0.053226	-0.053137
563.000000	-0.053051	-0.052569	-0.053310	-0.049625	-0.053331	-0.053444	-0.053413
564.000000	-0.051772	-0.052266	-0.051999	-0.053136	-0.052049	-0.052155	-0.052184
565.000000	-0.051034	-0.051359	-0.051107	-0.052298	-0.051224	-0.051345	-0.051403
566.000000	-0.054226	-0.054165	-0.054229	-0.054140	-0.054384	-0.054501	-0.054561
567.000000	-0.061285	-0.061278	-0.061394	-0.061149	-0.061524	-0.061609	-0.061657
568.000000	-0.064831	-0.064999	-0.065030	-0.065137	-0.065127	-0.065209	-0.065248
569.000000	-0.060209	-0.060373	-0.060349	-0.060577	-0.060449	-0.060587	-0.060630
570.000000	-0.053791	-0.053870	-0.053867	-0.054016	-0.053973	-0.054145	-0.054193
571.000000	-0.052185	-0.052239	-0.052335	-0.052364	-0.052417	-0.052532	-0.052574
572.000000	-0.053619	-0.053698	-0.053872	-0.053835	-0.053929	-0.053964	-0.054008
573.000000	-0.054428	-0.054531	-0.054660	-0.054667	-0.054727	-0.054755	-0.054827
574.000000	-0.054281	-0.054407	-0.054452	-0.054528	-0.054530	-0.054600	-0.054689
575.000000	-0.054180	-0.054343	-0.054407	-0.054457	-0.054447	-0.054539	-0.054579
576.000000	-0.054330	-0.054520	-0.054661	-0.054640	-0.054656	-0.054734	-0.054707
577.000000	-0.054460	-0.054624	-0.054747	-0.054758	-0.054788	-0.054828	-0.054813
578.000000	-0.054569	-0.054654	-0.054679	-0.054806	-0.054840	-0.054845	-0.054896
579.000000	-0.054879	-0.054883	-0.054881	-0.055046	-0.055126	-0.055132	-0.055174
580.000000	-0.055157	-0.055113	-0.055201	-0.055287	-0.055440	-0.055478	-0.055430
581.000000	-0.054600	-0.054565	-0.054759	-0.054773	-0.054931	-0.054983	-0.054912
582.000000	-0.053725	-0.053746	-0.053991	-0.054000	-0.054072	-0.054104	-0.054134
583.000000	-0.055464	-0.055519	-0.055758	-0.055764	-0.055769	-0.055799	-0.055924
584.000000	-0.059282	-0.059335	-0.059523	-0.059491	-0.059516	-0.059594	-0.059719
585.000000	-0.054966	-0.055126	-0.055236	-0.055218	-0.055264	-0.055404	-0.055487
586.000000	-0.040300	-0.040696	-0.040740	-0.040825	-0.040841	-0.041008	-0.041060
587.000000	-0.050084	-0.050288	-0.050367	-0.050430	-0.050519	-0.050637	-0.050638
588.000000	-0.113096	-0.112367	-0.112621	-0.112391	-0.112747	-0.112731	-0.112647
589.000000	-0.170808	-0.170351	-0.170553	-0.170369	-0.170635	-0.170561	-0.170564
590.000000	-0.145852	-0.148740	-0.148319	-0.149124	-0.148424	-0.148532	-0.148970
591.000000	-0.074703	-0.077864	-0.077404	-0.078300	-0.077577	-0.077736	-0.078161
592.000000	-0.047415	-0.039227	-0.040918	-0.038423	-0.041128	-0.040662	-0.039556
593.000000	-0.059245	-0.046234	-0.048809	-0.044890	-0.049001	-0.048296	-0.046550
594.000000	-0.035751	-0.060899	-0.056407	-0.063609	-0.056553	-0.058075	-0.061205
595.000000	0.033498	-0.058707	-0.048645	-0.064671	-0.048746	-0.052014	-0.059049
596.000000	0.088567	-0.031373	-0.043609	-0.024637	-0.043703	-0.040003	-0.031826
597.000000	0.093622	0.008851	-0.049328	0.041862	-0.049458	-0.031396	0.008255
598.000000	0.055230	0.019538	-0.055885	0.062455	-0.056050	-0.032569	0.018925
599.000000	-0.007659	-0.016758	-0.056505	0.005805	-0.056681	-0.044298	-0.017217
600.000000	-0.056642	-0.056498	-0.054736	-0.057691	-0.054928	-0.055502	-0.056841
601.000000	-0.065309	-0.063863	-0.054231	-0.069667	-0.054467	-0.057555	-0.064280
602.000000	-0.054873	-0.054872	-0.054465	-0.055463	-0.054748	-0.055011	-0.055391
603.000000	-0.050918	-0.051515	-0.054318	-0.050161	-0.054621	-0.053874	-0.051990
604.000000	-0.053136	-0.053459	-0.053903	-0.053317	-0.054202	-0.054151	-0.053840
605.000000	-0.054227	-0.054357	-0.053653	-0.054898	-0.053928	-0.054220	-0.054747
606.000000	-0.053447	-0.053594	-0.053569	-0.053886	-0.053794	-0.053891	-0.054062
607.000000	-0.052847	-0.053002	-0.053475	-0.053110	-0.053610	-0.053593	-0.053511
608.000000	-0.052858	-0.052981	-0.053308	-0.053173	-0.053391	-0.053455	-0.053475
609.000000	-0.052877	-0.053021	-0.053089	-0.053251	-0.053279	-0.053412	-0.053473
610.000000	-0.052711	-0.052917	-0.052869	-0.053075	-0.053261	-0.053385	-0.053332
611.000000	-0.052557	-0.052769	-0.052730	-0.052896	-0.053179	-0.053288	-0.053168
612.000000	-0.052515	-0.052654	-0.052700	-0.052848	-0.052999	-0.053122	-0.053064
613.000000	-0.052542	-0.052615	-0.052745	-0.052884	-0.052858	-0.053006	-0.053042
614.000000	-0.052588	-0.052651	-0.052819	-0.052945	-0.052841	-0.052999	-0.053094
615.000000	-0.052618	-0.052691	-0.052862	-0.052976	-0.052917	-0.053037	-0.053153
616.000000	-0.052625	-0.052693	-0.052860	-0.052960	-0.053047	-0.053079	-0.053182
617.000000	-0.052674	-0.052732	-0.052907	-0.052980	-0.053198	-0.053169	-0.053242
618.000000	-0.052820	-0.052871	-0.053078	-0.053106	-0.053343	-0.053341	-0.053383
619.000000	-0.053015	-0.053049	-0.053284	-0.053284	-0.053458	-0.053512	-0.053541
620.000000	-0.053191	-0.053188	-0.053412	-0.053436	-0.053527	-0.053593	-0.053636
621.000000	-0.053299	-0.053288	-0.053458	-0.053525	-0.053570	-0.053609	-0.053669
622.000000	-0.053312	-0.053377	-0.053462	-0.053541	-0.053619	-0.053625	-0.053671
623.000000	-0.053314	-0.053485	-0.053491	-0.053556	-0.053703	-0.053675	-0.053702
624.000000	-0.053443	-0.053642	-0.053616	-0.053676	-0.053845	-0.053772	-0.053826
625.000000	-0.053666	-0.053816	-0.053804	-0.053880	-0.054000	-0.053916	-0.054024
626.000000	-0.053822	-0.053929	-0.053937	-0.054043	-0.054076	-0.054097	-0.054212
627.000000	-0.053868	-0.053980	-0.053990	-0.054125	-0.054074	-0.054270	-0.054331
628.000000	-0.053892	-0.054048	-0.054039	-0.054170	-0.054095	-0.054351	-0.054347
629.000000	-0.053942	-0.054144	-0.054120	-0.054205	-0.054174	-0.054325	-0.054282
630.000000	-0.053992	-0.054160	-0.054196	-0.054213	-0.054237	-0.054288	-0.054245
631.000000	-0.054025	-0.054058	-0.054234	-0.054183	-0.054241	-0.054309	-0.054294
632.000000	-0.054062	-0.053980	-0.054209	-0.054132	-0.054246	-0.054373	-0.054355
633.000000	-0.054112	-0.054031	-0.054128	-0.054087	-0.054294	-0.054452	-0.054369
634.000000	-0.054141	-0.054121	-0.054078	-0.054104	-0.054342	-0.054512	-0.054387
635.000000	-0.054116	-0.054150	-0.054138	-0.054224	-0.054344	-0.054531	-0.054461
636.000000	-0.054088	-0.054160	-0.054255	-0.054366	-0.054359	-0.054539	-0.054547
637.000000	-0.054120	-0.054223	-0.054345	-0.054427	-0.054455	-0.054576	-0.054580
638.000000	-0.054180	-0.054304	-0.054392	-0.054412	-0.054560	-0.054617	-0.054557
639.000000	-0.054204	-0.054330	-0.054409	-0.054377	-0.054553	-0.054611	-0.054510
640.000000	-0.054220	-0.054321	-0.054423	-0.054379	-0.054467	-0.054576	-0.054488
641.000000	-0.054308	-0.054354	-0.054469	-0.054468	-0.054436	-0.054571	-0.054547
642.000000	-0.054440	-0.054431	-0.054525	-0.054590	-0.054495	-0.054594	-0.054655
643.000000	-0.054489	-0.054486	-0.054524	-0.054595	-0.054590	-0.054592	-0.054699
644.000000	-0.054433	-0.054504	-0.054472	-0.054484	-0.054677	-0.054567	-0.054665
645.000000	-0.054395	-0.054541	-0.054472	-0.054458	-0.054730	-0.054590	-0.054666
646.000000	-0.054448	-0.054627	-0.054568	-0.054609	-0.054751	-0.054696	-0.054758
647.000000	-0.054557	-0.054734	-0.054685	-0.054809	-0.054793	-0.054836	-0.054881
648.000000	-0.054694	-0.054846	-0.054784	-0.054963	-0.054904	-0.054975	-0.054997
649.000000	-0.054881	-0.054995	-0.054962	-0.055124	-0.055108	-0.055140	-0.055173
650.000000	-0.055130	-0.055198	-0.055277	-0.055341	-0.055396	-0.055354	-0.055447
651.000000	-0.055371	-0.055393	-0.055553	-0.055539	-0.055635	-0.055566	-0.055683
652.000000	-0.055516	-0.055495	-0.055596	-0.055622	-0.055686	-0.055706	-0.055730
653.000000	-0.055464	-0.055429	-0.055436	-0.055537	-0.055545	-0.055673	-0.055580
654.000000	-0.055138	-0.055140	-0.055179	-0.055262	-0.055265	-0.055383	-0.055287
655.000000	-0.054683	-0.054750	-0.054905	-0.054903	-0.054930	-0.054973	-0.054959
656.000000	-0.054348	-0.054458	-0.054673	-0.054624	-0.054640	-0.054686	-0.054723
657.000000	-0.054173	-0.054294	-0.054489	-0.054443	-0.054445	-0.054541	-0.054577
658.000000	-0.054049	-0.054160	-0.054320	-0.054271	-0.054359	-0.054398	-0.054425
659.000000	-0.053961	-0.054052	-0.054185	-0.054115	-0.054357	-0.054259	-0.054289
660.000000	-0.054000	-0.054071	-0.054163	-0.054088	-0.054376	-0.054282	-0.054312
661.000000	-0.054150	-0.054203	-0.054242	-0.054199	-0.054376	-0.054470	-0.054490
662.000000	-0.054230	-0.054257	-0.054274	-0.054288	-0.054358	-0.054590	-0.054583
663.000000	-0.054127	-0.054131	-0.054168	-0.054239	-0.054308	-0.054496	-0.054450
664.000000	-0.053898	-0.053941	-0.053973	-0.054060	-0.054170	-0.054272	-0.054200
665.000000	-0.053624	-0.053785	-0.053759	-0.053791	-0.053924	-0.054017	-0.053950
666.000000	-0.053397	-0.053618	-0.053596	-0.053528	-0.053674	-0.053784	-0.053745
667.000000	-0.053271	-0.053389	-0.053518	-0.053351	-0.053512	-0.053602	-0.053593
668.000000	-0.053133	-0.053137	-0.053397	-0.053215	-0.053371	-0.053430	-0.053391
669.000000	-0.052859	-0.052929	-0.053102	-0.053058	-0.053161	-0.053221	-0.053043
670.000000	-0.052586	-0.052805	-0.052800	-0.052946	-0.052970	-0.053046	-0.052734
671.000000	-0.052536	-0.052786	-0.052750	-0.052983	-0.052940	-0.053006	-0.052728
672.000000	-0.052653	-0.052797	-0.052866	-0.053050	-0.052992	-0.053026	-0.052905
673.000000	-0.052720	-0.052710	-0.052859	-0.052916	-0.052929	-0.052933	-0.052925
674.000000	-0.052674	-0.052558	-0.052703	-0.052628	-0.052757	-0.052750	-0.052762
675.000000	-0.052581	-0.052506	-0.052591	-0.052473	-0.052656	-0.052668	-0.052656
676.000000	-0.052502	-0.052584	-0.052599	-0.052535	-0.052692	-0.052743	-0.052701
677.000000	-0.052487	-0.052644	-0.052653	-0.052644	-0.052778	-0.052862	-0.052801
678.000000	-0.052552	-0.052623	-0.052703	-0.052702	-0.052852	-0.052935	-0.052882
679.000000	-0.052670	-0.052613	-0.052754	-0.052756	-0.052908	-0.052932	-0.052922
680.000000	-0.052797	-0.052683	-0.052817	-0.052844	-0.052954	-0.052868	-0.052924
681.000000	-0.052879	-0.052804	-0.052900	-0.052939	-0.053016	-0.052860	-0.052937
682.000000	-0.052890	-0.052942	-0.053009	-0.053021	-0.053114	-0.052996	-0.053003
683.000000	-0.052933	-0.053086	-0.053128	-0.053126	-0.053226	-0.053215	-0.053125
684.000000	-0.053100	-0.053226	-0.053240	-0.053284	-0.053325	-0.053424	-0.053285
685.000000	-0.053284	-0.053334	-0.053332	-0.053415	-0.053397	-0.053554	-0.053426
686.000000	-0.053337	-0.053379	-0.053399	-0.053420	-0.053439	-0.053557	-0.053488
687.000000	-0.053308	-0.053384	-0.053448	-0.053348	-0.053481	-0.053508	-0.053499
688.000000	-0.053333	-0.053396	-0.053498	-0.053312	-0.053564	-0.053534	-0.053529
689.000000	-0.053452	-0.053466	-0.053595	-0.053396	-0.053699	-0.053666	-0.053631
690.000000	-0.053638	-0.053641	-0.053795	-0.053648	-0.053868	-0.053867	-0.053839
691.000000	-0.053804	-0.053837	-0.054006	-0.053951	-0.053997	-0.054046	-0.054065
692.000000	-0.053813	-0.053848	-0.054001	-0.054028	-0.053958	-0.054060	-0.054104
693.000000	-0.053678	-0.053668	-0.053783	-0.053850	-0.053778	-0.053920	-0.053948
694.000000	-0.053615	-0.053568	-0.053677	-0.053731	-0.053699	-0.053841	-0.053864
695.000000	-0.053716	-0.053695	-0.053831	-0.053831	-0.053838	-0.053930	-0.053984
696.000000	-0.053806	-0.053915	-0.054010	-0.053964	-0.054039	-0.054050	-0.054139
697.000000	-0.053781	-0.054088	-0.054038	-0.053988	-0.054168	-0.054099	-0.054195
698.000000	-0.053814	-0.054149	-0.054038	-0.053993	-0.054237	-0.054148	-0.054193
699.000000	-0.054046	-0.054083	-0.054133	-0.054080	-0.054278	-0.054265	-0.054198
700.000000	-0.054270	-0.054027	-0.054250	-0.054218	-0.054304	-0.054369	-0.054212
701.000000	-0.054248	-0.054118	-0.054283	-0.054348	-0.054321	-0.054366	-0.054229
702.000000	-0.054096	-0.054244	-0.054262	-0.054422	-0.054330	-0.054314	-0.054250
703.000000	-0.054038	-0.054226	-0.054261	-0.054404	-0.054327	-0.054313	-0.054282
704.000000	-0.054047	-0.054102	-0.054256	-0.054310	-0.054317	-0.054340	-0.054309
705.000000	-0.053972	-0.054023	-0.054178	-0.054185	-0.054302	-0.054307	-0.054304
706.000000	-0.053820	-0.054007	-0.054040	-0.054058	-0.054249	-0.054211	-0.054255
707.000000	-0.053718	-0.053971	-0.053916	-0.053944	-0.054096	-0.054114	-0.054159
708.000000	-0.053651	-0.053845	-0.053793	-0.053826	-0.053846	-0.053998	-0.053996
709.000000	-0.053456	-0.053583	-0.053567	-0.053648	-0.053568	-0.053764	-0.053729
710.000000	-0.053077	-0.053209	-0.053214	-0.053372	-0.053296	-0.053399	-0.053360
711.000000	-0.052636	-0.052847	-0.052841	-0.052978	-0.053008	-0.053032	-0.052955
712.000000	-0.052221	-0.052537	-0.052504	-0.052485	-0.052672	-0.052724	-0.052558
713.000000	-0.051816	-0.052115	-0.052124	-0.051982	-0.052259	-0.052365	-0.052160
714.000000	-0.051400	-0.051482	-0.051643	-0.051543	-0.051765	-0.051889	-0.051757
715.000000	-0.050971	-0.050824	-0.051128	-0.051160	-0.051279	-0.051431	-0.051390
716.000000	-0.050516	-0.050314	-0.050636	-0.050790	-0.050867	-0.051093	-0.051072
717.000000	-0.049957	-0.049813	-0.050084	-0.050302	-0.050419	-0.050655	-0.050678
718.000000	-0.049216	-0.049133	-0.049373	-0.049579	-0.049802	-0.049870	-0.050066
719.000000	-0.048368	-0.048404	-0.048562	-0.048784	-0.049090	-0.048962	-0.049314
720.000000	-0.047547	-0.047859	-0.047778	-0.048170	-0.048430	-0.048311	-0.048581
721.000000	-0.046865	-0.047471	-0.047171	-0.047728	-0.047906	-0.047928	-0.047984
722.000000	-0.046405	-0.047058	-0.046876	-0.047295	-0.047543	-0.047600	-0.047600
723.000000	-0.045981	-0.046452	-0.046649	-0.046712	-0.047124	-0.047118	-0.047223
724.000000	-0.045196	-0.045513	-0.045937	-0.045841	-0.046238	-0.046289	-0.046429
725.000000	-0.044170	-0.044425	-0.044818	-0.044837	-0.045029	-0.045277	-0.045303
726.000000	-0.043629	-0.043751	-0.044119	-0.044206	-0.044291	-0.044671	-0.044532
727.000000	-0.043701	-0.043613	-0.044063	-0.044085	-0.044260	-0.044623	-0.044376
728.000000	-0.043454	-0.043372	-0.043799	-0.043971	-0.044187	-0.044526	-0.044325
729.000000	-0.042416	-0.042675	-0.042874	-0.043538	-0.043618	-0.044013	-0.044014
730.000000	-0.041432	-0.042017	-0.042011	-0.043020	-0.043022	-0.043451	-0.043596
731.000000	-0.041245	-0.041839	-0.041851	-0.042651	-0.042834	-0.043185	-0.043248
732.000000	-0.041584	-0.041979	-0.042152	-0.042389	-0.042922	-0.043122	-0.042955
