[HEADER]
Format	J&M ASCII Table
Comment	
Date	2/21/2023 5:06:37 AM
Order	Y (evenX)
TechType	UV
NumPoints	483
FirstX	250.00
LastX	732.00
XType	NMetr
YType	Absrb
ZType	Secs
NumSubFile	7
Matrix	Z vs X
[DATA]
	0.000000	5.000128	10.000192	15.000256	20.000383	25.000448	30.000511
250.000000	1.014722	1.015241	1.012293	1.012871	1.013328	1.015707	1.012663
251.000000	0.988813	0.989431	0.986070	0.986650	0.986721	0.989260	0.986029
252.000000	0.961907	0.961680	0.959401	0.959088	0.960114	0.960571	0.959364
253.000000	0.935960	0.934636	0.934077	0.933463	0.934697	0.933389	0.934072
254.000000	0.912429	0.910458	0.911372	0.912001	0.911355	0.910553	0.911055
255.000000	0.890132	0.888281	0.890029	0.891798	0.889452	0.889956	0.888944
256.000000	0.867767	0.866819	0.868608	0.869674	0.868191	0.868958	0.866398
257.000000	0.846531	0.846103	0.847714	0.847035	0.847685	0.847863	0.844923
258.000000	0.828119	0.826568	0.828467	0.826545	0.828299	0.827855	0.826620
259.000000	0.811200	0.808274	0.810403	0.808260	0.809903	0.809047	0.810314
260.000000	0.793047	0.791055	0.792309	0.790912	0.792100	0.791000	0.793274
261.000000	0.773598	0.774238	0.773948	0.773619	0.774341	0.773272	0.774803
262.000000	0.754810	0.756793	0.755829	0.755828	0.755983	0.755432	0.755782
263.000000	0.737220	0.738444	0.737988	0.737502	0.737063	0.737347	0.736985
264.000000	0.719698	0.719793	0.719900	0.719188	0.718387	0.719218	0.719005
265.000000	0.701503	0.701179	0.701231	0.701025	0.700220	0.700971	0.701634
266.000000	0.682721	0.682426	0.682032	0.682409	0.681825	0.682034	0.683328
267.000000	0.663527	0.663346	0.662490	0.663003	0.662719	0.662189	0.663303
268.000000	0.644123	0.643854	0.643051	0.643318	0.643318	0.642247	0.643050
269.000000	0.624601	0.623914	0.623962	0.623796	0.623983	0.622879	0.623824
270.000000	0.604587	0.603637	0.604519	0.604059	0.604299	0.603531	0.604520
271.000000	0.583712	0.583158	0.583972	0.583634	0.583772	0.583468	0.583767
272.000000	0.562358	0.562570	0.562749	0.562698	0.562586	0.562703	0.562180
273.000000	0.541127	0.541918	0.541638	0.541628	0.541160	0.541518	0.541001
274.000000	0.519917	0.520917	0.520516	0.520268	0.519607	0.520019	0.520056
275.000000	0.498245	0.499122	0.498763	0.498190	0.497867	0.498210	0.498393
276.000000	0.476140	0.476636	0.476443	0.475666	0.475928	0.476160	0.475980
277.000000	0.454074	0.454032	0.454211	0.453562	0.453820	0.453997	0.453572
278.000000	0.432287	0.431787	0.432402	0.432108	0.431766	0.431955	0.431588
279.000000	0.410706	0.410230	0.410926	0.410708	0.410226	0.410396	0.409986
280.000000	0.389306	0.389355	0.389634	0.389077	0.389294	0.389408	0.388695
281.000000	0.368187	0.368544	0.368319	0.367620	0.368345	0.368547	0.367653
282.000000	0.347463	0.347456	0.347028	0.346755	0.347085	0.347561	0.346891
283.000000	0.327247	0.326741	0.326550	0.326715	0.326388	0.326914	0.326722
284.000000	0.307633	0.307050	0.307511	0.307601	0.307066	0.307109	0.307390
285.000000	0.288629	0.288257	0.289221	0.289071	0.288697	0.288240	0.288622
286.000000	0.270245	0.270079	0.270806	0.270757	0.270635	0.270271	0.270108
287.000000	0.252708	0.252675	0.252727	0.252968	0.253064	0.253033	0.252296
288.000000	0.236309	0.236368	0.235950	0.236270	0.236496	0.236342	0.235895
289.000000	0.221010	0.221191	0.220698	0.220832	0.221044	0.220460	0.220864
290.000000	0.206573	0.206994	0.206712	0.206562	0.206574	0.205915	0.206702
291.000000	0.193027	0.193631	0.193691	0.193289	0.193018	0.192782	0.193286
292.000000	0.180641	0.180968	0.181305	0.180768	0.180377	0.180706	0.180855
293.000000	0.169279	0.168958	0.169410	0.168883	0.168585	0.169284	0.169310
294.000000	0.158213	0.157679	0.158120	0.157697	0.157474	0.158077	0.158068
295.000000	0.147192	0.147201	0.147509	0.147257	0.146960	0.147001	0.146955
296.000000	0.137043	0.137563	0.137527	0.137553	0.137144	0.136725	0.136735
297.000000	0.128341	0.128716	0.128157	0.128540	0.128096	0.127721	0.127926
298.000000	0.120415	0.120354	0.119543	0.120084	0.119716	0.119532	0.119886
299.000000	0.112527	0.112211	0.111781	0.112060	0.111874	0.111633	0.111917
300.000000	0.104818	0.104480	0.104578	0.104473	0.104454	0.104067	0.104178
301.000000	0.097653	0.097442	0.097569	0.097363	0.097360	0.097026	0.097045
302.000000	0.091031	0.090948	0.090758	0.090694	0.090592	0.090455	0.090497
303.000000	0.084786	0.084669	0.084318	0.084403	0.084201	0.084199	0.084336
304.000000	0.078905	0.078639	0.078370	0.078510	0.078282	0.078274	0.078483
305.000000	0.073477	0.073128	0.072988	0.073088	0.072955	0.072807	0.072945
306.000000	0.068418	0.068112	0.068022	0.068042	0.068059	0.067755	0.067697
307.000000	0.063465	0.063255	0.063093	0.063105	0.063153	0.062902	0.062675
308.000000	0.058580	0.058464	0.058146	0.058248	0.058169	0.058175	0.057912
309.000000	0.054085	0.054037	0.053625	0.053809	0.053625	0.053730	0.053594
310.000000	0.050135	0.050110	0.049746	0.049935	0.049774	0.049661	0.049751
311.000000	0.046441	0.046381	0.046100	0.046270	0.046157	0.045873	0.046039
312.000000	0.042739	0.042611	0.042360	0.042526	0.042394	0.042268	0.042214
313.000000	0.039085	0.039009	0.038777	0.038900	0.038731	0.038833	0.038556
314.000000	0.035596	0.035804	0.035641	0.035636	0.035472	0.035566	0.035370
315.000000	0.032377	0.032833	0.032757	0.032645	0.032482	0.032445	0.032466
316.000000	0.029498	0.029827	0.029801	0.029741	0.029500	0.029442	0.029523
317.000000	0.026764	0.026778	0.026741	0.026821	0.026478	0.026534	0.026521
318.000000	0.023866	0.023807	0.023696	0.023836	0.023476	0.023701	0.023586
319.000000	0.020830	0.020915	0.020778	0.020851	0.020532	0.020866	0.020744
320.000000	0.017924	0.018021	0.018087	0.018015	0.017669	0.017918	0.017943
321.000000	0.015242	0.015190	0.015565	0.015364	0.014925	0.014951	0.015202
322.000000	0.012669	0.012653	0.012973	0.012809	0.012350	0.012283	0.012615
323.000000	0.010127	0.010403	0.010230	0.010280	0.009918	0.009970	0.010171
324.000000	0.007612	0.008029	0.007517	0.007747	0.007473	0.007616	0.007670
325.000000	0.005124	0.005300	0.004966	0.005200	0.004912	0.004979	0.005009
326.000000	0.002667	0.002515	0.002520	0.002665	0.002296	0.002296	0.002370
327.000000	0.000243	-0.000024	0.000127	0.000177	-0.000273	-0.000179	-0.000080
328.000000	-0.002141	-0.002316	-0.002162	-0.002221	-0.002624	-0.002404	-0.002383
329.000000	-0.004465	-0.004433	-0.004290	-0.004491	-0.004625	-0.004415	-0.004611
330.000000	-0.006606	-0.006442	-0.006340	-0.006644	-0.006467	-0.006407	-0.006738
331.000000	-0.008442	-0.008420	-0.008436	-0.008713	-0.008433	-0.008604	-0.008721
332.000000	-0.010206	-0.010488	-0.010627	-0.010771	-0.010608	-0.010932	-0.010695
333.000000	-0.012291	-0.012782	-0.012913	-0.012907	-0.012960	-0.013166	-0.012873
334.000000	-0.014646	-0.015164	-0.015165	-0.015046	-0.015327	-0.015228	-0.015147
335.000000	-0.016866	-0.017286	-0.017160	-0.016988	-0.017454	-0.017167	-0.017161
336.000000	-0.018767	-0.019031	-0.018877	-0.018709	-0.019267	-0.019018	-0.018863
337.000000	-0.020445	-0.020566	-0.020545	-0.020391	-0.020915	-0.020798	-0.020565
338.000000	-0.022003	-0.022070	-0.022269	-0.022132	-0.022509	-0.022532	-0.022421
339.000000	-0.023536	-0.023721	-0.023928	-0.023869	-0.024078	-0.024257	-0.024265
340.000000	-0.025109	-0.025567	-0.025471	-0.025556	-0.025646	-0.025979	-0.025962
341.000000	-0.026721	-0.027324	-0.027098	-0.027248	-0.027248	-0.027625	-0.027550
342.000000	-0.028348	-0.028754	-0.028935	-0.028973	-0.028898	-0.029130	-0.029081
343.000000	-0.029922	-0.030028	-0.030657	-0.030585	-0.030503	-0.030528	-0.030582
344.000000	-0.031387	-0.031379	-0.031918	-0.031934	-0.031977	-0.031875	-0.032065
345.000000	-0.032810	-0.032812	-0.032968	-0.033109	-0.033423	-0.033200	-0.033520
346.000000	-0.034286	-0.034243	-0.034243	-0.034282	-0.034989	-0.034522	-0.034929
347.000000	-0.035710	-0.035585	-0.035706	-0.035539	-0.036509	-0.035862	-0.036287
348.000000	-0.036872	-0.036763	-0.037060	-0.036905	-0.037657	-0.037243	-0.037598
349.000000	-0.037866	-0.037868	-0.038261	-0.038335	-0.038529	-0.038632	-0.038850
350.000000	-0.039028	-0.039123	-0.039481	-0.039720	-0.039570	-0.039952	-0.040023
351.000000	-0.040377	-0.040517	-0.040736	-0.040968	-0.040864	-0.041136	-0.041117
352.000000	-0.041524	-0.041740	-0.041843	-0.042017	-0.042042	-0.042128	-0.042160
353.000000	-0.042325	-0.042654	-0.042753	-0.042895	-0.042958	-0.042991	-0.043171
354.000000	-0.043127	-0.043482	-0.043681	-0.043797	-0.043935	-0.044001	-0.044160
355.000000	-0.044157	-0.044396	-0.044742	-0.044820	-0.045136	-0.045259	-0.045104
356.000000	-0.045158	-0.045333	-0.045685	-0.045743	-0.046151	-0.046324	-0.045919
357.000000	-0.045883	-0.046200	-0.046304	-0.046383	-0.046644	-0.046838	-0.046555
358.000000	-0.046461	-0.046956	-0.046847	-0.046958	-0.047029	-0.047164	-0.047178
359.000000	-0.047109	-0.047596	-0.047629	-0.047743	-0.047823	-0.047784	-0.047980
360.000000	-0.047935	-0.048267	-0.048597	-0.048705	-0.048902	-0.048700	-0.048961
361.000000	-0.048986	-0.049154	-0.049559	-0.049687	-0.049914	-0.049724	-0.050043
362.000000	-0.050098	-0.050167	-0.050444	-0.050602	-0.050804	-0.050750	-0.051099
363.000000	-0.050995	-0.051062	-0.051248	-0.051404	-0.051688	-0.051723	-0.051984
364.000000	-0.051666	-0.051816	-0.051995	-0.052101	-0.052543	-0.052607	-0.052695
365.000000	-0.052336	-0.052600	-0.052733	-0.052746	-0.053225	-0.053389	-0.053355
366.000000	-0.053153	-0.053510	-0.053527	-0.053446	-0.053818	-0.054132	-0.054105
367.000000	-0.054158	-0.054538	-0.054470	-0.054365	-0.054704	-0.054999	-0.055096
368.000000	-0.055310	-0.055626	-0.055568	-0.055524	-0.055975	-0.056043	-0.056301
369.000000	-0.056435	-0.056644	-0.056653	-0.056654	-0.057146	-0.057093	-0.057356
370.000000	-0.057415	-0.057533	-0.057634	-0.057591	-0.057905	-0.058040	-0.058053
371.000000	-0.058342	-0.058453	-0.058675	-0.058563	-0.058627	-0.059016	-0.058740
372.000000	-0.059310	-0.059542	-0.059901	-0.059775	-0.059677	-0.060128	-0.059753
373.000000	-0.060264	-0.060646	-0.061058	-0.061026	-0.060859	-0.061183	-0.060916
374.000000	-0.061132	-0.061580	-0.061860	-0.062049	-0.061874	-0.061968	-0.061962
375.000000	-0.062035	-0.062461	-0.062554	-0.062874	-0.062770	-0.062710	-0.062956
376.000000	-0.063146	-0.063511	-0.063562	-0.063654	-0.063728	-0.063776	-0.064078
377.000000	-0.064372	-0.064681	-0.064790	-0.064538	-0.064796	-0.065059	-0.065245
378.000000	-0.065464	-0.065757	-0.065842	-0.065660	-0.065937	-0.066168	-0.066220
379.000000	-0.066385	-0.066710	-0.066645	-0.066887	-0.067027	-0.067009	-0.066999
380.000000	-0.067290	-0.067672	-0.067423	-0.067850	-0.067880	-0.067758	-0.067786
381.000000	-0.068263	-0.068692	-0.068337	-0.068538	-0.068579	-0.068566	-0.068696
382.000000	-0.069293	-0.069701	-0.069452	-0.069415	-0.069573	-0.069536	-0.069719
383.000000	-0.070336	-0.070637	-0.070681	-0.070643	-0.070956	-0.070651	-0.070807
384.000000	-0.071303	-0.071473	-0.071651	-0.071724	-0.072084	-0.071667	-0.071862
385.000000	-0.072136	-0.072213	-0.072167	-0.072326	-0.072558	-0.072430	-0.072790
386.000000	-0.072873	-0.072932	-0.072632	-0.072816	-0.072938	-0.073115	-0.073545
387.000000	-0.073579	-0.073713	-0.073442	-0.073580	-0.073786	-0.073903	-0.074131
388.000000	-0.074360	-0.074590	-0.074457	-0.074527	-0.074876	-0.074693	-0.074748
389.000000	-0.075295	-0.075557	-0.075408	-0.075446	-0.075809	-0.075343	-0.075596
390.000000	-0.076208	-0.076387	-0.076185	-0.076234	-0.076507	-0.075939	-0.076502
391.000000	-0.076844	-0.076796	-0.076754	-0.076839	-0.077027	-0.076646	-0.077159
392.000000	-0.077247	-0.076953	-0.077205	-0.077269	-0.077405	-0.077403	-0.077589
393.000000	-0.077645	-0.077293	-0.077697	-0.077573	-0.077671	-0.078016	-0.078011
394.000000	-0.078137	-0.077939	-0.078275	-0.077909	-0.077978	-0.078460	-0.078485
395.000000	-0.078695	-0.078724	-0.078881	-0.078526	-0.078582	-0.078867	-0.078925
396.000000	-0.079223	-0.079438	-0.079409	-0.079343	-0.079401	-0.079296	-0.079293
397.000000	-0.079537	-0.079827	-0.079703	-0.079838	-0.079892	-0.079695	-0.079627
398.000000	-0.079627	-0.079868	-0.079779	-0.079832	-0.079864	-0.080044	-0.079955
399.000000	-0.079838	-0.080000	-0.080011	-0.079882	-0.079878	-0.080400	-0.080283
400.000000	-0.080400	-0.080534	-0.080633	-0.080395	-0.080360	-0.080822	-0.080641
401.000000	-0.081081	-0.081244	-0.081356	-0.081081	-0.081077	-0.081357	-0.081137
402.000000	-0.081619	-0.081856	-0.081881	-0.081611	-0.081724	-0.082005	-0.081829
403.000000	-0.082025	-0.082339	-0.082286	-0.082058	-0.082231	-0.082561	-0.082487
404.000000	-0.082381	-0.082731	-0.082732	-0.082574	-0.082607	-0.082822	-0.082848
405.000000	-0.082759	-0.083093	-0.083188	-0.083081	-0.082968	-0.082973	-0.083037
406.000000	-0.083220	-0.083485	-0.083556	-0.083421	-0.083457	-0.083335	-0.083324
407.000000	-0.083737	-0.083896	-0.083868	-0.083649	-0.084009	-0.083881	-0.083776
408.000000	-0.084233	-0.084271	-0.084236	-0.083951	-0.084433	-0.084371	-0.084330
409.000000	-0.084641	-0.084594	-0.084668	-0.084363	-0.084714	-0.084732	-0.084852
410.000000	-0.084914	-0.084890	-0.085075	-0.084788	-0.084991	-0.085047	-0.085154
411.000000	-0.085117	-0.085166	-0.085414	-0.085162	-0.085328	-0.085375	-0.085249
412.000000	-0.085463	-0.085410	-0.085708	-0.085471	-0.085674	-0.085728	-0.085418
413.000000	-0.086001	-0.085630	-0.085989	-0.085734	-0.085994	-0.086098	-0.085809
414.000000	-0.086427	-0.085883	-0.086296	-0.086023	-0.086293	-0.086429	-0.086261
415.000000	-0.086548	-0.086216	-0.086642	-0.086373	-0.086580	-0.086688	-0.086621
416.000000	-0.086610	-0.086641	-0.086952	-0.086692	-0.086865	-0.086911	-0.086869
417.000000	-0.086862	-0.087132	-0.087167	-0.086904	-0.087148	-0.087137	-0.087023
418.000000	-0.087180	-0.087543	-0.087353	-0.087101	-0.087395	-0.087355	-0.087187
419.000000	-0.087374	-0.087732	-0.087595	-0.087395	-0.087575	-0.087543	-0.087463
420.000000	-0.087493	-0.087810	-0.087876	-0.087721	-0.087765	-0.087737	-0.087792
421.000000	-0.087675	-0.087983	-0.088132	-0.087949	-0.088067	-0.087984	-0.088052
422.000000	-0.087891	-0.088248	-0.088300	-0.088071	-0.088368	-0.088239	-0.088244
423.000000	-0.088018	-0.088479	-0.088325	-0.088161	-0.088437	-0.088401	-0.088438
424.000000	-0.088086	-0.088616	-0.088295	-0.088289	-0.088328	-0.088474	-0.088633
425.000000	-0.088268	-0.088664	-0.088429	-0.088520	-0.088358	-0.088557	-0.088763
426.000000	-0.088582	-0.088666	-0.088735	-0.088810	-0.088615	-0.088688	-0.088819
427.000000	-0.088833	-0.088708	-0.088946	-0.088966	-0.088870	-0.088816	-0.088868
428.000000	-0.088923	-0.088833	-0.088944	-0.088930	-0.088991	-0.088926	-0.088962
429.000000	-0.088978	-0.088985	-0.088946	-0.088914	-0.089072	-0.089083	-0.089112
430.000000	-0.089099	-0.089120	-0.089116	-0.089076	-0.089205	-0.089324	-0.089316
431.000000	-0.089261	-0.089262	-0.089348	-0.089318	-0.089406	-0.089582	-0.089552
432.000000	-0.089422	-0.089440	-0.089525	-0.089521	-0.089659	-0.089785	-0.089792
433.000000	-0.089573	-0.089667	-0.089681	-0.089685	-0.089881	-0.089920	-0.089993
434.000000	-0.089718	-0.089935	-0.089875	-0.089835	-0.089988	-0.089998	-0.090122
435.000000	-0.089849	-0.090165	-0.090061	-0.089979	-0.090031	-0.090087	-0.090226
436.000000	-0.089955	-0.090256	-0.090157	-0.090109	-0.090109	-0.090259	-0.090374
437.000000	-0.090023	-0.090237	-0.090172	-0.090190	-0.090211	-0.090454	-0.090512
438.000000	-0.090041	-0.090215	-0.090169	-0.090172	-0.090273	-0.090530	-0.090518
439.000000	-0.090068	-0.090254	-0.090213	-0.090136	-0.090320	-0.090509	-0.090451
440.000000	-0.090220	-0.090373	-0.090368	-0.090275	-0.090468	-0.090551	-0.090526
441.000000	-0.090494	-0.090556	-0.090605	-0.090592	-0.090721	-0.090709	-0.090775
442.000000	-0.090721	-0.090748	-0.090781	-0.090843	-0.090943	-0.090891	-0.090983
443.000000	-0.090814	-0.090894	-0.090831	-0.090908	-0.091050	-0.091026	-0.091038
444.000000	-0.090863	-0.090953	-0.090863	-0.090935	-0.091070	-0.091100	-0.091051
445.000000	-0.090940	-0.090927	-0.090964	-0.091035	-0.091056	-0.091125	-0.091125
446.000000	-0.091000	-0.090951	-0.091114	-0.091140	-0.091092	-0.091163	-0.091278
447.000000	-0.091011	-0.091135	-0.091274	-0.091179	-0.091244	-0.091273	-0.091501
448.000000	-0.091077	-0.091372	-0.091410	-0.091208	-0.091461	-0.091443	-0.091740
449.000000	-0.091297	-0.091515	-0.091492	-0.091300	-0.091661	-0.091632	-0.091924
450.000000	-0.091511	-0.091516	-0.091515	-0.091415	-0.091751	-0.091743	-0.091974
451.000000	-0.091483	-0.091383	-0.091488	-0.091476	-0.091653	-0.091673	-0.091828
452.000000	-0.091332	-0.091259	-0.091474	-0.091491	-0.091507	-0.091548	-0.091648
453.000000	-0.091371	-0.091356	-0.091558	-0.091510	-0.091565	-0.091612	-0.091712
454.000000	-0.091570	-0.091614	-0.091690	-0.091545	-0.091789	-0.091833	-0.091957
455.000000	-0.091608	-0.091743	-0.091705	-0.091568	-0.091896	-0.091946	-0.092035
456.000000	-0.091437	-0.091662	-0.091604	-0.091580	-0.091810	-0.091869	-0.091866
457.000000	-0.091356	-0.091562	-0.091601	-0.091617	-0.091730	-0.091763	-0.091716
458.000000	-0.091506	-0.091560	-0.091761	-0.091688	-0.091767	-0.091739	-0.091739
459.000000	-0.091693	-0.091614	-0.091855	-0.091748	-0.091842	-0.091800	-0.091849
460.000000	-0.091748	-0.091662	-0.091737	-0.091751	-0.091867	-0.091904	-0.091940
461.000000	-0.091673	-0.091627	-0.091559	-0.091673	-0.091786	-0.091922	-0.091922
462.000000	-0.091512	-0.091479	-0.091486	-0.091516	-0.091588	-0.091769	-0.091753
463.000000	-0.091385	-0.091376	-0.091506	-0.091386	-0.091430	-0.091596	-0.091592
464.000000	-0.091405	-0.091482	-0.091569	-0.091393	-0.091479	-0.091578	-0.091611
465.000000	-0.091530	-0.091685	-0.091670	-0.091494	-0.091670	-0.091676	-0.091754
466.000000	-0.091665	-0.091788	-0.091817	-0.091594	-0.091860	-0.091775	-0.091889
467.000000	-0.091763	-0.091802	-0.091969	-0.091659	-0.091987	-0.091861	-0.091984
468.000000	-0.091811	-0.091851	-0.092061	-0.091691	-0.092040	-0.091974	-0.092063
469.000000	-0.091820	-0.091943	-0.092080	-0.091718	-0.092045	-0.092103	-0.092132
470.000000	-0.091823	-0.091990	-0.092062	-0.091791	-0.092060	-0.092198	-0.092183
471.000000	-0.091835	-0.091960	-0.092030	-0.091900	-0.092086	-0.092229	-0.092196
472.000000	-0.091848	-0.091892	-0.091995	-0.091971	-0.092055	-0.092194	-0.092141
473.000000	-0.091850	-0.091828	-0.091972	-0.091961	-0.091961	-0.092111	-0.092034
474.000000	-0.091833	-0.091818	-0.091977	-0.091892	-0.091904	-0.092033	-0.091971
475.000000	-0.091796	-0.091874	-0.092018	-0.091804	-0.091943	-0.091996	-0.092006
476.000000	-0.091761	-0.091919	-0.092077	-0.091761	-0.092009	-0.091986	-0.092077
477.000000	-0.091757	-0.091902	-0.092135	-0.091807	-0.092038	-0.091990	-0.092122
478.000000	-0.091822	-0.091933	-0.092185	-0.091893	-0.092072	-0.092045	-0.092162
479.000000	-0.091968	-0.092115	-0.092224	-0.091958	-0.092162	-0.092178	-0.092227
480.000000	-0.092068	-0.092303	-0.092239	-0.091993	-0.092249	-0.092293	-0.092291
481.000000	-0.091968	-0.092285	-0.092215	-0.092009	-0.092245	-0.092265	-0.092309
482.000000	-0.091748	-0.092084	-0.092107	-0.091978	-0.092146	-0.092107	-0.092248
483.000000	-0.091600	-0.091847	-0.091868	-0.091862	-0.091997	-0.091907	-0.092085
484.000000	-0.091539	-0.091646	-0.091592	-0.091681	-0.091838	-0.091730	-0.091860
485.000000	-0.091445	-0.091501	-0.091477	-0.091503	-0.091710	-0.091624	-0.091658
486.000000	-0.091307	-0.091422	-0.091548	-0.091375	-0.091633	-0.091588	-0.091537
487.000000	-0.091249	-0.091419	-0.091625	-0.091326	-0.091609	-0.091560	-0.091516
488.000000	-0.091316	-0.091475	-0.091621	-0.091363	-0.091633	-0.091536	-0.091584
489.000000	-0.091424	-0.091534	-0.091607	-0.091469	-0.091701	-0.091611	-0.091683
490.000000	-0.091503	-0.091559	-0.091631	-0.091604	-0.091787	-0.091800	-0.091767
491.000000	-0.091549	-0.091568	-0.091647	-0.091688	-0.091826	-0.091927	-0.091828
492.000000	-0.091567	-0.091578	-0.091615	-0.091663	-0.091775	-0.091857	-0.091856
493.000000	-0.091556	-0.091558	-0.091559	-0.091565	-0.091697	-0.091720	-0.091801
494.000000	-0.091511	-0.091478	-0.091508	-0.091445	-0.091656	-0.091669	-0.091632
495.000000	-0.091407	-0.091361	-0.091447	-0.091322	-0.091593	-0.091639	-0.091442
496.000000	-0.091222	-0.091245	-0.091353	-0.091204	-0.091424	-0.091515	-0.091352
497.000000	-0.091022	-0.091158	-0.091245	-0.091116	-0.091214	-0.091330	-0.091353
498.000000	-0.090910	-0.091111	-0.091168	-0.091087	-0.091098	-0.091189	-0.091371
499.000000	-0.090879	-0.091072	-0.091130	-0.091084	-0.091082	-0.091120	-0.091349
500.000000	-0.090843	-0.090971	-0.091119	-0.091033	-0.091085	-0.091097	-0.091243
501.000000	-0.090769	-0.090811	-0.091081	-0.090909	-0.091045	-0.091074	-0.091059
502.000000	-0.090677	-0.090665	-0.090923	-0.090735	-0.090926	-0.090993	-0.090856
503.000000	-0.090580	-0.090579	-0.090665	-0.090557	-0.090750	-0.090844	-0.090695
504.000000	-0.090476	-0.090548	-0.090499	-0.090451	-0.090620	-0.090698	-0.090637
505.000000	-0.090365	-0.090546	-0.090505	-0.090437	-0.090580	-0.090604	-0.090679
506.000000	-0.090258	-0.090496	-0.090497	-0.090413	-0.090530	-0.090550	-0.090685
507.000000	-0.090161	-0.090349	-0.090330	-0.090299	-0.090391	-0.090510	-0.090552
508.000000	-0.090064	-0.090154	-0.090133	-0.090150	-0.090218	-0.090430	-0.090353
509.000000	-0.089957	-0.089976	-0.090045	-0.090031	-0.090082	-0.090272	-0.090185
510.000000	-0.089853	-0.089851	-0.089986	-0.089935	-0.090004	-0.090093	-0.090087
511.000000	-0.089764	-0.089794	-0.089831	-0.089829	-0.089978	-0.089964	-0.090063
512.000000	-0.089639	-0.089730	-0.089630	-0.089685	-0.089922	-0.089849	-0.090018
513.000000	-0.089413	-0.089553	-0.089505	-0.089482	-0.089736	-0.089668	-0.089823
514.000000	-0.089146	-0.089305	-0.089448	-0.089267	-0.089469	-0.089455	-0.089550
515.000000	-0.088977	-0.089119	-0.089370	-0.089125	-0.089266	-0.089310	-0.089390
516.000000	-0.088922	-0.089013	-0.089229	-0.089048	-0.089145	-0.089237	-0.089339
517.000000	-0.088874	-0.088888	-0.089029	-0.088937	-0.089002	-0.089143	-0.089207
518.000000	-0.088770	-0.088710	-0.088808	-0.088761	-0.088811	-0.088982	-0.088949
519.000000	-0.088615	-0.088547	-0.088639	-0.088589	-0.088657	-0.088786	-0.088738
520.000000	-0.088447	-0.088457	-0.088562	-0.088477	-0.088592	-0.088601	-0.088671
521.000000	-0.088357	-0.088468	-0.088532	-0.088431	-0.088577	-0.088501	-0.088664
522.000000	-0.088383	-0.088554	-0.088499	-0.088430	-0.088562	-0.088510	-0.088629
523.000000	-0.088371	-0.088543	-0.088415	-0.088372	-0.088486	-0.088498	-0.088529
524.000000	-0.088191	-0.088302	-0.088255	-0.088185	-0.088314	-0.088354	-0.088356
525.000000	-0.087952	-0.088010	-0.088091	-0.087983	-0.088144	-0.088175	-0.088198
526.000000	-0.087806	-0.087888	-0.088006	-0.087905	-0.088083	-0.088095	-0.088144
527.000000	-0.087734	-0.087881	-0.087970	-0.087897	-0.088067	-0.088075	-0.088133
528.000000	-0.087655	-0.087829	-0.087907	-0.087838	-0.087973	-0.088014	-0.088046
529.000000	-0.087570	-0.087720	-0.087805	-0.087725	-0.087810	-0.087913	-0.087890
530.000000	-0.087524	-0.087630	-0.087687	-0.087622	-0.087669	-0.087830	-0.087743
531.000000	-0.087512	-0.087573	-0.087582	-0.087550	-0.087589	-0.087771	-0.087647
532.000000	-0.087488	-0.087515	-0.087524	-0.087491	-0.087560	-0.087701	-0.087611
533.000000	-0.087421	-0.087433	-0.087492	-0.087427	-0.087529	-0.087603	-0.087607
534.000000	-0.087311	-0.087326	-0.087395	-0.087345	-0.087391	-0.087488	-0.087563
535.000000	-0.087165	-0.087196	-0.087206	-0.087235	-0.087175	-0.087360	-0.087441
536.000000	-0.087006	-0.087057	-0.087018	-0.087092	-0.087158	-0.087215	-0.087272
537.000000	-0.086854	-0.086927	-0.086903	-0.086927	-0.087346	-0.087058	-0.087102
538.000000	-0.086737	-0.086833	-0.086857	-0.086797	-0.086940	-0.086929	-0.086989
539.000000	-0.086650	-0.086769	-0.086832	-0.086723	-0.085723	-0.086841	-0.086948
540.000000	-0.086475	-0.086596	-0.086677	-0.086568	-0.086316	-0.086683	-0.086805
541.000000	-0.086154	-0.086235	-0.086314	-0.086250	-0.090360	-0.086396	-0.086448
542.000000	-0.086172	-0.086189	-0.086273	-0.086264	-0.089324	-0.086437	-0.086431
543.000000	-0.086983	-0.086943	-0.087073	-0.087080	-0.073184	-0.087229	-0.087298
544.000000	-0.086870	-0.086812	-0.086984	-0.086968	-0.053482	-0.087073	-0.087180
545.000000	-0.083166	-0.083161	-0.083296	-0.083234	-0.052029	-0.083354	-0.083175
546.000000	-0.077028	-0.077107	-0.077155	-0.077043	-0.066819	-0.077219	-0.076917
547.000000	-0.072565	-0.072664	-0.072692	-0.072538	-0.077447	-0.072729	-0.073481
548.000000	-0.072022	-0.072070	-0.072153	-0.071978	-0.076730	-0.072144	-0.073796
549.000000	-0.075426	-0.075449	-0.075541	-0.075382	-0.072913	-0.075587	-0.074054
550.000000	-0.081210	-0.081272	-0.081286	-0.081177	-0.071944	-0.081495	-0.073132
551.000000	-0.085419	-0.085535	-0.085472	-0.085415	-0.074716	-0.085778	-0.074651
552.000000	-0.085811	-0.085954	-0.085881	-0.085852	-0.080374	-0.086114	-0.080129
553.000000	-0.084683	-0.084832	-0.084791	-0.084758	-0.085033	-0.084892	-0.085119
554.000000	-0.084278	-0.084423	-0.084425	-0.084361	-0.085779	-0.084446	-0.085959
555.000000	-0.084379	-0.084516	-0.084564	-0.084471	-0.084626	-0.084572	-0.084728
556.000000	-0.084352	-0.084477	-0.084569	-0.084476	-0.084166	-0.084619	-0.084224
557.000000	-0.084188	-0.084289	-0.084403	-0.084327	-0.084351	-0.084500	-0.084425
558.000000	-0.084061	-0.084118	-0.084211	-0.084147	-0.084360	-0.084310	-0.084473
559.000000	-0.083950	-0.083972	-0.084014	-0.083958	-0.084102	-0.084089	-0.084243
560.000000	-0.083759	-0.083797	-0.083782	-0.083744	-0.083835	-0.083857	-0.083962
561.000000	-0.083629	-0.083706	-0.083665	-0.083644	-0.083755	-0.083760	-0.083846
562.000000	-0.083841	-0.083903	-0.083905	-0.083877	-0.083991	-0.083999	-0.084071
563.000000	-0.083973	-0.083980	-0.084063	-0.084014	-0.084094	-0.084138	-0.084198
564.000000	-0.082942	-0.082958	-0.083059	-0.083019	-0.083091	-0.083148	-0.083210
565.000000	-0.081749	-0.081856	-0.081888	-0.081892	-0.081994	-0.082029	-0.082111
566.000000	-0.084384	-0.084565	-0.084524	-0.084554	-0.084665	-0.084697	-0.084809
567.000000	-0.091200	-0.091375	-0.091320	-0.091329	-0.091400	-0.091474	-0.091602
568.000000	-0.094581	-0.094716	-0.094693	-0.094672	-0.094697	-0.094820	-0.094905
569.000000	-0.089663	-0.089767	-0.089797	-0.089767	-0.089780	-0.089920	-0.089899
570.000000	-0.082906	-0.082987	-0.083058	-0.083022	-0.083065	-0.083166	-0.083102
571.000000	-0.081033	-0.081093	-0.081164	-0.081110	-0.081217	-0.081220	-0.081275
572.000000	-0.082227	-0.082278	-0.082326	-0.082250	-0.082424	-0.082343	-0.082540
573.000000	-0.082745	-0.082809	-0.082839	-0.082756	-0.082962	-0.082888	-0.083076
574.000000	-0.082300	-0.082372	-0.082392	-0.082328	-0.082521	-0.082505	-0.082596
575.000000	-0.081973	-0.082018	-0.082027	-0.082014	-0.082149	-0.082164	-0.082218
576.000000	-0.081929	-0.081943	-0.081936	-0.081971	-0.082040	-0.082058	-0.082132
577.000000	-0.081789	-0.081832	-0.081802	-0.081832	-0.081876	-0.081921	-0.081979
578.000000	-0.081548	-0.081667	-0.081614	-0.081596	-0.081664	-0.081761	-0.081760
579.000000	-0.081526	-0.081681	-0.081624	-0.081577	-0.081685	-0.081823	-0.081776
580.000000	-0.081540	-0.081665	-0.081634	-0.081593	-0.081733	-0.081882	-0.081829
581.000000	-0.080784	-0.080865	-0.080893	-0.080846	-0.080997	-0.081133	-0.081098
582.000000	-0.079737	-0.079802	-0.079901	-0.079816	-0.079959	-0.080071	-0.080057
583.000000	-0.081231	-0.081324	-0.081450	-0.081338	-0.081474	-0.081576	-0.081566
584.000000	-0.084722	-0.084875	-0.084955	-0.084860	-0.084997	-0.085113	-0.085087
585.000000	-0.080219	-0.080402	-0.080428	-0.080376	-0.080498	-0.080602	-0.080594
586.000000	-0.065594	-0.065732	-0.065754	-0.065743	-0.065824	-0.065862	-0.065937
587.000000	-0.075045	-0.075137	-0.075194	-0.075174	-0.075242	-0.075233	-0.075383
588.000000	-0.136956	-0.137076	-0.137181	-0.137078	-0.137204	-0.137241	-0.137377
589.000000	-0.194570	-0.194725	-0.194868	-0.194757	-0.194866	-0.194972	-0.195067
590.000000	-0.172285	-0.172384	-0.172542	-0.172640	-0.172513	-0.172601	-0.172725
591.000000	-0.101268	-0.101343	-0.101499	-0.101564	-0.101457	-0.101460	-0.101646
592.000000	-0.064104	-0.064389	-0.064544	-0.063701	-0.064523	-0.064460	-0.064636
593.000000	-0.071541	-0.071917	-0.072067	-0.070889	-0.072105	-0.072030	-0.072134
594.000000	-0.080700	-0.080332	-0.080458	-0.082277	-0.080580	-0.080543	-0.080599
595.000000	-0.077651	-0.076675	-0.076769	-0.080954	-0.076963	-0.076984	-0.077038
596.000000	-0.080735	-0.082004	-0.082090	-0.077115	-0.082290	-0.082330	-0.082376
597.000000	-0.088992	-0.093087	-0.093203	-0.076790	-0.093333	-0.093350	-0.093366
598.000000	-0.069508	-0.066995	-0.067156	-0.077556	-0.067208	-0.067256	-0.067255
599.000000	-0.015956	0.004036	0.003839	-0.077405	0.003815	0.003662	0.003647
600.000000	0.013117	0.042448	0.042239	-0.076833	0.042174	0.041984	0.041954
601.000000	-0.022331	-0.004726	-0.004913	-0.076453	-0.005079	-0.005150	-0.005169
602.000000	-0.073631	-0.072954	-0.073098	-0.076149	-0.073333	-0.073289	-0.073300
603.000000	-0.087601	-0.091727	-0.091826	-0.075714	-0.092021	-0.092024	-0.092060
604.000000	-0.077033	-0.077921	-0.077995	-0.075209	-0.078123	-0.078232	-0.078310
605.000000	-0.071229	-0.070298	-0.070386	-0.074763	-0.070527	-0.070646	-0.070755
606.000000	-0.073185	-0.072916	-0.073028	-0.074388	-0.073215	-0.073278	-0.073396
607.000000	-0.074660	-0.074999	-0.075100	-0.074049	-0.075260	-0.075312	-0.075408
608.000000	-0.073820	-0.074090	-0.074155	-0.073730	-0.074240	-0.074329	-0.074385
609.000000	-0.072928	-0.073059	-0.073107	-0.073428	-0.073174	-0.073283	-0.073307
610.000000	-0.072764	-0.072897	-0.072960	-0.073113	-0.073081	-0.073169	-0.073180
611.000000	-0.072687	-0.072797	-0.072888	-0.072729	-0.073065	-0.073115	-0.073133
612.000000	-0.072397	-0.072416	-0.072523	-0.072324	-0.072716	-0.072748	-0.072772
613.000000	-0.072103	-0.072097	-0.072180	-0.072072	-0.072343	-0.072437	-0.072419
614.000000	-0.071933	-0.072020	-0.072043	-0.072027	-0.072154	-0.072370	-0.072276
615.000000	-0.071809	-0.071979	-0.071964	-0.071993	-0.072081	-0.072301	-0.072233
616.000000	-0.071669	-0.071826	-0.071830	-0.071840	-0.072039	-0.072066	-0.072178
617.000000	-0.071566	-0.071692	-0.071734	-0.071678	-0.071985	-0.071846	-0.072096
618.000000	-0.071547	-0.071695	-0.071757	-0.071623	-0.071895	-0.071808	-0.071997
619.000000	-0.071554	-0.071725	-0.071806	-0.071635	-0.071803	-0.071837	-0.071925
620.000000	-0.071515	-0.071645	-0.071762	-0.071640	-0.071746	-0.071773	-0.071915
621.000000	-0.071430	-0.071489	-0.071623	-0.071598	-0.071686	-0.071649	-0.071888
622.000000	-0.071328	-0.071348	-0.071439	-0.071488	-0.071570	-0.071558	-0.071741
623.000000	-0.071240	-0.071255	-0.071295	-0.071363	-0.071440	-0.071515	-0.071552
624.000000	-0.071196	-0.071206	-0.071290	-0.071316	-0.071379	-0.071491	-0.071489
625.000000	-0.071204	-0.071199	-0.071374	-0.071335	-0.071378	-0.071464	-0.071545
626.000000	-0.071250	-0.071228	-0.071391	-0.071334	-0.071350	-0.071422	-0.071581
627.000000	-0.071271	-0.071251	-0.071292	-0.071270	-0.071272	-0.071361	-0.071536
628.000000	-0.071148	-0.071193	-0.071148	-0.071153	-0.071183	-0.071289	-0.071440
629.000000	-0.070882	-0.071031	-0.071002	-0.071004	-0.071105	-0.071200	-0.071309
630.000000	-0.070668	-0.070837	-0.070841	-0.070864	-0.071018	-0.071064	-0.071131
631.000000	-0.070608	-0.070669	-0.070671	-0.070749	-0.070906	-0.070880	-0.070920
632.000000	-0.070559	-0.070544	-0.070545	-0.070631	-0.070764	-0.070721	-0.070751
633.000000	-0.070405	-0.070458	-0.070495	-0.070487	-0.070598	-0.070635	-0.070671
634.000000	-0.070238	-0.070372	-0.070459	-0.070344	-0.070448	-0.070566	-0.070611
635.000000	-0.070160	-0.070254	-0.070375	-0.070229	-0.070348	-0.070455	-0.070494
636.000000	-0.070127	-0.070158	-0.070272	-0.070136	-0.070282	-0.070345	-0.070344
637.000000	-0.070062	-0.070145	-0.070199	-0.070047	-0.070219	-0.070298	-0.070210
638.000000	-0.069969	-0.070143	-0.070134	-0.069946	-0.070140	-0.070267	-0.070105
639.000000	-0.069885	-0.070032	-0.070034	-0.069825	-0.070029	-0.070167	-0.070025
640.000000	-0.069802	-0.069846	-0.069905	-0.069698	-0.069895	-0.070003	-0.069943
641.000000	-0.069686	-0.069708	-0.069785	-0.069597	-0.069760	-0.069838	-0.069819
642.000000	-0.069546	-0.069638	-0.069679	-0.069525	-0.069630	-0.069699	-0.069675
643.000000	-0.069430	-0.069557	-0.069561	-0.069460	-0.069492	-0.069581	-0.069587
644.000000	-0.069345	-0.069444	-0.069433	-0.069391	-0.069360	-0.069475	-0.069560
645.000000	-0.069245	-0.069350	-0.069332	-0.069319	-0.069276	-0.069374	-0.069503
646.000000	-0.069122	-0.069302	-0.069283	-0.069249	-0.069259	-0.069287	-0.069389
647.000000	-0.069049	-0.069268	-0.069274	-0.069187	-0.069276	-0.069259	-0.069317
648.000000	-0.069077	-0.069236	-0.069299	-0.069147	-0.069308	-0.069309	-0.069357
649.000000	-0.069173	-0.069267	-0.069377	-0.069173	-0.069377	-0.069393	-0.069472
650.000000	-0.069289	-0.069400	-0.069511	-0.069286	-0.069495	-0.069459	-0.069602
651.000000	-0.069358	-0.069524	-0.069618	-0.069411	-0.069600	-0.069485	-0.069671
652.000000	-0.069318	-0.069506	-0.069603	-0.069449	-0.069614	-0.069448	-0.069607
653.000000	-0.069138	-0.069301	-0.069407	-0.069308	-0.069458	-0.069296	-0.069398
654.000000	-0.068805	-0.068905	-0.069001	-0.068918	-0.069075	-0.068981	-0.069057
655.000000	-0.068392	-0.068424	-0.068507	-0.068419	-0.068560	-0.068581	-0.068656
656.000000	-0.068008	-0.068012	-0.068113	-0.068044	-0.068087	-0.068234	-0.068289
657.000000	-0.067699	-0.067710	-0.067851	-0.067822	-0.067749	-0.067976	-0.067988
658.000000	-0.067463	-0.067476	-0.067636	-0.067626	-0.067577	-0.067772	-0.067735
659.000000	-0.067307	-0.067323	-0.067459	-0.067433	-0.067536	-0.067617	-0.067548
660.000000	-0.067255	-0.067330	-0.067388	-0.067332	-0.067526	-0.067551	-0.067478
661.000000	-0.067268	-0.067452	-0.067410	-0.067326	-0.067473	-0.067540	-0.067499
662.000000	-0.067212	-0.067464	-0.067383	-0.067283	-0.067351	-0.067449	-0.067462
663.000000	-0.067016	-0.067237	-0.067211	-0.067110	-0.067153	-0.067210	-0.067281
664.000000	-0.066746	-0.066895	-0.066933	-0.066828	-0.066922	-0.066918	-0.067022
665.000000	-0.066469	-0.066560	-0.066604	-0.066488	-0.066688	-0.066658	-0.066748
666.000000	-0.066189	-0.066260	-0.066279	-0.066187	-0.066438	-0.066419	-0.066457
667.000000	-0.065896	-0.065994	-0.065997	-0.065994	-0.066150	-0.066169	-0.066142
668.000000	-0.065572	-0.065712	-0.065712	-0.065795	-0.065813	-0.065878	-0.065820
669.000000	-0.065213	-0.065370	-0.065372	-0.065457	-0.065427	-0.065529	-0.065522
670.000000	-0.064917	-0.065079	-0.065070	-0.065092	-0.065096	-0.065210	-0.065296
671.000000	-0.064806	-0.064991	-0.064939	-0.064899	-0.064945	-0.065037	-0.065184
672.000000	-0.064797	-0.065004	-0.064919	-0.064846	-0.064926	-0.064961	-0.065110
673.000000	-0.064685	-0.064873	-0.064842	-0.064775	-0.064887	-0.064837	-0.064929
674.000000	-0.064452	-0.064587	-0.064677	-0.064634	-0.064768	-0.064658	-0.064665
675.000000	-0.064229	-0.064335	-0.064511	-0.064469	-0.064587	-0.064539	-0.064478
676.000000	-0.064104	-0.064221	-0.064407	-0.064329	-0.064399	-0.064504	-0.064424
677.000000	-0.064096	-0.064233	-0.064393	-0.064266	-0.064295	-0.064462	-0.064426
678.000000	-0.064175	-0.064311	-0.064447	-0.064287	-0.064308	-0.064382	-0.064424
679.000000	-0.064227	-0.064332	-0.064466	-0.064323	-0.064366	-0.064337	-0.064410
680.000000	-0.064188	-0.064243	-0.064397	-0.064325	-0.064409	-0.064370	-0.064386
681.000000	-0.064131	-0.064190	-0.064340	-0.064302	-0.064436	-0.064417	-0.064379
682.000000	-0.064133	-0.064288	-0.064375	-0.064281	-0.064456	-0.064424	-0.064408
683.000000	-0.064198	-0.064426	-0.064433	-0.064314	-0.064472	-0.064432	-0.064451
684.000000	-0.064303	-0.064471	-0.064433	-0.064432	-0.064484	-0.064491	-0.064481
685.000000	-0.064355	-0.064437	-0.064408	-0.064535	-0.064472	-0.064553	-0.064486
686.000000	-0.064266	-0.064385	-0.064417	-0.064493	-0.064417	-0.064549	-0.064463
687.000000	-0.064140	-0.064356	-0.064447	-0.064350	-0.064352	-0.064494	-0.064437
688.000000	-0.064165	-0.064378	-0.064456	-0.064231	-0.064335	-0.064445	-0.064446
689.000000	-0.064341	-0.064453	-0.064471	-0.064210	-0.064382	-0.064441	-0.064501
690.000000	-0.064543	-0.064561	-0.064562	-0.064324	-0.064480	-0.064508	-0.064595
691.000000	-0.064641	-0.064643	-0.064674	-0.064491	-0.064569	-0.064591	-0.064674
692.000000	-0.064514	-0.064598	-0.064631	-0.064517	-0.064549	-0.064565	-0.064647
693.000000	-0.064220	-0.064432	-0.064429	-0.064372	-0.064420	-0.064427	-0.064522
694.000000	-0.064060	-0.064292	-0.064306	-0.064263	-0.064324	-0.064355	-0.064458
695.000000	-0.064156	-0.064265	-0.064359	-0.064287	-0.064325	-0.064423	-0.064516
696.000000	-0.064245	-0.064290	-0.064386	-0.064304	-0.064324	-0.064475	-0.064559
697.000000	-0.064148	-0.064312	-0.064262	-0.064214	-0.064254	-0.064410	-0.064494
698.000000	-0.064049	-0.064330	-0.064178	-0.064114	-0.064200	-0.064331	-0.064418
699.000000	-0.064118	-0.064349	-0.064299	-0.064105	-0.064241	-0.064345	-0.064424
700.000000	-0.064215	-0.064355	-0.064438	-0.064163	-0.064322	-0.064412	-0.064463
701.000000	-0.064162	-0.064332	-0.064377	-0.064234	-0.064361	-0.064458	-0.064461
702.000000	-0.064033	-0.064283	-0.064223	-0.064269	-0.064333	-0.064447	-0.064421
703.000000	-0.063980	-0.064214	-0.064181	-0.064229	-0.064237	-0.064363	-0.064369
704.000000	-0.064004	-0.064129	-0.064217	-0.064146	-0.064112	-0.064263	-0.064301
705.000000	-0.064026	-0.064033	-0.064173	-0.064085	-0.064014	-0.064236	-0.064201
706.000000	-0.063970	-0.063924	-0.064039	-0.064016	-0.063947	-0.064238	-0.064089
707.000000	-0.063773	-0.063798	-0.063910	-0.063834	-0.063876	-0.064128	-0.064016
708.000000	-0.063436	-0.063608	-0.063760	-0.063533	-0.063740	-0.063859	-0.063931
709.000000	-0.063034	-0.063257	-0.063423	-0.063206	-0.063446	-0.063493	-0.063680
710.000000	-0.062636	-0.062777	-0.062889	-0.062903	-0.063007	-0.063094	-0.063233
711.000000	-0.062301	-0.062394	-0.062399	-0.062606	-0.062593	-0.062716	-0.062759
712.000000	-0.062001	-0.062174	-0.062064	-0.062274	-0.062291	-0.062377	-0.062358
713.000000	-0.061525	-0.061800	-0.061670	-0.061837	-0.061985	-0.062015	-0.061942
714.000000	-0.060784	-0.061082	-0.061082	-0.061274	-0.061565	-0.061580	-0.061446
715.000000	-0.060155	-0.060387	-0.060533	-0.060724	-0.061030	-0.061101	-0.060949
716.000000	-0.059943	-0.060047	-0.060223	-0.060304	-0.060403	-0.060600	-0.060522
717.000000	-0.059687	-0.059756	-0.059861	-0.059858	-0.059713	-0.060009	-0.060068
718.000000	-0.058836	-0.059097	-0.059094	-0.059192	-0.058994	-0.059259	-0.059469
719.000000	-0.057690	-0.058171	-0.058113	-0.058382	-0.058290	-0.058460	-0.058788
720.000000	-0.056865	-0.057291	-0.057309	-0.057612	-0.057649	-0.057786	-0.058158
721.000000	-0.056468	-0.056660	-0.056781	-0.056996	-0.057138	-0.057275	-0.057637
722.000000	-0.056296	-0.056393	-0.056443	-0.056597	-0.056817	-0.056882	-0.057234
723.000000	-0.055977	-0.056150	-0.056057	-0.056205	-0.056504	-0.056456	-0.056785
724.000000	-0.055021	-0.055242	-0.055279	-0.055408	-0.055825	-0.055772	-0.056004
725.000000	-0.053609	-0.053818	-0.054247	-0.054311	-0.054892	-0.054914	-0.055019
726.000000	-0.052706	-0.053030	-0.053662	-0.053631	-0.054385	-0.054334	-0.054450
727.000000	-0.052647	-0.053268	-0.053698	-0.053587	-0.054465	-0.054158	-0.054456
728.000000	-0.052647	-0.053573	-0.053609	-0.053512	-0.054372	-0.053934	-0.054389
729.000000	-0.052196	-0.053267	-0.052954	-0.052987	-0.053702	-0.053434	-0.053872
730.000000	-0.051677	-0.052647	-0.052230	-0.052373	-0.053081	-0.053094	-0.053363
731.000000	-0.051468	-0.052056	-0.051901	-0.052021	-0.053069	-0.053284	-0.053277
732.000000	-0.051471	-0.051516	-0.051843	-0.051852	-0.053456	-0.053812	-0.053473
