[HEADER]
Format	J&M ASCII Table
Comment	
Date	2/21/2023 5:04:38 AM
Order	Y (evenX)
TechType	UV
NumPoints	483
FirstX	250.00
LastX	732.00
XType	NMetr
YType	Absrb
ZType	Secs
NumSubFile	7
Matrix	Z vs X
[DATA]
	0.000000	5.000064	10.000128	15.000256	20.000320	25.000383	30.000511
250.000000	1.036434	1.036254	1.035680	1.037132	1.036489	1.037666	1.036837
251.000000	1.011463	1.011394	1.009900	1.011254	1.011185	1.012080	1.011246
252.000000	0.985546	0.984707	0.983587	0.984204	0.982933	0.985756	0.983832
253.000000	0.960357	0.959004	0.958332	0.958317	0.956312	0.960351	0.957642
254.000000	0.937194	0.936472	0.935355	0.935420	0.934772	0.937203	0.935029
255.000000	0.915251	0.915757	0.913915	0.914488	0.915637	0.915787	0.914473
256.000000	0.893607	0.895136	0.893080	0.894138	0.895598	0.895299	0.894059
257.000000	0.873221	0.875046	0.873223	0.874429	0.875190	0.875610	0.874329
258.000000	0.855417	0.856515	0.855038	0.855841	0.856074	0.856792	0.856424
259.000000	0.839112	0.839254	0.838097	0.838275	0.838327	0.838619	0.839452
260.000000	0.822098	0.822305	0.821414	0.821311	0.821212	0.820725	0.821588
261.000000	0.803995	0.804884	0.804249	0.804216	0.804066	0.802877	0.802806
262.000000	0.785817	0.786370	0.786084	0.786055	0.786307	0.784954	0.784445
263.000000	0.767827	0.767074	0.767095	0.766980	0.767805	0.766908	0.766869
264.000000	0.749391	0.748346	0.748242	0.748376	0.748938	0.748772	0.749290
265.000000	0.730245	0.730544	0.729873	0.730612	0.729962	0.730433	0.731045
266.000000	0.710836	0.712248	0.711233	0.712224	0.710873	0.711527	0.711783
267.000000	0.691455	0.692525	0.691786	0.692303	0.691623	0.691917	0.691540
268.000000	0.671828	0.672113	0.671828	0.671827	0.672115	0.672115	0.671256
269.000000	0.651673	0.651768	0.651679	0.651691	0.652227	0.652469	0.651615
270.000000	0.631019	0.631255	0.631238	0.631279	0.631765	0.632270	0.631720
271.000000	0.609961	0.610167	0.610330	0.609805	0.610573	0.610756	0.610519
272.000000	0.588526	0.588566	0.588960	0.587727	0.588829	0.588473	0.588442
273.000000	0.566709	0.566667	0.567188	0.565876	0.566803	0.566371	0.566391
274.000000	0.544449	0.544430	0.544914	0.543971	0.544372	0.544343	0.544340
275.000000	0.521664	0.521679	0.521970	0.521139	0.521219	0.521706	0.521742
276.000000	0.498458	0.498473	0.498535	0.497542	0.497578	0.498381	0.498526
277.000000	0.475094	0.475080	0.475093	0.474223	0.474153	0.474819	0.475033
278.000000	0.451880	0.451845	0.451987	0.451636	0.451332	0.451482	0.451689
279.000000	0.429171	0.429199	0.429375	0.429448	0.429083	0.428823	0.429013
280.000000	0.407075	0.407200	0.407229	0.407390	0.407197	0.406935	0.407166
281.000000	0.385229	0.385187	0.385204	0.385402	0.385189	0.385235	0.385634
282.000000	0.363422	0.362879	0.363163	0.363553	0.362918	0.363368	0.364060
283.000000	0.342039	0.341316	0.341681	0.342216	0.341320	0.341864	0.342755
284.000000	0.321509	0.321412	0.321297	0.321729	0.321229	0.321290	0.322085
285.000000	0.301982	0.302480	0.301843	0.302050	0.302144	0.301680	0.302108
286.000000	0.283490	0.283571	0.283015	0.283076	0.283335	0.282933	0.282842
287.000000	0.265760	0.265074	0.264956	0.265052	0.265038	0.265069	0.264617
288.000000	0.248455	0.247886	0.247984	0.248329	0.247872	0.248152	0.247842
289.000000	0.231970	0.232160	0.232199	0.232781	0.232037	0.232203	0.232335
290.000000	0.217130	0.217568	0.217558	0.217990	0.217459	0.217221	0.217556
291.000000	0.203837	0.203890	0.203902	0.203914	0.203936	0.203304	0.203476
292.000000	0.191122	0.191006	0.190973	0.190869	0.191156	0.190638	0.190544
293.000000	0.178616	0.178833	0.178667	0.178859	0.178939	0.179036	0.178784
294.000000	0.166843	0.167328	0.167097	0.167432	0.167291	0.167784	0.167590
295.000000	0.156154	0.156486	0.156342	0.156394	0.156315	0.156595	0.156632
296.000000	0.146395	0.146367	0.146379	0.146166	0.146283	0.146154	0.146246
297.000000	0.137346	0.137004	0.137144	0.137026	0.137286	0.136977	0.136736
298.000000	0.128765	0.128307	0.128490	0.128573	0.128771	0.128650	0.128030
299.000000	0.120460	0.120169	0.120278	0.120363	0.120241	0.120653	0.119987
300.000000	0.112512	0.112528	0.112485	0.112434	0.112095	0.112846	0.112494
301.000000	0.105067	0.105327	0.105120	0.104962	0.104903	0.105235	0.105439
302.000000	0.098142	0.098468	0.098172	0.098040	0.098377	0.098044	0.098674
303.000000	0.091690	0.091847	0.091619	0.091710	0.091881	0.091571	0.092055
304.000000	0.085666	0.085555	0.085489	0.085841	0.085472	0.085729	0.085681
305.000000	0.080025	0.079808	0.079836	0.080189	0.079677	0.080168	0.079815
306.000000	0.074672	0.074565	0.074583	0.074697	0.074522	0.074730	0.074488
307.000000	0.069470	0.069517	0.069516	0.069507	0.069514	0.069460	0.069494
308.000000	0.064455	0.064581	0.064591	0.064691	0.064506	0.064463	0.064718
309.000000	0.059932	0.060037	0.060028	0.060203	0.059921	0.059918	0.060195
310.000000	0.056006	0.056019	0.055941	0.055986	0.055969	0.055870	0.055955
311.000000	0.052262	0.052266	0.052151	0.051968	0.052266	0.052030	0.051972
312.000000	0.048383	0.048538	0.048484	0.048121	0.048486	0.048181	0.048223
313.000000	0.044632	0.044870	0.044918	0.044557	0.044804	0.044510	0.044729
314.000000	0.041326	0.041357	0.041477	0.041371	0.041447	0.041228	0.041496
315.000000	0.038371	0.038118	0.038246	0.038400	0.038352	0.038182	0.038421
316.000000	0.035543	0.035248	0.035306	0.035414	0.035370	0.035132	0.035375
317.000000	0.032679	0.032576	0.032509	0.032420	0.032424	0.032169	0.032364
318.000000	0.029660	0.029811	0.029607	0.029533	0.029480	0.029521	0.029458
319.000000	0.026585	0.026901	0.026597	0.026722	0.026551	0.027023	0.026639
320.000000	0.023707	0.023976	0.023664	0.023852	0.023685	0.024226	0.023823
321.000000	0.021084	0.021159	0.020934	0.020977	0.020914	0.021164	0.021054
322.000000	0.018549	0.018557	0.018464	0.018365	0.018249	0.018413	0.018515
323.000000	0.016024	0.016167	0.016177	0.016093	0.015706	0.016152	0.016215
324.000000	0.013592	0.013800	0.013782	0.013901	0.013314	0.013866	0.013865
325.000000	0.011285	0.011329	0.011151	0.011567	0.011048	0.011250	0.011303
326.000000	0.008968	0.008816	0.008595	0.009038	0.008744	0.008669	0.008742
327.000000	0.006552	0.006353	0.006370	0.006345	0.006298	0.006445	0.006388
328.000000	0.004201	0.004041	0.004269	0.003759	0.003898	0.004348	0.004191
329.000000	0.002093	0.001960	0.002040	0.001548	0.001756	0.002090	0.002062
330.000000	0.000138	0.000039	-0.000206	-0.000369	-0.000192	-0.000198	-0.000004
331.000000	-0.001850	-0.001851	-0.002254	-0.002199	-0.002102	-0.002269	-0.001991
332.000000	-0.003968	-0.003885	-0.004170	-0.004118	-0.004061	-0.004218	-0.004009
333.000000	-0.006256	-0.006235	-0.006165	-0.006270	-0.006110	-0.006312	-0.006221
334.000000	-0.008522	-0.008647	-0.008250	-0.008502	-0.008192	-0.008495	-0.008489
335.000000	-0.010400	-0.010538	-0.010273	-0.010431	-0.010169	-0.010463	-0.010441
336.000000	-0.011864	-0.011859	-0.012111	-0.011983	-0.011980	-0.012115	-0.012023
337.000000	-0.013294	-0.013211	-0.013684	-0.013457	-0.013651	-0.013603	-0.013559
338.000000	-0.014914	-0.014894	-0.015056	-0.015027	-0.015225	-0.015069	-0.015234
339.000000	-0.016636	-0.016626	-0.016542	-0.016612	-0.016766	-0.016619	-0.016944
340.000000	-0.018338	-0.018185	-0.018316	-0.018168	-0.018308	-0.018278	-0.018594
341.000000	-0.019887	-0.019657	-0.020116	-0.019810	-0.019811	-0.019887	-0.020193
342.000000	-0.021207	-0.021150	-0.021681	-0.021588	-0.021239	-0.021319	-0.021744
343.000000	-0.022447	-0.022642	-0.023040	-0.023183	-0.022648	-0.022717	-0.023181
344.000000	-0.023787	-0.024090	-0.024293	-0.024286	-0.024096	-0.024241	-0.024444
345.000000	-0.025219	-0.025513	-0.025505	-0.025237	-0.025529	-0.025747	-0.025640
346.000000	-0.026666	-0.026945	-0.026727	-0.026568	-0.026861	-0.027002	-0.026921
347.000000	-0.028048	-0.028327	-0.027982	-0.028162	-0.028156	-0.028104	-0.028254
348.000000	-0.029290	-0.029553	-0.029272	-0.029553	-0.029550	-0.029327	-0.029506
349.000000	-0.030425	-0.030672	-0.030560	-0.030664	-0.030983	-0.030694	-0.030670
350.000000	-0.031571	-0.031867	-0.031780	-0.031747	-0.032233	-0.032017	-0.031849
351.000000	-0.032745	-0.033125	-0.032905	-0.032888	-0.033249	-0.033203	-0.033049
352.000000	-0.033834	-0.034192	-0.033964	-0.033956	-0.034196	-0.034285	-0.034157
353.000000	-0.034805	-0.034998	-0.035005	-0.034910	-0.035187	-0.035309	-0.035145
354.000000	-0.035781	-0.035832	-0.036104	-0.035910	-0.036212	-0.036336	-0.036154
355.000000	-0.036836	-0.036895	-0.037265	-0.037036	-0.037232	-0.037365	-0.037249
356.000000	-0.037867	-0.038042	-0.038284	-0.038105	-0.038166	-0.038228	-0.038225
357.000000	-0.038770	-0.039101	-0.039013	-0.038958	-0.038964	-0.038824	-0.038932
358.000000	-0.039576	-0.040026	-0.039689	-0.039739	-0.039740	-0.039454	-0.039624
359.000000	-0.040360	-0.040829	-0.040603	-0.040645	-0.040643	-0.040455	-0.040610
360.000000	-0.041258	-0.041674	-0.041726	-0.041692	-0.041754	-0.041704	-0.041820
361.000000	-0.042413	-0.042756	-0.042910	-0.042821	-0.043106	-0.042912	-0.043039
362.000000	-0.043730	-0.043943	-0.044078	-0.043946	-0.044492	-0.044033	-0.044147
363.000000	-0.044982	-0.044926	-0.045201	-0.044974	-0.045580	-0.045159	-0.045084
364.000000	-0.046101	-0.045741	-0.046273	-0.045946	-0.046357	-0.046278	-0.045943
365.000000	-0.047154	-0.046731	-0.047316	-0.047023	-0.047102	-0.047285	-0.046947
366.000000	-0.048225	-0.048026	-0.048370	-0.048251	-0.048047	-0.048228	-0.048154
367.000000	-0.049408	-0.049461	-0.049500	-0.049524	-0.049356	-0.049353	-0.049405
368.000000	-0.050714	-0.050888	-0.050739	-0.050769	-0.050976	-0.050748	-0.050608
369.000000	-0.051992	-0.052222	-0.052063	-0.051992	-0.052445	-0.052177	-0.051827
370.000000	-0.053172	-0.053442	-0.053443	-0.053229	-0.053504	-0.053472	-0.053136
371.000000	-0.054468	-0.054700	-0.054867	-0.054582	-0.054587	-0.054757	-0.054580
372.000000	-0.056042	-0.056113	-0.056309	-0.056100	-0.056096	-0.056153	-0.056154
373.000000	-0.057590	-0.057535	-0.057665	-0.057546	-0.057736	-0.057541	-0.057650
374.000000	-0.058769	-0.058787	-0.058849	-0.058677	-0.059088	-0.058778	-0.058866
375.000000	-0.059815	-0.059974	-0.060020	-0.059708	-0.060204	-0.060037	-0.060017
376.000000	-0.061167	-0.061300	-0.061413	-0.061013	-0.061323	-0.061583	-0.061450
377.000000	-0.062791	-0.062753	-0.062964	-0.062574	-0.062590	-0.063258	-0.063045
378.000000	-0.064374	-0.064191	-0.064429	-0.064134	-0.064078	-0.064661	-0.064410
379.000000	-0.065720	-0.065525	-0.065722	-0.065552	-0.065589	-0.065732	-0.065481
380.000000	-0.066758	-0.066722	-0.066904	-0.066797	-0.066690	-0.066728	-0.066498
381.000000	-0.067645	-0.067838	-0.068075	-0.067941	-0.067468	-0.067851	-0.067650
382.000000	-0.068840	-0.069051	-0.069376	-0.069179	-0.068700	-0.069221	-0.069046
383.000000	-0.070465	-0.070398	-0.070803	-0.070534	-0.070622	-0.070752	-0.070623
384.000000	-0.071946	-0.071628	-0.072051	-0.071672	-0.072318	-0.071976	-0.072000
385.000000	-0.072880	-0.072574	-0.072927	-0.072399	-0.073139	-0.072637	-0.072929
386.000000	-0.073601	-0.073414	-0.073662	-0.073053	-0.073610	-0.073235	-0.073662
387.000000	-0.074483	-0.074341	-0.074516	-0.073975	-0.074331	-0.074252	-0.074487
388.000000	-0.075488	-0.075315	-0.075532	-0.075097	-0.075300	-0.075463	-0.075430
389.000000	-0.076472	-0.076244	-0.076662	-0.076239	-0.076346	-0.076494	-0.076435
390.000000	-0.077378	-0.077094	-0.077689	-0.077252	-0.077316	-0.077301	-0.077381
391.000000	-0.078180	-0.077857	-0.078345	-0.078016	-0.078080	-0.077981	-0.078134
392.000000	-0.078835	-0.078515	-0.078699	-0.078562	-0.078658	-0.078607	-0.078713
393.000000	-0.079294	-0.079047	-0.079023	-0.079022	-0.079166	-0.079234	-0.079232
394.000000	-0.079673	-0.079528	-0.079465	-0.079509	-0.079688	-0.079857	-0.079760
395.000000	-0.080233	-0.080113	-0.080053	-0.080122	-0.080277	-0.080420	-0.080316
396.000000	-0.080941	-0.080786	-0.080700	-0.080800	-0.080871	-0.080878	-0.080861
397.000000	-0.081366	-0.081293	-0.081171	-0.081284	-0.081265	-0.081210	-0.081284
398.000000	-0.081360	-0.081554	-0.081403	-0.081495	-0.081415	-0.081461	-0.081562
399.000000	-0.081391	-0.081862	-0.081692	-0.081744	-0.081629	-0.081808	-0.081854
400.000000	-0.081826	-0.082409	-0.082239	-0.082261	-0.082140	-0.082356	-0.082281
401.000000	-0.082510	-0.082962	-0.082847	-0.082899	-0.082839	-0.082957	-0.082793
402.000000	-0.083218	-0.083295	-0.083308	-0.083469	-0.083567	-0.083457	-0.083322
403.000000	-0.083832	-0.083586	-0.083692	-0.083915	-0.084206	-0.083899	-0.083875
404.000000	-0.084288	-0.084080	-0.084131	-0.084237	-0.084669	-0.084364	-0.084463
405.000000	-0.084664	-0.084673	-0.084628	-0.084556	-0.085007	-0.084789	-0.084981
406.000000	-0.085090	-0.085135	-0.085130	-0.085027	-0.085323	-0.085073	-0.085296
407.000000	-0.085558	-0.085463	-0.085607	-0.085583	-0.085656	-0.085352	-0.085540
408.000000	-0.085975	-0.085796	-0.086037	-0.086027	-0.085999	-0.085891	-0.085993
409.000000	-0.086333	-0.086174	-0.086407	-0.086313	-0.086345	-0.086603	-0.086603
410.000000	-0.086703	-0.086547	-0.086715	-0.086546	-0.086684	-0.087082	-0.087014
411.000000	-0.087105	-0.086906	-0.086985	-0.086821	-0.087024	-0.087235	-0.087159
412.000000	-0.087477	-0.087308	-0.087281	-0.087222	-0.087391	-0.087409	-0.087376
413.000000	-0.087804	-0.087760	-0.087638	-0.087752	-0.087787	-0.087793	-0.087838
414.000000	-0.088162	-0.088156	-0.088026	-0.088258	-0.088156	-0.088203	-0.088350
415.000000	-0.088576	-0.088426	-0.088411	-0.088616	-0.088461	-0.088488	-0.088726
416.000000	-0.088898	-0.088639	-0.088764	-0.088855	-0.088723	-0.088723	-0.088943
417.000000	-0.088999	-0.088876	-0.089061	-0.089028	-0.088975	-0.089005	-0.089034
418.000000	-0.089015	-0.089168	-0.089309	-0.089194	-0.089224	-0.089330	-0.089150
419.000000	-0.089132	-0.089519	-0.089523	-0.089410	-0.089475	-0.089665	-0.089441
420.000000	-0.089414	-0.089867	-0.089736	-0.089699	-0.089750	-0.089962	-0.089839
421.000000	-0.089854	-0.090128	-0.089980	-0.090065	-0.090071	-0.090171	-0.090191
422.000000	-0.090280	-0.090298	-0.090227	-0.090420	-0.090387	-0.090323	-0.090448
423.000000	-0.090433	-0.090427	-0.090411	-0.090627	-0.090604	-0.090494	-0.090629
424.000000	-0.090380	-0.090567	-0.090536	-0.090702	-0.090722	-0.090697	-0.090756
425.000000	-0.090488	-0.090769	-0.090668	-0.090797	-0.090829	-0.090887	-0.090853
426.000000	-0.090835	-0.091015	-0.090827	-0.090967	-0.090972	-0.091037	-0.090945
427.000000	-0.091106	-0.091192	-0.090962	-0.091131	-0.091139	-0.091155	-0.091065
428.000000	-0.091154	-0.091259	-0.091065	-0.091245	-0.091319	-0.091258	-0.091235
429.000000	-0.091200	-0.091320	-0.091207	-0.091354	-0.091516	-0.091388	-0.091460
430.000000	-0.091413	-0.091464	-0.091439	-0.091503	-0.091726	-0.091574	-0.091731
431.000000	-0.091690	-0.091689	-0.091718	-0.091719	-0.091926	-0.091807	-0.092010
432.000000	-0.091909	-0.091964	-0.091989	-0.092001	-0.092096	-0.092064	-0.092255
433.000000	-0.092092	-0.092205	-0.092227	-0.092258	-0.092261	-0.092289	-0.092436
434.000000	-0.092287	-0.092331	-0.092421	-0.092393	-0.092450	-0.092431	-0.092542
435.000000	-0.092469	-0.092387	-0.092578	-0.092446	-0.092646	-0.092532	-0.092635
436.000000	-0.092588	-0.092467	-0.092714	-0.092508	-0.092816	-0.092667	-0.092799
437.000000	-0.092655	-0.092591	-0.092826	-0.092628	-0.092936	-0.092826	-0.092976
438.000000	-0.092721	-0.092737	-0.092900	-0.092823	-0.092991	-0.092954	-0.093030
439.000000	-0.092841	-0.092910	-0.092977	-0.093050	-0.093029	-0.093068	-0.093013
440.000000	-0.093070	-0.093136	-0.093146	-0.093220	-0.093154	-0.093248	-0.093146
441.000000	-0.093366	-0.093392	-0.093397	-0.093322	-0.093387	-0.093501	-0.093459
442.000000	-0.093563	-0.093599	-0.093593	-0.093450	-0.093642	-0.093727	-0.093730
443.000000	-0.093601	-0.093716	-0.093679	-0.093644	-0.093850	-0.093875	-0.093843
444.000000	-0.093652	-0.093789	-0.093773	-0.093822	-0.093982	-0.093983	-0.093910
445.000000	-0.093834	-0.093870	-0.093957	-0.093929	-0.094043	-0.094097	-0.094031
446.000000	-0.094060	-0.093991	-0.094154	-0.094016	-0.094109	-0.094247	-0.094200
447.000000	-0.094228	-0.094166	-0.094285	-0.094139	-0.094249	-0.094442	-0.094388
448.000000	-0.094333	-0.094326	-0.094376	-0.094294	-0.094448	-0.094622	-0.094554
449.000000	-0.094391	-0.094399	-0.094476	-0.094457	-0.094660	-0.094716	-0.094656
450.000000	-0.094427	-0.094425	-0.094587	-0.094564	-0.094795	-0.094723	-0.094691
451.000000	-0.094463	-0.094485	-0.094693	-0.094555	-0.094762	-0.094676	-0.094671
452.000000	-0.094529	-0.094590	-0.094767	-0.094514	-0.094658	-0.094647	-0.094653
453.000000	-0.094650	-0.094710	-0.094780	-0.094600	-0.094681	-0.094729	-0.094712
454.000000	-0.094786	-0.094805	-0.094759	-0.094782	-0.094810	-0.094865	-0.094826
455.000000	-0.094836	-0.094831	-0.094782	-0.094865	-0.094845	-0.094881	-0.094891
456.000000	-0.094798	-0.094797	-0.094869	-0.094818	-0.094773	-0.094766	-0.094888
457.000000	-0.094790	-0.094786	-0.094965	-0.094821	-0.094820	-0.094721	-0.094909
458.000000	-0.094864	-0.094839	-0.095032	-0.094953	-0.095057	-0.094839	-0.094997
459.000000	-0.094938	-0.094919	-0.095070	-0.095077	-0.095234	-0.094994	-0.095102
460.000000	-0.094934	-0.094983	-0.095080	-0.095087	-0.095179	-0.095070	-0.095165
461.000000	-0.094835	-0.094991	-0.095059	-0.095014	-0.095015	-0.095037	-0.095149
462.000000	-0.094664	-0.094930	-0.095009	-0.094909	-0.094893	-0.094907	-0.095040
463.000000	-0.094577	-0.094876	-0.094968	-0.094818	-0.094868	-0.094810	-0.094930
464.000000	-0.094720	-0.094913	-0.094974	-0.094781	-0.094962	-0.094872	-0.094916
465.000000	-0.094956	-0.095004	-0.095015	-0.094835	-0.095119	-0.095030	-0.094995
466.000000	-0.095063	-0.095076	-0.095065	-0.095001	-0.095258	-0.095158	-0.095122
467.000000	-0.095060	-0.095117	-0.095144	-0.095203	-0.095331	-0.095238	-0.095248
468.000000	-0.095094	-0.095151	-0.095296	-0.095312	-0.095314	-0.095307	-0.095327
469.000000	-0.095192	-0.095202	-0.095467	-0.095329	-0.095274	-0.095367	-0.095372
470.000000	-0.095277	-0.095290	-0.095522	-0.095356	-0.095342	-0.095384	-0.095442
471.000000	-0.095312	-0.095384	-0.095440	-0.095414	-0.095509	-0.095365	-0.095527
472.000000	-0.095314	-0.095396	-0.095334	-0.095421	-0.095594	-0.095366	-0.095529
473.000000	-0.095305	-0.095313	-0.095283	-0.095358	-0.095527	-0.095402	-0.095438
474.000000	-0.095307	-0.095259	-0.095286	-0.095330	-0.095459	-0.095416	-0.095399
475.000000	-0.095329	-0.095311	-0.095327	-0.095393	-0.095491	-0.095381	-0.095493
476.000000	-0.095346	-0.095391	-0.095368	-0.095457	-0.095547	-0.095368	-0.095591
477.000000	-0.095340	-0.095427	-0.095386	-0.095445	-0.095554	-0.095442	-0.095587
478.000000	-0.095358	-0.095465	-0.095439	-0.095428	-0.095575	-0.095585	-0.095578
479.000000	-0.095440	-0.095563	-0.095577	-0.095489	-0.095680	-0.095754	-0.095675
480.000000	-0.095523	-0.095653	-0.095697	-0.095594	-0.095768	-0.095867	-0.095769
481.000000	-0.095518	-0.095635	-0.095656	-0.095663	-0.095703	-0.095842	-0.095694
482.000000	-0.095410	-0.095492	-0.095485	-0.095629	-0.095512	-0.095683	-0.095501
483.000000	-0.095231	-0.095260	-0.095300	-0.095439	-0.095314	-0.095446	-0.095349
484.000000	-0.095038	-0.095014	-0.095140	-0.095162	-0.095168	-0.095209	-0.095270
485.000000	-0.094902	-0.094858	-0.094980	-0.094959	-0.095083	-0.095065	-0.095199
486.000000	-0.094839	-0.094814	-0.094840	-0.094896	-0.095047	-0.095029	-0.095116
487.000000	-0.094797	-0.094810	-0.094789	-0.094927	-0.095019	-0.095028	-0.095053
488.000000	-0.094778	-0.094818	-0.094854	-0.095008	-0.094996	-0.095029	-0.095041
489.000000	-0.094875	-0.094883	-0.094992	-0.095098	-0.095039	-0.095078	-0.095099
490.000000	-0.095098	-0.095009	-0.095134	-0.095164	-0.095160	-0.095184	-0.095214
491.000000	-0.095236	-0.095077	-0.095174	-0.095175	-0.095257	-0.095256	-0.095296
492.000000	-0.095136	-0.095007	-0.095059	-0.095121	-0.095245	-0.095224	-0.095276
493.000000	-0.094954	-0.094907	-0.094927	-0.095044	-0.095180	-0.095159	-0.095201
494.000000	-0.094874	-0.094894	-0.094923	-0.094989	-0.095131	-0.095140	-0.095133
495.000000	-0.094856	-0.094898	-0.094951	-0.094939	-0.095065	-0.095114	-0.095073
496.000000	-0.094796	-0.094803	-0.094861	-0.094866	-0.094926	-0.095002	-0.095006
497.000000	-0.094690	-0.094655	-0.094688	-0.094775	-0.094756	-0.094836	-0.094915
498.000000	-0.094583	-0.094569	-0.094560	-0.094691	-0.094645	-0.094705	-0.094791
499.000000	-0.094500	-0.094551	-0.094512	-0.094625	-0.094597	-0.094628	-0.094663
500.000000	-0.094451	-0.094525	-0.094509	-0.094576	-0.094559	-0.094571	-0.094591
501.000000	-0.094399	-0.094446	-0.094497	-0.094513	-0.094495	-0.094506	-0.094555
502.000000	-0.094264	-0.094304	-0.094403	-0.094368	-0.094389	-0.094412	-0.094454
503.000000	-0.094055	-0.094124	-0.094228	-0.094158	-0.094257	-0.094284	-0.094273
504.000000	-0.093917	-0.093977	-0.094083	-0.094020	-0.094160	-0.094145	-0.094139
505.000000	-0.093917	-0.093908	-0.094030	-0.094020	-0.094122	-0.094022	-0.094111
506.000000	-0.093917	-0.093886	-0.094002	-0.094037	-0.094085	-0.093952	-0.094084
507.000000	-0.093804	-0.093864	-0.093929	-0.093964	-0.093995	-0.093941	-0.093975
508.000000	-0.093638	-0.093770	-0.093802	-0.093834	-0.093867	-0.093897	-0.093833
509.000000	-0.093500	-0.093561	-0.093633	-0.093695	-0.093728	-0.093741	-0.093725
510.000000	-0.093404	-0.093363	-0.093488	-0.093549	-0.093603	-0.093561	-0.093645
511.000000	-0.093336	-0.093321	-0.093431	-0.093391	-0.093509	-0.093474	-0.093565
512.000000	-0.093228	-0.093322	-0.093371	-0.093239	-0.093404	-0.093412	-0.093444
513.000000	-0.092997	-0.093153	-0.093166	-0.093125	-0.093226	-0.093235	-0.093242
514.000000	-0.092732	-0.092870	-0.092887	-0.093023	-0.093001	-0.092991	-0.093015
515.000000	-0.092626	-0.092694	-0.092745	-0.092877	-0.092806	-0.092843	-0.092872
516.000000	-0.092650	-0.092653	-0.092728	-0.092683	-0.092660	-0.092793	-0.092799
517.000000	-0.092563	-0.092584	-0.092618	-0.092496	-0.092526	-0.092688	-0.092661
518.000000	-0.092305	-0.092429	-0.092363	-0.092344	-0.092393	-0.092485	-0.092434
519.000000	-0.092080	-0.092282	-0.092160	-0.092227	-0.092291	-0.092307	-0.092248
520.000000	-0.092006	-0.092200	-0.092115	-0.092143	-0.092233	-0.092234	-0.092179
521.000000	-0.092003	-0.092141	-0.092117	-0.092102	-0.092185	-0.092236	-0.092160
522.000000	-0.091979	-0.092062	-0.092059	-0.092091	-0.092113	-0.092258	-0.092123
523.000000	-0.091887	-0.091944	-0.091930	-0.092027	-0.091987	-0.092197	-0.092041
524.000000	-0.091712	-0.091785	-0.091751	-0.091854	-0.091799	-0.091986	-0.091907
525.000000	-0.091544	-0.091650	-0.091607	-0.091680	-0.091627	-0.091748	-0.091765
526.000000	-0.091479	-0.091599	-0.091578	-0.091633	-0.091557	-0.091631	-0.091664
527.000000	-0.091462	-0.091574	-0.091575	-0.091643	-0.091546	-0.091603	-0.091584
528.000000	-0.091384	-0.091474	-0.091455	-0.091572	-0.091511	-0.091559	-0.091478
529.000000	-0.091264	-0.091316	-0.091276	-0.091411	-0.091440	-0.091476	-0.091377
530.000000	-0.091195	-0.091184	-0.091205	-0.091229	-0.091367	-0.091376	-0.091351
531.000000	-0.091126	-0.091085	-0.091186	-0.091086	-0.091274	-0.091266	-0.091336
532.000000	-0.090896	-0.090962	-0.090969	-0.091036	-0.091098	-0.091144	-0.091159
533.000000	-0.090685	-0.090878	-0.090735	-0.091036	-0.090939	-0.091035	-0.090957
534.000000	-0.091096	-0.091047	-0.091198	-0.090929	-0.091090	-0.091005	-0.091243
535.000000	-0.091678	-0.091227	-0.091872	-0.090717	-0.091352	-0.090994	-0.091691
536.000000	-0.090028	-0.090339	-0.090050	-0.090696	-0.090603	-0.090706	-0.090408
537.000000	-0.086649	-0.088663	-0.086288	-0.090884	-0.089016	-0.090197	-0.087761
538.000000	-0.090312	-0.090328	-0.090444	-0.090475	-0.090458	-0.090525	-0.090582
539.000000	-0.103079	-0.096294	-0.104839	-0.089239	-0.095890	-0.091945	-0.100480
540.000000	-0.094878	-0.092366	-0.095657	-0.089778	-0.092264	-0.090872	-0.094051
541.000000	-0.040065	-0.064667	-0.033916	-0.093740	-0.066401	-0.084295	-0.050757
542.000000	0.011981	-0.023983	0.025950	-0.092770	-0.025366	-0.078450	-0.004963
543.000000	-0.006181	0.009976	0.009274	-0.077005	0.015459	-0.081585	-0.005133
544.000000	-0.068760	0.020126	-0.056308	-0.057454	0.033568	-0.088503	-0.039796
545.000000	-0.102868	-0.007259	-0.091516	-0.055151	0.005211	-0.087507	-0.066720
546.000000	-0.096630	-0.056188	-0.084583	-0.069464	-0.052209	-0.080235	-0.075545
547.000000	-0.085953	-0.088220	-0.076511	-0.082940	-0.090018	-0.078557	-0.080930
548.000000	-0.086437	-0.092084	-0.083135	-0.088050	-0.093621	-0.084755	-0.087532
549.000000	-0.089382	-0.087715	-0.090402	-0.088946	-0.087645	-0.090059	-0.088060
550.000000	-0.089373	-0.087456	-0.090522	-0.088874	-0.087243	-0.090087	-0.081449
551.000000	-0.088400	-0.088689	-0.088410	-0.088595	-0.088858	-0.088513	-0.077729
552.000000	-0.088198	-0.088788	-0.088035	-0.088456	-0.089023	-0.088215	-0.082519
553.000000	-0.088321	-0.088310	-0.088424	-0.088355	-0.088477	-0.088484	-0.088690
554.000000	-0.088205	-0.088042	-0.088322	-0.088178	-0.088242	-0.088398	-0.089804
555.000000	-0.087984	-0.087963	-0.087964	-0.088002	-0.088203	-0.088106	-0.088241
556.000000	-0.087885	-0.087903	-0.087812	-0.087917	-0.088064	-0.087930	-0.087617
557.000000	-0.087835	-0.087816	-0.087807	-0.087869	-0.087861	-0.087858	-0.087901
558.000000	-0.087681	-0.087696	-0.087736	-0.087766	-0.087725	-0.087774	-0.087984
559.000000	-0.087446	-0.087523	-0.087551	-0.087578	-0.087611	-0.087631	-0.087715
560.000000	-0.087235	-0.087279	-0.087291	-0.087324	-0.087413	-0.087423	-0.087402
561.000000	-0.087189	-0.087133	-0.087142	-0.087175	-0.087270	-0.087302	-0.087288
562.000000	-0.087445	-0.087353	-0.087362	-0.087386	-0.087468	-0.087505	-0.087542
563.000000	-0.087550	-0.087512	-0.087524	-0.087533	-0.087604	-0.087620	-0.087691
564.000000	-0.086498	-0.086531	-0.086557	-0.086554	-0.086621	-0.086633	-0.086667
565.000000	-0.085318	-0.085401	-0.085444	-0.085429	-0.085505	-0.085535	-0.085475
566.000000	-0.087945	-0.088081	-0.088111	-0.088064	-0.088165	-0.088201	-0.088098
567.000000	-0.094715	-0.094903	-0.094884	-0.094792	-0.094924	-0.094940	-0.094888
568.000000	-0.098083	-0.098250	-0.098204	-0.098117	-0.098253	-0.098263	-0.098255
569.000000	-0.093224	-0.093274	-0.093258	-0.093259	-0.093346	-0.093393	-0.093346
570.000000	-0.086519	-0.086484	-0.086501	-0.086596	-0.086608	-0.086688	-0.086591
571.000000	-0.084614	-0.084640	-0.084645	-0.084762	-0.084706	-0.084771	-0.084685
572.000000	-0.085747	-0.085875	-0.085864	-0.085944	-0.085876	-0.085894	-0.085846
573.000000	-0.086256	-0.086383	-0.086411	-0.086431	-0.086443	-0.086411	-0.086375
574.000000	-0.085838	-0.085878	-0.085967	-0.085954	-0.086061	-0.085992	-0.085964
575.000000	-0.085529	-0.085477	-0.085583	-0.085612	-0.085711	-0.085631	-0.085654
576.000000	-0.085488	-0.085383	-0.085472	-0.085565	-0.085592	-0.085536	-0.085611
577.000000	-0.085354	-0.085262	-0.085347	-0.085421	-0.085437	-0.085441	-0.085484
578.000000	-0.085128	-0.085102	-0.085195	-0.085182	-0.085251	-0.085325	-0.085274
579.000000	-0.085115	-0.085176	-0.085238	-0.085184	-0.085273	-0.085377	-0.085278
580.000000	-0.085130	-0.085256	-0.085256	-0.085240	-0.085289	-0.085374	-0.085303
581.000000	-0.084384	-0.084506	-0.084483	-0.084505	-0.084529	-0.084591	-0.084543
582.000000	-0.083361	-0.083409	-0.083433	-0.083449	-0.083497	-0.083555	-0.083489
583.000000	-0.084884	-0.084882	-0.084964	-0.084951	-0.085030	-0.085089	-0.085003
584.000000	-0.088391	-0.088417	-0.088525	-0.088490	-0.088571	-0.088623	-0.088550
585.000000	-0.083874	-0.083943	-0.084065	-0.084022	-0.084082	-0.084143	-0.084100
586.000000	-0.069200	-0.069266	-0.069411	-0.069380	-0.069404	-0.069504	-0.069495
587.000000	-0.078648	-0.078680	-0.078841	-0.078837	-0.078794	-0.078949	-0.078972
588.000000	-0.140666	-0.140669	-0.140817	-0.140842	-0.140712	-0.140899	-0.140949
589.000000	-0.198378	-0.198398	-0.198488	-0.198527	-0.198446	-0.198531	-0.198578
590.000000	-0.176031	-0.176135	-0.176123	-0.176144	-0.176392	-0.176163	-0.176150
591.000000	-0.104953	-0.105033	-0.105043	-0.105032	-0.105364	-0.105114	-0.105030
592.000000	-0.068016	-0.067740	-0.068093	-0.068069	-0.067514	-0.068201	-0.068113
593.000000	-0.075608	-0.075185	-0.075678	-0.075658	-0.074695	-0.075806	-0.075767
594.000000	-0.084067	-0.084725	-0.084169	-0.084145	-0.086102	-0.084292	-0.084275
595.000000	-0.080388	-0.081953	-0.080554	-0.080507	-0.084823	-0.080648	-0.080616
596.000000	-0.085613	-0.083954	-0.085815	-0.085728	-0.081010	-0.085878	-0.085857
597.000000	-0.096630	-0.088214	-0.096823	-0.096702	-0.080672	-0.096876	-0.096902
598.000000	-0.070843	-0.059896	-0.071026	-0.070931	-0.081408	-0.071129	-0.071153
599.000000	-0.000499	0.005158	-0.000700	-0.000702	-0.081235	-0.000907	-0.000849
600.000000	0.037559	0.037077	0.037337	0.037261	-0.080692	0.037071	0.037190
601.000000	-0.009155	-0.010780	-0.009378	-0.009436	-0.080403	-0.009590	-0.009506
602.000000	-0.076730	-0.076952	-0.076931	-0.076934	-0.080174	-0.077073	-0.077047
603.000000	-0.095329	-0.095029	-0.095492	-0.095470	-0.079724	-0.095645	-0.095626
604.000000	-0.081668	-0.081685	-0.081803	-0.081796	-0.079156	-0.082003	-0.081976
605.000000	-0.074139	-0.074331	-0.074282	-0.074316	-0.078668	-0.074488	-0.074501
606.000000	-0.076749	-0.076860	-0.076911	-0.076982	-0.078283	-0.077093	-0.077166
607.000000	-0.078808	-0.078844	-0.078956	-0.079025	-0.077953	-0.079130	-0.079226
608.000000	-0.077883	-0.077915	-0.077996	-0.078035	-0.077659	-0.078182	-0.078248
609.000000	-0.076825	-0.076867	-0.076927	-0.076944	-0.077404	-0.077123	-0.077125
610.000000	-0.076638	-0.076683	-0.076767	-0.076776	-0.077149	-0.076959	-0.076893
611.000000	-0.076555	-0.076617	-0.076733	-0.076723	-0.076822	-0.076910	-0.076811
612.000000	-0.076226	-0.076317	-0.076439	-0.076405	-0.076446	-0.076603	-0.076520
613.000000	-0.075922	-0.076032	-0.076106	-0.076091	-0.076168	-0.076289	-0.076248
614.000000	-0.075796	-0.075897	-0.075887	-0.075939	-0.076044	-0.076114	-0.076120
615.000000	-0.075704	-0.075765	-0.075728	-0.075825	-0.075950	-0.075954	-0.075999
616.000000	-0.075541	-0.075541	-0.075583	-0.075661	-0.075797	-0.075729	-0.075793
617.000000	-0.075400	-0.075359	-0.075497	-0.075539	-0.075649	-0.075566	-0.075608
618.000000	-0.075370	-0.075341	-0.075500	-0.075535	-0.075570	-0.075570	-0.075544
619.000000	-0.075377	-0.075398	-0.075507	-0.075560	-0.075523	-0.075626	-0.075533
620.000000	-0.075324	-0.075403	-0.075425	-0.075498	-0.075453	-0.075587	-0.075483
621.000000	-0.075202	-0.075342	-0.075302	-0.075360	-0.075349	-0.075467	-0.075397
622.000000	-0.075037	-0.075237	-0.075224	-0.075200	-0.075222	-0.075335	-0.075314
623.000000	-0.074888	-0.075121	-0.075177	-0.075076	-0.075116	-0.075226	-0.075239
624.000000	-0.074823	-0.075026	-0.075093	-0.075042	-0.075087	-0.075160	-0.075161
625.000000	-0.074833	-0.074959	-0.074980	-0.075056	-0.075106	-0.075129	-0.075089
626.000000	-0.074844	-0.074904	-0.074900	-0.075011	-0.075079	-0.075106	-0.075042
627.000000	-0.074818	-0.074835	-0.074872	-0.074885	-0.074979	-0.075064	-0.075008
628.000000	-0.074754	-0.074720	-0.074864	-0.074755	-0.074855	-0.074977	-0.074939
629.000000	-0.074645	-0.074560	-0.074829	-0.074658	-0.074740	-0.074845	-0.074812
630.000000	-0.074473	-0.074415	-0.074695	-0.074567	-0.074641	-0.074707	-0.074657
631.000000	-0.074248	-0.074315	-0.074454	-0.074457	-0.074546	-0.074578	-0.074497
632.000000	-0.074058	-0.074224	-0.074234	-0.074324	-0.074411	-0.074409	-0.074338
633.000000	-0.073960	-0.074104	-0.074133	-0.074171	-0.074216	-0.074179	-0.074183
634.000000	-0.073884	-0.073962	-0.074076	-0.074021	-0.074023	-0.073990	-0.074036
635.000000	-0.073762	-0.073816	-0.073976	-0.073899	-0.073895	-0.073931	-0.073904
636.000000	-0.073634	-0.073694	-0.073860	-0.073809	-0.073822	-0.073901	-0.073797
637.000000	-0.073566	-0.073621	-0.073775	-0.073748	-0.073765	-0.073768	-0.073726
638.000000	-0.073521	-0.073557	-0.073671	-0.073671	-0.073686	-0.073579	-0.073660
639.000000	-0.073421	-0.073441	-0.073470	-0.073528	-0.073547	-0.073454	-0.073561
640.000000	-0.073280	-0.073293	-0.073243	-0.073350	-0.073372	-0.073404	-0.073446
641.000000	-0.073166	-0.073188	-0.073148	-0.073226	-0.073225	-0.073367	-0.073371
642.000000	-0.073084	-0.073113	-0.073172	-0.073155	-0.073124	-0.073288	-0.073307
643.000000	-0.072986	-0.072981	-0.073138	-0.073064	-0.073047	-0.073118	-0.073152
644.000000	-0.072858	-0.072801	-0.072993	-0.072933	-0.072977	-0.072894	-0.072924
645.000000	-0.072737	-0.072713	-0.072839	-0.072818	-0.072899	-0.072765	-0.072800
646.000000	-0.072657	-0.072769	-0.072752	-0.072749	-0.072821	-0.072789	-0.072846
647.000000	-0.072635	-0.072843	-0.072728	-0.072707	-0.072790	-0.072840	-0.072900
648.000000	-0.072679	-0.072847	-0.072762	-0.072691	-0.072835	-0.072837	-0.072856
649.000000	-0.072768	-0.072845	-0.072861	-0.072752	-0.072923	-0.072877	-0.072814
650.000000	-0.072874	-0.072899	-0.073014	-0.072917	-0.073013	-0.073032	-0.072872
651.000000	-0.072947	-0.072962	-0.073130	-0.073065	-0.073059	-0.073175	-0.072984
652.000000	-0.072930	-0.072959	-0.073109	-0.073056	-0.073015	-0.073146	-0.073063
653.000000	-0.072743	-0.072796	-0.072897	-0.072848	-0.072816	-0.072903	-0.072977
654.000000	-0.072323	-0.072399	-0.072470	-0.072447	-0.072412	-0.072459	-0.072606
655.000000	-0.071810	-0.071897	-0.071958	-0.071974	-0.071936	-0.071959	-0.072083
656.000000	-0.071441	-0.071515	-0.071561	-0.071602	-0.071605	-0.071604	-0.071658
657.000000	-0.071240	-0.071284	-0.071313	-0.071364	-0.071419	-0.071402	-0.071401
658.000000	-0.071075	-0.071091	-0.071126	-0.071189	-0.071220	-0.071219	-0.071244
659.000000	-0.070918	-0.070921	-0.070977	-0.071052	-0.071011	-0.071045	-0.071139
660.000000	-0.070855	-0.070856	-0.070909	-0.070979	-0.070962	-0.071003	-0.071060
661.000000	-0.070874	-0.070895	-0.070910	-0.070953	-0.071062	-0.071083	-0.070992
662.000000	-0.070816	-0.070898	-0.070877	-0.070886	-0.071018	-0.071063	-0.070927
663.000000	-0.070589	-0.070767	-0.070736	-0.070717	-0.070686	-0.070831	-0.070840
664.000000	-0.070282	-0.070523	-0.070489	-0.070454	-0.070297	-0.070543	-0.070664
665.000000	-0.069989	-0.070205	-0.070163	-0.070129	-0.070043	-0.070320	-0.070368
666.000000	-0.069752	-0.069865	-0.069845	-0.069826	-0.069858	-0.070076	-0.070040
667.000000	-0.069574	-0.069544	-0.069602	-0.069603	-0.069640	-0.069719	-0.069763
668.000000	-0.069331	-0.069220	-0.069357	-0.069347	-0.069361	-0.069331	-0.069461
669.000000	-0.068904	-0.068873	-0.069018	-0.068941	-0.069029	-0.069026	-0.069047
670.000000	-0.068481	-0.068586	-0.068690	-0.068548	-0.068738	-0.068817	-0.068672
671.000000	-0.068343	-0.068469	-0.068542	-0.068424	-0.068599	-0.068673	-0.068556
672.000000	-0.068403	-0.068444	-0.068512	-0.068480	-0.068537	-0.068548	-0.068592
673.000000	-0.068360	-0.068323	-0.068410	-0.068431	-0.068372	-0.068390	-0.068490
674.000000	-0.068150	-0.068095	-0.068197	-0.068214	-0.068113	-0.068188	-0.068225
675.000000	-0.067909	-0.067897	-0.067970	-0.067955	-0.067928	-0.067969	-0.068004
676.000000	-0.067737	-0.067791	-0.067801	-0.067754	-0.067879	-0.067784	-0.067912
677.000000	-0.067677	-0.067746	-0.067726	-0.067672	-0.067891	-0.067714	-0.067877
678.000000	-0.067720	-0.067729	-0.067741	-0.067715	-0.067899	-0.067774	-0.067851
679.000000	-0.067781	-0.067714	-0.067778	-0.067807	-0.067879	-0.067859	-0.067851
680.000000	-0.067793	-0.067688	-0.067789	-0.067880	-0.067830	-0.067891	-0.067880
681.000000	-0.067769	-0.067677	-0.067789	-0.067901	-0.067808	-0.067882	-0.067902
682.000000	-0.067739	-0.067701	-0.067801	-0.067864	-0.067851	-0.067858	-0.067894
683.000000	-0.067764	-0.067764	-0.067842	-0.067829	-0.067902	-0.067847	-0.067916
684.000000	-0.067886	-0.067853	-0.067912	-0.067854	-0.067897	-0.067870	-0.068019
685.000000	-0.068005	-0.067904	-0.067934	-0.067885	-0.067856	-0.067900	-0.068096
686.000000	-0.067994	-0.067852	-0.067825	-0.067847	-0.067819	-0.067896	-0.068014
687.000000	-0.067879	-0.067747	-0.067683	-0.067773	-0.067808	-0.067864	-0.067865
688.000000	-0.067762	-0.067691	-0.067679	-0.067747	-0.067835	-0.067832	-0.067831
689.000000	-0.067715	-0.067725	-0.067813	-0.067782	-0.067894	-0.067830	-0.067927
690.000000	-0.067788	-0.067843	-0.067960	-0.067846	-0.067968	-0.067891	-0.068044
691.000000	-0.067908	-0.067974	-0.068022	-0.067899	-0.068009	-0.067973	-0.068089
692.000000	-0.067892	-0.067987	-0.067926	-0.067893	-0.067942	-0.067963	-0.067981
693.000000	-0.067725	-0.067867	-0.067730	-0.067834	-0.067791	-0.067847	-0.067770
694.000000	-0.067634	-0.067763	-0.067667	-0.067796	-0.067716	-0.067740	-0.067679
695.000000	-0.067707	-0.067753	-0.067807	-0.067808	-0.067778	-0.067711	-0.067794
696.000000	-0.067732	-0.067759	-0.067881	-0.067797	-0.067821	-0.067720	-0.067913
697.000000	-0.067587	-0.067722	-0.067728	-0.067727	-0.067751	-0.067735	-0.067893
698.000000	-0.067485	-0.067701	-0.067593	-0.067700	-0.067700	-0.067786	-0.067851
699.000000	-0.067614	-0.067746	-0.067703	-0.067795	-0.067790	-0.067891	-0.067903
700.000000	-0.067811	-0.067803	-0.067899	-0.067893	-0.067910	-0.067963	-0.067980
701.000000	-0.067862	-0.067804	-0.067963	-0.067858	-0.067917	-0.067917	-0.067984
702.000000	-0.067788	-0.067755	-0.067874	-0.067758	-0.067835	-0.067824	-0.067923
703.000000	-0.067692	-0.067692	-0.067696	-0.067720	-0.067742	-0.067800	-0.067843
704.000000	-0.067594	-0.067627	-0.067533	-0.067740	-0.067670	-0.067809	-0.067770
705.000000	-0.067476	-0.067555	-0.067502	-0.067742	-0.067621	-0.067742	-0.067718
706.000000	-0.067359	-0.067472	-0.067553	-0.067676	-0.067560	-0.067611	-0.067648
707.000000	-0.067295	-0.067368	-0.067509	-0.067512	-0.067420	-0.067515	-0.067485
708.000000	-0.067236	-0.067209	-0.067311	-0.067243	-0.067193	-0.067428	-0.067236
709.000000	-0.067035	-0.066935	-0.067025	-0.066887	-0.066923	-0.067187	-0.066998
710.000000	-0.066645	-0.066556	-0.066688	-0.066495	-0.066647	-0.066766	-0.066801
711.000000	-0.066192	-0.066184	-0.066286	-0.066166	-0.066384	-0.066365	-0.066560
712.000000	-0.065766	-0.065867	-0.065830	-0.065924	-0.066112	-0.066093	-0.066212
713.000000	-0.065361	-0.065491	-0.065394	-0.065630	-0.065721	-0.065836	-0.065752
714.000000	-0.064958	-0.064989	-0.065023	-0.065197	-0.065174	-0.065484	-0.065213
715.000000	-0.064546	-0.064508	-0.064657	-0.064768	-0.064692	-0.065035	-0.064732
716.000000	-0.064111	-0.064171	-0.064225	-0.064463	-0.064450	-0.064514	-0.064411
717.000000	-0.063622	-0.063791	-0.063712	-0.064091	-0.064167	-0.063965	-0.064107
718.000000	-0.063051	-0.063141	-0.063118	-0.063420	-0.063504	-0.063429	-0.063633
719.000000	-0.062390	-0.062349	-0.062443	-0.062602	-0.062624	-0.062888	-0.062986
720.000000	-0.061656	-0.061676	-0.061701	-0.061924	-0.061882	-0.062310	-0.062252
721.000000	-0.061010	-0.061231	-0.061087	-0.061477	-0.061437	-0.061743	-0.061631
722.000000	-0.060672	-0.061017	-0.060873	-0.061223	-0.061316	-0.061274	-0.061368
723.000000	-0.060424	-0.060807	-0.060818	-0.060930	-0.061217	-0.060811	-0.061224
724.000000	-0.059703	-0.060193	-0.060265	-0.060226	-0.060589	-0.060118	-0.060583
725.000000	-0.058565	-0.059249	-0.059253	-0.059255	-0.059529	-0.059320	-0.059516
726.000000	-0.057810	-0.058610	-0.058643	-0.058771	-0.058902	-0.058968	-0.058915
727.000000	-0.057750	-0.058458	-0.058726	-0.058952	-0.058978	-0.059110	-0.059076
728.000000	-0.057813	-0.058162	-0.058766	-0.058965	-0.058969	-0.058917	-0.059218
729.000000	-0.057616	-0.057415	-0.058313	-0.058360	-0.058406	-0.058010	-0.058845
730.000000	-0.057413	-0.056851	-0.057817	-0.057821	-0.057814	-0.057262	-0.058369
731.000000	-0.057456	-0.057007	-0.057703	-0.057957	-0.057676	-0.057416	-0.058190
732.000000	-0.057663	-0.057626	-0.057847	-0.058535	-0.057845	-0.058158	-0.058219
