[HEADER]
Format	J&M ASCII Table
Comment	
Date	2/21/2023 4:57:41 AM
Order	Y (evenX)
TechType	UV
NumPoints	483
FirstX	250.00
LastX	732.00
XType	NMetr
YType	Absrb
ZType	Secs
NumSubFile	7
Matrix	Z vs X
[DATA]
	0.000000	5.000064	10.000192	15.000256	20.000320	25.000448	30.000511
250.000000	1.248600	1.243415	1.247927	1.248805	1.247807	1.247644	1.245411
251.000000	1.232101	1.226304	1.232333	1.230686	1.230960	1.231047	1.230029
252.000000	1.212275	1.208752	1.213842	1.210654	1.212100	1.212804	1.212109
253.000000	1.193537	1.193715	1.195866	1.193669	1.194756	1.195928	1.194725
254.000000	1.179648	1.183045	1.181377	1.183238	1.181674	1.182822	1.180510
255.000000	1.169882	1.173556	1.170067	1.175617	1.171215	1.172336	1.168984
256.000000	1.162577	1.162051	1.161029	1.166396	1.161337	1.162932	1.159241
257.000000	1.156311	1.151244	1.153980	1.156116	1.153015	1.155169	1.151727
258.000000	1.149972	1.145291	1.148820	1.146975	1.147939	1.150118	1.147174
259.000000	1.144498	1.143381	1.145194	1.140937	1.145106	1.147151	1.144777
260.000000	1.141710	1.142233	1.142585	1.139589	1.142239	1.144787	1.142971
261.000000	1.140856	1.140057	1.140037	1.140596	1.138888	1.142068	1.140774
262.000000	1.139244	1.136276	1.136304	1.138749	1.135989	1.138469	1.137683
263.000000	1.135815	1.131636	1.131422	1.133112	1.133644	1.134342	1.134042
264.000000	1.131431	1.128320	1.126893	1.127686	1.130957	1.131009	1.131124
265.000000	1.126617	1.126341	1.123335	1.124085	1.127012	1.128153	1.128637
266.000000	1.121159	1.121905	1.119734	1.119426	1.120952	1.122609	1.123551
267.000000	1.114668	1.112921	1.114850	1.111755	1.112583	1.112788	1.114244
268.000000	1.106493	1.102618	1.107271	1.102619	1.103391	1.101846	1.103388
269.000000	1.096071	1.093666	1.096036	1.093378	1.094412	1.092447	1.093254
270.000000	1.083350	1.083210	1.082073	1.082466	1.083840	1.082339	1.081845
271.000000	1.068439	1.067850	1.066648	1.067998	1.069613	1.068601	1.066704
272.000000	1.051688	1.049361	1.050192	1.050609	1.052464	1.051753	1.049116
273.000000	1.033505	1.031124	1.032745	1.031789	1.034039	1.033498	1.031505
274.000000	1.014014	1.012672	1.013627	1.011822	1.014336	1.014080	1.013250
275.000000	0.993155	0.991437	0.991823	0.990332	0.992455	0.992915	0.992092
276.000000	0.970610	0.967404	0.967833	0.967604	0.968563	0.969741	0.968072
277.000000	0.945879	0.942756	0.943443	0.944485	0.943754	0.944605	0.943215
278.000000	0.919764	0.918642	0.919574	0.921125	0.918952	0.918511	0.918603
279.000000	0.894722	0.894804	0.895994	0.896766	0.894817	0.893653	0.894040
280.000000	0.871592	0.870743	0.872196	0.871262	0.871258	0.870622	0.869273
281.000000	0.847948	0.845670	0.847297	0.845732	0.846794	0.846838	0.844098
282.000000	0.822175	0.819388	0.821029	0.820982	0.820647	0.820709	0.818639
283.000000	0.796024	0.793475	0.794999	0.796499	0.794499	0.794493	0.793937
284.000000	0.771346	0.769343	0.770658	0.771772	0.769960	0.770387	0.770745
285.000000	0.747724	0.746244	0.747252	0.747337	0.746348	0.747254	0.747763
286.000000	0.724276	0.723037	0.723655	0.723903	0.722581	0.723392	0.723522
287.000000	0.701306	0.700059	0.700457	0.701322	0.699234	0.699702	0.699362
288.000000	0.679549	0.678209	0.678867	0.679137	0.677481	0.678012	0.677585
289.000000	0.658880	0.657588	0.658672	0.657568	0.657164	0.657953	0.657634
290.000000	0.638650	0.637788	0.638796	0.637244	0.637302	0.637825	0.637227
291.000000	0.618925	0.618692	0.619199	0.618358	0.617707	0.617569	0.616517
292.000000	0.600442	0.600457	0.600828	0.600675	0.598956	0.598694	0.597957
293.000000	0.583271	0.583071	0.583813	0.583721	0.581312	0.581687	0.582036
294.000000	0.566518	0.566262	0.567084	0.566722	0.564568	0.565513	0.566378
295.000000	0.549835	0.549934	0.550187	0.549582	0.548627	0.549489	0.549729
296.000000	0.534170	0.534407	0.534137	0.533666	0.533705	0.533887	0.533637
297.000000	0.520174	0.519932	0.519716	0.519872	0.519873	0.519070	0.519368
298.000000	0.507036	0.506386	0.506381	0.507025	0.506609	0.505300	0.506164
299.000000	0.493863	0.493565	0.493466	0.493865	0.493419	0.492696	0.493091
300.000000	0.480800	0.481229	0.481017	0.480771	0.480543	0.480775	0.480326
301.000000	0.468279	0.469150	0.469227	0.468517	0.468373	0.468929	0.468307
302.000000	0.456467	0.457278	0.457741	0.456978	0.456720	0.457019	0.456828
303.000000	0.445388	0.445657	0.446009	0.445650	0.445174	0.445152	0.445419
304.000000	0.434842	0.434387	0.434386	0.434555	0.433934	0.433711	0.434178
305.000000	0.424484	0.423602	0.423820	0.424070	0.423599	0.423249	0.423583
306.000000	0.414185	0.413333	0.414271	0.414170	0.414002	0.413630	0.413598
307.000000	0.404046	0.403496	0.404671	0.404404	0.404183	0.404016	0.403658
308.000000	0.394207	0.393992	0.394640	0.394631	0.393927	0.394124	0.393631
309.000000	0.384848	0.384702	0.384919	0.385209	0.384198	0.384574	0.384085
310.000000	0.376028	0.375567	0.375989	0.376317	0.375518	0.375724	0.375306
311.000000	0.367526	0.366680	0.367528	0.367632	0.367167	0.367162	0.366807
312.000000	0.359114	0.358091	0.359172	0.358884	0.358518	0.358522	0.358174
313.000000	0.350681	0.349634	0.350792	0.350221	0.349866	0.349974	0.349623
314.000000	0.342185	0.341167	0.342346	0.341853	0.341619	0.341748	0.341440
315.000000	0.333816	0.332939	0.333958	0.333840	0.333721	0.333758	0.333514
316.000000	0.325805	0.325260	0.325789	0.326156	0.325963	0.325821	0.325620
317.000000	0.318032	0.317837	0.317831	0.318523	0.318186	0.317811	0.317719
318.000000	0.310215	0.310108	0.309995	0.310569	0.310272	0.309657	0.309863
319.000000	0.302339	0.302123	0.302257	0.302425	0.302330	0.301579	0.302119
320.000000	0.294595	0.294389	0.294647	0.294595	0.294636	0.294007	0.294554
321.000000	0.287110	0.287028	0.287221	0.287220	0.287253	0.286947	0.287129
322.000000	0.279937	0.279724	0.280065	0.280020	0.280008	0.279925	0.279679
323.000000	0.272955	0.272334	0.273115	0.272827	0.272749	0.272693	0.272193
324.000000	0.265770	0.265029	0.266057	0.265688	0.265375	0.265405	0.264918
325.000000	0.258234	0.257938	0.258728	0.258599	0.257899	0.258186	0.257957
326.000000	0.250871	0.251005	0.251390	0.251388	0.250610	0.250999	0.251002
327.000000	0.244103	0.244156	0.244315	0.244001	0.243741	0.243841	0.243833
328.000000	0.237574	0.237337	0.237567	0.236921	0.237164	0.236923	0.236802
329.000000	0.230874	0.230547	0.231141	0.230616	0.230701	0.230454	0.230310
330.000000	0.224341	0.224067	0.224894	0.224701	0.224363	0.224316	0.224271
331.000000	0.218487	0.218208	0.218656	0.218552	0.218222	0.218284	0.218419
332.000000	0.212944	0.212585	0.212432	0.212209	0.212222	0.212255	0.212458
333.000000	0.206913	0.206487	0.206330	0.206064	0.206253	0.206203	0.206115
334.000000	0.200477	0.200098	0.200531	0.200300	0.200345	0.200227	0.199740
335.000000	0.194419	0.194310	0.195262	0.194933	0.194649	0.194529	0.194162
336.000000	0.189051	0.189315	0.190365	0.189849	0.189296	0.189207	0.189408
337.000000	0.184106	0.184459	0.185224	0.184792	0.184396	0.184230	0.184540
338.000000	0.179354	0.179398	0.179652	0.179663	0.179840	0.179498	0.179159
339.000000	0.174691	0.174418	0.174254	0.174655	0.175145	0.174800	0.173910
340.000000	0.170055	0.169717	0.169487	0.169905	0.170070	0.170004	0.169265
341.000000	0.165455	0.165103	0.165219	0.165338	0.165103	0.165221	0.164985
342.000000	0.160919	0.160436	0.161211	0.160877	0.160686	0.160583	0.160765
343.000000	0.156511	0.156030	0.157167	0.156597	0.156589	0.156168	0.156509
344.000000	0.152292	0.152203	0.152864	0.152582	0.152477	0.152033	0.152208
345.000000	0.148273	0.148572	0.148613	0.148764	0.148398	0.148198	0.148062
346.000000	0.144439	0.144561	0.144865	0.145021	0.144528	0.144653	0.144319
347.000000	0.140731	0.140357	0.141455	0.141279	0.140831	0.141243	0.140848
348.000000	0.137067	0.136563	0.137888	0.137506	0.137156	0.137740	0.137322
349.000000	0.133493	0.133224	0.134130	0.133817	0.133531	0.134077	0.133692
350.000000	0.130156	0.129921	0.130535	0.130446	0.130130	0.130331	0.130157
351.000000	0.127033	0.126544	0.127240	0.127398	0.126981	0.126694	0.126839
352.000000	0.123886	0.123388	0.124089	0.124382	0.123927	0.123487	0.123761
353.000000	0.120609	0.120520	0.120955	0.121218	0.120866	0.120736	0.120838
354.000000	0.117361	0.117540	0.117799	0.117961	0.117816	0.117905	0.117800
355.000000	0.114278	0.114245	0.114649	0.114700	0.114807	0.114683	0.114513
356.000000	0.111366	0.111115	0.111699	0.111537	0.111869	0.111534	0.111286
357.000000	0.108593	0.108551	0.109078	0.108572	0.109027	0.108883	0.108417
358.000000	0.105889	0.106119	0.106527	0.105863	0.106288	0.106428	0.105849
359.000000	0.103175	0.103273	0.103733	0.103418	0.103632	0.103741	0.103415
360.000000	0.100407	0.100168	0.100720	0.100973	0.100898	0.100837	0.100816
361.000000	0.097562	0.097208	0.097648	0.098193	0.097900	0.097895	0.097755
362.000000	0.094718	0.094455	0.094704	0.095151	0.094802	0.094958	0.094481
363.000000	0.092003	0.091769	0.092072	0.092155	0.091962	0.091994	0.091551
364.000000	0.089395	0.089070	0.089612	0.089344	0.089403	0.089083	0.088988
365.000000	0.086732	0.086342	0.086901	0.086696	0.086853	0.086402	0.086345
366.000000	0.083894	0.083571	0.083867	0.084081	0.084121	0.083874	0.083472
367.000000	0.080811	0.080749	0.080893	0.081238	0.081134	0.081093	0.080610
368.000000	0.077545	0.077867	0.078142	0.078087	0.077917	0.077905	0.077845
369.000000	0.074391	0.074920	0.075294	0.074906	0.074670	0.074678	0.074906
370.000000	0.071509	0.071896	0.072135	0.071905	0.071560	0.071673	0.071646
371.000000	0.068606	0.068762	0.068911	0.068981	0.068600	0.068682	0.068381
372.000000	0.065427	0.065514	0.065877	0.066009	0.065749	0.065501	0.065408
373.000000	0.062266	0.062295	0.062948	0.063027	0.062819	0.062292	0.062560
374.000000	0.059476	0.059246	0.059968	0.060091	0.059639	0.059275	0.059588
375.000000	0.056808	0.056262	0.056898	0.057113	0.056419	0.056375	0.056549
376.000000	0.053808	0.053158	0.053755	0.053965	0.053484	0.053409	0.053602
377.000000	0.050540	0.050036	0.050616	0.050700	0.050737	0.050370	0.050644
378.000000	0.047381	0.047158	0.047596	0.047491	0.047830	0.047360	0.047432
379.000000	0.044467	0.044523	0.044743	0.044474	0.044756	0.044461	0.044134
380.000000	0.041711	0.041881	0.042046	0.041751	0.041811	0.041731	0.041284
381.000000	0.038972	0.039045	0.039389	0.039233	0.039038	0.039058	0.038908
382.000000	0.036053	0.035921	0.036523	0.036576	0.036130	0.036105	0.036346
383.000000	0.032959	0.032648	0.033428	0.033666	0.033024	0.032871	0.033305
384.000000	0.030091	0.029800	0.030553	0.030860	0.030173	0.030034	0.030303
385.000000	0.027723	0.027688	0.028197	0.028409	0.027870	0.027991	0.027750
386.000000	0.025617	0.025698	0.026078	0.026087	0.025773	0.026079	0.025470
387.000000	0.023479	0.023234	0.023873	0.023659	0.023508	0.023648	0.023216
388.000000	0.021181	0.020538	0.021549	0.021238	0.021105	0.020981	0.020877
389.000000	0.018680	0.018039	0.019171	0.019002	0.018705	0.018558	0.018413
390.000000	0.016195	0.015821	0.016882	0.016881	0.016434	0.016409	0.015973
391.000000	0.014034	0.013820	0.014841	0.014724	0.014392	0.014381	0.013773
392.000000	0.012227	0.011985	0.012950	0.012602	0.012498	0.012422	0.011851
393.000000	0.010623	0.010271	0.010961	0.010710	0.010563	0.010548	0.010131
394.000000	0.009021	0.008585	0.008876	0.008980	0.008590	0.008743	0.008509
395.000000	0.007181	0.006799	0.006926	0.007102	0.006756	0.006963	0.006861
396.000000	0.005141	0.004926	0.005221	0.005096	0.005151	0.005224	0.005165
397.000000	0.003310	0.003171	0.003704	0.003437	0.003727	0.003617	0.003539
398.000000	0.001874	0.001637	0.002291	0.002266	0.002384	0.002149	0.002028
399.000000	0.000534	0.000191	0.000866	0.000998	0.000922	0.000653	0.000519
400.000000	-0.000967	-0.001303	-0.000673	-0.000769	-0.000779	-0.000995	-0.001075
401.000000	-0.002585	-0.002914	-0.002380	-0.002647	-0.002580	-0.002715	-0.002718
402.000000	-0.004232	-0.004656	-0.004246	-0.004225	-0.004310	-0.004408	-0.004346
403.000000	-0.005868	-0.006336	-0.006009	-0.005642	-0.005895	-0.006060	-0.005896
404.000000	-0.007471	-0.007750	-0.007401	-0.007154	-0.007307	-0.007672	-0.007318
405.000000	-0.008996	-0.009032	-0.008611	-0.008722	-0.008682	-0.009192	-0.008694
406.000000	-0.010404	-0.010440	-0.009994	-0.010201	-0.010201	-0.010560	-0.010152
407.000000	-0.011764	-0.011989	-0.011535	-0.011620	-0.011787	-0.011855	-0.011694
408.000000	-0.013207	-0.013544	-0.012997	-0.013109	-0.013208	-0.013236	-0.013243
409.000000	-0.014711	-0.014984	-0.014306	-0.014624	-0.014483	-0.014686	-0.014733
410.000000	-0.016111	-0.016209	-0.015546	-0.015958	-0.015859	-0.016031	-0.016105
411.000000	-0.017378	-0.017300	-0.016796	-0.017106	-0.017373	-0.017256	-0.017379
412.000000	-0.018672	-0.018581	-0.018124	-0.018334	-0.018772	-0.018576	-0.018667
413.000000	-0.020066	-0.020155	-0.019534	-0.019761	-0.019947	-0.020054	-0.020026
414.000000	-0.021438	-0.021651	-0.020910	-0.021176	-0.021112	-0.021431	-0.021387
415.000000	-0.022690	-0.022811	-0.022177	-0.022408	-0.022427	-0.022542	-0.022684
416.000000	-0.023868	-0.023870	-0.023414	-0.023521	-0.023764	-0.023618	-0.023917
417.000000	-0.025029	-0.025078	-0.024697	-0.024609	-0.024971	-0.024878	-0.025088
418.000000	-0.026152	-0.026323	-0.025947	-0.025719	-0.026030	-0.026176	-0.026166
419.000000	-0.027212	-0.027433	-0.027061	-0.026872	-0.026973	-0.027300	-0.027133
420.000000	-0.028269	-0.028487	-0.028080	-0.028036	-0.027931	-0.028302	-0.028130
421.000000	-0.029407	-0.029649	-0.029097	-0.029154	-0.029054	-0.029328	-0.029337
422.000000	-0.030559	-0.030823	-0.030144	-0.030191	-0.030250	-0.030377	-0.030595
423.000000	-0.031566	-0.031766	-0.031208	-0.031126	-0.031286	-0.031355	-0.031555
424.000000	-0.032440	-0.032506	-0.032240	-0.032029	-0.032175	-0.032264	-0.032275
425.000000	-0.033343	-0.033321	-0.033166	-0.033042	-0.033145	-0.033190	-0.033184
426.000000	-0.034319	-0.034307	-0.034002	-0.034162	-0.034234	-0.034170	-0.034370
427.000000	-0.035247	-0.035305	-0.034893	-0.035189	-0.035210	-0.035163	-0.035449
428.000000	-0.036085	-0.036230	-0.035898	-0.036027	-0.035992	-0.036133	-0.036236
429.000000	-0.036964	-0.037178	-0.036895	-0.036810	-0.036823	-0.037065	-0.036985
430.000000	-0.037970	-0.038210	-0.037796	-0.037657	-0.037860	-0.037959	-0.037913
431.000000	-0.038998	-0.039229	-0.038671	-0.038571	-0.038901	-0.038868	-0.038962
432.000000	-0.039939	-0.040147	-0.039597	-0.039529	-0.039750	-0.039831	-0.040028
433.000000	-0.040837	-0.041027	-0.040548	-0.040509	-0.040534	-0.040800	-0.041001
434.000000	-0.041758	-0.041953	-0.041473	-0.041484	-0.041434	-0.041709	-0.041798
435.000000	-0.042650	-0.042860	-0.042345	-0.042383	-0.042384	-0.042541	-0.042518
436.000000	-0.043421	-0.043630	-0.043146	-0.043129	-0.043227	-0.043300	-0.043318
437.000000	-0.044102	-0.044303	-0.043883	-0.043796	-0.043965	-0.044021	-0.044178
438.000000	-0.044792	-0.045007	-0.044584	-0.044538	-0.044691	-0.044755	-0.044976
439.000000	-0.045561	-0.045794	-0.045309	-0.045375	-0.045445	-0.045532	-0.045699
440.000000	-0.046443	-0.046646	-0.046150	-0.046203	-0.046218	-0.046353	-0.046430
441.000000	-0.047375	-0.047515	-0.047072	-0.046973	-0.047000	-0.047188	-0.047206
442.000000	-0.048164	-0.048315	-0.047871	-0.047716	-0.047780	-0.047956	-0.048001
443.000000	-0.048746	-0.049006	-0.048478	-0.048452	-0.048547	-0.048627	-0.048780
444.000000	-0.049321	-0.049634	-0.049090	-0.049173	-0.049278	-0.049271	-0.049513
445.000000	-0.050032	-0.050254	-0.049838	-0.049865	-0.049963	-0.049942	-0.050182
446.000000	-0.050782	-0.050912	-0.050577	-0.050502	-0.050629	-0.050628	-0.050810
447.000000	-0.051464	-0.051629	-0.051170	-0.051073	-0.051297	-0.051308	-0.051424
448.000000	-0.052109	-0.052336	-0.051713	-0.051654	-0.051938	-0.051979	-0.052038
449.000000	-0.052768	-0.052949	-0.052337	-0.052321	-0.052516	-0.052635	-0.052653
450.000000	-0.053389	-0.053450	-0.052976	-0.052993	-0.053046	-0.053224	-0.053209
451.000000	-0.053891	-0.053856	-0.053503	-0.053546	-0.053560	-0.053688	-0.053639
452.000000	-0.054323	-0.054284	-0.053958	-0.054012	-0.054096	-0.054109	-0.054047
453.000000	-0.054807	-0.054892	-0.054476	-0.054512	-0.054685	-0.054641	-0.054626
454.000000	-0.055336	-0.055590	-0.055054	-0.055050	-0.055275	-0.055261	-0.055320
455.000000	-0.055794	-0.056079	-0.055568	-0.055532	-0.055740	-0.055794	-0.055857
456.000000	-0.056176	-0.056341	-0.055981	-0.055941	-0.056078	-0.056191	-0.056187
457.000000	-0.056618	-0.056715	-0.056369	-0.056355	-0.056449	-0.056566	-0.056550
458.000000	-0.057163	-0.057346	-0.056784	-0.056815	-0.056934	-0.056991	-0.057070
459.000000	-0.057669	-0.057978	-0.057228	-0.057276	-0.057457	-0.057451	-0.057633
460.000000	-0.058042	-0.058405	-0.057680	-0.057695	-0.057925	-0.057912	-0.058120
461.000000	-0.058374	-0.058669	-0.058080	-0.058056	-0.058253	-0.058325	-0.058473
462.000000	-0.058751	-0.058859	-0.058391	-0.058366	-0.058414	-0.058660	-0.058682
463.000000	-0.059104	-0.059100	-0.058703	-0.058700	-0.058630	-0.058975	-0.058906
464.000000	-0.059357	-0.059495	-0.059116	-0.059132	-0.059124	-0.059341	-0.059305
465.000000	-0.059642	-0.059985	-0.059597	-0.059636	-0.059746	-0.059757	-0.059812
466.000000	-0.060144	-0.060458	-0.060066	-0.060144	-0.060227	-0.060196	-0.060282
467.000000	-0.060764	-0.060904	-0.060502	-0.060595	-0.060566	-0.060628	-0.060700
468.000000	-0.061254	-0.061368	-0.060918	-0.060935	-0.060913	-0.061027	-0.061122
469.000000	-0.061599	-0.061831	-0.061314	-0.061235	-0.061322	-0.061385	-0.061556
470.000000	-0.061970	-0.062223	-0.061680	-0.061660	-0.061773	-0.061716	-0.061972
471.000000	-0.062408	-0.062526	-0.062004	-0.062197	-0.062212	-0.062052	-0.062350
472.000000	-0.062787	-0.062790	-0.062270	-0.062614	-0.062554	-0.062445	-0.062684
473.000000	-0.063052	-0.063052	-0.062505	-0.062820	-0.062784	-0.062885	-0.062976
474.000000	-0.063286	-0.063312	-0.062820	-0.062988	-0.063023	-0.063244	-0.063238
475.000000	-0.063560	-0.063584	-0.063262	-0.063246	-0.063349	-0.063455	-0.063488
476.000000	-0.063871	-0.063920	-0.063704	-0.063535	-0.063704	-0.063630	-0.063751
477.000000	-0.064213	-0.064350	-0.064039	-0.063799	-0.064026	-0.063886	-0.064051
478.000000	-0.064585	-0.064795	-0.064335	-0.064115	-0.064335	-0.064251	-0.064399
479.000000	-0.064984	-0.065161	-0.064681	-0.064555	-0.064661	-0.064711	-0.064793
480.000000	-0.065337	-0.065427	-0.065002	-0.065011	-0.064971	-0.065126	-0.065166
481.000000	-0.065563	-0.065600	-0.065183	-0.065319	-0.065214	-0.065332	-0.065438
482.000000	-0.065671	-0.065707	-0.065241	-0.065433	-0.065369	-0.065376	-0.065593
483.000000	-0.065721	-0.065782	-0.065265	-0.065377	-0.065435	-0.065410	-0.065658
484.000000	-0.065767	-0.065852	-0.065319	-0.065274	-0.065459	-0.065492	-0.065697
485.000000	-0.065856	-0.065935	-0.065446	-0.065319	-0.065526	-0.065602	-0.065806
486.000000	-0.065994	-0.066058	-0.065646	-0.065549	-0.065670	-0.065747	-0.065980
487.000000	-0.066145	-0.066254	-0.065874	-0.065818	-0.065869	-0.065964	-0.066104
488.000000	-0.066323	-0.066525	-0.066110	-0.066048	-0.066106	-0.066252	-0.066172
489.000000	-0.066626	-0.066823	-0.066378	-0.066288	-0.066377	-0.066545	-0.066354
490.000000	-0.067073	-0.067109	-0.066674	-0.066567	-0.066674	-0.066790	-0.066730
491.000000	-0.067470	-0.067385	-0.066919	-0.066837	-0.066964	-0.066981	-0.067113
492.000000	-0.067666	-0.067651	-0.067062	-0.067058	-0.067223	-0.067133	-0.067339
493.000000	-0.067752	-0.067885	-0.067201	-0.067261	-0.067449	-0.067303	-0.067460
494.000000	-0.067852	-0.068060	-0.067431	-0.067474	-0.067643	-0.067539	-0.067564
495.000000	-0.067963	-0.068159	-0.067649	-0.067625	-0.067782	-0.067764	-0.067674
496.000000	-0.068046	-0.068175	-0.067713	-0.067629	-0.067841	-0.067878	-0.067790
497.000000	-0.068108	-0.068175	-0.067710	-0.067584	-0.067861	-0.067927	-0.067918
498.000000	-0.068176	-0.068251	-0.067828	-0.067669	-0.067911	-0.068021	-0.068067
499.000000	-0.068262	-0.068403	-0.068045	-0.067875	-0.068021	-0.068165	-0.068213
500.000000	-0.068365	-0.068559	-0.068192	-0.068066	-0.068187	-0.068290	-0.068317
501.000000	-0.068467	-0.068670	-0.068227	-0.068171	-0.068357	-0.068361	-0.068374
502.000000	-0.068530	-0.068705	-0.068240	-0.068195	-0.068429	-0.068388	-0.068417
503.000000	-0.068564	-0.068701	-0.068294	-0.068190	-0.068401	-0.068406	-0.068474
504.000000	-0.068656	-0.068788	-0.068397	-0.068274	-0.068426	-0.068490	-0.068556
505.000000	-0.068834	-0.069006	-0.068534	-0.068481	-0.068573	-0.068657	-0.068660
506.000000	-0.068988	-0.069183	-0.068647	-0.068647	-0.068699	-0.068789	-0.068754
507.000000	-0.069033	-0.069190	-0.068694	-0.068656	-0.068697	-0.068804	-0.068813
508.000000	-0.069028	-0.069134	-0.068712	-0.068626	-0.068677	-0.068783	-0.068851
509.000000	-0.069044	-0.069148	-0.068746	-0.068689	-0.068758	-0.068824	-0.068887
510.000000	-0.069100	-0.069230	-0.068798	-0.068817	-0.068876	-0.068910	-0.068946
511.000000	-0.069187	-0.069336	-0.068853	-0.068929	-0.068927	-0.068993	-0.069039
512.000000	-0.069255	-0.069397	-0.068881	-0.068971	-0.068918	-0.069031	-0.069100
513.000000	-0.069237	-0.069344	-0.068850	-0.068906	-0.068903	-0.068994	-0.069034
514.000000	-0.069181	-0.069251	-0.068803	-0.068825	-0.068914	-0.068935	-0.068911
515.000000	-0.069205	-0.069280	-0.068829	-0.068900	-0.068962	-0.068963	-0.068902
516.000000	-0.069298	-0.069416	-0.068920	-0.069084	-0.069019	-0.069059	-0.069025
517.000000	-0.069328	-0.069479	-0.068978	-0.069125	-0.069019	-0.069088	-0.069146
518.000000	-0.069263	-0.069418	-0.068969	-0.068973	-0.068954	-0.069013	-0.069189
519.000000	-0.069216	-0.069374	-0.068955	-0.068870	-0.068901	-0.068946	-0.069160
520.000000	-0.069268	-0.069439	-0.068986	-0.068954	-0.068928	-0.068976	-0.069108
521.000000	-0.069399	-0.069581	-0.069076	-0.069109	-0.069069	-0.069132	-0.069152
522.000000	-0.069569	-0.069742	-0.069209	-0.069226	-0.069304	-0.069383	-0.069347
523.000000	-0.069702	-0.069837	-0.069304	-0.069289	-0.069466	-0.069541	-0.069524
524.000000	-0.069738	-0.069810	-0.069298	-0.069307	-0.069423	-0.069463	-0.069531
525.000000	-0.069734	-0.069753	-0.069272	-0.069324	-0.069324	-0.069338	-0.069489
526.000000	-0.069766	-0.069781	-0.069327	-0.069386	-0.069360	-0.069397	-0.069559
527.000000	-0.069815	-0.069868	-0.069430	-0.069450	-0.069490	-0.069552	-0.069701
528.000000	-0.069830	-0.069938	-0.069501	-0.069452	-0.069589	-0.069600	-0.069797
529.000000	-0.069845	-0.069985	-0.069539	-0.069441	-0.069636	-0.069561	-0.069823
530.000000	-0.069936	-0.070049	-0.069590	-0.069524	-0.069680	-0.069588	-0.069807
531.000000	-0.070088	-0.070134	-0.069670	-0.069687	-0.069740	-0.069710	-0.069803
532.000000	-0.070210	-0.070212	-0.069771	-0.069803	-0.069812	-0.069849	-0.069880
533.000000	-0.070257	-0.070264	-0.069853	-0.069823	-0.069870	-0.069941	-0.070016
534.000000	-0.070247	-0.070280	-0.069849	-0.069804	-0.069865	-0.069943	-0.070070
535.000000	-0.070217	-0.070277	-0.069766	-0.069798	-0.069800	-0.069875	-0.070006
536.000000	-0.070233	-0.070312	-0.069766	-0.069841	-0.069785	-0.069863	-0.069992
537.000000	-0.070290	-0.070381	-0.069907	-0.069909	-0.069858	-0.069957	-0.070084
538.000000	-0.070195	-0.070307	-0.069945	-0.069808	-0.069846	-0.069958	-0.069995
539.000000	-0.069901	-0.070044	-0.069737	-0.069504	-0.069676	-0.069769	-0.069608
540.000000	-0.070085	-0.070196	-0.069750	-0.069691	-0.069832	-0.069848	-0.069718
541.000000	-0.071163	-0.071142	-0.070331	-0.070803	-0.070620	-0.070517	-0.070875
542.000000	-0.070939	-0.070941	-0.070193	-0.070605	-0.070457	-0.070439	-0.070770
543.000000	-0.067193	-0.067628	-0.067998	-0.066833	-0.067743	-0.068231	-0.067010
544.000000	-0.066694	-0.067158	-0.067704	-0.066289	-0.067308	-0.067867	-0.066413
545.000000	-0.079225	-0.078146	-0.075056	-0.078828	-0.076152	-0.075141	-0.078926
546.000000	-0.085078	-0.083323	-0.078550	-0.084717	-0.080357	-0.078592	-0.084844
547.000000	-0.043324	-0.046784	-0.053934	-0.042922	-0.050604	-0.054002	-0.043117
548.000000	0.027848	0.015531	-0.001680	0.028348	0.010439	-0.001824	0.028093
549.000000	0.043877	0.029484	0.049535	0.044383	0.063742	0.049336	0.044148
550.000000	-0.018166	-0.024913	0.074493	-0.017782	0.081140	0.074293	-0.017916
551.000000	-0.075937	-0.075154	0.056069	-0.075626	0.055245	0.055891	-0.075703
552.000000	-0.076387	-0.074739	-0.003745	-0.076004	-0.005473	-0.003904	-0.076135
553.000000	-0.057950	-0.058162	-0.059711	-0.057486	-0.059672	-0.059857	-0.057691
554.000000	-0.058624	-0.059294	-0.075789	-0.058184	-0.075389	-0.075926	-0.058404
555.000000	-0.068910	-0.069129	-0.069831	-0.068538	-0.069973	-0.069961	-0.068744
556.000000	-0.072316	-0.072421	-0.066991	-0.071969	-0.067315	-0.067115	-0.072176
557.000000	-0.070164	-0.070407	-0.068864	-0.069799	-0.069008	-0.068975	-0.070005
558.000000	-0.068920	-0.069096	-0.069907	-0.068520	-0.069887	-0.069992	-0.068695
559.000000	-0.069374	-0.069340	-0.069407	-0.068942	-0.069339	-0.069460	-0.069075
560.000000	-0.069683	-0.069592	-0.068909	-0.069237	-0.068875	-0.068935	-0.069364
561.000000	-0.069548	-0.069563	-0.068963	-0.069103	-0.068983	-0.068974	-0.069255
562.000000	-0.069713	-0.069817	-0.069390	-0.069274	-0.069412	-0.069405	-0.069444
563.000000	-0.069943	-0.070058	-0.069597	-0.069520	-0.069575	-0.069634	-0.069676
564.000000	-0.069048	-0.069159	-0.068629	-0.068663	-0.068610	-0.068705	-0.068773
565.000000	-0.067964	-0.068082	-0.067547	-0.067621	-0.067597	-0.067665	-0.067677
566.000000	-0.070701	-0.070801	-0.070284	-0.070333	-0.070389	-0.070424	-0.070390
567.000000	-0.077620	-0.077673	-0.077159	-0.077153	-0.077260	-0.077290	-0.077282
568.000000	-0.081081	-0.081132	-0.080596	-0.080568	-0.080670	-0.080697	-0.080751
569.000000	-0.076201	-0.076333	-0.075760	-0.075777	-0.075818	-0.075832	-0.075932
570.000000	-0.069469	-0.069654	-0.069098	-0.069145	-0.069127	-0.069162	-0.069247
571.000000	-0.067635	-0.067751	-0.067308	-0.067300	-0.067280	-0.067401	-0.067391
572.000000	-0.068883	-0.068902	-0.068557	-0.068488	-0.068506	-0.068680	-0.068593
573.000000	-0.069466	-0.069481	-0.069094	-0.069053	-0.069116	-0.069210	-0.069166
574.000000	-0.069088	-0.069165	-0.068665	-0.068685	-0.068763	-0.068746	-0.068799
575.000000	-0.068821	-0.068945	-0.068401	-0.068403	-0.068434	-0.068451	-0.068520
576.000000	-0.068829	-0.068978	-0.068450	-0.068387	-0.068349	-0.068490	-0.068511
577.000000	-0.068733	-0.068923	-0.068381	-0.068313	-0.068269	-0.068435	-0.068450
578.000000	-0.068550	-0.068773	-0.068188	-0.068179	-0.068196	-0.068273	-0.068330
579.000000	-0.068636	-0.068805	-0.068228	-0.068248	-0.068333	-0.068339	-0.068420
580.000000	-0.068790	-0.068833	-0.068328	-0.068319	-0.068438	-0.068445	-0.068517
581.000000	-0.068120	-0.068098	-0.067653	-0.067613	-0.067714	-0.067746	-0.067834
582.000000	-0.067078	-0.067109	-0.066663	-0.066626	-0.066677	-0.066717	-0.066854
583.000000	-0.068585	-0.068700	-0.068210	-0.068197	-0.068247	-0.068246	-0.068389
584.000000	-0.072150	-0.072308	-0.071764	-0.071779	-0.071902	-0.071828	-0.071899
585.000000	-0.067727	-0.067889	-0.067350	-0.067376	-0.067520	-0.067458	-0.067485
586.000000	-0.053132	-0.053272	-0.052820	-0.052826	-0.052867	-0.052956	-0.053048
587.000000	-0.062582	-0.062689	-0.062232	-0.062199	-0.062250	-0.062365	-0.062515
588.000000	-0.124508	-0.124585	-0.123918	-0.123853	-0.124192	-0.124016	-0.124096
589.000000	-0.182270	-0.182341	-0.181789	-0.181705	-0.181961	-0.181833	-0.181831
590.000000	-0.160337	-0.160448	-0.160841	-0.160753	-0.159907	-0.160832	-0.160908
591.000000	-0.089342	-0.089508	-0.089885	-0.089812	-0.088882	-0.089845	-0.090069
592.000000	-0.051175	-0.051359	-0.048300	-0.048267	-0.051112	-0.048276	-0.048501
593.000000	-0.058225	-0.058382	-0.053944	-0.053967	-0.058418	-0.053985	-0.054074
594.000000	-0.070730	-0.070844	-0.077610	-0.077684	-0.069881	-0.077757	-0.077742
595.000000	-0.070346	-0.070429	-0.086036	-0.086137	-0.068565	-0.086299	-0.086271
596.000000	-0.063192	-0.063288	-0.043690	-0.043775	-0.064690	-0.044030	-0.044010
597.000000	-0.055901	-0.056048	0.036135	0.036097	-0.064325	0.035783	0.035803
598.000000	-0.054017	-0.054189	0.065259	0.065243	-0.065097	0.064954	0.064943
599.000000	-0.059240	-0.059385	0.003726	0.003680	-0.065020	0.003501	0.003415
600.000000	-0.064961	-0.065090	-0.067555	-0.067625	-0.064555	-0.067728	-0.067870
601.000000	-0.065824	-0.065991	-0.080918	-0.080963	-0.064266	-0.081106	-0.081241
602.000000	-0.064196	-0.064391	-0.064726	-0.064739	-0.064000	-0.064954	-0.065053
603.000000	-0.063338	-0.063494	-0.058635	-0.058653	-0.063530	-0.058880	-0.058959
604.000000	-0.063225	-0.063348	-0.062124	-0.062152	-0.062994	-0.062347	-0.062431
605.000000	-0.062947	-0.063130	-0.063828	-0.063825	-0.062601	-0.063993	-0.064104
606.000000	-0.062449	-0.062721	-0.062567	-0.062535	-0.062313	-0.062691	-0.062823
607.000000	-0.062039	-0.062307	-0.061511	-0.061529	-0.061987	-0.061687	-0.061797
608.000000	-0.061774	-0.061958	-0.061405	-0.061507	-0.061638	-0.061668	-0.061734
609.000000	-0.061553	-0.061674	-0.061430	-0.061537	-0.061371	-0.061691	-0.061743
610.000000	-0.061332	-0.061440	-0.061245	-0.061267	-0.061175	-0.061400	-0.061478
611.000000	-0.061124	-0.061231	-0.060969	-0.060893	-0.060932	-0.061010	-0.061114
612.000000	-0.060940	-0.061039	-0.060694	-0.060574	-0.060638	-0.060693	-0.060802
613.000000	-0.060784	-0.060882	-0.060463	-0.060388	-0.060443	-0.060539	-0.060627
614.000000	-0.060655	-0.060767	-0.060300	-0.060340	-0.060398	-0.060543	-0.060586
615.000000	-0.060551	-0.060680	-0.060202	-0.060300	-0.060354	-0.060525	-0.060519
616.000000	-0.060472	-0.060611	-0.060163	-0.060190	-0.060218	-0.060381	-0.060339
617.000000	-0.060430	-0.060573	-0.060187	-0.060101	-0.060115	-0.060273	-0.060201
618.000000	-0.060431	-0.060578	-0.060262	-0.060116	-0.060159	-0.060333	-0.060244
619.000000	-0.060444	-0.060613	-0.060325	-0.060177	-0.060260	-0.060415	-0.060372
620.000000	-0.060439	-0.060656	-0.060313	-0.060202	-0.060298	-0.060346	-0.060446
621.000000	-0.060431	-0.060655	-0.060247	-0.060190	-0.060261	-0.060218	-0.060444
622.000000	-0.060450	-0.060561	-0.060180	-0.060163	-0.060178	-0.060198	-0.060388
623.000000	-0.060479	-0.060446	-0.060137	-0.060136	-0.060099	-0.060251	-0.060323
624.000000	-0.060480	-0.060439	-0.060125	-0.060118	-0.060084	-0.060245	-0.060299
625.000000	-0.060472	-0.060536	-0.060148	-0.060112	-0.060129	-0.060186	-0.060315
626.000000	-0.060519	-0.060629	-0.060202	-0.060117	-0.060181	-0.060189	-0.060324
627.000000	-0.060599	-0.060660	-0.060243	-0.060119	-0.060212	-0.060248	-0.060296
628.000000	-0.060598	-0.060625	-0.060189	-0.060085	-0.060224	-0.060229	-0.060223
629.000000	-0.060481	-0.060546	-0.060035	-0.060009	-0.060202	-0.060093	-0.060125
630.000000	-0.060340	-0.060475	-0.059908	-0.059924	-0.060112	-0.059968	-0.060073
631.000000	-0.060242	-0.060430	-0.059874	-0.059845	-0.059950	-0.059928	-0.060081
632.000000	-0.060171	-0.060351	-0.059834	-0.059740	-0.059784	-0.059897	-0.060030
633.000000	-0.060105	-0.060200	-0.059712	-0.059594	-0.059674	-0.059807	-0.059849
634.000000	-0.060027	-0.060059	-0.059582	-0.059473	-0.059609	-0.059691	-0.059675
635.000000	-0.059936	-0.060006	-0.059525	-0.059437	-0.059570	-0.059591	-0.059646
636.000000	-0.059877	-0.060001	-0.059519	-0.059453	-0.059540	-0.059516	-0.059685
637.000000	-0.059900	-0.059975	-0.059509	-0.059463	-0.059508	-0.059460	-0.059666
638.000000	-0.059937	-0.059913	-0.059462	-0.059437	-0.059466	-0.059415	-0.059571
639.000000	-0.059885	-0.059825	-0.059356	-0.059360	-0.059410	-0.059373	-0.059430
640.000000	-0.059760	-0.059722	-0.059229	-0.059258	-0.059336	-0.059316	-0.059301
641.000000	-0.059658	-0.059617	-0.059152	-0.059178	-0.059242	-0.059225	-0.059245
642.000000	-0.059607	-0.059528	-0.059120	-0.059115	-0.059142	-0.059115	-0.059241
643.000000	-0.059573	-0.059476	-0.059065	-0.059014	-0.059069	-0.059037	-0.059189
644.000000	-0.059521	-0.059450	-0.058969	-0.058880	-0.059019	-0.058995	-0.059077
645.000000	-0.059415	-0.059400	-0.058889	-0.058798	-0.058945	-0.058933	-0.059011
646.000000	-0.059274	-0.059318	-0.058857	-0.058807	-0.058842	-0.058842	-0.059027
647.000000	-0.059207	-0.059291	-0.058855	-0.058862	-0.058788	-0.058808	-0.059025
648.000000	-0.059285	-0.059374	-0.058877	-0.058925	-0.058837	-0.058885	-0.058961
649.000000	-0.059446	-0.059527	-0.058964	-0.059013	-0.058948	-0.059029	-0.058980
650.000000	-0.059613	-0.059689	-0.059131	-0.059132	-0.059073	-0.059181	-0.059190
651.000000	-0.059732	-0.059798	-0.059271	-0.059214	-0.059175	-0.059288	-0.059408
652.000000	-0.059750	-0.059788	-0.059262	-0.059176	-0.059215	-0.059294	-0.059413
653.000000	-0.059582	-0.059597	-0.059069	-0.058997	-0.059102	-0.059120	-0.059177
654.000000	-0.059152	-0.059183	-0.058698	-0.058677	-0.058749	-0.058702	-0.058748
655.000000	-0.058608	-0.058673	-0.058242	-0.058268	-0.058258	-0.058186	-0.058272
656.000000	-0.058197	-0.058271	-0.057835	-0.057845	-0.057819	-0.057811	-0.057930
657.000000	-0.057955	-0.058022	-0.057522	-0.057490	-0.057506	-0.057599	-0.057717
658.000000	-0.057758	-0.057847	-0.057282	-0.057284	-0.057306	-0.057411	-0.057488
659.000000	-0.057590	-0.057726	-0.057127	-0.057223	-0.057194	-0.057220	-0.057250
660.000000	-0.057545	-0.057698	-0.057102	-0.057214	-0.057143	-0.057122	-0.057171
661.000000	-0.057611	-0.057729	-0.057173	-0.057179	-0.057117	-0.057127	-0.057254
662.000000	-0.057611	-0.057662	-0.057177	-0.057077	-0.057078	-0.057111	-0.057254
663.000000	-0.057431	-0.057421	-0.057020	-0.056891	-0.056986	-0.056986	-0.057031
664.000000	-0.057132	-0.057117	-0.056766	-0.056663	-0.056805	-0.056768	-0.056730
665.000000	-0.056796	-0.056859	-0.056484	-0.056429	-0.056522	-0.056489	-0.056483
666.000000	-0.056509	-0.056652	-0.056185	-0.056182	-0.056203	-0.056201	-0.056288
667.000000	-0.056323	-0.056470	-0.055869	-0.055913	-0.055908	-0.055944	-0.056104
668.000000	-0.056147	-0.056208	-0.055548	-0.055620	-0.055606	-0.055702	-0.055850
669.000000	-0.055874	-0.055783	-0.055242	-0.055317	-0.055261	-0.055454	-0.055462
670.000000	-0.055588	-0.055395	-0.055036	-0.055098	-0.054981	-0.055234	-0.055098
671.000000	-0.055431	-0.055327	-0.055021	-0.055068	-0.054916	-0.055092	-0.054982
672.000000	-0.055362	-0.055470	-0.055083	-0.055104	-0.054982	-0.054992	-0.055048
673.000000	-0.055235	-0.055491	-0.054993	-0.054957	-0.054965	-0.054852	-0.055060
674.000000	-0.055048	-0.055318	-0.054757	-0.054657	-0.054805	-0.054687	-0.054946
675.000000	-0.054927	-0.055109	-0.054582	-0.054474	-0.054574	-0.054591	-0.054771
676.000000	-0.054917	-0.054969	-0.054547	-0.054479	-0.054361	-0.054582	-0.054603
677.000000	-0.054963	-0.054927	-0.054570	-0.054504	-0.054262	-0.054576	-0.054507
678.000000	-0.055019	-0.054971	-0.054591	-0.054460	-0.054310	-0.054529	-0.054504
679.000000	-0.055069	-0.055031	-0.054600	-0.054424	-0.054427	-0.054476	-0.054550
680.000000	-0.055101	-0.055061	-0.054602	-0.054455	-0.054536	-0.054456	-0.054607
681.000000	-0.055105	-0.055108	-0.054623	-0.054528	-0.054584	-0.054509	-0.054663
682.000000	-0.055083	-0.055206	-0.054681	-0.054604	-0.054555	-0.054651	-0.054712
683.000000	-0.055084	-0.055296	-0.054751	-0.054641	-0.054556	-0.054804	-0.054754
684.000000	-0.055151	-0.055318	-0.054804	-0.054611	-0.054681	-0.054885	-0.054786
685.000000	-0.055239	-0.055298	-0.054825	-0.054584	-0.054799	-0.054890	-0.054803
686.000000	-0.055283	-0.055291	-0.054805	-0.054642	-0.054739	-0.054841	-0.054798
687.000000	-0.055278	-0.055314	-0.054777	-0.054746	-0.054600	-0.054774	-0.054770
688.000000	-0.055252	-0.055363	-0.054787	-0.054800	-0.054599	-0.054731	-0.054724
689.000000	-0.055264	-0.055439	-0.054853	-0.054821	-0.054742	-0.054747	-0.054713
690.000000	-0.055387	-0.055545	-0.054972	-0.054892	-0.054900	-0.054849	-0.054814
691.000000	-0.055549	-0.055633	-0.055065	-0.054989	-0.054977	-0.054976	-0.054974
692.000000	-0.055541	-0.055610	-0.054986	-0.054980	-0.054925	-0.054984	-0.055015
693.000000	-0.055344	-0.055472	-0.054750	-0.054845	-0.054779	-0.054866	-0.054909
694.000000	-0.055209	-0.055346	-0.054602	-0.054720	-0.054693	-0.054806	-0.054846
695.000000	-0.055259	-0.055304	-0.054666	-0.054681	-0.054736	-0.054882	-0.054907
696.000000	-0.055332	-0.055308	-0.054807	-0.054658	-0.054795	-0.054942	-0.054938
697.000000	-0.055305	-0.055319	-0.054896	-0.054611	-0.054790	-0.054886	-0.054843
698.000000	-0.055258	-0.055346	-0.054904	-0.054614	-0.054792	-0.054837	-0.054770
699.000000	-0.055273	-0.055390	-0.054840	-0.054724	-0.054862	-0.054904	-0.054851
700.000000	-0.055298	-0.055395	-0.054790	-0.054813	-0.054909	-0.054974	-0.054966
701.000000	-0.055258	-0.055309	-0.054836	-0.054748	-0.054830	-0.054911	-0.054969
702.000000	-0.055173	-0.055195	-0.054904	-0.054634	-0.054711	-0.054788	-0.054915
703.000000	-0.055091	-0.055146	-0.054872	-0.054636	-0.054685	-0.054737	-0.054922
704.000000	-0.055010	-0.055137	-0.054737	-0.054682	-0.054704	-0.054720	-0.054941
705.000000	-0.054902	-0.055077	-0.054556	-0.054581	-0.054632	-0.054612	-0.054839
706.000000	-0.054778	-0.054945	-0.054375	-0.054351	-0.054453	-0.054440	-0.054603
707.000000	-0.054678	-0.054768	-0.054226	-0.054165	-0.054252	-0.054340	-0.054315
708.000000	-0.054542	-0.054544	-0.054057	-0.054041	-0.054048	-0.054259	-0.054014
709.000000	-0.054205	-0.054234	-0.053722	-0.053828	-0.053798	-0.053946	-0.053694
710.000000	-0.053649	-0.053832	-0.053206	-0.053443	-0.053473	-0.053379	-0.053360
711.000000	-0.053089	-0.053380	-0.052692	-0.052921	-0.053075	-0.052903	-0.053037
712.000000	-0.052645	-0.052912	-0.052272	-0.052321	-0.052615	-0.052670	-0.052713
713.000000	-0.052185	-0.052428	-0.051805	-0.051735	-0.052117	-0.052362	-0.052290
714.000000	-0.051619	-0.051924	-0.051206	-0.051230	-0.051596	-0.051747	-0.051718
715.000000	-0.051087	-0.051399	-0.050662	-0.050778	-0.051018	-0.051056	-0.051130
716.000000	-0.050696	-0.050840	-0.050318	-0.050321	-0.050358	-0.050517	-0.050640
717.000000	-0.050188	-0.050189	-0.049873	-0.049744	-0.049656	-0.049929	-0.050124
718.000000	-0.049279	-0.049394	-0.048982	-0.048948	-0.048961	-0.049039	-0.049418
719.000000	-0.048199	-0.048525	-0.047863	-0.048058	-0.048271	-0.048088	-0.048576
720.000000	-0.047366	-0.047697	-0.046941	-0.047283	-0.047567	-0.047475	-0.047742
721.000000	-0.046853	-0.047002	-0.046333	-0.046704	-0.046896	-0.047142	-0.047076
722.000000	-0.046520	-0.046496	-0.045959	-0.046316	-0.046337	-0.046765	-0.046718
723.000000	-0.046042	-0.046008	-0.045529	-0.045910	-0.045813	-0.046125	-0.046385
724.000000	-0.044964	-0.045183	-0.044600	-0.045117	-0.045125	-0.045111	-0.045463
725.000000	-0.043531	-0.044077	-0.043332	-0.044027	-0.044295	-0.043964	-0.044094
726.000000	-0.042804	-0.043232	-0.042588	-0.043273	-0.043617	-0.043327	-0.043316
727.000000	-0.043008	-0.042840	-0.042601	-0.043057	-0.043197	-0.043318	-0.043449
728.000000	-0.042903	-0.042467	-0.042479	-0.042820	-0.042815	-0.043149	-0.043530
729.000000	-0.041810	-0.041855	-0.041699	-0.042218	-0.042357	-0.042402	-0.042961
730.000000	-0.040708	-0.041300	-0.040857	-0.041582	-0.042030	-0.041733	-0.042303
731.000000	-0.040478	-0.041071	-0.040504	-0.041228	-0.042004	-0.041722	-0.042085
732.000000	-0.040829	-0.041052	-0.040485	-0.041064	-0.042167	-0.042143	-0.042171
