[HEADER]
Format	J&M ASCII Table
Comment	
Date	2/21/2023 4:07:48 AM
Order	Y (evenX)
TechType	UV
NumPoints	483
FirstX	250.00
LastX	732.00
XType	NMetr
YType	Absrb
ZType	Secs
NumSubFile	7
Matrix	Z vs X
[DATA]
	0.000000	5.000128	10.000192	15.000256	20.000383	25.000448	30.000511
250.000000	0.018814	0.019681	0.019947	0.020387	0.020847	0.021336	0.021876
251.000000	0.018166	0.019192	0.019507	0.019841	0.020282	0.020605	0.021354
252.000000	0.017828	0.018782	0.019291	0.019437	0.019949	0.020064	0.020779
253.000000	0.017758	0.018521	0.019139	0.019134	0.019675	0.019758	0.020291
254.000000	0.017853	0.018408	0.018902	0.018873	0.019304	0.019645	0.019969
255.000000	0.017836	0.018180	0.018578	0.018576	0.018835	0.019396	0.019634
256.000000	0.017483	0.017619	0.018208	0.018195	0.018322	0.018745	0.019123
257.000000	0.017051	0.017059	0.017918	0.017853	0.017931	0.018115	0.018671
258.000000	0.016915	0.016954	0.017833	0.017703	0.017833	0.018074	0.018587
259.000000	0.017020	0.017160	0.017826	0.017661	0.017919	0.018367	0.018681
260.000000	0.017099	0.017246	0.017654	0.017530	0.017943	0.018360	0.018529
261.000000	0.017061	0.017173	0.017358	0.017351	0.017875	0.018049	0.018130
262.000000	0.016953	0.017195	0.017191	0.017340	0.017847	0.017908	0.017808
263.000000	0.016828	0.017326	0.017195	0.017470	0.017847	0.018001	0.017655
264.000000	0.016745	0.017296	0.017172	0.017436	0.017699	0.017917	0.017494
265.000000	0.016730	0.017027	0.017039	0.017137	0.017363	0.017535	0.017282
266.000000	0.016750	0.016792	0.016942	0.016850	0.017044	0.017270	0.017228
267.000000	0.016763	0.016754	0.016950	0.016766	0.016890	0.017352	0.017403
268.000000	0.016699	0.016699	0.016889	0.016763	0.016826	0.017396	0.017460
269.000000	0.016502	0.016437	0.016618	0.016701	0.016755	0.017058	0.017120
270.000000	0.016161	0.016085	0.016267	0.016554	0.016616	0.016536	0.016644
271.000000	0.015700	0.015812	0.016002	0.016327	0.016369	0.016123	0.016361
272.000000	0.015286	0.015619	0.015772	0.016031	0.016039	0.015829	0.016184
273.000000	0.015105	0.015448	0.015454	0.015686	0.015673	0.015562	0.015885
274.000000	0.015021	0.015268	0.015081	0.015330	0.015291	0.015267	0.015452
275.000000	0.014725	0.015062	0.014767	0.015006	0.014899	0.014911	0.014988
276.000000	0.014199	0.014757	0.014462	0.014645	0.014482	0.014464	0.014541
277.000000	0.013682	0.014236	0.013990	0.014087	0.014014	0.013903	0.014099
278.000000	0.013287	0.013576	0.013386	0.013405	0.013537	0.013347	0.013658
279.000000	0.012959	0.013097	0.012968	0.012974	0.013187	0.013092	0.013217
280.000000	0.012648	0.012914	0.012850	0.012910	0.012967	0.013160	0.012803
281.000000	0.012326	0.012722	0.012731	0.012805	0.012624	0.013026	0.012493
282.000000	0.011994	0.012327	0.012392	0.012382	0.012050	0.012386	0.012316
283.000000	0.011726	0.011977	0.011983	0.011900	0.011640	0.011734	0.012145
284.000000	0.011568	0.011896	0.011679	0.011623	0.011719	0.011543	0.011861
285.000000	0.011405	0.011837	0.011479	0.011413	0.011890	0.011550	0.011512
286.000000	0.011110	0.011484	0.011318	0.011067	0.011649	0.011351	0.011183
287.000000	0.010810	0.010981	0.011062	0.010725	0.011108	0.010970	0.010863
288.000000	0.010712	0.010639	0.010574	0.010643	0.010627	0.010605	0.010515
289.000000	0.010705	0.010463	0.010065	0.010725	0.010349	0.010357	0.010246
290.000000	0.010487	0.010263	0.009951	0.010661	0.010278	0.010260	0.010242
291.000000	0.010098	0.010083	0.010233	0.010413	0.010328	0.010266	0.010436
292.000000	0.009896	0.010179	0.010516	0.010208	0.010342	0.010250	0.010519
293.000000	0.009955	0.010461	0.010544	0.010100	0.010223	0.010131	0.010330
294.000000	0.009926	0.010349	0.010270	0.009893	0.009971	0.009896	0.009938
295.000000	0.009630	0.009652	0.009777	0.009522	0.009654	0.009592	0.009497
296.000000	0.009301	0.009075	0.009376	0.009234	0.009465	0.009388	0.009325
297.000000	0.009156	0.009144	0.009294	0.009213	0.009517	0.009390	0.009572
298.000000	0.009185	0.009454	0.009392	0.009324	0.009608	0.009466	0.009814
299.000000	0.009320	0.009522	0.009481	0.009395	0.009531	0.009466	0.009639
300.000000	0.009409	0.009381	0.009484	0.009408	0.009371	0.009372	0.009276
301.000000	0.009308	0.009210	0.009372	0.009383	0.009276	0.009214	0.009102
302.000000	0.009106	0.009080	0.009182	0.009289	0.009209	0.009042	0.009135
303.000000	0.008996	0.009012	0.008987	0.009084	0.009060	0.008916	0.009221
304.000000	0.009017	0.008996	0.008854	0.008896	0.008904	0.008872	0.009277
305.000000	0.009096	0.009005	0.008844	0.008962	0.008935	0.008926	0.009263
306.000000	0.009115	0.008997	0.008906	0.009210	0.009097	0.009012	0.009150
307.000000	0.008910	0.008925	0.008876	0.009247	0.009073	0.008980	0.008921
308.000000	0.008548	0.008800	0.008711	0.008951	0.008800	0.008793	0.008633
309.000000	0.008440	0.008730	0.008556	0.008636	0.008619	0.008599	0.008456
310.000000	0.008744	0.008757	0.008512	0.008516	0.008717	0.008514	0.008484
311.000000	0.008961	0.008750	0.008548	0.008492	0.008860	0.008549	0.008602
312.000000	0.008710	0.008616	0.008607	0.008454	0.008832	0.008669	0.008693
313.000000	0.008326	0.008468	0.008622	0.008409	0.008688	0.008728	0.008725
314.000000	0.008218	0.008436	0.008544	0.008390	0.008533	0.008600	0.008688
315.000000	0.008322	0.008499	0.008468	0.008438	0.008426	0.008396	0.008602
316.000000	0.008435	0.008586	0.008514	0.008581	0.008396	0.008288	0.008498
317.000000	0.008481	0.008617	0.008625	0.008678	0.008385	0.008260	0.008427
318.000000	0.008455	0.008518	0.008660	0.008525	0.008297	0.008208	0.008441
319.000000	0.008340	0.008304	0.008523	0.008172	0.008136	0.008107	0.008440
320.000000	0.008118	0.008061	0.008163	0.007862	0.007982	0.007998	0.008217
321.000000	0.007876	0.007870	0.007717	0.007708	0.007888	0.007909	0.007835
322.000000	0.007817	0.007800	0.007528	0.007671	0.007878	0.007862	0.007663
323.000000	0.007929	0.007817	0.007650	0.007686	0.007899	0.007830	0.007799
324.000000	0.007841	0.007709	0.007645	0.007664	0.007778	0.007716	0.007878
325.000000	0.007376	0.007359	0.007289	0.007549	0.007451	0.007467	0.007656
326.000000	0.006923	0.006921	0.007001	0.007371	0.007148	0.007145	0.007293
327.000000	0.006823	0.006569	0.007111	0.007171	0.007063	0.006846	0.006981
328.000000	0.006925	0.006400	0.007256	0.006965	0.007091	0.006705	0.006796
329.000000	0.006998	0.006464	0.007022	0.006779	0.007084	0.006819	0.006775
330.000000	0.007014	0.006647	0.006666	0.006739	0.007032	0.006995	0.006888
331.000000	0.007011	0.006775	0.006622	0.006965	0.006968	0.006961	0.007065
332.000000	0.006932	0.006713	0.006721	0.007195	0.006851	0.006685	0.007104
333.000000	0.006679	0.006365	0.006497	0.006985	0.006611	0.006270	0.006760
334.000000	0.006338	0.005918	0.006032	0.006411	0.006315	0.005891	0.006250
335.000000	0.006138	0.005778	0.005842	0.005958	0.006146	0.005769	0.006148
336.000000	0.006168	0.006007	0.006060	0.005856	0.006152	0.005935	0.006499
337.000000	0.006346	0.006253	0.006359	0.006020	0.006221	0.006188	0.006716
338.000000	0.006540	0.006301	0.006503	0.006304	0.006260	0.006367	0.006531
339.000000	0.006549	0.006220	0.006468	0.006498	0.006225	0.006393	0.006298
340.000000	0.006295	0.006106	0.006292	0.006467	0.006105	0.006248	0.006272
341.000000	0.006052	0.006052	0.006133	0.006296	0.005971	0.006052	0.006295
342.000000	0.006053	0.006106	0.006112	0.006094	0.005893	0.005915	0.006203
343.000000	0.006141	0.006150	0.006145	0.005926	0.005899	0.005837	0.006079
344.000000	0.006098	0.006055	0.006111	0.005838	0.005987	0.005787	0.006043
345.000000	0.005939	0.005911	0.006003	0.005811	0.006048	0.005745	0.006047
346.000000	0.005764	0.005873	0.005856	0.005801	0.005949	0.005692	0.005985
347.000000	0.005646	0.005881	0.005731	0.005752	0.005728	0.005607	0.005849
348.000000	0.005638	0.005761	0.005698	0.005607	0.005518	0.005470	0.005682
349.000000	0.005676	0.005540	0.005728	0.005400	0.005392	0.005333	0.005521
350.000000	0.005606	0.005407	0.005707	0.005245	0.005375	0.005302	0.005393
351.000000	0.005424	0.005424	0.005591	0.005208	0.005434	0.005370	0.005326
352.000000	0.005321	0.005484	0.005421	0.005297	0.005473	0.005394	0.005346
353.000000	0.005360	0.005481	0.005251	0.005437	0.005437	0.005294	0.005423
354.000000	0.005348	0.005330	0.005152	0.005406	0.005347	0.005138	0.005417
355.000000	0.005181	0.005049	0.005166	0.005124	0.005247	0.005010	0.005276
356.000000	0.005075	0.004942	0.005269	0.004944	0.005206	0.005008	0.005205
357.000000	0.005210	0.005227	0.005406	0.005159	0.005272	0.005181	0.005371
358.000000	0.005385	0.005562	0.005466	0.005489	0.005381	0.005376	0.005572
359.000000	0.005339	0.005531	0.005350	0.005554	0.005440	0.005414	0.005556
360.000000	0.005124	0.005221	0.005159	0.005340	0.005401	0.005295	0.005368
361.000000	0.004907	0.004907	0.005057	0.004986	0.005241	0.005097	0.005168
362.000000	0.004778	0.004752	0.005029	0.004689	0.005055	0.004922	0.005036
363.000000	0.004774	0.004840	0.004961	0.004667	0.005005	0.004886	0.005004
364.000000	0.004870	0.005100	0.004877	0.004901	0.005106	0.004985	0.005066
365.000000	0.004989	0.005332	0.004924	0.005161	0.005246	0.005119	0.005178
366.000000	0.005061	0.005413	0.005094	0.005299	0.005328	0.005197	0.005247
367.000000	0.005033	0.005329	0.005181	0.005284	0.005273	0.005151	0.005118
368.000000	0.004899	0.005136	0.005100	0.005145	0.005103	0.004994	0.004813
369.000000	0.004748	0.005015	0.005015	0.005007	0.005021	0.004887	0.004711
370.000000	0.004662	0.005067	0.005042	0.004958	0.005131	0.004932	0.005015
371.000000	0.004675	0.005134	0.005070	0.004939	0.005201	0.005003	0.005326
372.000000	0.004794	0.005062	0.004987	0.004890	0.005027	0.004984	0.005272
373.000000	0.004958	0.004935	0.004867	0.004851	0.004805	0.004974	0.005073
374.000000	0.005085	0.004883	0.004817	0.004875	0.004789	0.005093	0.005052
375.000000	0.005106	0.004919	0.004851	0.004891	0.004871	0.005214	0.005137
376.000000	0.004963	0.004997	0.004938	0.004795	0.004818	0.005131	0.005108
377.000000	0.004689	0.004982	0.004987	0.004650	0.004695	0.004907	0.004931
378.000000	0.004383	0.004702	0.004877	0.004620	0.004738	0.004771	0.004690
379.000000	0.004211	0.004332	0.004679	0.004733	0.004964	0.004785	0.004503
380.000000	0.004394	0.004347	0.004635	0.004895	0.005192	0.004865	0.004518
381.000000	0.004806	0.004708	0.004716	0.004983	0.005278	0.004868	0.004696
382.000000	0.004853	0.004682	0.004528	0.004844	0.005132	0.004585	0.004751
383.000000	0.004361	0.004047	0.004003	0.004473	0.004791	0.004059	0.004580
384.000000	0.004031	0.003676	0.003752	0.004159	0.004526	0.003824	0.004470
385.000000	0.004324	0.004141	0.004149	0.004119	0.004513	0.004200	0.004611
386.000000	0.004705	0.004769	0.004629	0.004267	0.004566	0.004699	0.004781
387.000000	0.004636	0.004867	0.004631	0.004461	0.004491	0.004819	0.004753
388.000000	0.004376	0.004667	0.004383	0.004566	0.004363	0.004671	0.004595
389.000000	0.004339	0.004597	0.004277	0.004475	0.004314	0.004504	0.004451
390.000000	0.004444	0.004618	0.004306	0.004292	0.004358	0.004363	0.004386
391.000000	0.004428	0.004515	0.004308	0.004194	0.004463	0.004213	0.004427
392.000000	0.004336	0.004325	0.004269	0.004253	0.004579	0.004114	0.004517
393.000000	0.004391	0.004237	0.004273	0.004460	0.004645	0.004178	0.004558
394.000000	0.004542	0.004262	0.004319	0.004696	0.004619	0.004346	0.004520
395.000000	0.004481	0.004246	0.004334	0.004740	0.004478	0.004404	0.004447
396.000000	0.004195	0.004213	0.004316	0.004595	0.004317	0.004331	0.004411
397.000000	0.004066	0.004428	0.004360	0.004567	0.004392	0.004373	0.004524
398.000000	0.004294	0.004898	0.004499	0.004756	0.004744	0.004609	0.004784
399.000000	0.004652	0.005084	0.004626	0.004810	0.004961	0.004755	0.004967
400.000000	0.004898	0.004667	0.004658	0.004516	0.004775	0.004604	0.004907
401.000000	0.004893	0.004159	0.004619	0.004219	0.004490	0.004293	0.004694
402.000000	0.004592	0.004081	0.004544	0.004248	0.004428	0.004018	0.004454
403.000000	0.004294	0.004293	0.004430	0.004393	0.004517	0.003927	0.004287
404.000000	0.004327	0.004495	0.004278	0.004349	0.004587	0.004119	0.004269
405.000000	0.004521	0.004604	0.004209	0.004235	0.004578	0.004419	0.004376
406.000000	0.004525	0.004623	0.004369	0.004318	0.004481	0.004556	0.004536
407.000000	0.004336	0.004527	0.004593	0.004486	0.004324	0.004495	0.004634
408.000000	0.004169	0.004284	0.004543	0.004405	0.004156	0.004352	0.004541
409.000000	0.004129	0.004006	0.004269	0.004131	0.004046	0.004238	0.004322
410.000000	0.004218	0.003938	0.004180	0.004075	0.004084	0.004259	0.004216
411.000000	0.004365	0.004126	0.004381	0.004305	0.004264	0.004398	0.004306
412.000000	0.004411	0.004344	0.004557	0.004408	0.004459	0.004481	0.004449
413.000000	0.004305	0.004442	0.004529	0.004207	0.004569	0.004411	0.004529
414.000000	0.004232	0.004455	0.004451	0.004065	0.004561	0.004274	0.004504
415.000000	0.004316	0.004428	0.004459	0.004226	0.004442	0.004172	0.004391
416.000000	0.004410	0.004361	0.004515	0.004408	0.004308	0.004193	0.004355
417.000000	0.004375	0.004263	0.004560	0.004338	0.004261	0.004374	0.004518
418.000000	0.004322	0.004217	0.004577	0.004222	0.004343	0.004559	0.004710
419.000000	0.004394	0.004303	0.004563	0.004339	0.004554	0.004567	0.004710
420.000000	0.004498	0.004406	0.004524	0.004506	0.004706	0.004450	0.004534
421.000000	0.004461	0.004357	0.004469	0.004384	0.004563	0.004354	0.004304
422.000000	0.004333	0.004249	0.004430	0.004118	0.004258	0.004310	0.004177
423.000000	0.004296	0.004325	0.004451	0.004134	0.004134	0.004279	0.004325
424.000000	0.004384	0.004531	0.004512	0.004417	0.004242	0.004265	0.004636
425.000000	0.004490	0.004545	0.004542	0.004547	0.004359	0.004309	0.004754
426.000000	0.004545	0.004328	0.004519	0.004406	0.004383	0.004403	0.004582
427.000000	0.004534	0.004224	0.004502	0.004292	0.004385	0.004474	0.004386
428.000000	0.004455	0.004388	0.004504	0.004358	0.004408	0.004473	0.004332
429.000000	0.004327	0.004540	0.004446	0.004419	0.004418	0.004410	0.004344
430.000000	0.004184	0.004473	0.004298	0.004334	0.004387	0.004312	0.004342
431.000000	0.004097	0.004319	0.004205	0.004208	0.004317	0.004243	0.004316
432.000000	0.004116	0.004241	0.004287	0.004162	0.004225	0.004251	0.004274
433.000000	0.004167	0.004262	0.004406	0.004194	0.004145	0.004301	0.004243
434.000000	0.004158	0.004358	0.004388	0.004267	0.004114	0.004345	0.004250
435.000000	0.004130	0.004435	0.004290	0.004328	0.004143	0.004385	0.004306
436.000000	0.004167	0.004385	0.004254	0.004324	0.004232	0.004445	0.004410
437.000000	0.004254	0.004261	0.004308	0.004289	0.004342	0.004488	0.004502
438.000000	0.004309	0.004209	0.004410	0.004306	0.004419	0.004447	0.004495
439.000000	0.004319	0.004230	0.004486	0.004364	0.004423	0.004352	0.004403
440.000000	0.004321	0.004198	0.004435	0.004374	0.004334	0.004319	0.004328
441.000000	0.004331	0.004097	0.004282	0.004308	0.004200	0.004369	0.004302
442.000000	0.004334	0.004068	0.004214	0.004223	0.004157	0.004394	0.004257
443.000000	0.004316	0.004157	0.004301	0.004169	0.004246	0.004343	0.004179
444.000000	0.004281	0.004229	0.004377	0.004171	0.004318	0.004280	0.004174
445.000000	0.004234	0.004189	0.004321	0.004225	0.004278	0.004256	0.004290
446.000000	0.004189	0.004130	0.004219	0.004247	0.004246	0.004246	0.004391
447.000000	0.004160	0.004146	0.004164	0.004175	0.004322	0.004221	0.004349
448.000000	0.004171	0.004199	0.004128	0.004096	0.004384	0.004184	0.004205
449.000000	0.004236	0.004229	0.004068	0.004115	0.004287	0.004151	0.004051
450.000000	0.004314	0.004240	0.004068	0.004195	0.004147	0.004149	0.003995
451.000000	0.004347	0.004261	0.004241	0.004242	0.004160	0.004199	0.004128
452.000000	0.004319	0.004272	0.004443	0.004202	0.004255	0.004257	0.004317
453.000000	0.004246	0.004232	0.004392	0.004049	0.004212	0.004241	0.004307
454.000000	0.004172	0.004169	0.004143	0.003875	0.004069	0.004165	0.004124
455.000000	0.004167	0.004169	0.004033	0.003872	0.004079	0.004118	0.004030
456.000000	0.004215	0.004220	0.004142	0.004038	0.004266	0.004125	0.004101
457.000000	0.004196	0.004191	0.004217	0.004135	0.004356	0.004125	0.004164
458.000000	0.004070	0.004033	0.004125	0.004044	0.004222	0.004083	0.004116
459.000000	0.003964	0.003870	0.003984	0.003898	0.004036	0.004020	0.004015
460.000000	0.003971	0.003811	0.003910	0.003828	0.003956	0.003975	0.003936
461.000000	0.004049	0.003879	0.003936	0.003879	0.004021	0.004021	0.003964
462.000000	0.004135	0.004057	0.004062	0.004050	0.004209	0.004190	0.004134
463.000000	0.004163	0.004205	0.004200	0.004182	0.004330	0.004324	0.004269
464.000000	0.004083	0.004188	0.004255	0.004120	0.004200	0.004254	0.004182
465.000000	0.003931	0.004045	0.004218	0.003953	0.003945	0.004072	0.003985
466.000000	0.003775	0.003885	0.004115	0.003849	0.003792	0.003948	0.003881
467.000000	0.003683	0.003794	0.003973	0.003825	0.003776	0.003897	0.003876
468.000000	0.003711	0.003833	0.003817	0.003812	0.003823	0.003845	0.003869
469.000000	0.003798	0.003936	0.003676	0.003780	0.003857	0.003781	0.003822
470.000000	0.003789	0.003932	0.003578	0.003736	0.003805	0.003748	0.003753
471.000000	0.003665	0.003810	0.003549	0.003707	0.003696	0.003767	0.003706
472.000000	0.003565	0.003758	0.003613	0.003749	0.003685	0.003837	0.003754
473.000000	0.003567	0.003840	0.003755	0.003860	0.003811	0.003925	0.003888
474.000000	0.003623	0.003896	0.003883	0.003928	0.003900	0.003950	0.003952
475.000000	0.003689	0.003825	0.003941	0.003890	0.003841	0.003884	0.003860
476.000000	0.003769	0.003739	0.003964	0.003823	0.003739	0.003852	0.003739
477.000000	0.003856	0.003740	0.003983	0.003799	0.003701	0.003939	0.003708
478.000000	0.003880	0.003764	0.003942	0.003771	0.003707	0.003991	0.003733
479.000000	0.003781	0.003725	0.003790	0.003685	0.003710	0.003847	0.003748
480.000000	0.003665	0.003645	0.003625	0.003605	0.003706	0.003653	0.003756
481.000000	0.003678	0.003584	0.003585	0.003623	0.003708	0.003634	0.003777
482.000000	0.003784	0.003573	0.003668	0.003710	0.003728	0.003739	0.003809
483.000000	0.003852	0.003625	0.003792	0.003777	0.003774	0.003774	0.003838
484.000000	0.003854	0.003710	0.003885	0.003787	0.003809	0.003720	0.003861
485.000000	0.003845	0.003765	0.003883	0.003749	0.003762	0.003695	0.003883
486.000000	0.003828	0.003778	0.003811	0.003690	0.003655	0.003747	0.003904
487.000000	0.003753	0.003793	0.003793	0.003657	0.003612	0.003844	0.003910
488.000000	0.003629	0.003813	0.003853	0.003668	0.003671	0.003925	0.003893
489.000000	0.003558	0.003770	0.003847	0.003689	0.003711	0.003891	0.003850
490.000000	0.003597	0.003645	0.003706	0.003687	0.003663	0.003714	0.003795
491.000000	0.003655	0.003553	0.003576	0.003651	0.003602	0.003550	0.003778
492.000000	0.003652	0.003581	0.003583	0.003589	0.003599	0.003527	0.003825
493.000000	0.003611	0.003651	0.003650	0.003556	0.003628	0.003577	0.003854
494.000000	0.003576	0.003665	0.003683	0.003605	0.003650	0.003607	0.003779
495.000000	0.003577	0.003640	0.003714	0.003689	0.003658	0.003610	0.003659
496.000000	0.003636	0.003624	0.003805	0.003738	0.003655	0.003611	0.003586
497.000000	0.003703	0.003610	0.003870	0.003719	0.003635	0.003604	0.003583
498.000000	0.003705	0.003566	0.003767	0.003623	0.003590	0.003577	0.003632
499.000000	0.003638	0.003514	0.003540	0.003500	0.003531	0.003521	0.003683
500.000000	0.003555	0.003509	0.003367	0.003440	0.003482	0.003435	0.003664
501.000000	0.003485	0.003554	0.003320	0.003455	0.003470	0.003375	0.003591
502.000000	0.003437	0.003595	0.003362	0.003477	0.003522	0.003457	0.003564
503.000000	0.003411	0.003599	0.003442	0.003457	0.003611	0.003654	0.003599
504.000000	0.003400	0.003564	0.003493	0.003381	0.003633	0.003715	0.003583
505.000000	0.003398	0.003502	0.003484	0.003278	0.003546	0.003541	0.003467
506.000000	0.003404	0.003442	0.003466	0.003259	0.003464	0.003401	0.003380
507.000000	0.003414	0.003412	0.003477	0.003387	0.003474	0.003493	0.003416
508.000000	0.003423	0.003421	0.003486	0.003521	0.003524	0.003625	0.003483
509.000000	0.003419	0.003463	0.003459	0.003518	0.003537	0.003585	0.003478
510.000000	0.003380	0.003474	0.003427	0.003426	0.003500	0.003450	0.003433
511.000000	0.003291	0.003396	0.003437	0.003346	0.003421	0.003372	0.003414
512.000000	0.003227	0.003312	0.003475	0.003333	0.003377	0.003386	0.003445
513.000000	0.003291	0.003361	0.003502	0.003410	0.003458	0.003467	0.003524
514.000000	0.003410	0.003481	0.003500	0.003510	0.003584	0.003542	0.003598
515.000000	0.003400	0.003486	0.003467	0.003505	0.003569	0.003513	0.003577
516.000000	0.003273	0.003385	0.003424	0.003411	0.003422	0.003408	0.003478
517.000000	0.003224	0.003369	0.003411	0.003373	0.003344	0.003379	0.003418
518.000000	0.003312	0.003473	0.003436	0.003424	0.003396	0.003456	0.003436
519.000000	0.003397	0.003504	0.003463	0.003430	0.003443	0.003492	0.003461
520.000000	0.003387	0.003370	0.003459	0.003330	0.003396	0.003418	0.003439
521.000000	0.003313	0.003222	0.003404	0.003225	0.003293	0.003335	0.003367
522.000000	0.003225	0.003185	0.003304	0.003202	0.003193	0.003328	0.003267
523.000000	0.003173	0.003223	0.003243	0.003241	0.003171	0.003364	0.003225
524.000000	0.003192	0.003282	0.003286	0.003299	0.003268	0.003393	0.003296
525.000000	0.003226	0.003339	0.003345	0.003331	0.003361	0.003400	0.003352
526.000000	0.003214	0.003378	0.003313	0.003301	0.003314	0.003382	0.003253
527.000000	0.003194	0.003377	0.003233	0.003254	0.003193	0.003374	0.003115
528.000000	0.003235	0.003316	0.003203	0.003261	0.003142	0.003417	0.003138
529.000000	0.003294	0.003229	0.003230	0.003310	0.003174	0.003456	0.003285
530.000000	0.003263	0.003178	0.003265	0.003338	0.003227	0.003385	0.003383
531.000000	0.003161	0.003169	0.003264	0.003327	0.003261	0.003240	0.003369
532.000000	0.003115	0.003162	0.003189	0.003295	0.003252	0.003174	0.003285
533.000000	0.003163	0.003148	0.003077	0.003253	0.003211	0.003232	0.003202
534.000000	0.003231	0.003163	0.003056	0.003199	0.003180	0.003310	0.003221
535.000000	0.003260	0.003210	0.003156	0.003144	0.003183	0.003338	0.003352
536.000000	0.003240	0.003229	0.003215	0.003127	0.003204	0.003316	0.003428
537.000000	0.003178	0.003190	0.003141	0.003166	0.003223	0.003261	0.003346
538.000000	0.003117	0.003161	0.003087	0.003220	0.003235	0.003220	0.003220
539.000000	0.003092	0.003197	0.003181	0.003239	0.003232	0.003220	0.003166
540.000000	0.003081	0.003226	0.003279	0.003193	0.003201	0.003214	0.003165
541.000000	0.003057	0.003169	0.003217	0.003074	0.003139	0.003150	0.003167
542.000000	0.003052	0.003113	0.003093	0.002997	0.003091	0.003091	0.003162
543.000000	0.003108	0.003183	0.003083	0.003096	0.003114	0.003125	0.003151
544.000000	0.003175	0.003288	0.003145	0.003262	0.003170	0.003205	0.003135
545.000000	0.003158	0.003234	0.003130	0.003268	0.003175	0.003218	0.003113
546.000000	0.003093	0.003074	0.003062	0.003142	0.003138	0.003164	0.003098
547.000000	0.003111	0.003050	0.003093	0.003107	0.003132	0.003135	0.003108
548.000000	0.003223	0.003197	0.003222	0.003204	0.003181	0.003163	0.003146
549.000000	0.003302	0.003307	0.003272	0.003269	0.003238	0.003209	0.003199
550.000000	0.003279	0.003275	0.003176	0.003222	0.003265	0.003232	0.003240
551.000000	0.003192	0.003179	0.003063	0.003145	0.003240	0.003198	0.003228
552.000000	0.003093	0.003107	0.003032	0.003109	0.003164	0.003112	0.003161
553.000000	0.003042	0.003124	0.003071	0.003122	0.003092	0.003083	0.003134
554.000000	0.003059	0.003230	0.003136	0.003164	0.003061	0.003169	0.003198
555.000000	0.003030	0.003226	0.003130	0.003133	0.003015	0.003216	0.003196
556.000000	0.002869	0.002961	0.002997	0.002965	0.002913	0.003091	0.003006
557.000000	0.002810	0.002792	0.002960	0.002891	0.002920	0.003021	0.002903
558.000000	0.003097	0.003119	0.003241	0.003150	0.003183	0.003256	0.003192
559.000000	0.003202	0.003346	0.003335	0.003243	0.003224	0.003316	0.003330
560.000000	0.002387	0.002567	0.002543	0.002473	0.002414	0.002519	0.002526
561.000000	0.002041	0.002161	0.002228	0.002184	0.002119	0.002214	0.002168
562.000000	0.004760	0.004821	0.004915	0.004877	0.004825	0.004897	0.004880
563.000000	0.006764	0.006796	0.006827	0.006778	0.006751	0.006789	0.006878
564.000000	-0.001738	-0.001742	-0.001744	-0.001783	-0.001788	-0.001792	-0.001662
565.000000	-0.011564	-0.011615	-0.011580	-0.011582	-0.011575	-0.011616	-0.011546
566.000000	0.013695	0.013644	0.013701	0.013728	0.013723	0.013680	0.013717
567.000000	0.077194	0.077205	0.077224	0.077255	0.077216	0.077213	0.077305
568.000000	0.109259	0.109337	0.109304	0.109334	0.109274	0.109306	0.109438
569.000000	0.065392	0.065491	0.065434	0.065471	0.065428	0.065458	0.065540
570.000000	0.004702	0.004789	0.004734	0.004758	0.004746	0.004767	0.004780
571.000000	-0.011305	-0.011234	-0.011271	-0.011306	-0.011297	-0.011260	-0.011260
572.000000	0.000813	0.000876	0.000862	0.000764	0.000791	0.000844	0.000863
573.000000	0.006865	0.006937	0.006940	0.006823	0.006879	0.006918	0.006936
574.000000	0.003998	0.004087	0.004092	0.003997	0.004078	0.004086	0.004077
575.000000	0.001861	0.001959	0.001941	0.001888	0.001959	0.001951	0.001903
576.000000	0.002458	0.002558	0.002507	0.002504	0.002508	0.002517	0.002467
577.000000	0.003180	0.003283	0.003220	0.003266	0.003132	0.003200	0.003244
578.000000	0.003112	0.003162	0.003150	0.003188	0.002987	0.003097	0.003218
579.000000	0.002864	0.002705	0.002860	0.002746	0.002803	0.002827	0.002753
580.000000	0.002772	0.002512	0.002762	0.002532	0.002894	0.002766	0.002489
581.000000	0.002757	0.003219	0.003012	0.003213	0.002994	0.002925	0.003333
582.000000	0.002762	0.004168	0.003339	0.004150	0.002952	0.003142	0.004509
583.000000	0.002803	0.002393	0.002731	0.002358	0.002893	0.002989	0.002204
584.000000	0.002872	-0.001500	0.001386	-0.001562	0.002901	0.002491	-0.002798
585.000000	0.002880	0.003026	0.002851	0.002941	0.002880	0.002916	0.003065
586.000000	0.002795	0.019437	0.009121	0.019356	0.002783	0.004600	0.023888
587.000000	0.002874	0.017631	0.014092	0.017598	0.002872	0.003488	0.019137
588.000000	0.003339	-0.028614	0.011460	-0.028548	0.003365	-0.003813	-0.046065
589.000000	0.003785	-0.075542	0.005177	-0.075406	0.003821	-0.010626	-0.110658
590.000000	0.003663	-0.063199	0.002151	-0.063116	0.003653	-0.008039	-0.091635
591.000000	0.003166	-0.013054	0.002553	-0.013083	0.003099	0.000316	-0.019866
592.000000	0.002844	0.013991	0.003151	0.013923	0.002799	0.004757	0.018683
593.000000	0.002817	0.008634	0.002984	0.008598	0.002859	0.003891	0.011085
594.000000	0.002880	0.000245	0.002817	0.000215	0.002990	0.002540	-0.000850
595.000000	0.002919	0.001002	0.002944	0.000936	0.003051	0.002695	0.000217
596.000000	0.002928	0.003587	0.003111	0.003519	0.003071	0.003148	0.003887
597.000000	0.002922	0.003662	0.003169	0.003652	0.003085	0.003190	0.004000
598.000000	0.002935	0.002942	0.003180	0.002990	0.003123	0.003121	0.003013
599.000000	0.002974	0.002855	0.003186	0.002917	0.003181	0.003167	0.002946
600.000000	0.002981	0.003048	0.003156	0.003086	0.003184	0.003199	0.003241
601.000000	0.002932	0.003085	0.003075	0.003083	0.003095	0.003113	0.003250
602.000000	0.002928	0.003034	0.003018	0.003031	0.003032	0.003045	0.003148
603.000000	0.003055	0.003033	0.003057	0.003108	0.003100	0.003129	0.003199
604.000000	0.003177	0.003073	0.003150	0.003217	0.003192	0.003236	0.003295
605.000000	0.003127	0.003104	0.003225	0.003208	0.003161	0.003194	0.003249
606.000000	0.002991	0.003105	0.003235	0.003113	0.003052	0.003068	0.003117
607.000000	0.002954	0.003070	0.003153	0.003041	0.002989	0.003016	0.003051
608.000000	0.002991	0.003020	0.003030	0.003013	0.002985	0.003035	0.003054
609.000000	0.002950	0.002997	0.002968	0.002992	0.002990	0.003015	0.003030
610.000000	0.002842	0.003006	0.002982	0.002967	0.002991	0.002955	0.002984
611.000000	0.002826	0.003025	0.003012	0.002948	0.003016	0.002947	0.003010
612.000000	0.002927	0.003033	0.003023	0.002950	0.003053	0.002996	0.003107
613.000000	0.002996	0.003013	0.003019	0.002988	0.003043	0.002993	0.003149
614.000000	0.002962	0.002968	0.002998	0.003050	0.002969	0.002909	0.003088
615.000000	0.002924	0.002940	0.002949	0.003069	0.002903	0.002881	0.003038
616.000000	0.002948	0.002949	0.002876	0.003008	0.002887	0.002976	0.003065
617.000000	0.002955	0.002938	0.002822	0.002922	0.002856	0.003021	0.003055
618.000000	0.002872	0.002865	0.002816	0.002866	0.002756	0.002877	0.002915
619.000000	0.002747	0.002775	0.002805	0.002822	0.002656	0.002709	0.002761
620.000000	0.002655	0.002732	0.002734	0.002766	0.002636	0.002714	0.002731
621.000000	0.002636	0.002750	0.002667	0.002720	0.002681	0.002814	0.002785
622.000000	0.002704	0.002821	0.002697	0.002718	0.002739	0.002844	0.002823
623.000000	0.002775	0.002878	0.002775	0.002746	0.002773	0.002796	0.002818
624.000000	0.002718	0.002833	0.002777	0.002760	0.002754	0.002744	0.002783
625.000000	0.002565	0.002704	0.002706	0.002730	0.002693	0.002702	0.002719
626.000000	0.002474	0.002595	0.002658	0.002640	0.002625	0.002640	0.002625
627.000000	0.002494	0.002547	0.002657	0.002524	0.002578	0.002572	0.002535
628.000000	0.002552	0.002529	0.002648	0.002479	0.002571	0.002553	0.002526
629.000000	0.002585	0.002528	0.002615	0.002522	0.002598	0.002593	0.002600
630.000000	0.002555	0.002559	0.002605	0.002549	0.002623	0.002621	0.002635
631.000000	0.002464	0.002615	0.002638	0.002510	0.002624	0.002590	0.002570
632.000000	0.002408	0.002636	0.002654	0.002499	0.002620	0.002527	0.002493
633.000000	0.002454	0.002588	0.002613	0.002580	0.002622	0.002466	0.002483
634.000000	0.002543	0.002549	0.002568	0.002654	0.002605	0.002442	0.002511
635.000000	0.002599	0.002587	0.002567	0.002615	0.002544	0.002473	0.002532
636.000000	0.002582	0.002613	0.002535	0.002490	0.002472	0.002500	0.002522
637.000000	0.002482	0.002514	0.002387	0.002347	0.002433	0.002453	0.002472
638.000000	0.002373	0.002378	0.002242	0.002245	0.002426	0.002383	0.002419
639.000000	0.002361	0.002364	0.002283	0.002233	0.002431	0.002387	0.002410
640.000000	0.002423	0.002426	0.002439	0.002290	0.002425	0.002446	0.002429
641.000000	0.002460	0.002394	0.002483	0.002350	0.002388	0.002472	0.002417
642.000000	0.002459	0.002281	0.002398	0.002384	0.002351	0.002454	0.002374
643.000000	0.002486	0.002263	0.002358	0.002399	0.002384	0.002457	0.002359
644.000000	0.002539	0.002384	0.002423	0.002405	0.002479	0.002497	0.002397
645.000000	0.002524	0.002512	0.002501	0.002414	0.002521	0.002525	0.002469
646.000000	0.002418	0.002563	0.002525	0.002430	0.002466	0.002515	0.002545
647.000000	0.002340	0.002565	0.002506	0.002436	0.002416	0.002488	0.002587
648.000000	0.002364	0.002539	0.002456	0.002420	0.002431	0.002458	0.002566
649.000000	0.002399	0.002454	0.002380	0.002380	0.002417	0.002398	0.002472
650.000000	0.002358	0.002299	0.002285	0.002320	0.002298	0.002295	0.002317
651.000000	0.002277	0.002181	0.002187	0.002256	0.002168	0.002187	0.002171
652.000000	0.002213	0.002205	0.002110	0.002207	0.002139	0.002121	0.002108
653.000000	0.002189	0.002307	0.002114	0.002177	0.002190	0.002112	0.002135
654.000000	0.002210	0.002374	0.002252	0.002165	0.002254	0.002156	0.002228
655.000000	0.002264	0.002382	0.002414	0.002177	0.002290	0.002220	0.002330
656.000000	0.002330	0.002355	0.002416	0.002217	0.002273	0.002257	0.002374
657.000000	0.002368	0.002327	0.002299	0.002264	0.002233	0.002261	0.002365
658.000000	0.002332	0.002340	0.002265	0.002277	0.002240	0.002262	0.002365
659.000000	0.002245	0.002383	0.002344	0.002271	0.002301	0.002269	0.002377
660.000000	0.002198	0.002396	0.002379	0.002319	0.002364	0.002277	0.002343
661.000000	0.002227	0.002359	0.002322	0.002419	0.002385	0.002277	0.002267
662.000000	0.002271	0.002313	0.002310	0.002451	0.002345	0.002257	0.002251
663.000000	0.002285	0.002290	0.002397	0.002359	0.002261	0.002220	0.002330
664.000000	0.002278	0.002278	0.002438	0.002253	0.002219	0.002198	0.002380
665.000000	0.002256	0.002263	0.002328	0.002217	0.002259	0.002209	0.002311
666.000000	0.002209	0.002229	0.002170	0.002207	0.002252	0.002226	0.002209
667.000000	0.002135	0.002170	0.002089	0.002167	0.002092	0.002217	0.002169
668.000000	0.002085	0.002128	0.002111	0.002113	0.001957	0.002179	0.002169
669.000000	0.002106	0.002141	0.002220	0.002074	0.002051	0.002115	0.002157
670.000000	0.002126	0.002149	0.002295	0.002027	0.002209	0.002045	0.002100
671.000000	0.002034	0.002060	0.002189	0.001937	0.002141	0.001989	0.001978
672.000000	0.001887	0.001936	0.001980	0.001863	0.001929	0.001958	0.001851
673.000000	0.001833	0.001924	0.001873	0.001915	0.001859	0.001956	0.001827
674.000000	0.001883	0.002011	0.001910	0.002055	0.001962	0.001980	0.001904
675.000000	0.001927	0.002047	0.001994	0.002122	0.002047	0.002021	0.001993
676.000000	0.001937	0.001996	0.002058	0.002068	0.002037	0.002050	0.002043
677.000000	0.001990	0.001965	0.002074	0.001989	0.002001	0.002009	0.002052
678.000000	0.002087	0.002001	0.002039	0.001951	0.001988	0.001908	0.002037
679.000000	0.002092	0.002041	0.001984	0.001952	0.001996	0.001864	0.002041
680.000000	0.001948	0.002037	0.001933	0.001975	0.002011	0.001945	0.002081
681.000000	0.001823	0.002000	0.001890	0.001978	0.002000	0.002071	0.002112
682.000000	0.001844	0.001945	0.001852	0.001928	0.001936	0.002144	0.002084
683.000000	0.001864	0.001867	0.001817	0.001826	0.001826	0.002075	0.001983
684.000000	0.001730	0.001768	0.001786	0.001694	0.001699	0.001824	0.001817
685.000000	0.001590	0.001713	0.001779	0.001623	0.001642	0.001585	0.001685
686.000000	0.001654	0.001777	0.001819	0.001706	0.001736	0.001591	0.001693
687.000000	0.001828	0.001889	0.001877	0.001867	0.001860	0.001765	0.001792
688.000000	0.001882	0.001920	0.001901	0.001961	0.001811	0.001889	0.001859
689.000000	0.001794	0.001844	0.001857	0.001921	0.001619	0.001870	0.001854
690.000000	0.001686	0.001709	0.001730	0.001746	0.001470	0.001703	0.001788
691.000000	0.001644	0.001611	0.001597	0.001548	0.001448	0.001504	0.001713
692.000000	0.001720	0.001684	0.001616	0.001547	0.001530	0.001500	0.001710
693.000000	0.001875	0.001906	0.001785	0.001765	0.001667	0.001718	0.001785
694.000000	0.001953	0.002029	0.001883	0.001957	0.001781	0.001909	0.001835
695.000000	0.001891	0.001941	0.001813	0.001983	0.001831	0.001927	0.001821
696.000000	0.001829	0.001822	0.001759	0.001951	0.001859	0.001874	0.001838
697.000000	0.001856	0.001814	0.001841	0.001948	0.001888	0.001849	0.001935
698.000000	0.001866	0.001865	0.001916	0.001916	0.001866	0.001865	0.001992
699.000000	0.001768	0.001898	0.001850	0.001810	0.001760	0.001909	0.001909
700.000000	0.001677	0.001869	0.001738	0.001729	0.001656	0.001917	0.001790
701.000000	0.001730	0.001763	0.001710	0.001780	0.001650	0.001833	0.001766
702.000000	0.001859	0.001690	0.001777	0.001893	0.001708	0.001736	0.001800
703.000000	0.001932	0.001784	0.001895	0.001939	0.001758	0.001736	0.001805
704.000000	0.001907	0.001936	0.001955	0.001887	0.001795	0.001784	0.001787
705.000000	0.001797	0.001920	0.001824	0.001759	0.001850	0.001750	0.001796
706.000000	0.001663	0.001755	0.001595	0.001612	0.001883	0.001652	0.001813
707.000000	0.001604	0.001644	0.001527	0.001530	0.001810	0.001614	0.001768
708.000000	0.001645	0.001659	0.001661	0.001545	0.001661	0.001671	0.001684
709.000000	0.001726	0.001718	0.001797	0.001639	0.001596	0.001760	0.001679
710.000000	0.001810	0.001787	0.001818	0.001757	0.001682	0.001842	0.001786
711.000000	0.001889	0.001904	0.001745	0.001800	0.001836	0.001927	0.001888
712.000000	0.001962	0.002075	0.001657	0.001746	0.001978	0.002013	0.001927
713.000000	0.002025	0.002224	0.001724	0.001755	0.002063	0.002060	0.001990
714.000000	0.002066	0.002280	0.002017	0.001925	0.002068	0.002051	0.002125
715.000000	0.002044	0.002221	0.002254	0.002081	0.002042	0.002040	0.002214
716.000000	0.001946	0.002075	0.002198	0.002064	0.002040	0.002086	0.002163
717.000000	0.001914	0.002050	0.002114	0.002021	0.002106	0.002200	0.002155
718.000000	0.002096	0.002342	0.002335	0.002149	0.002270	0.002367	0.002394
719.000000	0.002355	0.002700	0.002650	0.002394	0.002505	0.002506	0.002701
720.000000	0.002456	0.002727	0.002665	0.002594	0.002751	0.002516	0.002763
721.000000	0.002375	0.002451	0.002420	0.002571	0.002847	0.002423	0.002599
722.000000	0.002217	0.002153	0.002209	0.002170	0.002595	0.002332	0.002426
723.000000	0.002140	0.002044	0.002194	0.001747	0.002232	0.002381	0.002416
724.000000	0.002330	0.002269	0.002411	0.002065	0.002344	0.002726	0.002696
725.000000	0.002656	0.002672	0.002688	0.002973	0.002888	0.003135	0.003103
726.000000	0.002615	0.002761	0.002611	0.003239	0.003066	0.002930	0.003140
727.000000	0.002131	0.002400	0.002165	0.002476	0.002611	0.002071	0.002696
728.000000	0.001868	0.002089	0.002019	0.001810	0.002206	0.001616	0.002335
729.000000	0.002185	0.002156	0.002510	0.001965	0.002323	0.002149	0.002423
730.000000	0.002548	0.002391	0.003032	0.002397	0.002719	0.002884	0.002712
731.000000	0.002476	0.002568	0.003051	0.002553	0.003123	0.003091	0.002939
732.000000	0.002108	0.002691	0.002730	0.002499	0.003504	0.002926	0.003104
