[HEADER]
Format	J&M ASCII Table
Comment	
Date	2/21/2023 5:22:32 AM
Order	Y (evenX)
TechType	UV
NumPoints	483
FirstX	250.00
LastX	732.00
XType	NMetr
YType	Absrb
ZType	Secs
NumSubFile	7
Matrix	Z vs X
[DATA]
	0.000000	5.000064	10.000192	15.000256	20.000320	25.000448	30.000511
250.000000	0.055134	0.056293	0.056834	0.057410	0.058380	0.058756	0.059403
251.000000	0.053728	0.054694	0.055263	0.056023	0.056832	0.057138	0.057752
252.000000	0.052612	0.053241	0.053928	0.054984	0.055360	0.055650	0.056103
253.000000	0.051625	0.052131	0.052791	0.053960	0.054039	0.054379	0.054713
254.000000	0.050613	0.051405	0.051777	0.052686	0.052902	0.053344	0.053730
255.000000	0.049550	0.050518	0.050761	0.051310	0.051810	0.052330	0.052841
256.000000	0.048466	0.049003	0.049652	0.050046	0.050639	0.051140	0.051719
257.000000	0.047546	0.047524	0.048628	0.048991	0.049532	0.049977	0.050527
258.000000	0.046984	0.046987	0.047924	0.048191	0.048695	0.049139	0.049559
259.000000	0.046627	0.047072	0.047478	0.047603	0.048112	0.048564	0.048803
260.000000	0.046161	0.046866	0.047075	0.047141	0.047653	0.048012	0.048102
261.000000	0.045567	0.046188	0.046579	0.046754	0.047160	0.047434	0.047476
262.000000	0.045046	0.045411	0.045920	0.046422	0.046469	0.046921	0.047077
263.000000	0.044636	0.044741	0.045147	0.046085	0.045670	0.046437	0.046826
264.000000	0.044182	0.044170	0.044447	0.045636	0.045142	0.045802	0.046384
265.000000	0.043635	0.043706	0.043937	0.045044	0.044973	0.045023	0.045642
266.000000	0.043152	0.043392	0.043602	0.044406	0.044728	0.044441	0.044906
267.000000	0.042812	0.043214	0.043379	0.043805	0.044143	0.044230	0.044405
268.000000	0.042446	0.042984	0.043119	0.043253	0.043522	0.044062	0.044062
269.000000	0.041908	0.042545	0.042694	0.042751	0.043133	0.043617	0.043744
270.000000	0.041288	0.041941	0.042130	0.042297	0.042760	0.042930	0.043293
271.000000	0.040719	0.041270	0.041491	0.041879	0.042140	0.042136	0.042586
272.000000	0.040241	0.040616	0.040865	0.041467	0.041445	0.041433	0.041763
273.000000	0.039843	0.040051	0.040329	0.041011	0.040972	0.041006	0.041042
274.000000	0.039396	0.039520	0.039804	0.040410	0.040579	0.040646	0.040413
275.000000	0.038715	0.038904	0.039122	0.039538	0.039887	0.039938	0.039740
276.000000	0.037852	0.038175	0.038262	0.038498	0.038887	0.038920	0.038975
277.000000	0.037058	0.037387	0.037331	0.037582	0.037889	0.038020	0.038146
278.000000	0.036405	0.036604	0.036451	0.036894	0.037056	0.037372	0.037316
279.000000	0.035729	0.035895	0.035763	0.036295	0.036354	0.036727	0.036578
280.000000	0.034958	0.035256	0.035271	0.035682	0.035719	0.035958	0.035952
281.000000	0.034232	0.034548	0.034729	0.035061	0.035051	0.035221	0.035300
282.000000	0.033643	0.033703	0.033973	0.034427	0.034297	0.034625	0.034527
283.000000	0.033084	0.032912	0.033177	0.033707	0.033529	0.034053	0.033708
284.000000	0.032437	0.032337	0.032508	0.032851	0.032827	0.033376	0.032937
285.000000	0.031682	0.031823	0.031850	0.031962	0.032192	0.032598	0.032277
286.000000	0.030845	0.031166	0.031051	0.031172	0.031602	0.031761	0.031757
287.000000	0.030056	0.030484	0.030244	0.030499	0.031038	0.030930	0.031242
288.000000	0.029475	0.030010	0.029664	0.029918	0.030481	0.030178	0.030556
289.000000	0.029106	0.029690	0.029263	0.029437	0.029946	0.029607	0.029812
290.000000	0.028854	0.029305	0.028825	0.029083	0.029470	0.029328	0.029306
291.000000	0.028658	0.028856	0.028403	0.028843	0.029115	0.029246	0.029108
292.000000	0.028490	0.028559	0.028306	0.028666	0.028962	0.029081	0.029080
293.000000	0.028277	0.028425	0.028495	0.028476	0.028919	0.028748	0.029054
294.000000	0.027889	0.028163	0.028434	0.028161	0.028652	0.028443	0.028842
295.000000	0.027348	0.027678	0.027884	0.027723	0.028056	0.028258	0.028390
296.000000	0.027016	0.027323	0.027303	0.027400	0.027545	0.028013	0.027931
297.000000	0.027116	0.027336	0.027080	0.027359	0.027427	0.027611	0.027660
298.000000	0.027309	0.027392	0.027093	0.027453	0.027460	0.027322	0.027537
299.000000	0.027225	0.027163	0.027141	0.027497	0.027354	0.027383	0.027478
300.000000	0.026919	0.026827	0.027126	0.027460	0.027106	0.027515	0.027402
301.000000	0.026566	0.026679	0.026995	0.027347	0.026805	0.027335	0.027241
302.000000	0.026294	0.026642	0.026799	0.027112	0.026580	0.026934	0.027010
303.000000	0.026191	0.026486	0.026634	0.026698	0.026558	0.026611	0.026765
304.000000	0.026191	0.026228	0.026518	0.026281	0.026665	0.026498	0.026599
305.000000	0.026122	0.026048	0.026417	0.026180	0.026690	0.026598	0.026622
306.000000	0.025915	0.025983	0.026290	0.026329	0.026532	0.026718	0.026723
307.000000	0.025612	0.025914	0.026089	0.026261	0.026211	0.026465	0.026571
308.000000	0.025308	0.025783	0.025818	0.025837	0.025850	0.025831	0.026123
309.000000	0.025166	0.025633	0.025563	0.025445	0.025721	0.025408	0.025789
310.000000	0.025227	0.025495	0.025388	0.025337	0.025890	0.025495	0.025792
311.000000	0.025232	0.025338	0.025289	0.025345	0.025933	0.025614	0.025829
312.000000	0.024986	0.025138	0.025236	0.025289	0.025540	0.025368	0.025639
313.000000	0.024649	0.024916	0.025132	0.025135	0.025042	0.025028	0.025360
314.000000	0.024418	0.024703	0.024892	0.024897	0.024818	0.024924	0.025173
315.000000	0.024278	0.024517	0.024562	0.024645	0.024738	0.024942	0.025034
316.000000	0.024143	0.024363	0.024230	0.024461	0.024537	0.024841	0.024834
317.000000	0.023915	0.024149	0.023937	0.024320	0.024242	0.024577	0.024591
318.000000	0.023504	0.023751	0.023698	0.024145	0.024017	0.024209	0.024380
319.000000	0.023013	0.023264	0.023443	0.023861	0.023813	0.023796	0.024172
320.000000	0.022684	0.022949	0.023046	0.023403	0.023427	0.023391	0.023862
321.000000	0.022533	0.022813	0.022570	0.022852	0.022878	0.023031	0.023428
322.000000	0.022325	0.022588	0.022290	0.022452	0.022436	0.022737	0.022943
323.000000	0.021940	0.022144	0.022229	0.022257	0.022194	0.022477	0.022474
324.000000	0.021470	0.021605	0.021987	0.021999	0.021930	0.022137	0.022070
325.000000	0.021006	0.021079	0.021349	0.021489	0.021491	0.021655	0.021733
326.000000	0.020582	0.020581	0.020655	0.020806	0.020963	0.021117	0.021349
327.000000	0.020212	0.020121	0.020225	0.020094	0.020446	0.020614	0.020830
328.000000	0.019845	0.019753	0.019982	0.019591	0.019940	0.020168	0.020265
329.000000	0.019433	0.019515	0.019768	0.019484	0.019455	0.019792	0.019768
330.000000	0.019015	0.019310	0.019497	0.019512	0.019169	0.019532	0.019398
331.000000	0.018652	0.019003	0.019121	0.019293	0.019263	0.019418	0.019169
332.000000	0.018280	0.018562	0.018686	0.018780	0.019335	0.019218	0.018929
333.000000	0.017779	0.018015	0.018287	0.018117	0.018722	0.018587	0.018447
334.000000	0.017225	0.017472	0.017874	0.017488	0.017598	0.017670	0.017801
335.000000	0.016842	0.017097	0.017289	0.017105	0.016800	0.016998	0.017310
336.000000	0.016716	0.016915	0.016622	0.016974	0.016592	0.016738	0.017080
337.000000	0.016763	0.016780	0.016259	0.016865	0.016542	0.016613	0.016962
338.000000	0.016808	0.016567	0.016286	0.016631	0.016338	0.016421	0.016818
339.000000	0.016536	0.016205	0.016237	0.016301	0.015947	0.016137	0.016559
340.000000	0.015837	0.015700	0.015819	0.015941	0.015441	0.015788	0.016161
341.000000	0.015167	0.015249	0.015332	0.015664	0.015083	0.015498	0.015748
342.000000	0.014923	0.015006	0.015070	0.015530	0.015059	0.015353	0.015430
343.000000	0.014891	0.014834	0.014911	0.015337	0.015128	0.015233	0.015165
344.000000	0.014756	0.014558	0.014664	0.014879	0.014995	0.014988	0.014884
345.000000	0.014509	0.014215	0.014359	0.014329	0.014690	0.014628	0.014593
346.000000	0.014255	0.013916	0.014104	0.013983	0.014357	0.014229	0.014327
347.000000	0.013978	0.013686	0.013908	0.013854	0.014041	0.013909	0.014084
348.000000	0.013605	0.013503	0.013726	0.013797	0.013732	0.013794	0.013846
349.000000	0.013218	0.013358	0.013543	0.013697	0.013467	0.013792	0.013595
350.000000	0.013025	0.013250	0.013364	0.013471	0.013323	0.013627	0.013319
351.000000	0.013024	0.013155	0.013190	0.013159	0.013291	0.013273	0.013072
352.000000	0.012946	0.013016	0.013011	0.012957	0.013258	0.013018	0.012992
353.000000	0.012659	0.012816	0.012832	0.012916	0.013143	0.012974	0.013070
354.000000	0.012321	0.012610	0.012688	0.012815	0.012948	0.012885	0.013022
355.000000	0.012092	0.012456	0.012600	0.012537	0.012718	0.012616	0.012719
356.000000	0.012066	0.012401	0.012535	0.012335	0.012601	0.012467	0.012533
357.000000	0.012267	0.012462	0.012470	0.012432	0.012705	0.012684	0.012760
358.000000	0.012467	0.012540	0.012468	0.012648	0.012906	0.012975	0.012999
359.000000	0.012421	0.012519	0.012582	0.012728	0.013024	0.012966	0.012779
360.000000	0.012202	0.012421	0.012661	0.012634	0.012962	0.012688	0.012350
361.000000	0.012004	0.012316	0.012502	0.012424	0.012679	0.012334	0.012206
362.000000	0.011908	0.012240	0.012229	0.012241	0.012356	0.012074	0.012340
363.000000	0.011927	0.012206	0.012151	0.012266	0.012295	0.012054	0.012450
364.000000	0.012024	0.012208	0.012275	0.012449	0.012483	0.012229	0.012436
365.000000	0.012121	0.012215	0.012347	0.012541	0.012629	0.012390	0.012382
366.000000	0.012161	0.012176	0.012238	0.012464	0.012602	0.012409	0.012326
367.000000	0.012116	0.012017	0.012005	0.012378	0.012487	0.012282	0.012237
368.000000	0.011989	0.011779	0.011763	0.012358	0.012367	0.012073	0.012116
369.000000	0.011826	0.011728	0.011728	0.012284	0.012295	0.011976	0.012035
370.000000	0.011679	0.011977	0.011981	0.012092	0.012277	0.012086	0.012043
371.000000	0.011590	0.012122	0.012185	0.011924	0.012192	0.012186	0.012117
372.000000	0.011582	0.011832	0.012052	0.011910	0.011956	0.012084	0.012214
373.000000	0.011589	0.011476	0.011814	0.011981	0.011739	0.011937	0.012266
374.000000	0.011538	0.011524	0.011785	0.012020	0.011735	0.011947	0.012211
375.000000	0.011471	0.011768	0.011869	0.011979	0.011810	0.011977	0.012070
376.000000	0.011464	0.011758	0.011819	0.011842	0.011721	0.011777	0.011893
377.000000	0.011412	0.011472	0.011593	0.011632	0.011488	0.011404	0.011695
378.000000	0.011115	0.011144	0.011281	0.011397	0.011290	0.011101	0.011468
379.000000	0.010726	0.010920	0.011034	0.011205	0.011210	0.011009	0.011272
380.000000	0.010708	0.010855	0.011050	0.011137	0.011240	0.011165	0.011219
381.000000	0.011056	0.010877	0.011249	0.011116	0.011296	0.011408	0.011275
382.000000	0.011134	0.010757	0.011181	0.010855	0.011200	0.011317	0.011206
383.000000	0.010701	0.010438	0.010697	0.010336	0.010896	0.010801	0.010924
384.000000	0.010369	0.010224	0.010280	0.010089	0.010569	0.010440	0.010651
385.000000	0.010553	0.010315	0.010289	0.010431	0.010395	0.010613	0.010561
386.000000	0.010801	0.010502	0.010500	0.010867	0.010428	0.010873	0.010580
387.000000	0.010640	0.010551	0.010625	0.010886	0.010649	0.010761	0.010599
388.000000	0.010216	0.010458	0.010546	0.010576	0.010804	0.010419	0.010532
389.000000	0.009828	0.010286	0.010231	0.010184	0.010624	0.010132	0.010327
390.000000	0.009631	0.010110	0.009900	0.009892	0.010208	0.009998	0.010106
391.000000	0.009703	0.009996	0.009852	0.009838	0.009802	0.010027	0.010049
392.000000	0.009892	0.009917	0.010017	0.009954	0.009581	0.010127	0.010123
393.000000	0.009920	0.009786	0.010104	0.010045	0.009659	0.010152	0.010164
394.000000	0.009779	0.009603	0.009996	0.010012	0.009884	0.010069	0.010069
395.000000	0.009702	0.009443	0.009742	0.009844	0.009868	0.009949	0.009796
396.000000	0.009736	0.009393	0.009478	0.009629	0.009568	0.009821	0.009458
397.000000	0.009660	0.009554	0.009447	0.009572	0.009423	0.009655	0.009368
398.000000	0.009400	0.009883	0.009677	0.009729	0.009617	0.009461	0.009608
399.000000	0.009207	0.010042	0.009755	0.009837	0.009768	0.009349	0.009766
400.000000	0.009231	0.009814	0.009422	0.009700	0.009595	0.009367	0.009556
401.000000	0.009220	0.009433	0.009022	0.009430	0.009293	0.009354	0.009225
402.000000	0.008946	0.009159	0.008901	0.009170	0.009097	0.009178	0.009051
403.000000	0.008623	0.009005	0.008921	0.008953	0.008999	0.008999	0.008993
404.000000	0.008541	0.008912	0.008846	0.008786	0.008927	0.009013	0.008939
405.000000	0.008656	0.008814	0.008725	0.008704	0.008857	0.009096	0.008898
406.000000	0.008780	0.008648	0.008707	0.008740	0.008782	0.009010	0.008923
407.000000	0.008784	0.008434	0.008710	0.008769	0.008671	0.008770	0.008915
408.000000	0.008586	0.008245	0.008521	0.008585	0.008479	0.008550	0.008694
409.000000	0.008296	0.008139	0.008178	0.008259	0.008267	0.008401	0.008360
410.000000	0.008192	0.008156	0.007954	0.008119	0.008188	0.008258	0.008268
411.000000	0.008337	0.008255	0.007963	0.008243	0.008254	0.008099	0.008451
412.000000	0.008493	0.008282	0.008089	0.008363	0.008285	0.007969	0.008505
413.000000	0.008487	0.008172	0.008199	0.008308	0.008183	0.007889	0.008247
414.000000	0.008311	0.008044	0.008151	0.008149	0.008041	0.007821	0.007980
415.000000	0.008012	0.007990	0.007892	0.007974	0.007946	0.007756	0.007936
416.000000	0.007743	0.007953	0.007634	0.007846	0.007898	0.007784	0.007952
417.000000	0.007634	0.007875	0.007583	0.007802	0.007875	0.007963	0.007854
418.000000	0.007622	0.007823	0.007694	0.007781	0.007837	0.008122	0.007734
419.000000	0.007595	0.007869	0.007844	0.007709	0.007740	0.008061	0.007726
420.000000	0.007486	0.007890	0.007864	0.007575	0.007583	0.007840	0.007737
421.000000	0.007262	0.007707	0.007592	0.007403	0.007387	0.007618	0.007601
422.000000	0.007042	0.007415	0.007225	0.007259	0.007222	0.007460	0.007385
423.000000	0.007032	0.007276	0.007157	0.007231	0.007180	0.007370	0.007299
424.000000	0.007183	0.007305	0.007363	0.007278	0.007227	0.007331	0.007347
425.000000	0.007214	0.007300	0.007436	0.007244	0.007210	0.007311	0.007343
426.000000	0.007053	0.007187	0.007261	0.007114	0.007105	0.007285	0.007229
427.000000	0.006915	0.007076	0.007124	0.007060	0.007059	0.007250	0.007117
428.000000	0.006918	0.007030	0.007156	0.007136	0.007124	0.007193	0.007069
429.000000	0.006955	0.006985	0.007133	0.007136	0.007140	0.007095	0.007024
430.000000	0.006928	0.006895	0.006909	0.006935	0.006999	0.006955	0.006936
431.000000	0.006840	0.006802	0.006693	0.006730	0.006805	0.006839	0.006839
432.000000	0.006716	0.006746	0.006690	0.006708	0.006677	0.006790	0.006767
433.000000	0.006602	0.006702	0.006786	0.006760	0.006625	0.006717	0.006679
434.000000	0.006541	0.006629	0.006802	0.006722	0.006626	0.006522	0.006530
435.000000	0.006511	0.006513	0.006714	0.006607	0.006639	0.006326	0.006389
436.000000	0.006470	0.006358	0.006565	0.006498	0.006616	0.006317	0.006362
437.000000	0.006409	0.006233	0.006422	0.006430	0.006566	0.006438	0.006420
438.000000	0.006349	0.006242	0.006361	0.006405	0.006525	0.006486	0.006459
439.000000	0.006309	0.006329	0.006380	0.006392	0.006481	0.006419	0.006426
440.000000	0.006311	0.006300	0.006406	0.006337	0.006381	0.006342	0.006314
441.000000	0.006327	0.006134	0.006384	0.006235	0.006230	0.006297	0.006169
442.000000	0.006258	0.006038	0.006286	0.006150	0.006115	0.006240	0.006101
443.000000	0.006091	0.006108	0.006134	0.006122	0.006084	0.006152	0.006147
444.000000	0.005977	0.006197	0.006037	0.006134	0.006105	0.006062	0.006192
445.000000	0.006008	0.006187	0.006057	0.006158	0.006130	0.006001	0.006152
446.000000	0.006062	0.006122	0.006091	0.006151	0.006093	0.005974	0.006064
447.000000	0.006017	0.006060	0.006043	0.006080	0.005961	0.005978	0.005978
448.000000	0.005930	0.005990	0.005959	0.005967	0.005840	0.005979	0.005901
449.000000	0.005888	0.005896	0.005915	0.005852	0.005847	0.005947	0.005835
450.000000	0.005889	0.005816	0.005915	0.005797	0.005928	0.005918	0.005819
451.000000	0.005890	0.005802	0.005930	0.005864	0.005967	0.005947	0.005897
452.000000	0.005855	0.005794	0.005897	0.005958	0.005908	0.005979	0.005987
453.000000	0.005748	0.005678	0.005743	0.005908	0.005741	0.005900	0.005943
454.000000	0.005602	0.005522	0.005539	0.005733	0.005564	0.005752	0.005795
455.000000	0.005501	0.005549	0.005478	0.005617	0.005563	0.005709	0.005722
456.000000	0.005464	0.005743	0.005578	0.005612	0.005730	0.005777	0.005754
457.000000	0.005423	0.005789	0.005639	0.005597	0.005806	0.005754	0.005731
458.000000	0.005346	0.005561	0.005556	0.005509	0.005672	0.005555	0.005583
459.000000	0.005266	0.005307	0.005431	0.005405	0.005480	0.005337	0.005430
460.000000	0.005223	0.005234	0.005355	0.005349	0.005376	0.005234	0.005373
461.000000	0.005238	0.005322	0.005323	0.005379	0.005407	0.005266	0.005408
462.000000	0.005312	0.005497	0.005323	0.005501	0.005568	0.005406	0.005500
463.000000	0.005372	0.005602	0.005364	0.005598	0.005707	0.005535	0.005548
464.000000	0.005344	0.005498	0.005446	0.005542	0.005665	0.005531	0.005458
465.000000	0.005263	0.005292	0.005484	0.005344	0.005477	0.005422	0.005289
466.000000	0.005205	0.005166	0.005369	0.005076	0.005253	0.005291	0.005153
467.000000	0.005173	0.005108	0.005144	0.004871	0.005082	0.005174	0.005098
468.000000	0.005135	0.005002	0.004932	0.004889	0.005037	0.005081	0.005131
469.000000	0.005060	0.004862	0.004806	0.005051	0.005061	0.005004	0.005179
470.000000	0.004914	0.004809	0.004797	0.005085	0.004997	0.004919	0.005105
471.000000	0.004741	0.004859	0.004867	0.004939	0.004843	0.004847	0.004933
472.000000	0.004666	0.004906	0.004898	0.004825	0.004791	0.004857	0.004879
473.000000	0.004730	0.004898	0.004840	0.004853	0.004893	0.004939	0.005000
474.000000	0.004814	0.004893	0.004769	0.004929	0.004943	0.004935	0.005055
475.000000	0.004827	0.004921	0.004746	0.004970	0.004824	0.004767	0.004905
476.000000	0.004777	0.004918	0.004779	0.004974	0.004721	0.004608	0.004749
477.000000	0.004699	0.004831	0.004847	0.004945	0.004786	0.004607	0.004758
478.000000	0.004649	0.004715	0.004873	0.004858	0.004846	0.004670	0.004813
479.000000	0.004668	0.004644	0.004790	0.004700	0.004711	0.004671	0.004758
480.000000	0.004687	0.004640	0.004672	0.004578	0.004517	0.004631	0.004664
481.000000	0.004610	0.004701	0.004634	0.004618	0.004497	0.004623	0.004663
482.000000	0.004485	0.004761	0.004667	0.004762	0.004639	0.004660	0.004749
483.000000	0.004430	0.004730	0.004702	0.004862	0.004806	0.004725	0.004838
484.000000	0.004457	0.004638	0.004710	0.004875	0.004905	0.004779	0.004865
485.000000	0.004493	0.004605	0.004702	0.004841	0.004882	0.004767	0.004779
486.000000	0.004520	0.004653	0.004681	0.004807	0.004761	0.004698	0.004631
487.000000	0.004583	0.004683	0.004642	0.004815	0.004657	0.004646	0.004589
488.000000	0.004664	0.004639	0.004586	0.004853	0.004621	0.004634	0.004679
489.000000	0.004638	0.004535	0.004519	0.004813	0.004601	0.004594	0.004693
490.000000	0.004464	0.004405	0.004450	0.004652	0.004560	0.004490	0.004530
491.000000	0.004321	0.004322	0.004396	0.004493	0.004521	0.004395	0.004396
492.000000	0.004345	0.004334	0.004363	0.004442	0.004505	0.004371	0.004454
493.000000	0.004392	0.004386	0.004323	0.004461	0.004491	0.004388	0.004537
494.000000	0.004306	0.004409	0.004251	0.004485	0.004456	0.004402	0.004462
495.000000	0.004195	0.004405	0.004207	0.004514	0.004428	0.004404	0.004342
496.000000	0.004225	0.004397	0.004263	0.004558	0.004441	0.004398	0.004364
497.000000	0.004304	0.004370	0.004355	0.004575	0.004442	0.004394	0.004455
498.000000	0.004230	0.004298	0.004360	0.004502	0.004342	0.004402	0.004430
499.000000	0.004036	0.004194	0.004261	0.004367	0.004182	0.004406	0.004296
500.000000	0.003931	0.004102	0.004117	0.004259	0.004093	0.004370	0.004200
501.000000	0.003978	0.004066	0.004016	0.004220	0.004130	0.004313	0.004191
502.000000	0.004093	0.004132	0.004072	0.004243	0.004259	0.004301	0.004216
503.000000	0.004195	0.004264	0.004258	0.004289	0.004387	0.004343	0.004232
504.000000	0.004219	0.004303	0.004323	0.004278	0.004344	0.004346	0.004217
505.000000	0.004145	0.004177	0.004151	0.004181	0.004093	0.004262	0.004169
506.000000	0.004052	0.004029	0.003965	0.004096	0.003905	0.004157	0.004118
507.000000	0.004010	0.003983	0.003954	0.004096	0.003984	0.004097	0.004091
508.000000	0.004000	0.004017	0.004054	0.004123	0.004174	0.004100	0.004083
509.000000	0.003992	0.004078	0.004158	0.004112	0.004278	0.004161	0.004084
510.000000	0.003974	0.004112	0.004210	0.004090	0.004266	0.004196	0.004088
511.000000	0.003947	0.004074	0.004180	0.004104	0.004165	0.004120	0.004094
512.000000	0.003955	0.004032	0.004135	0.004144	0.004058	0.004014	0.004108
513.000000	0.004057	0.004092	0.004177	0.004172	0.004042	0.004023	0.004140
514.000000	0.004171	0.004191	0.004245	0.004165	0.004099	0.004114	0.004158
515.000000	0.004138	0.004161	0.004183	0.004105	0.004132	0.004140	0.004103
516.000000	0.003983	0.004018	0.004024	0.004037	0.004117	0.004095	0.004012
517.000000	0.003915	0.003950	0.003988	0.004052	0.004105	0.004106	0.004010
518.000000	0.003987	0.004010	0.004115	0.004149	0.004116	0.004204	0.004111
519.000000	0.004025	0.004045	0.004198	0.004192	0.004119	0.004276	0.004182
520.000000	0.003932	0.003975	0.004121	0.004107	0.004097	0.004242	0.004146
521.000000	0.003794	0.003890	0.003993	0.003974	0.004053	0.004114	0.004069
522.000000	0.003704	0.003873	0.003922	0.003880	0.004002	0.003939	0.004018
523.000000	0.003713	0.003923	0.003924	0.003888	0.003978	0.003839	0.004013
524.000000	0.003835	0.004016	0.003985	0.004017	0.004003	0.003904	0.004052
525.000000	0.003953	0.004080	0.004031	0.004116	0.004030	0.004018	0.004082
526.000000	0.003943	0.004046	0.003989	0.004029	0.004007	0.004035	0.004047
527.000000	0.003874	0.003975	0.003912	0.003874	0.003959	0.003990	0.003981
528.000000	0.003881	0.003971	0.003895	0.003859	0.003936	0.003982	0.003946
529.000000	0.003938	0.003992	0.003946	0.003958	0.003941	0.003999	0.003952
530.000000	0.003922	0.003923	0.004015	0.004005	0.003946	0.003965	0.003972
531.000000	0.003831	0.003793	0.004047	0.003957	0.003932	0.003885	0.003964
532.000000	0.003767	0.003759	0.003978	0.003881	0.003889	0.003834	0.003882
533.000000	0.003769	0.003843	0.003832	0.003836	0.003844	0.003841	0.003760
534.000000	0.003794	0.003899	0.003746	0.003867	0.003865	0.003874	0.003736
535.000000	0.003808	0.003855	0.003781	0.003967	0.003964	0.003902	0.003848
536.000000	0.003802	0.003800	0.003840	0.004035	0.004035	0.003909	0.003947
537.000000	0.003777	0.003807	0.003854	0.004008	0.004011	0.003890	0.003938
538.000000	0.003751	0.003855	0.003855	0.003944	0.003958	0.003870	0.003914
539.000000	0.003740	0.003905	0.003878	0.003902	0.003941	0.003867	0.003958
540.000000	0.003720	0.003909	0.003879	0.003866	0.003923	0.003862	0.003992
541.000000	0.003673	0.003832	0.003815	0.003812	0.003859	0.003835	0.003926
542.000000	0.003657	0.003749	0.003755	0.003789	0.003809	0.003820	0.003845
543.000000	0.003744	0.003761	0.003797	0.003856	0.003858	0.003864	0.003880
544.000000	0.003858	0.003836	0.003886	0.003934	0.003939	0.003924	0.003965
545.000000	0.003855	0.003880	0.003894	0.003877	0.003912	0.003915	0.003938
546.000000	0.003761	0.003868	0.003825	0.003738	0.003815	0.003855	0.003828
547.000000	0.003729	0.003834	0.003789	0.003714	0.003820	0.003841	0.003806
548.000000	0.003798	0.003806	0.003824	0.003837	0.003944	0.003893	0.003904
549.000000	0.003870	0.003801	0.003885	0.003941	0.004026	0.003946	0.003993
550.000000	0.003877	0.003819	0.003925	0.003940	0.003989	0.003954	0.003997
551.000000	0.003815	0.003831	0.003899	0.003887	0.003910	0.003912	0.003935
552.000000	0.003713	0.003821	0.003808	0.003840	0.003858	0.003840	0.003847
553.000000	0.003681	0.003809	0.003758	0.003837	0.003849	0.003810	0.003796
554.000000	0.003772	0.003802	0.003809	0.003878	0.003880	0.003858	0.003816
555.000000	0.003819	0.003746	0.003821	0.003860	0.003892	0.003859	0.003829
556.000000	0.003678	0.003616	0.003674	0.003714	0.003840	0.003716	0.003773
557.000000	0.003606	0.003617	0.003615	0.003674	0.003808	0.003648	0.003800
558.000000	0.003892	0.003941	0.003913	0.003983	0.003890	0.003893	0.004056
559.000000	0.004025	0.004055	0.004044	0.004111	0.003953	0.003972	0.004068
560.000000	0.003269	0.003242	0.003265	0.003313	0.003787	0.003216	0.003218
561.000000	0.002959	0.002894	0.002948	0.002945	0.003676	0.002962	0.002891
562.000000	0.005605	0.005606	0.005664	0.005558	0.004195	0.005672	0.005593
563.000000	0.007454	0.007584	0.007621	0.007484	0.004606	0.007564	0.007541
564.000000	-0.001135	-0.000981	-0.000961	-0.000806	0.002933	-0.001018	-0.000969
565.000000	-0.010910	-0.010869	-0.010844	-0.010374	0.000996	-0.010805	-0.010725
566.000000	0.014501	0.014459	0.014497	0.014230	0.006072	0.014628	0.014634
567.000000	0.078178	0.078175	0.078224	0.076642	0.019354	0.078376	0.078212
568.000000	0.110323	0.110386	0.110429	0.110767	0.028636	0.110560	0.110308
569.000000	0.066365	0.066445	0.066460	0.073416	0.025161	0.066557	0.066413
570.000000	0.005524	0.005601	0.005600	0.016984	0.015637	0.005647	0.005673
571.000000	-0.010567	-0.010477	-0.010451	-0.002831	0.008208	-0.010472	-0.010361
572.000000	0.001547	0.001645	0.001713	0.002588	0.004277	0.001658	0.001739
573.000000	0.007659	0.007725	0.007815	0.006209	0.003217	0.007805	0.007760
574.000000	0.004851	0.004889	0.004965	0.004465	0.003634	0.005020	0.004857
575.000000	0.002703	0.002778	0.002798	0.003239	0.003929	0.002842	0.002694
576.000000	0.003260	0.003377	0.003342	0.003675	0.003820	0.003328	0.003300
577.000000	0.004016	0.004057	0.004033	0.004058	0.003801	0.004006	0.004090
578.000000	0.003962	0.003898	0.003932	0.003874	0.003872	0.003958	0.004037
579.000000	0.003470	0.003533	0.003576	0.003682	0.003609	0.003678	0.003539
580.000000	0.003188	0.003428	0.003439	0.003722	0.003294	0.003572	0.003262
581.000000	0.004039	0.003768	0.003844	0.003795	0.004085	0.003882	0.004123
582.000000	0.005239	0.004185	0.004381	0.003781	0.005335	0.004278	0.005336
583.000000	0.002933	0.003359	0.003357	0.003751	0.003079	0.003440	0.003050
584.000000	-0.002117	0.001583	0.001118	0.003747	-0.001999	0.001663	-0.001974
585.000000	0.003700	0.003608	0.003677	0.003684	0.003785	0.003704	0.003859
586.000000	0.024523	0.011658	0.013543	0.003550	0.024637	0.011787	0.024673
587.000000	0.019779	0.015385	0.016113	0.003678	0.019925	0.015523	0.019915
588.000000	-0.045453	0.004978	-0.001966	0.004341	-0.045339	0.005063	-0.045317
589.000000	-0.110086	-0.008527	-0.022664	0.004929	-0.110023	-0.008505	-0.109948
590.000000	-0.091065	-0.008802	-0.020305	0.004646	-0.090996	-0.008778	-0.090942
591.000000	-0.019304	0.000442	-0.002348	0.003837	-0.019171	0.000522	-0.019180
592.000000	0.019158	0.005677	0.007604	0.003397	0.019370	0.005817	0.019349
593.000000	0.011430	0.004485	0.005608	0.003459	0.011701	0.004656	0.011710
594.000000	-0.000553	0.002794	0.002472	0.003585	-0.000283	0.002952	-0.000286
595.000000	0.000553	0.003018	0.002694	0.003583	0.000773	0.003136	0.000711
596.000000	0.004231	0.003581	0.003599	0.003547	0.004410	0.003680	0.004322
597.000000	0.004272	0.003568	0.003607	0.003534	0.004452	0.003695	0.004399
598.000000	0.003192	0.003388	0.003353	0.003529	0.003412	0.003570	0.003388
599.000000	0.003065	0.003363	0.003347	0.003507	0.003337	0.003601	0.003301
600.000000	0.003336	0.003376	0.003405	0.003439	0.003605	0.003619	0.003565
601.000000	0.003340	0.003306	0.003339	0.003329	0.003518	0.003488	0.003525
602.000000	0.003195	0.003220	0.003247	0.003284	0.003284	0.003361	0.003376
603.000000	0.003133	0.003197	0.003256	0.003391	0.003220	0.003400	0.003413
604.000000	0.003138	0.003211	0.003330	0.003513	0.003285	0.003517	0.003545
605.000000	0.003131	0.003207	0.003387	0.003476	0.003342	0.003566	0.003590
606.000000	0.003097	0.003190	0.003378	0.003344	0.003348	0.003529	0.003543
607.000000	0.003048	0.003189	0.003274	0.003273	0.003308	0.003447	0.003474
608.000000	0.002996	0.003180	0.003138	0.003270	0.003267	0.003361	0.003407
609.000000	0.002952	0.003116	0.003084	0.003252	0.003291	0.003306	0.003339
610.000000	0.002948	0.003037	0.003129	0.003213	0.003360	0.003299	0.003295
611.000000	0.003032	0.003062	0.003204	0.003217	0.003372	0.003337	0.003325
612.000000	0.003176	0.003193	0.003254	0.003274	0.003316	0.003387	0.003427
613.000000	0.003253	0.003268	0.003257	0.003316	0.003301	0.003379	0.003524
614.000000	0.003210	0.003222	0.003219	0.003313	0.003368	0.003304	0.003563
615.000000	0.003148	0.003187	0.003204	0.003320	0.003415	0.003269	0.003538
616.000000	0.003138	0.003249	0.003248	0.003364	0.003374	0.003338	0.003465
617.000000	0.003137	0.003303	0.003303	0.003386	0.003303	0.003419	0.003402
618.000000	0.003099	0.003255	0.003319	0.003334	0.003266	0.003418	0.003394
619.000000	0.003055	0.003189	0.003293	0.003260	0.003254	0.003336	0.003391
620.000000	0.003049	0.003211	0.003241	0.003235	0.003245	0.003210	0.003343
621.000000	0.003099	0.003279	0.003218	0.003262	0.003252	0.003136	0.003295
622.000000	0.003205	0.003309	0.003280	0.003324	0.003293	0.003215	0.003320
623.000000	0.003296	0.003296	0.003363	0.003389	0.003345	0.003384	0.003379
624.000000	0.003276	0.003279	0.003348	0.003424	0.003358	0.003497	0.003382
625.000000	0.003170	0.003275	0.003245	0.003411	0.003332	0.003502	0.003319
626.000000	0.003103	0.003283	0.003162	0.003346	0.003299	0.003424	0.003248
627.000000	0.003121	0.003295	0.003151	0.003268	0.003287	0.003315	0.003215
628.000000	0.003182	0.003299	0.003198	0.003255	0.003313	0.003255	0.003251
629.000000	0.003252	0.003292	0.003265	0.003327	0.003365	0.003272	0.003345
630.000000	0.003315	0.003286	0.003283	0.003403	0.003392	0.003310	0.003418
631.000000	0.003360	0.003297	0.003234	0.003439	0.003376	0.003338	0.003426
632.000000	0.003379	0.003348	0.003223	0.003490	0.003381	0.003403	0.003414
633.000000	0.003372	0.003439	0.003319	0.003584	0.003449	0.003520	0.003419
634.000000	0.003366	0.003491	0.003432	0.003619	0.003492	0.003581	0.003421
635.000000	0.003383	0.003438	0.003461	0.003499	0.003427	0.003489	0.003396
636.000000	0.003382	0.003338	0.003409	0.003316	0.003320	0.003342	0.003361
637.000000	0.003316	0.003276	0.003317	0.003201	0.003265	0.003283	0.003346
638.000000	0.003236	0.003269	0.003256	0.003188	0.003268	0.003322	0.003357
639.000000	0.003225	0.003299	0.003301	0.003259	0.003294	0.003408	0.003391
640.000000	0.003268	0.003334	0.003394	0.003353	0.003317	0.003463	0.003425
641.000000	0.003293	0.003336	0.003398	0.003377	0.003323	0.003394	0.003427
642.000000	0.003289	0.003301	0.003328	0.003341	0.003335	0.003251	0.003395
643.000000	0.003308	0.003261	0.003332	0.003341	0.003406	0.003207	0.003350
644.000000	0.003359	0.003259	0.003438	0.003412	0.003522	0.003310	0.003333
645.000000	0.003395	0.003354	0.003508	0.003507	0.003578	0.003437	0.003401
646.000000	0.003401	0.003525	0.003484	0.003570	0.003534	0.003502	0.003544
647.000000	0.003425	0.003603	0.003480	0.003536	0.003468	0.003510	0.003625
648.000000	0.003481	0.003486	0.003552	0.003390	0.003436	0.003476	0.003557
649.000000	0.003473	0.003306	0.003566	0.003250	0.003399	0.003417	0.003417
650.000000	0.003332	0.003198	0.003410	0.003214	0.003316	0.003347	0.003291
651.000000	0.003179	0.003166	0.003205	0.003208	0.003215	0.003254	0.003180
652.000000	0.003146	0.003181	0.003104	0.003141	0.003138	0.003136	0.003081
653.000000	0.003189	0.003211	0.003114	0.003089	0.003120	0.003071	0.003058
654.000000	0.003210	0.003229	0.003187	0.003163	0.003185	0.003147	0.003184
655.000000	0.003192	0.003248	0.003263	0.003306	0.003285	0.003274	0.003349
656.000000	0.003160	0.003298	0.003283	0.003373	0.003334	0.003277	0.003365
657.000000	0.003155	0.003354	0.003256	0.003357	0.003325	0.003186	0.003263
658.000000	0.003218	0.003347	0.003244	0.003344	0.003301	0.003175	0.003234
659.000000	0.003308	0.003272	0.003253	0.003340	0.003281	0.003263	0.003318
660.000000	0.003297	0.003185	0.003237	0.003262	0.003256	0.003299	0.003387
661.000000	0.003160	0.003128	0.003180	0.003122	0.003225	0.003226	0.003367
662.000000	0.003034	0.003111	0.003118	0.003079	0.003204	0.003132	0.003281
663.000000	0.003003	0.003123	0.003080	0.003200	0.003191	0.003085	0.003174
664.000000	0.003007	0.003105	0.003068	0.003316	0.003143	0.003067	0.003130
665.000000	0.002987	0.003025	0.003075	0.003289	0.003040	0.003054	0.003180
666.000000	0.002939	0.002959	0.003064	0.003154	0.002940	0.003023	0.003172
667.000000	0.002881	0.002970	0.003009	0.002985	0.002906	0.002961	0.002983
668.000000	0.002850	0.002985	0.002960	0.002862	0.002944	0.002917	0.002799
669.000000	0.002880	0.002912	0.002972	0.002849	0.003032	0.002937	0.002842
670.000000	0.002902	0.002804	0.002962	0.002874	0.003065	0.002963	0.002980
671.000000	0.002823	0.002769	0.002817	0.002820	0.002925	0.002902	0.002959
672.000000	0.002711	0.002814	0.002647	0.002721	0.002710	0.002803	0.002811
673.000000	0.002723	0.002890	0.002686	0.002693	0.002638	0.002791	0.002739
674.000000	0.002843	0.002958	0.002903	0.002772	0.002727	0.002863	0.002803
675.000000	0.002912	0.002997	0.003042	0.002926	0.002819	0.002906	0.002937
676.000000	0.002891	0.003001	0.003012	0.003081	0.002843	0.002896	0.003057
677.000000	0.002898	0.002993	0.002929	0.003120	0.002841	0.002926	0.003072
678.000000	0.002972	0.002983	0.002885	0.003022	0.002844	0.003019	0.002970
679.000000	0.003001	0.002954	0.002902	0.002931	0.002852	0.003072	0.002889
680.000000	0.002927	0.002903	0.002967	0.002937	0.002867	0.003022	0.002909
681.000000	0.002861	0.002861	0.002993	0.002949	0.002884	0.002948	0.002950
682.000000	0.002888	0.002849	0.002919	0.002891	0.002895	0.002916	0.002931
683.000000	0.002905	0.002837	0.002801	0.002836	0.002864	0.002885	0.002864
684.000000	0.002808	0.002797	0.002714	0.002867	0.002772	0.002806	0.002785
685.000000	0.002706	0.002782	0.002694	0.002936	0.002716	0.002746	0.002714
686.000000	0.002751	0.002856	0.002756	0.002959	0.002810	0.002791	0.002667
687.000000	0.002865	0.002957	0.002856	0.002928	0.002965	0.002887	0.002654
688.000000	0.002874	0.002974	0.002922	0.002872	0.003008	0.002916	0.002683
689.000000	0.002784	0.002894	0.002906	0.002813	0.002922	0.002849	0.002700
690.000000	0.002726	0.002775	0.002784	0.002774	0.002795	0.002720	0.002618
691.000000	0.002751	0.002694	0.002652	0.002772	0.002699	0.002619	0.002481
692.000000	0.002830	0.002739	0.002713	0.002821	0.002687	0.002684	0.002461
693.000000	0.002910	0.002884	0.002955	0.002899	0.002754	0.002893	0.002597
694.000000	0.002918	0.002950	0.003070	0.002924	0.002819	0.003004	0.002740
695.000000	0.002844	0.002864	0.002924	0.002879	0.002835	0.002911	0.002802
696.000000	0.002814	0.002783	0.002779	0.002863	0.002836	0.002805	0.002841
697.000000	0.002899	0.002813	0.002819	0.002934	0.002843	0.002824	0.002892
698.000000	0.002978	0.002851	0.002902	0.002978	0.002826	0.002876	0.002877
699.000000	0.002934	0.002794	0.002870	0.002898	0.002764	0.002858	0.002737
700.000000	0.002820	0.002686	0.002745	0.002787	0.002703	0.002788	0.002561
701.000000	0.002716	0.002602	0.002600	0.002762	0.002695	0.002715	0.002460
702.000000	0.002627	0.002538	0.002519	0.002773	0.002694	0.002665	0.002436
703.000000	0.002532	0.002468	0.002575	0.002719	0.002631	0.002652	0.002451
704.000000	0.002445	0.002420	0.002673	0.002609	0.002536	0.002656	0.002459
705.000000	0.002398	0.002448	0.002635	0.002509	0.002488	0.002635	0.002416
706.000000	0.002361	0.002492	0.002470	0.002416	0.002470	0.002565	0.002332
707.000000	0.002263	0.002417	0.002324	0.002279	0.002397	0.002436	0.002261
708.000000	0.002111	0.002259	0.002262	0.002133	0.002275	0.002286	0.002227
709.000000	0.001994	0.002245	0.002256	0.002098	0.002213	0.002208	0.002222
710.000000	0.001952	0.002381	0.002253	0.002193	0.002232	0.002219	0.002238
711.000000	0.001941	0.002323	0.002160	0.002269	0.002214	0.002222	0.002271
712.000000	0.001933	0.001962	0.001971	0.002237	0.002105	0.002169	0.002303
713.000000	0.001944	0.001748	0.001863	0.002171	0.002017	0.002137	0.002289
714.000000	0.001961	0.001962	0.001940	0.002124	0.002022	0.002168	0.002196
715.000000	0.001835	0.002131	0.001999	0.002006	0.002001	0.002134	0.002048
716.000000	0.001472	0.001803	0.001844	0.001746	0.001855	0.001930	0.001891
717.000000	0.001122	0.001301	0.001577	0.001470	0.001733	0.001706	0.001824
718.000000	0.001064	0.001091	0.001370	0.001340	0.001814	0.001648	0.001928
719.000000	0.001112	0.001093	0.001270	0.001354	0.001978	0.001704	0.002057
720.000000	0.000918	0.001016	0.001260	0.001432	0.001993	0.001724	0.001989
721.000000	0.000514	0.000766	0.001159	0.001398	0.001753	0.001574	0.001683
722.000000	0.000153	0.000378	0.000718	0.001040	0.001240	0.001148	0.001212
723.000000	-0.000045	0.000043	0.000150	0.000548	0.000705	0.000671	0.000774
724.000000	-0.000077	0.000071	0.000037	0.000428	0.000602	0.000632	0.000652
725.000000	-0.000102	0.000301	0.000316	0.000665	0.000835	0.000925	0.000732
726.000000	-0.000466	0.000017	0.000154	0.000613	0.000654	0.000744	0.000431
727.000000	-0.001202	-0.000901	-0.000672	0.000032	-0.000120	-0.000120	-0.000332
728.000000	-0.001811	-0.001537	-0.001295	-0.000585	-0.000660	-0.000815	-0.000758
729.000000	-0.001995	-0.001407	-0.001200	-0.000904	-0.000510	-0.000821	-0.000450
730.000000	-0.002058	-0.001272	-0.000942	-0.001119	-0.000318	-0.000628	-0.000158
731.000000	-0.002292	-0.001812	-0.001049	-0.001434	-0.000668	-0.000715	-0.000542
732.000000	-0.002653	-0.002804	-0.001414	-0.001827	-0.001385	-0.001008	-0.001375
