[HEADER]
Format	J&M ASCII Table
Comment	0.2064 mgL
Date	2/21/2023 3:50:19 AM
Order	Y (evenX)
TechType	UV
NumPoints	483
FirstX	250.00
LastX	732.00
XType	NMetr
YType	Absrb
ZType	Secs
NumSubFile	7
Matrix	Z vs X
[DATA]
	0.000000	5.000064	10.000192	15.000256	20.000383	25.000448	30.000511
250.000000	1.401650	1.403780	1.405909	1.404551	1.404101	1.406580	1.402825
251.000000	1.391511	1.394919	1.396615	1.395055	1.393017	1.396253	1.395071
252.000000	1.380022	1.381717	1.383451	1.383790	1.380437	1.380773	1.382425
253.000000	1.370016	1.369985	1.371716	1.373477	1.370026	1.368288	1.371808
254.000000	1.363447	1.363980	1.365196	1.365895	1.364230	1.364340	1.368008
255.000000	1.357915	1.359622	1.359763	1.358219	1.359626	1.361450	1.364967
256.000000	1.350778	1.352208	1.350930	1.347766	1.352538	1.351697	1.356163
257.000000	1.343234	1.343497	1.341626	1.338090	1.344863	1.340193	1.345427
258.000000	1.337611	1.337093	1.336706	1.334115	1.340006	1.335418	1.339335
259.000000	1.334696	1.333515	1.335836	1.334221	1.338000	1.336657	1.337772
260.000000	1.334323	1.331668	1.336016	1.333628	1.337167	1.338557	1.337245
261.000000	1.334015	1.330271	1.334617	1.331004	1.336297	1.337752	1.335635
262.000000	1.329676	1.327957	1.329439	1.327690	1.334567	1.332549	1.331956
263.000000	1.322121	1.324712	1.321956	1.324584	1.331513	1.324458	1.326548
264.000000	1.317754	1.322048	1.317771	1.321986	1.327069	1.318554	1.321213
265.000000	1.318052	1.319934	1.317985	1.319244	1.321216	1.316646	1.316668
266.000000	1.315643	1.315580	1.315697	1.314150	1.313980	1.314682	1.311653
267.000000	1.306235	1.307843	1.307248	1.306141	1.305966	1.309690	1.305640
268.000000	1.295621	1.300468	1.299255	1.299255	1.299254	1.302904	1.300472
269.000000	1.289275	1.296382	1.297060	1.296421	1.295149	1.295889	1.297218
270.000000	1.285098	1.292189	1.294515	1.293276	1.290962	1.288870	1.292386
271.000000	1.279536	1.283785	1.284386	1.284746	1.283643	1.281676	1.282387
272.000000	1.271692	1.272405	1.270454	1.272595	1.274057	1.273735	1.270081
273.000000	1.261715	1.261087	1.259970	1.260875	1.264321	1.264351	1.260239
274.000000	1.249966	1.250281	1.252370	1.250172	1.253934	1.253135	1.251878
275.000000	1.236948	1.238969	1.242726	1.239092	1.241001	1.239926	1.240895
276.000000	1.223573	1.226769	1.229399	1.226937	1.225960	1.225512	1.227202
277.000000	1.211070	1.213880	1.213670	1.213664	1.211266	1.211487	1.214161
278.000000	1.199724	1.201102	1.198176	1.200539	1.199064	1.199122	1.203246
279.000000	1.188611	1.189967	1.187131	1.190441	1.190998	1.189234	1.193388
280.000000	1.177425	1.180817	1.181391	1.183810	1.186083	1.181381	1.183694
281.000000	1.167181	1.171662	1.175268	1.176276	1.178422	1.172803	1.173929
282.000000	1.158578	1.161072	1.164850	1.164889	1.164777	1.161885	1.164073
283.000000	1.150983	1.149962	1.153403	1.152303	1.151116	1.151066	1.154521
284.000000	1.143396	1.139426	1.144260	1.141416	1.142923	1.142526	1.145522
285.000000	1.134249	1.129468	1.135321	1.131727	1.136179	1.134074	1.136353
286.000000	1.122366	1.119870	1.123764	1.121997	1.125354	1.123062	1.126241
287.000000	1.110468	1.111030	1.112353	1.112460	1.112939	1.112197	1.116001
288.000000	1.102500	1.103471	1.105670	1.103923	1.104357	1.105933	1.106999
289.000000	1.097228	1.096185	1.101555	1.096509	1.099081	1.102282	1.099101
290.000000	1.090272	1.087308	1.093796	1.089896	1.092903	1.095358	1.091257
291.000000	1.081218	1.077767	1.082377	1.083734	1.084894	1.084610	1.083429
292.000000	1.073429	1.071087	1.073152	1.077648	1.077270	1.074577	1.076530
293.000000	1.067930	1.067425	1.068079	1.071171	1.070757	1.067380	1.070503
294.000000	1.062259	1.062091	1.063341	1.063706	1.063817	1.061472	1.063880
295.000000	1.055046	1.053034	1.056576	1.055362	1.055703	1.055556	1.056071
296.000000	1.047733	1.044472	1.049375	1.047738	1.047680	1.049415	1.048548
297.000000	1.041417	1.039556	1.043144	1.041956	1.040830	1.043006	1.042452
298.000000	1.034964	1.035547	1.037121	1.037024	1.034864	1.036405	1.037055
299.000000	1.027305	1.029307	1.030376	1.031672	1.029259	1.029727	1.031395
300.000000	1.019873	1.021530	1.023301	1.025330	1.023689	1.023179	1.025205
301.000000	1.014451	1.013974	1.016590	1.017778	1.017908	1.016966	1.018470
302.000000	1.009472	1.007433	1.010133	1.009863	1.011829	1.011049	1.011472
303.000000	1.002074	1.002147	1.003480	1.002832	1.005422	1.005258	1.004623
304.000000	0.993134	0.997081	0.996736	0.996608	0.998432	0.999102	0.998158
305.000000	0.986046	0.990387	0.990367	0.990207	0.990486	0.991916	0.992176
306.000000	0.981191	0.982143	0.984209	0.983368	0.982207	0.984111	0.986396
307.000000	0.975798	0.974420	0.977444	0.976592	0.975226	0.977192	0.980159
308.000000	0.968683	0.968173	0.970070	0.970243	0.969967	0.971645	0.973219
309.000000	0.961299	0.962512	0.963373	0.964411	0.964937	0.966318	0.965995
310.000000	0.954824	0.956762	0.958006	0.959049	0.959110	0.960415	0.959014
311.000000	0.949295	0.951095	0.952931	0.953852	0.952891	0.954271	0.952925
312.000000	0.944378	0.945628	0.947177	0.948430	0.946762	0.948233	0.947929
313.000000	0.938979	0.939881	0.940829	0.942223	0.940767	0.942156	0.942609
314.000000	0.932151	0.933417	0.934204	0.934909	0.934849	0.935843	0.935647
315.000000	0.924653	0.926719	0.927617	0.927634	0.928894	0.929432	0.928183
316.000000	0.917720	0.920478	0.921342	0.921769	0.922778	0.923130	0.921941
317.000000	0.911751	0.914454	0.915296	0.916345	0.916429	0.916847	0.916539
318.000000	0.906668	0.908001	0.909233	0.909382	0.909829	0.910377	0.910619
319.000000	0.901750	0.901452	0.903254	0.901688	0.903370	0.904129	0.904297
320.000000	0.895836	0.895857	0.897704	0.896095	0.897730	0.898940	0.898787
321.000000	0.889090	0.891323	0.892501	0.892777	0.892958	0.894590	0.894308
322.000000	0.883152	0.886900	0.887086	0.888907	0.888396	0.889680	0.889950
323.000000	0.878550	0.881816	0.881348	0.883022	0.883484	0.883634	0.884940
324.000000	0.873869	0.875694	0.875954	0.876165	0.877897	0.877341	0.878822
325.000000	0.868219	0.868647	0.871187	0.869437	0.871666	0.871529	0.871723
326.000000	0.862450	0.861904	0.866197	0.863520	0.865657	0.866203	0.865115
327.000000	0.857328	0.856393	0.860238	0.858690	0.860514	0.861142	0.860095
328.000000	0.852319	0.851253	0.853600	0.853944	0.855582	0.855682	0.855548
329.000000	0.846746	0.845481	0.846854	0.848277	0.850071	0.849314	0.850134
330.000000	0.840913	0.839695	0.840787	0.842443	0.844225	0.843044	0.844223
331.000000	0.835406	0.834964	0.836103	0.837641	0.838589	0.838189	0.838696
332.000000	0.830097	0.831060	0.831966	0.833222	0.832999	0.833830	0.833405
333.000000	0.824517	0.827061	0.826801	0.827636	0.826966	0.827968	0.827699
334.000000	0.818894	0.822348	0.820786	0.821101	0.820998	0.821057	0.821985
335.000000	0.814004	0.816585	0.815481	0.815240	0.816372	0.815491	0.817493
336.000000	0.809897	0.810332	0.811332	0.810724	0.813079	0.811878	0.814204
337.000000	0.805750	0.805193	0.807421	0.807042	0.809576	0.808654	0.810603
338.000000	0.801201	0.801589	0.803183	0.803510	0.804973	0.804773	0.805906
339.000000	0.796788	0.797780	0.798813	0.799266	0.799686	0.800312	0.800760
340.000000	0.792783	0.792690	0.794471	0.793945	0.794230	0.795478	0.795764
341.000000	0.788540	0.787556	0.790020	0.788541	0.789033	0.790515	0.791009
342.000000	0.783505	0.783512	0.785365	0.783997	0.784406	0.785625	0.786446
343.000000	0.778085	0.779773	0.780765	0.780170	0.780232	0.780817	0.781776
344.000000	0.772894	0.775311	0.776466	0.776626	0.776285	0.776100	0.776763
345.000000	0.768316	0.770621	0.772088	0.772836	0.772338	0.771810	0.771950
346.000000	0.764571	0.766647	0.767120	0.768309	0.768173	0.768312	0.768061
347.000000	0.761145	0.762995	0.762180	0.763332	0.763692	0.765008	0.764595
348.000000	0.757145	0.758560	0.758450	0.758611	0.758888	0.760804	0.760405
349.000000	0.752541	0.753322	0.755517	0.754305	0.754062	0.755695	0.755486
350.000000	0.748030	0.748186	0.751645	0.750109	0.749762	0.750600	0.750796
351.000000	0.743898	0.743729	0.746422	0.746001	0.746013	0.745994	0.746746
352.000000	0.739893	0.740074	0.741138	0.742327	0.742176	0.741762	0.743031
353.000000	0.735774	0.736989	0.736598	0.738980	0.737925	0.737785	0.739336
354.000000	0.731380	0.733650	0.732534	0.734986	0.733574	0.734010	0.735407
355.000000	0.726767	0.729512	0.728659	0.729898	0.729391	0.730360	0.731171
356.000000	0.722565	0.724976	0.724959	0.724972	0.725311	0.726682	0.727030
357.000000	0.719210	0.720524	0.721423	0.721314	0.721278	0.722816	0.723296
358.000000	0.715909	0.716293	0.717867	0.718153	0.717510	0.718645	0.719566
359.000000	0.711754	0.712306	0.714065	0.714379	0.714178	0.714112	0.715347
360.000000	0.707220	0.708396	0.709844	0.709904	0.710656	0.709494	0.710792
361.000000	0.703266	0.704357	0.705113	0.705087	0.706121	0.705187	0.706308
362.000000	0.700011	0.700357	0.700468	0.700628	0.701075	0.701406	0.702191
363.000000	0.697067	0.696765	0.696860	0.697367	0.696769	0.698231	0.698651
364.000000	0.693973	0.693511	0.694130	0.694853	0.693509	0.695300	0.695420
365.000000	0.690230	0.690140	0.691147	0.691524	0.690758	0.691876	0.691830
366.000000	0.685885	0.686377	0.687372	0.687011	0.687928	0.687829	0.687849
367.000000	0.681699	0.682204	0.683078	0.682539	0.684415	0.683826	0.684280
368.000000	0.678081	0.677870	0.678720	0.678856	0.680162	0.680237	0.681382
369.000000	0.674683	0.674098	0.675003	0.675607	0.676161	0.676769	0.678279
370.000000	0.671163	0.671225	0.672197	0.672421	0.672968	0.673174	0.674363
371.000000	0.667449	0.668334	0.669244	0.669235	0.669561	0.669549	0.670168
372.000000	0.663558	0.664630	0.665260	0.666048	0.665109	0.666028	0.666288
373.000000	0.659690	0.660832	0.661166	0.662904	0.660837	0.662639	0.662679
374.000000	0.656058	0.657861	0.658136	0.659821	0.658205	0.659371	0.659163
375.000000	0.652597	0.655195	0.655684	0.656569	0.656419	0.656162	0.655827
376.000000	0.649150	0.651813	0.652730	0.652866	0.653883	0.652947	0.652843
377.000000	0.645793	0.647891	0.649263	0.649013	0.650502	0.649875	0.650124
378.000000	0.642745	0.644316	0.645918	0.645642	0.647090	0.647201	0.647423
379.000000	0.640093	0.641301	0.642881	0.642787	0.643811	0.644573	0.644534
380.000000	0.637793	0.638437	0.639926	0.639945	0.640243	0.641111	0.641299
381.000000	0.635545	0.635402	0.636865	0.636775	0.636429	0.636832	0.637826
382.000000	0.632721	0.632023	0.633581	0.633185	0.633054	0.632957	0.634578
383.000000	0.629149	0.628436	0.630118	0.629467	0.630442	0.630150	0.631813
384.000000	0.625592	0.625361	0.626828	0.626624	0.628125	0.627823	0.629338
385.000000	0.622608	0.623170	0.623996	0.625097	0.625689	0.625410	0.626920
386.000000	0.619827	0.621017	0.621607	0.623428	0.623133	0.622833	0.624350
387.000000	0.616843	0.618122	0.619524	0.620301	0.620501	0.620118	0.621502
388.000000	0.613829	0.615009	0.617322	0.616595	0.617704	0.617364	0.618579
389.000000	0.611079	0.612439	0.614593	0.613599	0.614663	0.614666	0.615845
390.000000	0.608595	0.610274	0.611642	0.611208	0.611644	0.611944	0.613298
391.000000	0.606260	0.608011	0.609020	0.608766	0.609014	0.609076	0.610821
392.000000	0.603980	0.605407	0.606639	0.606138	0.606630	0.606309	0.608222
393.000000	0.601685	0.602401	0.604033	0.603517	0.604060	0.604095	0.605291
394.000000	0.599372	0.599418	0.601232	0.601041	0.601470	0.602362	0.602392
395.000000	0.597102	0.597302	0.598720	0.598790	0.599567	0.600551	0.600400
396.000000	0.594894	0.596020	0.596635	0.596785	0.598279	0.598427	0.599246
397.000000	0.592707	0.594342	0.594620	0.594964	0.596464	0.596210	0.597572
398.000000	0.590530	0.591682	0.592401	0.593161	0.593632	0.594037	0.594751
399.000000	0.588417	0.588891	0.589940	0.591008	0.590724	0.591814	0.591769
400.000000	0.586380	0.586707	0.587374	0.588365	0.588486	0.589512	0.589453
401.000000	0.584289	0.585028	0.585288	0.585826	0.586583	0.587357	0.587604
402.000000	0.582073	0.583587	0.584068	0.583928	0.584595	0.585514	0.585853
403.000000	0.580069	0.582065	0.582829	0.582314	0.582600	0.583638	0.583903
404.000000	0.578616	0.580168	0.580550	0.580459	0.580781	0.581342	0.581559
405.000000	0.577297	0.577849	0.577801	0.578403	0.579044	0.578930	0.579160
406.000000	0.575438	0.575211	0.575735	0.576412	0.577210	0.576961	0.577229
407.000000	0.573190	0.572789	0.574389	0.574600	0.575444	0.575527	0.575796
408.000000	0.571199	0.571348	0.573109	0.572978	0.574104	0.574416	0.574572
409.000000	0.569682	0.570703	0.571637	0.571522	0.573041	0.573320	0.573253
410.000000	0.568446	0.569803	0.570093	0.570183	0.571647	0.571851	0.571529
411.000000	0.567201	0.568168	0.568525	0.568846	0.569778	0.569924	0.569441
412.000000	0.565547	0.566136	0.566874	0.567313	0.567939	0.567858	0.567495
413.000000	0.563440	0.564084	0.565161	0.565574	0.566420	0.565993	0.566007
414.000000	0.561549	0.562370	0.563588	0.564001	0.565012	0.564647	0.564846
415.000000	0.560327	0.561138	0.562253	0.562814	0.563504	0.563855	0.563807
416.000000	0.559338	0.559926	0.560890	0.561653	0.561862	0.562818	0.562620
417.000000	0.558098	0.558337	0.559297	0.560180	0.560133	0.560897	0.561137
418.000000	0.556645	0.556782	0.557843	0.558621	0.558592	0.558840	0.559805
419.000000	0.555156	0.555775	0.556934	0.557300	0.557497	0.557599	0.559090
420.000000	0.553719	0.554965	0.556064	0.556075	0.556531	0.556807	0.558409
421.000000	0.552387	0.553703	0.554448	0.554646	0.555191	0.555615	0.556841
422.000000	0.551171	0.552113	0.552475	0.553149	0.553645	0.554114	0.554703
423.000000	0.550056	0.550786	0.551217	0.551972	0.552455	0.552948	0.553041
424.000000	0.548946	0.549816	0.550629	0.551062	0.551560	0.552108	0.552041
425.000000	0.547679	0.548843	0.549655	0.549966	0.550343	0.550986	0.551090
426.000000	0.546333	0.547693	0.548038	0.548554	0.548718	0.549447	0.549920
427.000000	0.545305	0.546470	0.546635	0.547150	0.547336	0.548008	0.548761
428.000000	0.544658	0.545251	0.545836	0.545948	0.546485	0.546931	0.547738
429.000000	0.543769	0.544030	0.544972	0.544840	0.545650	0.545905	0.546708
430.000000	0.542250	0.542827	0.543581	0.543746	0.544466	0.544716	0.545550
431.000000	0.540648	0.541761	0.542148	0.542765	0.543274	0.543647	0.544292
432.000000	0.539504	0.540919	0.541167	0.541977	0.542410	0.542936	0.543022
433.000000	0.538624	0.540162	0.540406	0.541242	0.541625	0.542229	0.541968
434.000000	0.537660	0.539307	0.539487	0.540378	0.540587	0.541101	0.541322
435.000000	0.536647	0.538306	0.538418	0.539353	0.539509	0.539748	0.540756
436.000000	0.535754	0.537172	0.537357	0.538201	0.538776	0.538589	0.539772
437.000000	0.534881	0.535966	0.536330	0.537028	0.538158	0.537631	0.538404
438.000000	0.533784	0.534775	0.535289	0.535973	0.537082	0.536638	0.537009
439.000000	0.532551	0.533671	0.534269	0.535030	0.535603	0.535622	0.535840
440.000000	0.531566	0.532713	0.533380	0.534061	0.534332	0.534813	0.535048
441.000000	0.530931	0.531873	0.532624	0.533055	0.533499	0.534182	0.534516
442.000000	0.530374	0.531010	0.531856	0.532160	0.532806	0.533353	0.533787
443.000000	0.529694	0.530091	0.530988	0.531404	0.532032	0.532231	0.532697
444.000000	0.528877	0.529298	0.530065	0.530562	0.531166	0.531288	0.531671
445.000000	0.527956	0.528707	0.529164	0.529526	0.530247	0.530810	0.531009
446.000000	0.527047	0.528022	0.528408	0.528605	0.529389	0.530366	0.530464
447.000000	0.526250	0.527019	0.527870	0.528063	0.528675	0.529549	0.529765
448.000000	0.525555	0.526049	0.527373	0.527650	0.527982	0.528584	0.528959
449.000000	0.524919	0.525523	0.526711	0.527038	0.527174	0.527806	0.528169
450.000000	0.524294	0.525193	0.525949	0.526256	0.526395	0.527168	0.527455
451.000000	0.523631	0.524594	0.525242	0.525469	0.525869	0.526484	0.526843
452.000000	0.522882	0.523743	0.524556	0.524728	0.525480	0.525761	0.526242
453.000000	0.522011	0.522934	0.523754	0.524018	0.524922	0.525112	0.525502
454.000000	0.521159	0.522268	0.522904	0.523302	0.524165	0.524534	0.524688
455.000000	0.520613	0.521676	0.522247	0.522533	0.523412	0.523919	0.524049
456.000000	0.520334	0.521082	0.521799	0.521776	0.522752	0.523216	0.523598
457.000000	0.519877	0.520409	0.521281	0.521238	0.522110	0.522448	0.523051
458.000000	0.519067	0.519647	0.520569	0.520932	0.521444	0.521686	0.522305
459.000000	0.518270	0.518917	0.519846	0.520509	0.520777	0.521077	0.521627
460.000000	0.517764	0.518336	0.519281	0.519779	0.520167	0.520697	0.521211
461.000000	0.517429	0.517981	0.518905	0.519092	0.519738	0.520388	0.520944
462.000000	0.517087	0.517844	0.518658	0.518742	0.519550	0.519988	0.520663
463.000000	0.516611	0.517603	0.518197	0.518432	0.519340	0.519466	0.520210
464.000000	0.515921	0.516937	0.517230	0.517797	0.518812	0.518828	0.519470
465.000000	0.515187	0.516062	0.516212	0.516974	0.517961	0.518086	0.518573
466.000000	0.514639	0.515355	0.515792	0.516273	0.516912	0.517274	0.517736
467.000000	0.514199	0.514792	0.515693	0.515746	0.515942	0.516576	0.517067
468.000000	0.513626	0.514140	0.515152	0.515295	0.515388	0.516242	0.516604
469.000000	0.512938	0.513479	0.514217	0.514864	0.515154	0.516105	0.516248
470.000000	0.512365	0.513143	0.513597	0.514430	0.514794	0.515661	0.515789
471.000000	0.511960	0.513069	0.513449	0.513997	0.514227	0.514838	0.515204
472.000000	0.511558	0.512723	0.513250	0.513606	0.513816	0.514081	0.514696
473.000000	0.511056	0.511914	0.512709	0.513216	0.513653	0.513618	0.514320
474.000000	0.510471	0.511098	0.512007	0.512651	0.513316	0.513245	0.513863
475.000000	0.509876	0.510612	0.511349	0.511875	0.512595	0.512812	0.513242
476.000000	0.509441	0.510341	0.510880	0.511239	0.511962	0.512414	0.512777
477.000000	0.509248	0.510095	0.510650	0.511012	0.511784	0.512128	0.512693
478.000000	0.508980	0.509697	0.510387	0.510895	0.511626	0.511807	0.512595
479.000000	0.508316	0.509027	0.509825	0.510526	0.510994	0.511288	0.512034
480.000000	0.507505	0.508327	0.509180	0.509973	0.510173	0.510617	0.511123
481.000000	0.506950	0.507914	0.508794	0.509439	0.509666	0.509918	0.510172
482.000000	0.506620	0.507644	0.508506	0.508944	0.509342	0.509329	0.509389
483.000000	0.506256	0.507152	0.507918	0.508418	0.508764	0.508979	0.508916
484.000000	0.505790	0.506479	0.507104	0.507878	0.508039	0.508756	0.508685
485.000000	0.505299	0.505973	0.506501	0.507413	0.507682	0.508364	0.508468
486.000000	0.504830	0.505712	0.506203	0.507019	0.507668	0.507790	0.508139
487.000000	0.504390	0.505454	0.505915	0.506589	0.507361	0.507334	0.507690
488.000000	0.504003	0.505104	0.505520	0.506098	0.506605	0.507102	0.507201
489.000000	0.503724	0.504830	0.505224	0.505666	0.506085	0.506863	0.506883
490.000000	0.503565	0.504693	0.505128	0.505358	0.506139	0.506477	0.506816
491.000000	0.503437	0.504448	0.505004	0.505080	0.506102	0.506103	0.506739
492.000000	0.503247	0.503926	0.504666	0.504746	0.505443	0.505871	0.506426
493.000000	0.502931	0.503394	0.504244	0.504394	0.504652	0.505634	0.505962
494.000000	0.502464	0.503129	0.503899	0.504081	0.504309	0.505235	0.505488
495.000000	0.501982	0.502942	0.503569	0.503831	0.504253	0.504786	0.505080
496.000000	0.501653	0.502532	0.503138	0.503641	0.504107	0.504463	0.504780
497.000000	0.501409	0.501994	0.502653	0.503419	0.503805	0.504219	0.504523
498.000000	0.501081	0.501602	0.502239	0.503036	0.503433	0.503901	0.504193
499.000000	0.500656	0.501329	0.501899	0.502513	0.503028	0.503479	0.503769
500.000000	0.500237	0.500931	0.501554	0.501978	0.502592	0.503011	0.503296
501.000000	0.499882	0.500426	0.501203	0.501568	0.502184	0.502572	0.502872
502.000000	0.499601	0.500102	0.500937	0.501417	0.501928	0.502251	0.502646
503.000000	0.499362	0.500009	0.500750	0.501457	0.501789	0.502041	0.502589
504.000000	0.499066	0.499817	0.500494	0.501311	0.501492	0.501789	0.502401
505.000000	0.498688	0.499383	0.500122	0.500809	0.500941	0.501411	0.501953
506.000000	0.498375	0.499038	0.499831	0.500278	0.500486	0.501010	0.501548
507.000000	0.498220	0.499009	0.499734	0.499999	0.500372	0.500685	0.501406
508.000000	0.498073	0.498973	0.499563	0.499869	0.500324	0.500455	0.501299
509.000000	0.497778	0.498595	0.499066	0.499717	0.500040	0.500301	0.500965
510.000000	0.497395	0.498049	0.498481	0.499419	0.499607	0.500089	0.500453
511.000000	0.497041	0.497631	0.498147	0.498904	0.499216	0.499688	0.499912
512.000000	0.496725	0.497366	0.498010	0.498389	0.498915	0.499280	0.499514
513.000000	0.496412	0.497156	0.497854	0.498185	0.498681	0.499154	0.499416
514.000000	0.496094	0.496947	0.497648	0.498167	0.498488	0.499153	0.499436
515.000000	0.495786	0.496718	0.497484	0.497933	0.498307	0.498845	0.499178
516.000000	0.495507	0.496463	0.497331	0.497491	0.498120	0.498269	0.498665
517.000000	0.495282	0.496191	0.497038	0.497241	0.497914	0.497917	0.498321
518.000000	0.495083	0.495908	0.496606	0.497235	0.497660	0.497906	0.498260
519.000000	0.494810	0.495614	0.496245	0.497019	0.497303	0.497802	0.498156
520.000000	0.494451	0.495310	0.496038	0.496418	0.496872	0.497386	0.497814
521.000000	0.494179	0.494999	0.495774	0.495886	0.496573	0.496947	0.497388
522.000000	0.494098	0.494700	0.495333	0.495756	0.496520	0.496704	0.497034
523.000000	0.494039	0.494474	0.494965	0.495773	0.496484	0.496490	0.496812
524.000000	0.493828	0.494355	0.494890	0.495640	0.496239	0.496138	0.496729
525.000000	0.493500	0.494215	0.494883	0.495348	0.495839	0.495802	0.496641
526.000000	0.493146	0.493916	0.494652	0.494970	0.495415	0.495682	0.496396
527.000000	0.492863	0.493563	0.494292	0.494571	0.495085	0.495663	0.496053
528.000000	0.492732	0.493337	0.494039	0.494212	0.494940	0.495518	0.495749
529.000000	0.492627	0.493178	0.493870	0.493925	0.494836	0.495205	0.495473
530.000000	0.492310	0.492884	0.493612	0.493723	0.494507	0.494799	0.495131
531.000000	0.491833	0.492463	0.493258	0.493581	0.493999	0.494406	0.494756
532.000000	0.491491	0.492103	0.492947	0.493441	0.493629	0.494158	0.494492
533.000000	0.491357	0.491900	0.492719	0.493270	0.493486	0.494043	0.494360
534.000000	0.491213	0.491828	0.492478	0.493063	0.493367	0.493872	0.494224
535.000000	0.490959	0.491802	0.492200	0.492827	0.493164	0.493570	0.494016
536.000000	0.490742	0.491658	0.491998	0.492589	0.492972	0.493289	0.493807
537.000000	0.490635	0.491321	0.491920	0.492362	0.492854	0.493130	0.493649
538.000000	0.490448	0.490992	0.491810	0.492128	0.492720	0.492993	0.493495
539.000000	0.490032	0.490834	0.491527	0.491872	0.492482	0.492782	0.493290
540.000000	0.489587	0.490682	0.491145	0.491615	0.492162	0.492545	0.493007
541.000000	0.489352	0.490349	0.490784	0.491382	0.491811	0.492356	0.492645
542.000000	0.489277	0.490010	0.490525	0.491181	0.491503	0.492214	0.492325
543.000000	0.489214	0.489935	0.490417	0.491013	0.491310	0.492087	0.492190
544.000000	0.489082	0.489973	0.490385	0.490855	0.491206	0.491934	0.492171
545.000000	0.488843	0.489770	0.490288	0.490678	0.491111	0.491714	0.492091
546.000000	0.488550	0.489358	0.490108	0.490482	0.490962	0.491428	0.491915
547.000000	0.488328	0.489065	0.489918	0.490296	0.490710	0.491117	0.491715
548.000000	0.488214	0.488982	0.489728	0.490128	0.490397	0.490817	0.491520
549.000000	0.488148	0.488917	0.489471	0.489963	0.490165	0.490557	0.491303
550.000000	0.488064	0.488740	0.489147	0.489772	0.490054	0.490349	0.491047
551.000000	0.487898	0.488438	0.488863	0.489493	0.489927	0.490169	0.490753
552.000000	0.487625	0.488062	0.488684	0.489134	0.489710	0.490004	0.490442
553.000000	0.487315	0.487797	0.488552	0.488869	0.489506	0.489866	0.490181
554.000000	0.487035	0.487750	0.488400	0.488810	0.489392	0.489753	0.490015
555.000000	0.486796	0.487689	0.488201	0.488777	0.489255	0.489607	0.489878
556.000000	0.486593	0.487387	0.487950	0.488581	0.488981	0.489376	0.489699
557.000000	0.486417	0.487017	0.487696	0.488339	0.488667	0.489121	0.489498
558.000000	0.486261	0.486844	0.487505	0.488235	0.488464	0.488928	0.489326
559.000000	0.486123	0.486812	0.487387	0.488212	0.488386	0.488797	0.489224
560.000000	0.486000	0.486717	0.487320	0.488100	0.488373	0.488683	0.489216
561.000000	0.485757	0.486427	0.487154	0.487763	0.488220	0.488462	0.489115
562.000000	0.485195	0.485883	0.486679	0.487121	0.487656	0.487983	0.488617
563.000000	0.484742	0.485537	0.486302	0.486648	0.487127	0.487641	0.488137
564.000000	0.485414	0.486311	0.487010	0.487338	0.487760	0.488335	0.488767
565.000000	0.486197	0.487141	0.487779	0.488151	0.488583	0.489017	0.489521
566.000000	0.483171	0.484117	0.484705	0.485143	0.485610	0.485853	0.486426
567.000000	0.476020	0.476932	0.477493	0.477984	0.478472	0.478602	0.479153
568.000000	0.472313	0.473157	0.473742	0.474255	0.474731	0.474875	0.475346
569.000000	0.476868	0.477618	0.478288	0.478789	0.479211	0.479493	0.479882
570.000000	0.483215	0.483877	0.484633	0.485128	0.485463	0.485889	0.486252
571.000000	0.484637	0.485245	0.486029	0.486561	0.486795	0.487267	0.487694
572.000000	0.483000	0.483579	0.484327	0.484924	0.485089	0.485566	0.486049
573.000000	0.482091	0.482654	0.483319	0.483976	0.484152	0.484673	0.485098
574.000000	0.482146	0.482759	0.483339	0.484009	0.484278	0.484807	0.485135
575.000000	0.481999	0.482793	0.483337	0.483935	0.484358	0.484740	0.485068
576.000000	0.481541	0.482526	0.483090	0.483596	0.484127	0.484330	0.484735
577.000000	0.481287	0.482251	0.482865	0.483379	0.483828	0.484077	0.484520
578.000000	0.481249	0.482014	0.482675	0.483279	0.483528	0.483986	0.484416
579.000000	0.481006	0.481649	0.482313	0.482954	0.483146	0.483641	0.484079
580.000000	0.480685	0.481374	0.482002	0.482591	0.482913	0.483231	0.483709
581.000000	0.481095	0.481883	0.482496	0.483041	0.483442	0.483703	0.484189
582.000000	0.481786	0.482644	0.483270	0.483838	0.484148	0.484603	0.485045
583.000000	0.479985	0.480890	0.481464	0.482096	0.482265	0.482902	0.483304
584.000000	0.476285	0.477209	0.477635	0.478333	0.478438	0.479044	0.479444
585.000000	0.480671	0.481529	0.481880	0.482581	0.482775	0.483221	0.483604
586.000000	0.495245	0.495924	0.496404	0.497014	0.497453	0.497734	0.498050
587.000000	0.485704	0.486237	0.486911	0.487414	0.488037	0.488263	0.488528
588.000000	0.423565	0.424128	0.424883	0.425357	0.425891	0.426243	0.426548
589.000000	0.365590	0.366278	0.366987	0.367468	0.367829	0.368352	0.368722
590.000000	0.387452	0.388209	0.388798	0.389251	0.389641	0.390190	0.390550
591.000000	0.458283	0.459035	0.459530	0.459950	0.460487	0.460965	0.461266
592.000000	0.495818	0.496539	0.497086	0.497547	0.498088	0.498556	0.498837
593.000000	0.488241	0.488939	0.489609	0.490161	0.490588	0.491071	0.491412
594.000000	0.476507	0.477201	0.477861	0.478452	0.478884	0.479233	0.479708
595.000000	0.477535	0.478254	0.478769	0.479327	0.479892	0.480004	0.480631
596.000000	0.481030	0.481808	0.482264	0.482785	0.483371	0.483427	0.484113
597.000000	0.480930	0.481783	0.482348	0.482870	0.483280	0.483547	0.484170
598.000000	0.479726	0.480636	0.481321	0.481883	0.482082	0.482596	0.483135
599.000000	0.479480	0.480396	0.481108	0.481738	0.481824	0.482439	0.482951
600.000000	0.479695	0.480545	0.481239	0.481939	0.482025	0.482592	0.483129
601.000000	0.479742	0.480464	0.481149	0.481887	0.482074	0.482490	0.483066
602.000000	0.479688	0.480326	0.481007	0.481695	0.482027	0.482328	0.482850
603.000000	0.479690	0.480374	0.481044	0.481576	0.482031	0.482368	0.482677
604.000000	0.479646	0.480424	0.481085	0.481519	0.482013	0.482443	0.482580
605.000000	0.479425	0.480222	0.480883	0.481455	0.481855	0.482301	0.482540
606.000000	0.479217	0.479937	0.480585	0.481394	0.481654	0.482066	0.482550
607.000000	0.479320	0.479899	0.480487	0.481375	0.481578	0.482004	0.482600
608.000000	0.479574	0.480041	0.480583	0.481383	0.481605	0.482091	0.482641
609.000000	0.479545	0.480057	0.480673	0.481362	0.481596	0.482128	0.482607
610.000000	0.479257	0.479951	0.480680	0.481292	0.481534	0.482088	0.482545
611.000000	0.479150	0.480008	0.480640	0.481179	0.481517	0.482103	0.482604
612.000000	0.479320	0.480255	0.480602	0.481082	0.481574	0.482212	0.482772
613.000000	0.479395	0.480365	0.480623	0.481120	0.481633	0.482322	0.482817
614.000000	0.479244	0.480213	0.480713	0.481301	0.481653	0.482367	0.482662
615.000000	0.479238	0.480093	0.480786	0.481422	0.481666	0.482345	0.482544
616.000000	0.479578	0.480180	0.480784	0.481358	0.481692	0.482281	0.482615
617.000000	0.479861	0.480209	0.480756	0.481254	0.481703	0.482251	0.482701
618.000000	0.479713	0.479962	0.480748	0.481245	0.481668	0.482304	0.482631
619.000000	0.479307	0.479714	0.480720	0.481228	0.481586	0.482336	0.482458
620.000000	0.478932	0.479784	0.480630	0.481090	0.481471	0.482232	0.482289
621.000000	0.478781	0.480023	0.480543	0.480984	0.481402	0.482028	0.482217
622.000000	0.478972	0.480135	0.480551	0.481128	0.481463	0.481818	0.482308
623.000000	0.479280	0.480122	0.480615	0.481366	0.481584	0.481708	0.482460
624.000000	0.479324	0.480133	0.480634	0.481364	0.481617	0.481797	0.482488
625.000000	0.479131	0.480161	0.480590	0.481158	0.481544	0.481975	0.482366
626.000000	0.479040	0.480085	0.480527	0.481061	0.481452	0.481980	0.482195
627.000000	0.479135	0.479914	0.480492	0.481141	0.481416	0.481817	0.482062
628.000000	0.479215	0.479812	0.480531	0.481187	0.481490	0.481787	0.482032
629.000000	0.479193	0.479836	0.480635	0.481106	0.481656	0.481970	0.482108
630.000000	0.479187	0.479863	0.480715	0.481007	0.481773	0.482078	0.482197
631.000000	0.479277	0.479812	0.480706	0.480985	0.481769	0.481952	0.482239
632.000000	0.479415	0.479717	0.480616	0.481056	0.481738	0.481784	0.482273
633.000000	0.479530	0.479628	0.480479	0.481190	0.481752	0.481739	0.482327
634.000000	0.479534	0.479582	0.480383	0.481239	0.481723	0.481721	0.482359
635.000000	0.479370	0.479606	0.480398	0.481086	0.481565	0.481617	0.482321
636.000000	0.479153	0.479687	0.480454	0.480868	0.481357	0.481497	0.482212
637.000000	0.479035	0.479793	0.480451	0.480780	0.481216	0.481471	0.482055
638.000000	0.479050	0.479848	0.480398	0.480832	0.481181	0.481539	0.481921
639.000000	0.479169	0.479766	0.480348	0.480948	0.481247	0.481647	0.481899
640.000000	0.479303	0.479632	0.480321	0.481056	0.481339	0.481731	0.481947
641.000000	0.479325	0.479630	0.480314	0.481082	0.481338	0.481716	0.481947
642.000000	0.479227	0.479753	0.480313	0.481002	0.481244	0.481605	0.481904
643.000000	0.479102	0.479817	0.480295	0.480837	0.481163	0.481463	0.481932
644.000000	0.478988	0.479734	0.480267	0.480645	0.481129	0.481354	0.482013
645.000000	0.478841	0.479549	0.480281	0.480531	0.481088	0.481330	0.481951
646.000000	0.478668	0.479340	0.480326	0.480525	0.481004	0.481397	0.481701
647.000000	0.478574	0.479241	0.480283	0.480515	0.480896	0.481477	0.481513
648.000000	0.478595	0.479300	0.480085	0.480410	0.480775	0.481477	0.481528
649.000000	0.478558	0.479335	0.479834	0.480223	0.480612	0.481280	0.481504
650.000000	0.478321	0.479184	0.479613	0.479986	0.480388	0.480837	0.481235
651.000000	0.477999	0.478927	0.479327	0.479747	0.480136	0.480371	0.480907
652.000000	0.477727	0.478667	0.478876	0.479530	0.479886	0.480107	0.480741
653.000000	0.477388	0.478297	0.478413	0.479228	0.479585	0.479891	0.480577
654.000000	0.476808	0.477679	0.478147	0.478717	0.479165	0.479471	0.480160
655.000000	0.476181	0.477029	0.477965	0.478164	0.478709	0.478964	0.479602
656.000000	0.475867	0.476729	0.477609	0.477870	0.478376	0.478660	0.479193
657.000000	0.475892	0.476782	0.477181	0.477838	0.478219	0.478593	0.479020
658.000000	0.476030	0.476912	0.477047	0.477853	0.478216	0.478609	0.479011
659.000000	0.476195	0.477024	0.477278	0.477882	0.478352	0.478702	0.479139
660.000000	0.476450	0.477224	0.477627	0.478081	0.478620	0.479033	0.479426
661.000000	0.476777	0.477523	0.477948	0.478468	0.478956	0.479556	0.479819
662.000000	0.477026	0.477777	0.478262	0.478836	0.479214	0.479908	0.480156
663.000000	0.477120	0.477910	0.478562	0.479037	0.479325	0.479909	0.480339
664.000000	0.477167	0.478018	0.478741	0.479098	0.479410	0.479822	0.480440
665.000000	0.477257	0.478177	0.478736	0.479081	0.479561	0.479870	0.480528
666.000000	0.477346	0.478341	0.478663	0.479094	0.479717	0.479970	0.480599
667.000000	0.477381	0.478445	0.478652	0.479221	0.479806	0.480020	0.480635
668.000000	0.477377	0.478465	0.478748	0.479391	0.479856	0.480096	0.480638
669.000000	0.477375	0.478396	0.478952	0.479498	0.479915	0.480291	0.480615
670.000000	0.477416	0.478265	0.479116	0.479484	0.479963	0.480472	0.480608
671.000000	0.477530	0.478120	0.479055	0.479325	0.479956	0.480428	0.480662
672.000000	0.477636	0.478031	0.478867	0.479128	0.479895	0.480214	0.480717
673.000000	0.477593	0.478078	0.478808	0.479064	0.479811	0.480039	0.480658
674.000000	0.477441	0.478224	0.478876	0.479147	0.479745	0.480009	0.480515
675.000000	0.477376	0.478326	0.478849	0.479250	0.479747	0.480135	0.480443
676.000000	0.477455	0.478335	0.478704	0.479319	0.479805	0.480318	0.480454
677.000000	0.477563	0.478317	0.478660	0.479399	0.479831	0.480332	0.480387
678.000000	0.477589	0.478305	0.478787	0.479493	0.479800	0.480117	0.480209
679.000000	0.477458	0.478273	0.478875	0.479531	0.479803	0.479904	0.480129
680.000000	0.477184	0.478194	0.478790	0.479464	0.479869	0.479850	0.480264
681.000000	0.477010	0.478060	0.478656	0.479315	0.479846	0.479850	0.480452
682.000000	0.477110	0.477874	0.478594	0.479119	0.479628	0.479799	0.480514
683.000000	0.477287	0.477652	0.478563	0.478910	0.479375	0.479756	0.480381
684.000000	0.477310	0.477438	0.478508	0.478733	0.479264	0.479789	0.480060
685.000000	0.477199	0.477397	0.478491	0.478685	0.479245	0.479841	0.479840
686.000000	0.477055	0.477687	0.478589	0.478852	0.479207	0.479821	0.480036
687.000000	0.476943	0.478099	0.478683	0.479093	0.479157	0.479732	0.480382
688.000000	0.476903	0.478269	0.478582	0.479172	0.479155	0.479620	0.480376
689.000000	0.476923	0.478177	0.478370	0.479071	0.479190	0.479546	0.480076
690.000000	0.476952	0.478037	0.478308	0.478919	0.479200	0.479575	0.479916
691.000000	0.476963	0.477955	0.478399	0.478829	0.479164	0.479663	0.480008
692.000000	0.476952	0.477933	0.478398	0.478887	0.479093	0.479667	0.480152
693.000000	0.476944	0.477935	0.478255	0.479052	0.479033	0.479576	0.480213
694.000000	0.477004	0.477882	0.478196	0.479111	0.479069	0.479559	0.480171
695.000000	0.477131	0.477779	0.478323	0.478970	0.479198	0.479678	0.480069
696.000000	0.477194	0.477794	0.478446	0.478788	0.479240	0.479762	0.480065
697.000000	0.477098	0.477981	0.478413	0.478702	0.479094	0.479700	0.480209
698.000000	0.476897	0.478029	0.478256	0.478708	0.478937	0.479619	0.480227
699.000000	0.476673	0.477698	0.478051	0.478765	0.478934	0.479627	0.479905
700.000000	0.476509	0.477310	0.477912	0.478778	0.479000	0.479580	0.479515
701.000000	0.476476	0.477260	0.477937	0.478675	0.479012	0.479330	0.479405
702.000000	0.476598	0.477482	0.478034	0.478608	0.479021	0.479120	0.479602
703.000000	0.476854	0.477745	0.478055	0.478763	0.479116	0.479273	0.479991
704.000000	0.477045	0.477852	0.478005	0.478902	0.479162	0.479535	0.480215
705.000000	0.476891	0.477647	0.477964	0.478598	0.478927	0.479376	0.479833
706.000000	0.476438	0.477256	0.477938	0.478022	0.478561	0.478907	0.479096
707.000000	0.475979	0.477013	0.477881	0.477788	0.478487	0.478713	0.478769
708.000000	0.475734	0.476999	0.477813	0.478012	0.478706	0.478916	0.479023
709.000000	0.475833	0.477024	0.477824	0.478257	0.478758	0.479132	0.479380
710.000000	0.476154	0.476968	0.477911	0.478291	0.478508	0.479128	0.479536
711.000000	0.476204	0.476844	0.477921	0.478241	0.478354	0.478943	0.479506
712.000000	0.475804	0.476732	0.477803	0.478211	0.478528	0.478705	0.479385
713.000000	0.475534	0.476833	0.477745	0.478208	0.478812	0.478688	0.479385
714.000000	0.475770	0.477186	0.477857	0.478213	0.478943	0.478988	0.479586
715.000000	0.475958	0.477265	0.477906	0.478167	0.478707	0.479086	0.479608
716.000000	0.475564	0.476660	0.477661	0.478015	0.478018	0.478551	0.479135
717.000000	0.474979	0.475993	0.477209	0.477766	0.477341	0.477922	0.478533
718.000000	0.474776	0.476009	0.476730	0.477451	0.477192	0.477871	0.478283
719.000000	0.474931	0.476242	0.476413	0.477143	0.477367	0.478087	0.478276
720.000000	0.475164	0.475811	0.476406	0.476913	0.477389	0.477915	0.478175
721.000000	0.475079	0.474835	0.476396	0.476638	0.477083	0.477432	0.477863
722.000000	0.474264	0.474007	0.475841	0.476103	0.476475	0.477131	0.477359
723.000000	0.473242	0.473700	0.475005	0.475470	0.475871	0.477044	0.476862
724.000000	0.473274	0.473995	0.474804	0.475208	0.475797	0.476826	0.476705
725.000000	0.474187	0.474547	0.475297	0.475380	0.476128	0.476316	0.476893
726.000000	0.474105	0.474527	0.475511	0.475565	0.475981	0.475589	0.477039
727.000000	0.472603	0.473771	0.475083	0.475548	0.475176	0.474909	0.476906
728.000000	0.471833	0.473263	0.474753	0.475511	0.474777	0.474820	0.476548
729.000000	0.472892	0.473538	0.474888	0.475508	0.475301	0.475422	0.476077
730.000000	0.473818	0.473810	0.474725	0.475198	0.475697	0.475686	0.475685
731.000000	0.472888	0.473373	0.473619	0.474323	0.475053	0.474786	0.475509
732.000000	0.470734	0.472464	0.471915	0.473102	0.473730	0.473141	0.475469
